SSBID1000M;pop_tot;pop_mal;pop_fem;pop_ave2
19250006616000;9;6;3;47,2
19250006617000;130;71;59;38,3
19250006618000;33;17;16;51,5
19260006616000;4;2;2;0,0
19260006617000;25;13;12;37,7
19380006630000;11;6;5;26,6
19380006806000;5;3;2;61,4
19390006630000;66;30;36;41,9
19390006631000;10;5;5;47,6
19400006598000;8;4;4;55,5
19400006599000;2;1;1;0,0
19400006600000;103;58;45;41,1
19400006601000;173;93;80;39,1
19400006602000;113;57;56;46,3
19400006603000;82;45;37;40,8
19400006604000;120;61;59;39,2
19400006605000;42;25;17;41,1
19400006606000;112;64;48;39,5
19400006607000;8;5;3;24,0
19400006781000;4;1;3;0,0
19400006782000;66;36;30;49,0
19410006597000;41;19;22;46,8
19410006598000;80;43;37;36,9
19410006599000;18;12;6;39,8
19410006600000;109;58;51;40,7
19410006602000;6;3;3;66,8
19410006603000;39;25;14;46,5
19410006604000;42;23;19;45,1
19410006605000;294;149;145;41,2
19410006606000;355;189;166;37,5
19410006607000;117;59;58;38,6
19410006608000;59;33;26;37,6
19410006609000;664;346;318;37,6
19410006610000;1001;476;525;38,5
19410006611000;8;4;4;30,9
19410006623000;19;8;11;43,7
19410006771000;13;9;4;60,8
19410006779000;13;4;9;49,4
19410006781000;33;16;17;37,7
19410006782000;248;125;123;46,5
19410006783000;1;1;0;0,0
19420006596000;2;1;1;0,0
19420006597000;49;23;26;42,1
19420006598000;237;128;109;41,1
19420006599000;13;6;7;54,8
19420006606000;93;48;45;36,8
19420006607000;92;52;40;45,9
19420006608000;679;314;365;34,7
19420006609000;1749;862;887;39,3
19420006610000;1351;668;683;40,0
19420006611000;963;486;477;38,0
19420006612000;159;88;71;39,7
19420006614000;23;10;13;31,1
19420006623000;15;8;7;45,3
19420006624000;6;3;3;39,7
19420006757000;1;0;1;0,0
19420006761000;17;9;8;35,3
19420006779000;41;23;18;48,6
19420006781000;133;64;69;40,4
19420006782000;47;18;29;36,5
19420006807000;7;4;3;68,9
19420006811000;8;4;4;40,4
19430006596000;81;39;42;40,8
19430006597000;1341;657;684;42,5
19430006598000;129;71;58;33,3
19430006607000;6;4;2;55,2
19430006609000;369;190;179;31,5
19430006610000;571;289;282;27,5
19430006611000;348;174;174;39,8
19430006612000;53;28;25;32,6
19430006613000;369;185;184;36,8
19430006614000;334;176;158;39,5
19430006616000;60;32;28;44,5
19430006617000;129;68;61;28,4
19430006618000;25;14;11;40,6
19430006619000;3;2;1;0,0
19430006757000;40;18;22;39,4
19430006758000;9;5;4;52,4
19430006759000;7;4;3;59,3
19430006760000;24;12;12;43,5
19430006761000;55;26;29;53,5
19430006762000;4;1;3;0,0
19430006763000;15;5;10;39,1
19430006764000;115;62;53;38,9
19430006765000;30;14;16;48,7
19430006766000;55;33;22;51,5
19430006767000;48;25;23;47,0
19430006768000;151;78;73;45,2
19430006807000;3;1;2;0,0
19430006808000;2;2;0;0,0
19430006810000;3;1;2;0,0
19430006811000;35;17;18;47,2
19430006812000;5;2;3;34,6
19430006839000;2;1;1;0,0
19440006596000;53;25;28;45,6
19440006597000;1272;637;635;40,4
19440006598000;145;74;71;38,6
19440006599000;4;3;1;0,0
19440006611000;93;51;42;41,7
19440006612000;198;108;90;36,6
19440006613000;1212;614;598;37,5
19440006614000;408;212;196;36,6
19440006616000;113;63;50;40,5
19440006617000;5;2;3;14,0
19440006618000;2;1;1;0,0
19440006620000;5;2;3;21,4
19440006646000;21;12;9;51,6
19440006647000;12;5;7;30,5
19440006756000;13;12;1;37,3
19440006757000;27;14;13;42,9
19440006759000;136;73;63;35,9
19440006760000;122;62;60;42,1
19440006761000;2;1;1;0,0
19440006762000;2;1;1;0,0
19440006763000;34;14;20;52,0
19440006764000;27;16;11;30,9
19440006765000;9;5;4;53,3
19440006766000;9;5;4;61,7
19440006768000;22;14;8;56,3
19440006806000;2;1;1;0,0
19440006807000;5;2;3;55,2
19440006808000;4;2;2;0,0
19450006596000;8;6;2;31,3
19450006597000;71;35;36;40,0
19450006598000;34;17;17;36,1
19450006599000;24;10;14;40,7
19450006600000;1;1;0;0,0
19450006601000;2;1;1;0,0
19450006610000;51;26;25;27,9
19450006611000;166;87;79;30,2
19450006612000;474;238;236;33,8
19450006613000;188;97;91;36,1
19450006614000;47;24;23;35,3
19450006615000;14;9;5;40,4
19450006616000;3;1;2;0,0
19450006617000;6;3;3;52,5
19450006619000;10;5;5;55,0
19450006620000;211;107;104;38,6
19450006621000;6;3;3;43,8
19450006622000;5;2;3;49,8
19450006623000;20;10;10;43,0
19450006624000;11;5;6;40,1
19450006625000;3;2;1;0,0
19450006646000;18;11;7;34,6
19450006647000;36;17;19;54,2
19450006658000;1;1;0;0,0
19450006676000;1;1;0;0,0
19450006678000;2;1;1;0,0
19450006728000;1;1;0;0,0
19450006752000;47;25;22;43,6
19450006753000;252;132;120;36,5
19450006754000;43;21;22;36,6
19450006756000;220;107;113;34,3
19450006757000;174;84;90;36,5
19450006758000;9;3;6;53,3
19450006759000;5;2;3;38,6
19450006760000;112;61;51;36,1
19450006761000;75;41;34;41,9
19450006762000;1;0;1;0,0
19450006763000;26;10;16;35,2
19450006766000;7;4;3;63,1
19450006806000;20;8;12;34,9
19450006814000;3;2;1;0,0
19450006815000;54;32;22;49,6
19450006816000;7;4;3;50,6
19450006838000;137;72;65;43,2
19450006839000;82;40;42;42,7
19460006597000;4;3;1;0,0
19460006598000;10;5;5;52,7
19460006599000;10;6;4;60,2
19460006600000;22;11;11;44,5
19460006601000;7;3;4;54,7
19460006611000;226;122;104;37,7
19460006612000;505;256;249;36,1
19460006613000;5;2;3;57,6
19460006618000;28;16;12;43,8
19460006619000;31;18;13;41,3
19460006620000;362;194;168;38,0
19460006621000;7;3;4;34,1
19460006622000;56;30;26;49,1
19460006623000;107;55;52;39,7
19460006624000;102;51;51;39,5
19460006625000;86;42;44;41,0
19460006626000;6;3;3;39,5
19460006646000;19;10;9;35,6
19460006653000;6;4;2;73,2
19460006655000;2;1;1;0,0
19460006662000;31;19;12;47,5
19460006663000;6;2;4;30,2
19460006666000;60;34;26;42,7
19460006667000;49;26;23;41,8
19460006668000;123;60;63;40,0
19460006669000;44;23;21;34,7
19460006674000;6;1;5;27,5
19460006675000;2;1;1;0,0
19460006678000;6;4;2;40,0
19460006681000;11;6;5;57,5
19460006722000;253;131;122;41,9
19460006723000;16;10;6;20,8
19460006729000;49;26;23;35,2
19460006733000;43;20;23;43,4
19460006743000;76;39;37;32,3
19460006744000;20;8;12;39,1
19460006750000;75;43;32;37,7
19460006751000;94;46;48;44,9
19460006753000;226;125;101;41,0
19460006754000;30;14;16;35,7
19460006757000;4;3;1;0,0
19460006758000;6;3;3;36,2
19460006784000;6;2;4;68,7
19460006808000;5;3;2;37,2
19460006817000;2;1;1;0,0
19460006838000;2;2;0;0,0
19470006599000;1;1;0;0,0
19470006600000;1;0;1;0,0
19470006601000;5;3;2;32,0
19470006602000;8;3;5;52,5
19470006611000;663;335;328;28,5
19470006612000;156;80;76;43,4
19470006614000;14;5;9;51,6
19470006615000;4;2;2;0,0
19470006616000;4;2;2;0,0
19470006617000;11;6;5;33,0
19470006618000;126;66;60;36,0
19470006619000;114;65;49;40,3
19470006620000;101;49;52;34,4
19470006621000;63;35;28;41,0
19470006622000;152;72;80;37,9
19470006623000;18;7;11;32,6
19470006624000;65;38;27;40,7
19470006625000;525;272;253;36,2
19470006626000;199;101;98;37,0
19470006629000;225;108;117;33,0
19470006646000;53;30;23;40,9
19470006647000;101;53;48;36,1
19470006650000;15;8;7;56,9
19470006651000;5;3;2;75,2
19470006654000;7;2;5;74,7
19470006655000;3;2;1;0,0
19470006656000;18;10;8;52,6
19470006662000;11;8;3;30,8
19470006663000;7;6;1;38,4
19470006667000;93;44;49;30,2
19470006668000;100;53;47;40,0
19470006669000;203;114;89;36,5
19470006670000;98;51;47;39,6
19470006672000;22;11;11;40,0
19470006677000;6;2;4;41,5
19470006678000;18;10;8;39,1
19470006679000;7;5;2;42,3
19470006680000;23;13;10;44,7
19470006681000;34;14;20;51,9
19470006691000;54;30;24;50,7
19470006692000;1;0;1;0,0
19470006712000;1;1;0;0,0
19470006717000;36;21;15;52,4
19470006721000;108;51;57;38,6
19470006722000;270;132;138;39,2
19470006723000;21;13;8;40,5
19470006727000;5;2;3;37,8
19470006728000;63;32;31;41,5
19470006729000;66;33;33;42,4
19470006730000;25;14;11;37,2
19470006732000;56;27;29;29,4
19470006733000;123;63;60;36,3
19470006743000;33;19;14;37,3
19470006744000;18;10;8;58,8
19470006749000;269;135;134;35,7
19470006750000;347;181;166;34,0
19470006751000;217;100;117;48,5
19470006752000;10;6;4;40,8
19470006753000;28;16;12;42,3
19470006783000;17;10;7;56,4
19470006784000;13;5;8;28,5
19470006785000;5;4;1;79,0
19470006807000;2;1;1;0,0
19470006808000;10;6;4;53,8
19470006815000;3;1;2;0,0
19470006819000;1;1;0;0,0
19470006826000;10;6;4;46,1
19470006840000;5;3;2;38,2
19480006602000;2;1;1;0,0
19480006603000;11;8;3;43,3
19480006604000;2;1;1;0,0
19480006605000;5;2;3;37,2
19480006606000;10;7;3;41,4
19480006609000;28;16;12;37,3
19480006610000;300;146;154;43,1
19480006611000;1558;794;764;39,0
19480006612000;1285;665;620;41,1
19480006613000;170;83;87;43,7
19480006614000;262;132;130;41,2
19480006615000;252;135;117;29,5
19480006616000;448;217;231;41,8
19480006617000;139;75;64;42,4
19480006618000;514;266;248;39,9
19480006619000;748;389;359;39,7
19480006620000;452;227;225;45,1
19480006621000;173;94;79;44,5
19480006622000;47;24;23;43,5
19480006623000;600;294;306;42,0
19480006624000;765;404;361;36,7
19480006625000;186;105;81;38,2
19480006626000;2343;1391;952;42,0
19480006627000;1841;922;919;39,7
19480006628000;1180;581;599;41,4
19480006629000;453;237;216;34,7
19480006630000;13;5;8;24,5
19480006632000;2;1;1;0,0
19480006633000;33;20;13;46,8
19480006634000;25;15;10;42,6
19480006646000;20;13;7;38,9
19480006647000;211;102;109;43,9
19480006648000;147;66;81;47,6
19480006651000;5;3;2;67,6
19480006652000;7;4;3;35,9
19480006656000;2;1;1;0,0
19480006658000;86;46;40;34,6
19480006659000;42;24;18;44,5
19480006665000;34;19;15;36,3
19480006666000;89;49;40;32,4
19480006667000;78;40;38;32,1
19480006668000;15;5;10;21,3
19480006669000;177;97;80;32,4
19480006670000;103;57;46;38,8
19480006672000;14;9;5;56,3
19480006673000;9;6;3;43,8
19480006676000;10;3;7;40,3
19480006677000;7;3;4;45,6
19480006680000;20;14;6;44,4
19480006691000;12;7;5;46,7
19480006692000;65;35;30;38,3
19480006693000;25;12;13;48,4
19480006694000;29;14;15;49,4
19480006706000;17;7;10;34,6
19480006711000;24;13;11;43,5
19480006716000;62;31;31;47,3
19480006717000;10;6;4;36,4
19480006721000;20;10;10;33,5
19480006727000;31;17;14;35,0
19480006728000;45;27;18;38,9
19480006730000;100;51;49;33,4
19480006731000;167;88;79;38,2
19480006732000;148;83;65;38,5
19480006733000;126;66;60;34,9
19480006734000;26;14;12;40,4
19480006736000;1;0;1;0,0
19480006738000;27;16;11;46,4
19480006739000;10;5;5;37,5
19480006740000;145;77;68;36,6
19480006741000;32;18;14;40,9
19480006743000;2;0;2;0,0
19480006746000;198;102;96;33,9
19480006747000;243;120;123;36,5
19480006748000;379;196;183;35,9
19480006749000;256;124;132;31,2
19480006750000;45;22;23;28,2
19480006784000;14;7;7;50,4
19480006812000;6;3;3;39,5
19480006813000;12;5;7;69,8
19480006814000;2;1;1;0,0
19480006816000;7;2;5;40,0
19480006820000;1;1;0;0,0
19480006838000;1;1;0;0,0
19480006839000;8;3;5;49,3
19490006605000;3;2;1;0,0
19490006606000;85;47;38;36,6
19490006607000;63;32;31;45,7
19490006608000;191;92;99;39,7
19490006609000;298;150;148;40,4
19490006610000;1030;515;515;36,8
19490006611000;1103;544;559;41,9
19490006612000;756;384;372;39,1
19490006613000;7;5;2;42,1
19490006614000;12;8;4;29,2
19490006616000;27;15;12;45,1
19490006617000;3;1;2;0,0
19490006618000;4;4;0;0,0
19490006619000;148;66;82;30,3
19490006621000;132;70;62;39,7
19490006622000;146;69;77;42,9
19490006623000;263;136;127;43,8
19490006624000;1168;616;552;39,4
19490006625000;2124;1083;1041;43,0
19490006626000;3233;1712;1521;39,3
19490006627000;2222;1135;1087;39,5
19490006628000;2002;994;1008;38,8
19490006629000;1921;950;971;35,2
19490006630000;106;57;49;34,6
19490006631000;36;20;16;38,7
19490006632000;25;10;15;45,1
19490006633000;27;18;9;31,2
19490006634000;40;20;20;36,8
19490006635000;26;13;13;37,2
19490006636000;1;1;0;0,0
19490006638000;11;8;3;33,5
19490006646000;22;14;8;34,6
19490006647000;300;151;149;37,4
19490006648000;104;53;51;41,1
19490006649000;13;8;5;50,2
19490006659000;39;19;20;39,4
19490006661000;3;2;1;0,0
19490006665000;104;53;51;39,9
19490006666000;347;177;170;38,3
19490006667000;71;35;36;36,2
19490006668000;319;164;155;34,6
19490006669000;440;224;216;38,0
19490006670000;484;256;228;35,9
19490006671000;53;25;28;34,1
19490006672000;1;1;0;0,0
19490006674000;58;27;31;23,7
19490006675000;9;4;5;42,8
19490006676000;3;2;1;0,0
19490006692000;3;2;1;0,0
19490006697000;13;8;5;41,8
19490006699000;1;0;1;0,0
19490006700000;18;10;8;37,7
19490006706000;10;5;5;68,4
19490006707000;8;4;4;54,5
19490006711000;16;8;8;44,6
19490006712000;79;41;38;43,8
19490006713000;136;77;59;27,1
19490006714000;26;13;13;53,2
19490006715000;107;57;50;37,7
19490006716000;299;154;145;37,9
19490006717000;8;3;5;65,6
19490006718000;40;21;19;45,4
19490006720000;9;4;5;58,4
19490006724000;4;2;2;0,0
19490006728000;184;88;96;35,8
19490006729000;342;173;169;36,7
19490006730000;28;17;11;38,3
19490006731000;124;69;55;34,9
19490006732000;171;90;81;29,4
19490006733000;36;20;16;45,7
19490006734000;159;86;73;33,7
19490006735000;103;55;48;38,2
19490006736000;273;138;135;36,2
19490006737000;83;44;39;31,1
19490006738000;698;331;367;30,5
19490006739000;405;210;195;31,6
19490006740000;118;58;60;31,2
19490006741000;301;138;163;37,6
19490006742000;175;97;78;37,4
19490006743000;251;117;134;36,5
19490006744000;104;56;48;38,8
19490006745000;318;163;155;34,2
19490006746000;138;80;58;32,4
19490006748000;2;1;1;0,0
19490006772000;60;29;31;41,0
19490006773000;12;5;7;30,1
19490006780000;4;2;2;0,0
19490006781000;37;22;15;49,5
19490006782000;56;26;30;36,0
19490006793000;44;25;19;48,0
19490006794000;39;20;19;44,4
19490006795000;2;1;1;0,0
19490006796000;2;1;1;0,0
19490006797000;2;1;1;0,0
19490006798000;3;2;1;0,0
19490006800000;2;0;2;0,0
19490006801000;3;2;1;0,0
19490006808000;1;1;0;0,0
19490006840000;20;11;9;35,8
19490006841000;3;1;2;0,0
19500006586000;177;91;86;45,6
19500006587000;8;4;4;31,1
19500006610000;2;1;1;0,0
19500006617000;11;5;6;42,5
19500006618000;65;34;31;40,5
19500006619000;523;250;273;33,7
19500006620000;978;506;472;35,3
19500006621000;476;231;245;44,4
19500006622000;1088;556;532;42,6
19500006623000;1483;738;745;43,5
19500006624000;2463;1180;1283;38,0
19500006625000;2196;1059;1137;41,6
19500006626000;1832;901;931;42,2
19500006627000;1278;596;682;41,9
19500006628000;1141;595;546;38,5
19500006629000;1376;691;685;38,3
19500006630000;6;4;2;38,2
19500006631000;28;17;11;41,3
19500006632000;53;28;25;41,1
19500006633000;62;34;28;31,6
19500006634000;5;3;2;18,0
19500006635000;33;16;17;36,1
19500006638000;50;31;19;34,3
19500006641000;25;13;12;46,4
19500006647000;4;2;2;0,0
19500006648000;4;2;2;0,0
19500006650000;2;1;1;0,0
19500006651000;25;15;10;40,7
19500006662000;21;9;12;32,8
19500006663000;11;7;4;38,3
19500006664000;24;12;12;21,0
19500006665000;16;10;6;51,8
19500006666000;123;64;59;32,1
19500006667000;24;14;10;36,5
19500006668000;58;28;30;26,3
19500006669000;807;375;432;42,9
19500006670000;252;133;119;35,9
19500006671000;5;3;2;39,8
19500006677000;138;79;59;37,9
19500006678000;19;9;10;63,2
19500006692000;82;36;46;39,3
19500006699000;10;5;5;63,1
19500006700000;24;14;10;39,6
19500006706000;66;30;36;31,0
19500006707000;88;47;41;44,5
19500006708000;4;2;2;0,0
19500006711000;24;17;7;41,5
19500006712000;3;1;2;0,0
19500006714000;18;7;11;54,8
19500006715000;111;54;57;40,4
19500006717000;31;19;12;41,7
19500006718000;161;87;74;33,9
19500006719000;79;46;33;29,0
19500006720000;237;116;121;28,3
19500006723000;7;4;3;30,3
19500006724000;111;60;51;42,8
19500006725000;72;35;37;40,8
19500006726000;151;86;65;41,2
19500006727000;54;25;29;52,2
19500006728000;32;18;14;45,4
19500006729000;494;251;243;32,8
19500006736000;9;3;6;39,7
19500006737000;282;143;139;29,2
19500006738000;617;279;338;40,5
19500006740000;487;236;251;32,9
19500006741000;17;7;10;40,5
19500006756000;76;38;38;39,3
19500006757000;27;14;13;47,9
19500006770000;38;22;16;20,8
19500006771000;8;5;3;42,0
19500006772000;19;9;10;47,2
19500006773000;2;1;1;0,0
19500006776000;2;1;1;0,0
19500006778000;65;34;31;44,1
19500006779000;5;3;2;58,0
19500006780000;1;1;0;0,0
19500006781000;9;7;2;35,0
19500006782000;18;10;8;24,3
19500006783000;11;6;5;34,6
19500006793000;64;34;30;37,0
19500006794000;159;72;87;45,5
19500006795000;16;8;8;52,0
19500006797000;4;3;1;0,0
19500006803000;4;2;2;0,0
19500006840000;37;19;18;42,7
19500006841000;16;9;7;55,7
19510006552000;3;2;1;0,0
19510006585000;2;1;1;0,0
19510006586000;223;112;111;41,4
19510006587000;29;15;14;39,6
19510006598000;5;2;3;23,4
19510006599000;13;7;6;41,4
19510006600000;1;1;0;0,0
19510006612000;6;4;2;31,2
19510006613000;14;8;6;46,2
19510006615000;11;5;6;62,7
19510006616000;15;7;8;32,1
19510006617000;30;13;17;37,7
19510006618000;17;7;10;33,6
19510006619000;995;487;508;33,4
19510006620000;412;207;205;33,4
19510006621000;69;32;37;45,8
19510006622000;725;349;376;38,9
19510006623000;1118;548;570;39,6
19510006624000;1448;738;710;38,1
19510006625000;441;232;209;32,8
19510006626000;943;491;452;29,8
19510006628000;22;11;11;42,3
19510006630000;14;7;7;55,8
19510006631000;14;7;7;32,1
19510006632000;27;15;12;29,6
19510006633000;128;58;70;34,4
19510006634000;70;37;33;37,9
19510006635000;105;58;47;37,4
19510006636000;18;9;9;55,6
19510006637000;13;7;6;35,0
19510006638000;37;19;18;42,1
19510006639000;6;3;3;49,5
19510006640000;9;4;5;56,3
19510006641000;27;18;9;34,6
19510006642000;2;1;1;0,0
19510006651000;2;1;1;0,0
19510006660000;77;34;43;42,8
19510006661000;22;12;10;43,9
19510006662000;62;28;34;39,5
19510006663000;4;2;2;0,0
19510006664000;11;7;4;46,8
19510006665000;41;18;23;30,9
19510006666000;11;6;5;43,8
19510006669000;240;131;109;31,2
19510006670000;39;25;14;34,4
19510006671000;1;1;0;0,0
19510006692000;73;40;33;38,4
19510006693000;82;47;35;39,7
19510006695000;3;2;1;0,0
19510006707000;14;7;7;27,5
19510006712000;5;3;2;66,2
19510006713000;4;3;1;0,0
19510006715000;252;135;117;39,3
19510006716000;174;90;84;37,6
19510006717000;51;25;26;50,4
19510006718000;69;36;33;37,0
19510006719000;34;16;18;53,6
19510006720000;76;41;35;50,4
19510006721000;402;205;197;35,6
19510006722000;171;85;86;27,2
19510006723000;76;33;43;36,7
19510006724000;1;1;0;0,0
19510006725000;42;26;16;34,8
19510006726000;21;11;10;39,3
19510006727000;133;68;65;33,6
19510006728000;23;10;13;36,3
19510006729000;130;68;62;41,9
19510006734000;88;48;40;37,8
19510006737000;218;108;110;33,8
19510006738000;455;231;224;33,3
19510006740000;66;33;33;33,8
19510006741000;1;0;1;0,0
19510006752000;22;9;13;43,0
19510006753000;11;7;4;37,1
19510006754000;65;30;35;50,8
19510006755000;214;115;99;43,4
19510006756000;17;10;7;64,6
19510006760000;15;7;8;50,8
19510006768000;2;1;1;0,0
19510006769000;13;7;6;41,5
19510006770000;100;55;45;43,1
19510006771000;273;135;138;35,7
19510006772000;43;24;19;40,3
19510006773000;55;25;30;45,7
19510006774000;59;36;23;43,6
19510006775000;5;3;2;65,2
19510006777000;26;16;10;48,4
19510006778000;150;80;70;42,5
19510006779000;199;100;99;35,9
19510006781000;2;1;1;0,0
19510006790000;3;2;1;0,0
19510006798000;3;1;2;0,0
19510006813000;14;10;4;46,0
19510006818000;1;1;0;0,0
19510006821000;6;3;3;56,8
19510006838000;2;1;1;0,0
19510006839000;8;4;4;42,5
19510006840000;89;47;42;36,4
19510006841000;12;7;5;58,7
19520006546000;50;26;24;44,2
19520006547000;32;14;18;43,0
19520006548000;35;18;17;46,6
19520006549000;4;3;1;0,0
19520006550000;2;0;2;0,0
19520006551000;3;2;1;0,0
19520006552000;10;8;2;51,2
19520006553000;24;13;11;33,5
19520006586000;74;42;32;32,4
19520006587000;17;9;8;48,6
19520006598000;6;2;4;44,5
19520006599000;5;2;3;45,2
19520006600000;12;6;6;24,2
19520006602000;2;1;1;0,0
19520006603000;3;2;1;0,0
19520006610000;1;1;0;0,0
19520006611000;27;12;15;48,9
19520006612000;30;15;15;36,0
19520006613000;11;7;4;49,5
19520006614000;26;21;5;37,5
19520006615000;45;24;21;50,8
19520006616000;147;74;73;42,7
19520006617000;48;30;18;39,3
19520006619000;15;7;8;53,6
19520006621000;2;1;1;0,0
19520006622000;290;147;143;29,0
19520006623000;443;216;227;32,9
19520006624000;313;153;160;34,8
19520006625000;1048;524;524;27,5
19520006626000;235;123;112;25,7
19520006632000;4;3;1;0,0
19520006633000;49;26;23;35,0
19520006634000;338;171;167;25,7
19520006635000;52;32;20;36,9
19520006642000;31;15;16;46,1
19520006643000;20;10;10;52,3
19520006644000;1;0;1;0,0
19520006658000;1;1;0;0,0
19520006660000;16;8;8;43,6
19520006661000;9;2;7;53,9
19520006662000;214;103;111;30,5
19520006663000;186;103;83;44,2
19520006665000;36;17;19;33,8
19520006666000;11;6;5;31,1
19520006669000;44;22;22;37,5
19520006670000;2;1;1;0,0
19520006674000;4;2;2;0,0
19520006675000;18;9;9;39,3
19520006692000;44;17;27;40,7
19520006693000;70;37;33;43,7
19520006712000;153;77;76;34,8
19520006713000;399;203;196;30,7
19520006714000;147;81;66;29,6
19520006715000;6;3;3;46,0
19520006722000;262;132;130;44,0
19520006723000;123;61;62;35,8
19520006724000;50;26;24;46,2
19520006725000;6;3;3;67,3
19520006727000;2;1;1;0,0
19520006729000;215;103;112;34,3
19520006731000;19;10;9;46,8
19520006732000;73;37;36;29,5
19520006733000;1;0;1;0,0
19520006734000;58;30;28;34,7
19520006735000;117;66;51;36,1
19520006736000;486;251;235;32,1
19520006737000;33;20;13;22,8
19520006751000;16;9;7;34,9
19520006752000;215;110;105;35,5
19520006759000;16;8;8;42,0
19520006760000;12;6;6;60,9
19520006764000;32;13;19;44,0
19520006765000;30;13;17;34,7
19520006767000;3;2;1;0,0
19520006768000;113;57;56;35,8
19520006769000;26;15;11;50,2
19520006770000;43;23;20;35,3
19520006771000;53;33;20;31,6
19520006772000;22;12;10;54,2
19520006777000;22;10;12;35,0
19520006778000;50;31;19;48,3
19520006779000;58;33;25;36,2
19520006780000;400;207;193;38,4
19520006781000;57;29;28;38,1
19520006782000;30;14;16;45,1
19520006783000;73;38;35;45,1
19520006784000;12;7;5;43,5
19520006789000;5;2;3;64,2
19520006812000;35;19;16;28,1
19520006813000;20;11;9;42,6
19530006539000;2;1;1;0,0
19530006540000;23;11;12;32,7
19530006541000;28;15;13;36,4
19530006542000;25;13;12;47,2
19530006543000;239;178;61;33,4
19530006544000;28;16;12;42,4
19530006545000;34;20;14;52,6
19530006546000;16;10;6;36,1
19530006547000;35;17;18;44,7
19530006548000;43;21;22;35,6
19530006549000;16;9;7;29,3
19530006553000;31;17;14;41,2
19530006600000;3;2;1;0,0
19530006601000;15;9;6;43,5
19530006602000;4;3;1;0,0
19530006603000;12;7;5;40,9
19530006611000;5;3;2;24,2
19530006613000;1;1;0;0,0
19530006614000;15;8;7;48,9
19530006615000;26;16;10;35,7
19530006616000;17;10;7;52,2
19530006617000;36;19;17;43,6
19530006618000;26;13;13;46,7
19530006619000;56;29;27;40,4
19530006620000;78;42;36;40,0
19530006621000;75;38;37;40,1
19530006622000;61;31;30;36,1
19530006623000;26;16;10;33,8
19530006624000;84;38;46;34,6
19530006625000;41;21;20;37,7
19530006626000;8;3;5;31,6
19530006631000;4;2;2;0,0
19530006632000;12;7;5;48,1
19530006634000;25;13;12;33,6
19530006635000;22;12;10;45,7
19530006636000;57;28;29;41,5
19530006637000;22;12;10;21,9
19530006642000;14;7;7;44,1
19530006644000;2;1;1;0,0
19530006645000;31;16;15;38,1
19530006657000;2;1;1;0,0
19530006658000;2;2;0;0,0
19530006663000;3;1;2;0,0
19530006664000;6;3;3;36,3
19530006665000;35;19;16;36,1
19530006666000;22;12;10;42,0
19530006669000;144;83;61;34,6
19530006670000;7;4;3;45,9
19530006671000;3;2;1;0,0
19530006672000;2;1;1;0,0
19530006673000;2;1;1;0,0
19530006674000;15;10;5;34,0
19530006675000;25;14;11;65,6
19530006683000;1;1;0;0,0
19530006689000;5;3;2;35,2
19530006690000;7;2;5;66,4
19530006693000;35;18;17;45,3
19530006703000;11;7;4;34,4
19530006704000;61;28;33;41,6
19530006705000;105;59;46;46,8
19530006706000;7;3;4;27,1
19530006707000;1;1;0;0,0
19530006712000;14;8;6;24,4
19530006713000;244;124;120;28,3
19530006719000;15;9;6;46,5
19530006720000;40;17;23;37,4
19530006721000;155;83;72;33,6
19530006722000;32;21;11;38,0
19530006723000;203;95;108;35,5
19530006724000;106;49;57;41,9
19530006725000;34;18;16;40,0
19530006726000;2;1;1;0,0
19530006727000;14;8;6;44,6
19530006728000;41;19;22;43,3
19530006729000;316;160;156;39,1
19530006730000;83;39;44;30,6
19530006732000;263;136;127;34,8
19530006733000;247;130;117;35,5
19530006734000;383;188;195;32,3
19530006735000;396;205;191;35,9
19530006736000;203;100;103;31,8
19530006741000;147;81;66;38,6
19530006750000;90;49;41;37,7
19530006751000;4;2;2;0,0
19530006752000;106;51;55;36,7
19530006753000;19;11;8;46,2
19530006754000;2;1;1;0,0
19530006759000;62;33;29;39,3
19530006760000;29;14;15;44,5
19530006764000;3;1;2;0,0
19530006766000;87;42;45;39,2
19530006767000;47;25;22;39,5
19530006768000;6;2;4;67,3
19530006770000;19;11;8;35,8
19530006777000;10;6;4;30,4
19530006778000;43;21;22;42,7
19530006779000;52;25;27;45,7
19530006780000;130;52;78;57,8
19530006781000;130;68;62;45,0
19530006782000;35;21;14;40,4
19530006783000;29;15;14;42,2
19530006795000;4;2;2;0,0
19530006796000;7;3;4;50,6
19530006813000;200;101;99;40,7
19530006814000;51;22;29;43,5
19530006815000;8;5;3;37,6
19530006817000;11;4;7;23,9
19530006821000;4;2;2;0,0
19530006822000;5;3;2;54,2
19530006826000;3;2;1;0,0
19530006827000;2;1;1;0,0
19530006840000;5;3;2;70,6
19540006538000;11;5;6;36,7
19540006539000;24;13;11;39,7
19540006540000;29;16;13;38,1
19540006541000;58;36;22;42,0
19540006542000;46;24;22;33,6
19540006543000;34;20;14;30,6
19540006544000;9;5;4;35,2
19540006545000;50;27;23;39,8
19540006546000;80;45;35;42,8
19540006547000;144;78;66;36,0
19540006548000;64;37;27;44,7
19540006549000;28;14;14;33,6
19540006550000;2;1;1;0,0
19540006553000;13;7;6;47,8
19540006554000;4;3;1;0,0
19540006598000;5;2;3;39,6
19540006601000;13;6;7;46,7
19540006602000;3;2;1;0,0
19540006612000;2;1;1;0,0
19540006613000;12;6;6;37,1
19540006614000;11;6;5;38,7
19540006615000;2;1;1;0,0
19540006619000;10;6;4;38,5
19540006620000;188;98;90;31,0
19540006621000;3;2;1;0,0
19540006622000;108;52;56;39,4
19540006623000;630;305;325;32,1
19540006624000;536;267;269;32,4
19540006625000;306;164;142;39,6
19540006626000;79;36;43;37,2
19540006635000;8;4;4;16,3
19540006636000;7;4;3;47,0
19540006637000;1;0;1;0,0
19540006638000;35;17;18;37,9
19540006639000;226;116;110;32,9
19540006640000;124;61;63;37,1
19540006642000;20;13;7;36,4
19540006646000;65;33;32;34,6
19540006661000;8;4;4;46,8
19540006663000;37;18;19;41,1
19540006665000;18;12;6;38,6
19540006668000;79;44;35;40,3
19540006669000;88;40;48;34,6
19540006670000;40;19;21;31,8
19540006671000;425;217;208;35,2
19540006672000;5;3;2;62,6
19540006673000;13;6;7;40,7
19540006674000;36;18;18;47,7
19540006689000;33;16;17;44,2
19540006690000;28;14;14;32,6
19540006691000;7;3;4;56,9
19540006692000;221;115;106;36,9
19540006693000;247;127;120;37,0
19540006697000;7;2;5;56,1
19540006699000;17;10;7;44,8
19540006703000;147;84;63;29,9
19540006704000;82;40;42;35,8
19540006705000;88;47;41;25,7
19540006707000;16;11;5;24,3
19540006712000;185;85;100;29,2
19540006713000;158;78;80;42,7
19540006714000;7;4;3;53,0
19540006715000;16;9;7;42,6
19540006716000;36;18;18;50,8
19540006717000;7;2;5;25,4
19540006720000;23;15;8;35,2
19540006721000;184;93;91;38,4
19540006722000;27;16;11;37,2
19540006723000;284;149;135;32,4
19540006724000;19;10;9;40,0
19540006730000;59;31;28;23,6
19540006731000;408;200;208;34,9
19540006732000;491;235;256;33,6
19540006736000;6;5;1;55,3
19540006741000;94;52;42;41,6
19540006742000;1;0;1;0,0
19540006748000;25;13;12;42,9
19540006749000;100;46;54;34,6
19540006750000;48;25;23;42,9
19540006751000;182;102;80;31,1
19540006752000;40;20;20;47,5
19540006754000;22;12;10;38,7
19540006755000;122;66;56;37,3
19540006759000;5;2;3;32,8
19540006764000;3;1;2;0,0
19540006766000;53;33;20;44,5
19540006767000;7;4;3;69,4
19540006768000;49;27;22;39,5
19540006769000;6;4;2;58,7
19540006771000;17;10;7;44,4
19540006772000;91;46;45;49,1
19540006773000;27;17;10;29,2
19540006774000;8;4;4;68,1
19540006776000;36;16;20;39,9
19540006777000;2;1;1;0,0
19540006778000;108;57;51;39,8
19540006780000;8;5;3;38,1
19540006781000;20;9;11;49,0
19540006782000;8;4;4;51,1
19540006795000;36;20;16;42,4
19540006796000;6;3;3;44,0
19540006813000;16;9;7;48,9
19540006814000;1;0;1;0,0
19540006820000;2;1;1;0,0
19540006821000;1;0;1;0,0
19540006828000;3;1;2;0,0
19550006534000;1;0;1;0,0
19550006535000;21;9;12;26,8
19550006536000;11;6;5;48,8
19550006537000;11;6;5;38,2
19550006538000;33;18;15;41,1
19550006539000;28;16;12;40,3
19550006540000;64;39;25;29,0
19550006541000;44;24;20;40,0
19550006542000;166;91;75;36,8
19550006543000;138;72;66;35,9
19550006544000;51;29;22;38,0
19550006545000;48;25;23;32,4
19550006546000;99;53;46;35,0
19550006547000;479;253;226;31,4
19550006548000;37;23;14;44,1
19550006549000;14;8;6;23,7
19550006550000;62;31;31;40,3
19550006551000;15;9;6;33,3
19550006552000;30;16;14;36,9
19550006554000;45;23;22;32,4
19550006556000;32;18;14;32,8
19550006557000;43;21;22;39,3
19550006558000;14;5;9;39,1
19550006559000;21;12;9;37,3
19550006569000;3;1;2;0,0
19550006598000;5;2;3;75,8
19550006599000;4;3;1;0,0
19550006600000;5;3;2;53,6
19550006601000;5;1;4;26,2
19550006602000;11;5;6;43,4
19550006603000;34;13;21;36,8
19550006604000;187;86;101;45,0
19550006605000;59;29;30;41,4
19550006611000;14;8;6;28,2
19550006612000;45;22;23;51,1
19550006613000;1;1;0;0,0
19550006619000;17;9;8;49,6
19550006620000;34;20;14;48,7
19550006621000;53;27;26;35,7
19550006622000;21;7;14;37,9
19550006623000;20;10;10;33,0
19550006624000;4;2;2;0,0
19550006625000;261;129;132;31,4
19550006626000;959;484;475;37,8
19550006627000;277;133;144;36,6
19550006628000;54;32;22;32,9
19550006629000;24;9;15;24,0
19550006630000;2;2;0;0,0
19550006631000;3;2;1;0,0
19550006635000;13;7;6;40,9
19550006636000;20;9;11;30,9
19550006637000;20;12;8;45,2
19550006638000;6;3;3;23,3
19550006639000;146;78;68;31,4
19550006640000;386;185;201;46,7
19550006641000;47;28;19;38,9
19550006642000;25;11;14;36,3
19550006643000;15;9;6;27,6
19550006644000;9;3;6;48,1
19550006645000;12;5;7;52,5
19550006646000;32;17;15;37,9
19550006647000;12;6;6;21,8
19550006648000;7;5;2;44,3
19550006649000;11;6;5;47,1
19550006661000;24;12;12;42,8
19550006668000;61;35;26;41,6
19550006669000;7;4;3;30,4
19550006670000;544;283;261;40,7
19550006671000;217;115;102;36,8
19550006690000;5;1;4;43,4
19550006691000;3;2;1;0,0
19550006692000;111;59;52;43,8
19550006693000;51;29;22;33,6
19550006694000;14;9;5;33,7
19550006695000;48;23;25;26,5
19550006696000;195;107;88;38,2
19550006697000;46;28;18;26,3
19550006699000;19;10;9;37,9
19550006700000;14;7;7;44,9
19550006703000;138;71;67;33,2
19550006704000;15;7;8;28,0
19550006713000;30;19;11;37,3
19550006714000;113;61;52;38,4
19550006715000;159;82;77;37,2
19550006716000;317;173;144;39,2
19550006717000;333;168;165;42,1
19550006718000;26;17;9;37,5
19550006724000;18;11;7;29,2
19550006725000;136;68;68;38,3
19550006726000;175;91;84;32,1
19550006729000;110;59;51;40,7
19550006730000;212;111;101;40,8
19550006731000;424;218;206;38,7
19550006732000;21;13;8;47,2
19550006733000;28;16;12;35,9
19550006734000;360;183;177;35,5
19550006741000;117;60;57;39,9
19550006742000;193;99;94;34,3
19550006744000;124;64;60;41,9
19550006748000;99;52;47;45,4
19550006750000;27;16;11;48,6
19550006751000;69;35;34;44,2
19550006752000;7;4;3;34,0
19550006753000;22;11;11;31,0
19550006754000;152;72;80;35,1
19550006755000;118;63;55;45,5
19550006756000;78;43;35;37,4
19550006759000;13;8;5;37,3
19550006760000;9;5;4;48,4
19550006763000;209;111;98;29,9
19550006764000;17;9;8;29,2
19550006765000;46;20;26;33,6
19550006766000;23;11;12;35,6
19550006767000;51;26;25;40,5
19550006768000;22;11;11;41,6
19550006769000;3;2;1;0,0
19550006771000;57;27;30;40,9
19550006776000;27;17;10;34,0
19550006777000;4;2;2;0,0
19550006779000;27;16;11;31,8
19550006780000;13;9;4;41,1
19550006781000;43;22;21;35,0
19550006782000;87;42;45;41,5
19550006783000;7;4;3;42,4
19550006794000;1;1;0;0,0
19550006814000;7;3;4;41,0
19550006827000;4;3;1;0,0
19550006828000;10;4;6;52,3
19560006532000;4;3;1;0,0
19560006533000;10;4;6;37,1
19560006534000;51;26;25;33,4
19560006535000;59;31;28;34,7
19560006536000;24;13;11;40,9
19560006537000;11;8;3;33,7
19560006538000;11;5;6;31,8
19560006539000;6;2;4;32,2
19560006540000;99;54;45;34,8
19560006541000;24;12;12;36,8
19560006542000;47;24;23;34,2
19560006543000;10;7;3;53,1
19560006544000;72;43;29;46,7
19560006545000;77;37;40;36,2
19560006546000;42;26;16;30,3
19560006547000;50;27;23;37,4
19560006548000;66;34;32;41,7
19560006549000;33;17;16;36,6
19560006550000;30;16;14;39,1
19560006551000;43;19;24;43,0
19560006552000;43;20;23;37,5
19560006553000;35;23;12;37,8
19560006554000;70;33;37;41,0
19560006555000;33;17;16;36,1
19560006556000;31;18;13;45,9
19560006557000;48;21;27;37,3
19560006558000;104;51;53;36,5
19560006559000;9;4;5;38,7
19560006560000;19;10;9;34,7
19560006561000;39;23;16;41,7
19560006562000;37;17;20;44,0
19560006563000;6;4;2;46,3
19560006602000;73;46;27;33,4
19560006603000;164;84;80;42,7
19560006604000;21;12;9;42,0
19560006605000;30;15;15;36,3
19560006606000;4;3;1;0,0
19560006611000;19;11;8;33,8
19560006612000;43;24;19;46,2
19560006616000;19;11;8;43,8
19560006621000;47;23;24;35,0
19560006622000;37;25;12;40,7
19560006623000;10;4;6;39,4
19560006624000;10;6;4;39,8
19560006625000;741;378;363;32,4
19560006626000;930;465;465;32,6
19560006627000;73;41;32;36,5
19560006628000;20;9;11;32,5
19560006629000;68;37;31;39,7
19560006630000;5;3;2;29,4
19560006633000;1;1;0;0,0
19560006634000;4;2;2;0,0
19560006635000;8;4;4;41,0
19560006639000;20;12;8;36,7
19560006640000;496;238;258;32,3
19560006641000;148;82;66;25,5
19560006643000;3;1;2;0,0
19560006644000;2;1;1;0,0
19560006645000;9;5;4;34,0
19560006648000;3;1;2;0,0
19560006649000;44;24;20;42,0
19560006662000;51;24;27;48,2
19560006668000;78;42;36;33,2
19560006669000;8;5;3;40,4
19560006675000;3;2;1;0,0
19560006682000;6;1;5;33,0
19560006692000;11;7;4;46,3
19560006693000;38;16;22;43,0
19560006695000;26;13;13;40,7
19560006696000;15;8;7;32,4
19560006697000;13;7;6;69,4
19560006699000;8;4;4;40,1
19560006700000;69;38;31;32,2
19560006701000;3;1;2;0,0
19560006703000;5;4;1;27,8
19560006704000;11;5;6;36,4
19560006705000;21;9;12;34,3
19560006716000;76;36;40;37,8
19560006717000;2;2;0;0,0
19560006718000;4;3;1;0,0
19560006726000;117;60;57;35,9
19560006727000;104;50;54;40,2
19560006728000;160;87;73;36,0
19560006729000;51;27;24;39,4
19560006730000;22;14;8;29,5
19560006731000;675;348;327;39,5
19560006732000;971;476;495;45,5
19560006733000;1196;606;590;37,6
19560006734000;654;345;309;35,3
19560006735000;182;97;85;32,1
19560006736000;131;71;60;35,3
19560006741000;1;1;0;0,0
19560006742000;269;136;133;38,4
19560006743000;261;128;133;31,0
19560006744000;281;146;135;34,9
19560006747000;54;26;28;35,0
19560006748000;345;180;165;39,8
19560006749000;292;149;143;32,2
19560006750000;4;3;1;0,0
19560006752000;86;40;46;26,8
19560006753000;11;6;5;51,8
19560006754000;81;42;39;38,3
19560006755000;151;77;74;34,8
19560006756000;22;10;12;39,0
19560006759000;21;12;9;42,9
19560006760000;7;5;2;31,9
19560006762000;5;2;3;53,4
19560006763000;345;163;182;47,3
19560006764000;336;171;165;33,0
19560006765000;6;3;3;17,0
19560006766000;69;35;34;38,9
19560006767000;71;36;35;37,1
19560006768000;5;2;3;39,2
19560006770000;36;22;14;46,4
19560006771000;17;7;10;35,2
19560006776000;24;15;9;36,2
19560006777000;13;8;5;47,5
19560006778000;29;13;16;48,3
19560006780000;4;3;1;0,0
19560006781000;38;20;18;35,6
19560006782000;275;131;144;39,6
19560006783000;61;35;26;44,4
19560006793000;10;2;8;25,8
19560006812000;1;0;1;0,0
19560006815000;4;2;2;0,0
19560006817000;6;4;2;34,3
19560006821000;8;6;2;50,6
19560006824000;1;0;1;0,0
19560006828000;10;4;6;41,6
19570006528000;38;23;15;34,7
19570006529000;3;3;0;0,0
19570006530000;5;2;3;49,2
19570006531000;48;25;23;37,6
19570006532000;10;5;5;56,8
19570006533000;44;21;23;31,7
19570006534000;98;60;38;32,7
19570006535000;1551;793;758;34,0
19570006536000;83;41;42;36,7
19570006537000;27;11;16;36,2
19570006539000;25;12;13;43,1
19570006540000;675;343;332;42,6
19570006541000;288;146;142;33,6
19570006542000;24;11;13;42,2
19570006543000;24;15;9;31,6
19570006544000;31;15;16;43,9
19570006545000;33;17;16;38,1
19570006546000;58;31;27;34,9
19570006547000;48;28;20;37,5
19570006548000;33;19;14;39,5
19570006549000;86;47;39;39,4
19570006550000;37;18;19;39,2
19570006551000;18;9;9;40,9
19570006552000;52;25;27;40,3
19570006553000;25;14;11;39,4
19570006554000;468;245;223;36,1
19570006555000;33;20;13;34,2
19570006556000;40;21;19;53,3
19570006557000;36;19;17;37,4
19570006558000;110;55;55;41,1
19570006559000;81;43;38;35,7
19570006560000;73;38;35;38,6
19570006561000;812;415;397;29,6
19570006562000;226;105;121;28,2
19570006563000;125;64;61;39,7
19570006564000;8;5;3;50,9
19570006602000;4;1;3;0,0
19570006603000;86;48;38;32,7
19570006605000;4;1;3;0,0
19570006606000;8;4;4;49,6
19570006607000;10;5;5;32,5
19570006611000;20;12;8;45,6
19570006612000;40;21;19;31,3
19570006613000;14;6;8;39,1
19570006614000;112;59;53;33,7
19570006615000;2;1;1;0,0
19570006616000;13;7;6;49,4
19570006617000;17;9;8;41,5
19570006623000;7;4;3;71,0
19570006625000;545;265;280;30,7
19570006626000;70;40;30;39,7
19570006627000;16;9;7;42,1
19570006634000;19;10;9;40,3
19570006638000;1;1;0;0,0
19570006640000;27;15;12;39,1
19570006641000;12;9;3;51,5
19570006644000;10;5;5;31,4
19570006645000;19;12;7;40,9
19570006646000;2;1;1;0,0
19570006647000;3;2;1;0,0
19570006648000;11;7;4;30,1
19570006649000;27;13;14;29,5
19570006650000;3;2;1;0,0
19570006656000;106;52;54;38,7
19570006657000;68;39;29;38,0
19570006658000;29;15;14;29,2
19570006659000;173;87;86;31,1
19570006660000;68;31;37;28,2
19570006661000;165;82;83;34,9
19570006662000;26;13;13;60,8
19570006663000;32;18;14;35,6
19570006664000;26;14;12;35,5
19570006665000;47;27;20;48,4
19570006666000;8;4;4;49,1
19570006667000;72;44;28;39,4
19570006668000;250;127;123;41,8
19570006675000;24;16;8;43,1
19570006676000;22;12;10;33,8
19570006679000;2;1;1;0,0
19570006680000;1;1;0;0,0
19570006682000;4;2;2;0,0
19570006691000;23;13;10;46,1
19570006692000;157;78;79;36,3
19570006693000;3;2;1;0,0
19570006700000;12;7;5;56,4
19570006701000;101;49;52;33,5
19570006702000;561;283;278;34,9
19570006703000;242;126;116;35,2
19570006704000;17;8;9;45,0
19570006717000;6;4;2;49,0
19570006718000;15;8;7;65,6
19570006724000;9;5;4;29,9
19570006725000;164;86;78;33,4
19570006726000;3;1;2;0,0
19570006727000;57;26;31;37,5
19570006728000;2;1;1;0,0
19570006729000;51;26;25;45,1
19570006730000;260;139;121;34,3
19570006731000;906;471;435;35,4
19570006732000;967;477;490;35,2
19570006733000;10;4;6;35,9
19570006735000;80;43;37;36,0
19570006736000;19;13;6;28,5
19570006741000;5;3;2;58,8
19570006742000;187;95;92;33,0
19570006743000;261;126;135;27,7
19570006744000;208;114;94;33,8
19570006745000;7;5;2;32,3
19570006747000;5;3;2;52,0
19570006748000;56;27;29;42,6
19570006749000;207;111;96;29,9
19570006750000;44;17;27;37,1
19570006752000;38;18;20;39,6
19570006753000;47;18;29;35,8
19570006754000;7;2;5;43,1
19570006755000;23;11;12;41,1
19570006756000;6;3;3;65,7
19570006758000;1;0;1;0,0
19570006759000;37;20;17;44,4
19570006760000;2;1;1;0,0
19570006762000;27;17;10;33,2
19570006763000;187;93;94;45,7
19570006764000;139;74;65;41,3
19570006766000;7;4;3;47,4
19570006768000;25;12;13;45,6
19570006769000;109;54;55;40,6
19570006770000;25;12;13;31,0
19570006771000;57;37;20;48,1
19570006772000;5;3;2;43,8
19570006778000;7;3;4;37,7
19570006779000;17;9;8;47,7
19570006780000;79;46;33;38,4
19570006781000;74;36;38;33,6
19570006782000;44;22;22;37,6
19570006783000;38;16;22;45,9
19570006787000;3;2;1;0,0
19570006791000;17;8;9;44,1
19570006792000;42;21;21;47,9
19570006793000;4;2;2;0,0
19570006794000;4;3;1;0,0
19570006798000;4;2;2;0,0
19570006802000;7;5;2;29,7
19570006811000;3;2;1;0,0
19570006815000;27;11;16;45,0
19570006816000;11;5;6;50,1
19570006817000;1;1;0;0,0
19570006818000;7;5;2;60,6
19570006819000;3;2;1;0,0
19570006820000;1;1;0;0,0
19570006823000;1;0;1;0,0
19570006824000;2;1;1;0,0
19580006526000;4;2;2;0,0
19580006527000;14;8;6;47,9
19580006528000;13;6;7;40,2
19580006529000;42;22;20;40,8
19580006530000;45;23;22;36,4
19580006531000;31;14;17;37,8
19580006532000;20;11;9;48,5
19580006533000;57;28;29;42,4
19580006534000;375;197;178;38,4
19580006535000;1292;646;646;36,6
19580006536000;39;22;17;35,2
19580006537000;20;10;10;49,8
19580006538000;25;17;8;37,0
19580006539000;1829;929;900;29,2
19580006540000;2840;1420;1420;38,3
19580006541000;584;311;273;34,6
19580006542000;34;17;17;41,7
19580006543000;45;26;19;44,2
19580006544000;26;14;12;34,1
19580006545000;38;20;18;34,1
19580006546000;27;13;14;33,9
19580006547000;131;69;62;41,3
19580006548000;478;234;244;34,8
19580006549000;369;191;178;35,0
19580006550000;39;25;14;47,0
19580006551000;79;37;42;39,4
19580006552000;682;334;348;37,5
19580006553000;1024;531;493;30,5
19580006554000;1800;902;898;35,7
19580006555000;55;29;26;36,7
19580006556000;165;99;66;33,6
19580006557000;28;15;13;46,0
19580006558000;8;3;5;62,8
19580006559000;115;60;55;35,4
19580006560000;936;462;474;33,3
19580006561000;110;60;50;34,5
19580006562000;77;41;36;43,4
19580006563000;65;33;32;38,0
19580006564000;5;2;3;63,0
19580006566000;10;5;5;34,5
19580006567000;49;21;28;36,8
19580006568000;28;9;19;30,4
19580006570000;97;49;48;47,1
19580006571000;1162;609;553;40,6
19580006572000;653;302;351;30,9
19580006602000;8;6;2;42,3
19580006603000;25;14;11;47,6
19580006607000;3;1;2;0,0
19580006609000;8;4;4;43,0
19580006610000;163;80;83;37,7
19580006611000;49;26;23;45,6
19580006612000;23;11;12;30,2
19580006613000;280;148;132;32,4
19580006614000;9;5;4;24,8
19580006617000;8;3;5;56,8
19580006619000;7;2;5;41,0
19580006620000;4;2;2;0,0
19580006624000;3;1;2;0,0
19580006626000;256;116;140;59,9
19580006635000;3;2;1;0,0
19580006637000;3;2;1;0,0
19580006638000;24;11;13;35,3
19580006639000;4;1;3;0,0
19580006640000;67;38;29;41,2
19580006641000;21;10;11;39,8
19580006642000;6;4;2;27,5
19580006646000;8;3;5;32,5
19580006649000;28;13;15;51,2
19580006650000;110;55;55;43,0
19580006651000;17;10;7;44,5
19580006656000;320;160;160;35,5
19580006657000;313;155;158;40,4
19580006658000;74;37;37;31,2
19580006659000;67;35;32;37,8
19580006660000;11;6;5;45,5
19580006661000;9;5;4;33,0
19580006670000;22;12;10;24,2
19580006671000;25;12;13;40,6
19580006672000;7;5;2;37,3
19580006674000;14;7;7;31,8
19580006675000;101;52;49;37,7
19580006676000;19;9;10;28,0
19580006677000;2;1;1;0,0
19580006678000;14;7;7;44,6
19580006679000;10;5;5;62,7
19580006680000;40;20;20;38,1
19580006681000;507;266;241;33,2
19580006682000;53;28;25;37,2
19580006683000;3;2;1;0,0
19580006684000;3;2;1;0,0
19580006691000;19;13;6;45,9
19580006692000;43;25;18;48,2
19580006693000;9;4;5;30,4
19580006696000;15;7;8;30,9
19580006697000;15;7;8;48,8
19580006698000;61;35;26;41,7
19580006699000;19;11;8;35,6
19580006700000;202;99;103;35,1
19580006701000;414;208;206;36,8
19580006702000;45;19;26;32,3
19580006703000;49;24;25;37,4
19580006704000;4;3;1;0,0
19580006725000;69;33;36;32,0
19580006726000;69;38;31;35,8
19580006727000;226;116;110;32,9
19580006728000;323;162;161;33,7
19580006729000;5;3;2;54,8
19580006730000;342;179;163;34,2
19580006731000;277;132;145;37,5
19580006732000;659;347;312;37,8
19580006733000;222;117;105;37,4
19580006734000;1124;584;540;38,0
19580006735000;429;219;210;38,4
19580006737000;124;68;56;36,8
19580006738000;332;177;155;40,8
19580006739000;589;306;283;33,8
19580006741000;326;164;162;28,5
19580006742000;1082;537;545;29,3
19580006743000;434;228;206;27,9
19580006744000;72;40;32;47,0
19580006745000;4;1;3;0,0
19580006747000;2;1;1;0,0
19580006750000;13;8;5;38,5
19580006752000;118;58;60;36,2
19580006754000;7;5;2;37,7
19580006760000;11;7;4;50,8
19580006761000;23;14;9;46,8
19580006762000;63;34;29;47,1
19580006763000;22;11;11;56,2
19580006764000;24;12;12;49,3
19580006765000;19;12;7;48,2
19580006766000;26;13;13;47,1
19580006767000;15;7;8;38,3
19580006768000;78;38;40;44,5
19580006769000;42;22;20;33,6
19580006770000;4;2;2;0,0
19580006777000;2;1;1;0,0
19580006778000;8;6;2;72,4
19580006779000;8;4;4;29,9
19580006780000;27;15;12;38,1
19580006781000;81;54;27;36,1
19580006783000;2;2;0;0,0
19580006787000;28;17;11;41,4
19580006794000;2;1;1;0,0
19580006796000;5;3;2;14,8
19580006797000;2;1;1;0,0
19580006798000;2;1;1;0,0
19580006804000;3;2;1;0,0
19580006805000;10;6;4;42,8
19580006818000;6;3;3;45,5
19580006820000;1;0;1;0,0
19580006823000;1;0;1;0,0
19580006824000;12;6;6;56,8
19580006828000;22;12;10;36,7
19580006867000;2;1;1;0,0
19580006868000;8;5;3;34,3
19590006526000;26;16;10;41,2
19590006527000;17;8;9;26,6
19590006528000;25;17;8;43,0
19590006529000;1649;832;817;36,7
19590006530000;117;53;64;35,0
19590006531000;17;10;7;36,3
19590006532000;2;2;0;0,0
19590006533000;21;11;10;37,7
19590006534000;53;27;26;36,5
19590006535000;37;23;14;35,4
19590006536000;29;14;15;29,2
19590006537000;26;15;11;29,8
19590006538000;13;4;9;40,9
19590006539000;892;448;444;30,2
19590006540000;154;84;70;34,9
19590006541000;42;22;20;41,6
19590006542000;4;1;3;0,0
19590006543000;22;12;10;45,6
19590006544000;111;62;49;32,2
19590006545000;126;64;62;25,3
19590006546000;76;43;33;35,6
19590006547000;1913;972;941;39,1
19590006548000;2807;1400;1407;40,3
19590006549000;1327;667;660;31,2
19590006550000;58;31;27;35,9
19590006551000;11;6;5;40,7
19590006552000;3064;1539;1525;38,6
19590006553000;1203;612;591;37,1
19590006554000;593;298;295;25,6
19590006555000;25;15;10;45,4
19590006556000;55;29;26;31,0
19590006557000;49;25;24;36,9
19590006558000;22;12;10;39,8
19590006559000;19;8;11;38,3
19590006560000;91;45;46;39,5
19590006561000;129;71;58;40,2
19590006562000;144;75;69;33,2
19590006563000;40;24;16;42,3
19590006564000;14;11;3;41,4
19590006565000;72;35;37;43,6
19590006566000;78;41;37;37,5
19590006567000;151;77;74;34,5
19590006568000;78;52;26;38,2
19590006570000;387;203;184;38,7
19590006571000;2792;1430;1362;37,8
19590006572000;132;76;56;40,5
19590006573000;40;17;23;39,4
19590006576000;65;34;31;40,5
19590006577000;78;36;42;39,7
19590006578000;43;21;22;36,6
19590006579000;75;35;40;41,9
19590006612000;9;3;6;37,8
19590006613000;2;2;0;0,0
19590006614000;99;54;45;35,3
19590006615000;6;3;3;58,8
19590006616000;24;13;11;34,0
19590006617000;45;22;23;32,5
19590006618000;10;6;4;43,9
19590006619000;27;11;16;40,9
19590006620000;42;19;23;43,6
19590006621000;148;86;62;32,7
19590006622000;14;6;8;43,3
19590006623000;12;5;7;53,3
19590006624000;8;3;5;19,4
19590006625000;136;71;65;41,9
19590006626000;348;159;189;48,4
19590006627000;9;7;2;37,6
19590006633000;4;1;3;0,0
19590006638000;14;7;7;39,8
19590006639000;57;30;27;29,2
19590006640000;42;20;22;44,5
19590006641000;26;11;15;30,7
19590006642000;76;39;37;43,1
19590006645000;13;4;9;32,0
19590006650000;85;45;40;39,5
19590006651000;38;17;21;45,0
19590006656000;98;45;53;35,4
19590006657000;257;124;133;46,9
19590006658000;10;6;4;35,0
19590006659000;12;6;6;33,8
19590006660000;12;4;8;42,7
19590006666000;19;14;5;39,6
19590006667000;14;4;10;36,0
19590006670000;182;87;95;32,7
19590006671000;11;5;6;26,7
19590006675000;13;6;7;41,8
19590006676000;136;72;64;41,4
19590006677000;73;36;37;38,7
19590006678000;25;11;14;38,4
19590006679000;2;1;1;0,0
19590006680000;22;13;9;29,6
19590006681000;232;105;127;41,2
19590006682000;63;42;21;56,1
19590006683000;14;7;7;25,1
19590006686000;19;12;7;48,4
19590006693000;68;31;37;42,2
19590006699000;61;29;32;44,6
19590006700000;78;31;47;34,8
19590006718000;24;14;10;43,8
19590006721000;4;1;3;0,0
19590006722000;66;35;31;42,1
19590006723000;56;36;20;36,6
19590006724000;4;2;2;0,0
19590006726000;4;3;1;0,0
19590006727000;172;84;88;36,2
19590006728000;57;29;28;39,4
19590006729000;218;119;99;38,7
19590006730000;517;261;256;37,6
19590006731000;270;129;141;38,4
19590006732000;830;397;433;31,4
19590006733000;656;322;334;36,4
19590006735000;667;355;312;34,7
19590006736000;153;86;67;36,5
19590006737000;910;472;438;34,8
19590006738000;85;46;39;44,1
19590006739000;303;149;154;32,5
19590006741000;163;84;79;40,4
19590006742000;425;194;231;39,8
19590006743000;474;214;260;43,2
19590006744000;5;3;2;27,6
19590006746000;67;36;31;40,8
19590006747000;35;20;15;43,5
19590006748000;74;41;33;34,0
19590006750000;3;1;2;0,0
19590006751000;117;58;59;37,5
19590006752000;89;46;43;32,9
19590006754000;15;8;7;47,6
19590006760000;13;5;8;46,1
19590006761000;11;5;6;39,7
19590006762000;45;26;19;54,5
19590006763000;13;7;6;39,5
19590006764000;50;23;27;37,0
19590006765000;12;7;5;48,8
19590006773000;3;1;2;0,0
19590006775000;6;3;3;17,0
19590006776000;111;58;53;34,4
19590006777000;9;5;4;60,2
19590006779000;84;36;48;28,7
19590006780000;15;9;6;45,6
19590006787000;4;3;1;0,0
19590006814000;2;1;1;0,0
19590006815000;3;2;1;0,0
19590006828000;2;1;1;0,0
19590006867000;21;13;8;52,0
19590006868000;29;20;9;51,8
19590006870000;3;2;1;0,0
19600006526000;25;17;8;43,3
19600006527000;7;4;3;23,4
19600006528000;40;21;19;40,4
19600006529000;269;133;136;34,0
19600006530000;76;38;38;42,3
19600006531000;11;7;4;40,3
19600006532000;40;20;20;32,9
19600006533000;10;4;6;45,7
19600006534000;8;3;5;47,1
19600006535000;2;1;1;0,0
19600006536000;13;9;4;33,3
19600006537000;20;11;9;34,9
19600006538000;16;10;6;39,5
19600006539000;27;15;12;34,7
19600006540000;15;8;7;47,9
19600006541000;38;24;14;27,9
19600006542000;28;15;13;31,1
19600006543000;26;17;9;43,1
19600006544000;49;30;19;36,8
19600006545000;16;11;5;35,4
19600006546000;210;106;104;37,0
19600006547000;2664;1367;1297;33,4
19600006548000;1340;655;685;40,0
19600006549000;122;62;60;39,7
19600006550000;53;23;30;38,6
19600006551000;109;63;46;31,4
19600006552000;341;178;163;37,3
19600006553000;49;27;22;37,6
19600006554000;60;31;29;44,3
19600006555000;14;9;5;38,4
19600006556000;35;20;15;46,0
19600006557000;40;21;19;33,0
19600006558000;35;21;14;42,3
19600006559000;47;32;15;38,1
19600006560000;9;4;5;43,8
19600006561000;75;46;29;33,8
19600006562000;62;31;31;40,3
19600006563000;19;13;6;46,8
19600006564000;2;1;1;0,0
19600006565000;251;120;131;36,0
19600006566000;138;74;64;34,5
19600006567000;19;9;10;48,8
19600006568000;125;68;57;34,2
19600006569000;995;509;486;35,2
19600006570000;320;162;158;38,8
19600006571000;56;30;26;37,7
19600006572000;297;150;147;34,7
19600006573000;593;314;279;34,0
19600006574000;2325;1130;1195;35,8
19600006575000;32;18;14;34,8
19600006576000;76;36;40;39,7
19600006577000;87;47;40;38,1
19600006578000;110;60;50;41,0
19600006579000;121;64;57;33,9
19600006580000;29;16;13;32,8
19600006581000;43;20;23;41,9
19600006582000;1;0;1;0,0
19600006589000;2;1;1;0,0
19600006610000;4;1;3;0,0
19600006612000;4;1;3;0,0
19600006613000;3;2;1;0,0
19600006614000;2;1;1;0,0
19600006615000;77;37;40;40,7
19600006616000;40;24;16;39,1
19600006617000;3;2;1;0,0
19600006619000;3;2;1;0,0
19600006620000;44;26;18;39,5
19600006621000;76;43;33;36,0
19600006622000;74;35;39;30,9
19600006623000;116;53;63;31,6
19600006625000;579;295;284;25,3
19600006626000;299;152;147;36,6
19600006627000;42;19;23;42,0
19600006628000;1;0;1;0,0
19600006629000;35;14;21;39,8
19600006630000;55;29;26;38,5
19600006631000;11;6;5;31,4
19600006632000;6;4;2;59,3
19600006635000;26;15;11;37,0
19600006636000;38;17;21;33,6
19600006637000;50;25;25;47,9
19600006638000;11;4;7;37,1
19600006639000;13;8;5;56,2
19600006640000;12;6;6;39,8
19600006641000;8;4;4;44,4
19600006642000;2;1;1;0,0
19600006643000;2;2;0;0,0
19600006644000;15;9;6;42,8
19600006647000;31;15;16;33,8
19600006648000;84;47;37;37,9
19600006649000;31;14;17;36,6
19600006650000;5;2;3;43,8
19600006656000;17;9;8;47,4
19600006657000;201;109;92;39,7
19600006659000;6;4;2;21,0
19600006665000;273;132;141;36,7
19600006666000;174;88;86;34,8
19600006667000;72;40;32;38,3
19600006669000;14;8;6;65,6
19600006675000;52;20;32;34,7
19600006676000;53;29;24;38,9
19600006677000;2;1;1;0,0
19600006678000;46;17;29;44,8
19600006679000;108;52;56;42,7
19600006680000;44;24;20;38,5
19600006681000;191;97;94;35,5
19600006682000;614;320;294;39,2
19600006683000;2;1;1;0,0
19600006685000;12;5;7;47,7
19600006686000;47;27;20;41,0
19600006687000;5;3;2;50,6
19600006688000;6;3;3;29,3
19600006693000;3;2;1;0,0
19600006694000;12;6;6;57,8
19600006696000;12;8;4;46,4
19600006698000;2;1;1;0,0
19600006699000;23;10;13;34,8
19600006700000;34;16;18;28,4
19600006719000;75;39;36;39,1
19600006721000;224;112;112;37,6
19600006722000;114;58;56;40,0
19600006723000;61;37;24;39,4
19600006724000;281;152;129;42,8
19600006725000;6;3;3;46,7
19600006726000;125;63;62;38,8
19600006727000;5;3;2;63,0
19600006728000;959;485;474;38,7
19600006729000;1031;517;514;37,8
19600006730000;302;158;144;35,9
19600006731000;64;27;37;38,3
19600006732000;551;288;263;34,1
19600006733000;1778;908;870;35,5
19600006734000;28;12;16;37,5
19600006735000;154;82;72;37,4
19600006736000;872;443;429;35,1
19600006737000;422;190;232;38,8
19600006738000;96;49;47;44,1
19600006739000;1234;639;595;30,5
19600006740000;369;184;185;39,4
19600006741000;559;282;277;35,1
19600006742000;195;98;97;34,7
19600006743000;78;39;39;36,4
19600006746000;7;4;3;49,1
19600006747000;82;41;41;40,4
19600006748000;10;7;3;25,2
19600006750000;271;133;138;32,6
19600006751000;48;22;26;45,9
19600006752000;53;23;30;37,8
19600006753000;14;8;6;34,2
19600006754000;50;26;24;35,0
19600006755000;2;1;1;0,0
19600006757000;54;28;26;35,8
19600006758000;2;1;1;0,0
19600006761000;10;5;5;56,0
19600006763000;67;32;35;31,5
19600006764000;33;17;16;47,0
19600006773000;3;2;1;0,0
19600006775000;9;6;3;22,4
19600006776000;75;37;38;38,8
19600006777000;24;14;10;48,4
19600006779000;15;6;9;53,9
19600006794000;46;23;23;36,0
19600006796000;10;5;5;33,0
19600006804000;6;4;2;48,2
19600006818000;3;2;1;0,0
19600006819000;3;2;1;0,0
19600006820000;6;4;2;45,5
19600006843000;14;8;6;47,1
19600006844000;29;16;13;34,5
19600006867000;13;6;7;47,4
19600006868000;8;4;4;43,4
19600006870000;17;8;9;51,5
19610006526000;209;105;104;34,7
19610006527000;12;8;4;55,4
19610006528000;263;144;119;30,5
19610006529000;45;25;20;37,5
19610006530000;10;5;5;47,3
19610006532000;8;3;5;57,8
19610006533000;6;5;1;43,2
19610006534000;15;8;7;19,1
19610006535000;9;4;5;32,1
19610006536000;36;17;19;30,9
19610006537000;15;8;7;22,3
19610006540000;8;4;4;28,6
19610006541000;24;10;14;34,7
19610006542000;14;6;8;62,3
19610006543000;2;1;1;0,0
19610006544000;36;17;19;44,1
19610006545000;33;18;15;30,8
19610006546000;19;11;8;33,7
19610006547000;621;325;296;28,1
19610006548000;77;35;42;32,7
19610006550000;16;9;7;37,9
19610006551000;192;93;99;31,0
19610006552000;746;390;356;35,1
19610006553000;37;18;19;42,6
19610006554000;40;22;18;42,6
19610006555000;28;16;12;37,4
19610006556000;42;21;21;32,9
19610006557000;43;19;24;41,7
19610006558000;120;62;58;31,0
19610006559000;82;41;41;31,8
19610006560000;36;22;14;49,6
19610006561000;46;26;20;34,4
19610006562000;28;16;12;50,6
19610006563000;19;11;8;36,6
19610006564000;9;8;1;35,0
19610006565000;26;7;19;60,7
19610006566000;110;57;53;29,0
19610006568000;4;3;1;0,0
19610006569000;52;31;21;37,1
19610006570000;26;15;11;38,5
19610006571000;26;15;11;54,3
19610006572000;62;28;34;52,0
19610006573000;2303;1145;1158;38,2
19610006574000;1385;679;706;37,9
19610006575000;1116;588;528;38,4
19610006576000;1112;552;560;35,6
19610006577000;1102;563;539;36,7
19610006578000;539;296;243;34,7
19610006579000;72;39;33;36,8
19610006580000;95;51;44;42,6
19610006581000;15;7;8;43,9
19610006588000;29;18;11;44,8
19610006589000;12;7;5;26,2
19610006591000;2;1;1;0,0
19610006609000;12;7;5;35,7
19610006610000;27;14;13;47,7
19610006611000;31;15;16;41,4
19610006612000;18;10;8;40,2
19610006616000;16;8;8;40,5
19610006622000;60;30;30;36,7
19610006623000;5;3;2;22,0
19610006624000;4;3;1;0,0
19610006626000;65;35;30;32,3
19610006630000;10;5;5;47,6
19610006632000;3;2;1;0,0
19610006636000;3;1;2;0,0
19610006637000;8;3;5;29,4
19610006638000;4;2;2;0,0
19610006639000;83;40;43;32,7
19610006642000;8;5;3;53,3
19610006643000;23;11;12;43,1
19610006644000;9;4;5;58,9
19610006645000;5;2;3;23,0
19610006647000;8;5;3;30,4
19610006651000;5;3;2;52,4
19610006664000;315;160;155;31,6
19610006665000;520;281;239;38,9
19610006666000;424;223;201;36,3
19610006668000;3;2;1;0,0
19610006675000;6;1;5;27,8
19610006676000;5;4;1;42,8
19610006679000;7;3;4;16,1
19610006681000;47;23;24;31,7
19610006682000;65;32;33;49,8
19610006683000;2;1;1;0,0
19610006684000;7;3;4;60,9
19610006685000;13;6;7;56,1
19610006686000;6;3;3;60,2
19610006687000;19;9;10;54,8
19610006696000;15;8;7;37,1
19610006697000;4;2;2;0,0
19610006718000;70;39;31;39,4
19610006719000;329;170;159;37,8
19610006720000;942;474;468;36,5
19610006721000;285;148;137;37,0
19610006722000;113;60;53;39,1
19610006723000;53;28;25;46,8
19610006726000;266;143;123;35,3
19610006727000;101;50;51;38,1
19610006728000;131;70;61;38,0
19610006729000;210;113;97;34,2
19610006730000;503;246;257;40,5
19610006731000;719;355;364;35,1
19610006732000;144;71;73;46,6
19610006733000;997;506;491;35,4
19610006734000;1525;760;765;40,9
19610006735000;92;44;48;39,2
19610006736000;1094;542;552;32,4
19610006737000;428;207;221;27,6
19610006738000;556;284;272;36,4
19610006739000;502;269;233;32,8
19610006740000;6;5;1;28,2
19610006747000;93;46;47;41,7
19610006750000;511;264;247;31,2
19610006751000;29;14;15;49,1
19610006752000;99;50;49;38,5
19610006753000;10;7;3;16,2
19610006757000;43;24;19;44,3
19610006758000;2;1;1;0,0
19610006759000;4;2;2;0,0
19610006760000;7;3;4;45,0
19610006761000;27;11;16;48,0
19610006762000;103;58;45;38,9
19610006763000;75;40;35;37,2
19610006765000;17;9;8;38,3
19610006766000;9;6;3;30,4
19610006767000;2;2;0;0,0
19610006768000;15;9;6;52,8
19610006769000;11;8;3;32,1
19610006772000;4;3;1;0,0
19610006773000;6;4;2;57,7
19610006774000;8;5;3;51,9
19610006775000;14;6;8;52,5
19610006776000;29;16;13;47,3
19610006778000;13;5;8;46,6
19610006779000;39;22;17;40,9
19610006791000;1;0;1;0,0
19610006794000;9;6;3;34,6
19610006795000;1;1;0;0,0
19610006796000;1;1;0;0,0
19610006804000;5;2;3;40,6
19610006823000;1;1;0;0,0
19610006842000;8;6;2;71,8
19610006843000;32;16;16;47,8
19610006844000;6;3;3;66,2
19610006868000;5;2;3;55,6
19610006873000;7;4;3;53,1
19610006874000;59;28;31;46,1
19610006876000;7;4;3;66,3
19620006525000;33;18;15;38,5
19620006526000;223;115;108;40,7
19620006527000;7;4;3;37,9
19620006528000;428;226;202;24,3
19620006529000;23;14;9;44,7
19620006530000;2;1;1;0,0
19620006531000;3;1;2;0,0
19620006532000;13;9;4;32,3
19620006533000;22;11;11;34,8
19620006534000;15;8;7;35,6
19620006535000;29;16;13;41,2
19620006536000;16;10;6;29,8
19620006537000;19;8;11;37,2
19620006539000;8;4;4;34,9
19620006540000;8;4;4;36,3
19620006541000;16;9;7;37,9
19620006542000;23;13;10;44,7
19620006543000;13;8;5;50,4
19620006544000;51;24;27;38,5
19620006545000;28;12;16;45,0
19620006546000;71;31;40;38,3
19620006547000;39;17;22;47,0
19620006548000;40;20;20;41,6
19620006549000;16;9;7;40,4
19620006551000;5;2;3;33,2
19620006552000;748;378;370;33,8
19620006553000;347;183;164;31,7
19620006554000;31;16;15;36,5
19620006555000;97;57;40;35,2
19620006556000;32;15;17;43,2
19620006557000;44;20;24;40,4
19620006558000;97;52;45;30,4
19620006559000;93;51;42;38,9
19620006560000;6;3;3;58,0
19620006561000;53;29;24;42,4
19620006562000;54;28;26;30,1
19620006563000;81;48;33;34,6
19620006564000;2281;1182;1099;36,7
19620006565000;2047;992;1055;46,3
19620006566000;594;301;293;36,5
19620006567000;456;232;224;34,9
19620006570000;1047;547;500;38,3
19620006571000;636;319;317;39,6
19620006572000;1358;674;684;33,8
19620006573000;1353;679;674;34,1
19620006574000;43;26;17;39,4
19620006575000;40;20;20;43,4
19620006576000;117;61;56;43,4
19620006577000;1569;754;815;39,5
19620006578000;654;316;338;38,2
19620006579000;78;44;34;40,5
19620006580000;9;5;4;60,1
19620006588000;116;57;59;36,8
19620006589000;18;10;8;45,8
19620006591000;35;17;18;40,9
19620006592000;11;4;7;41,5
19620006608000;3;1;2;0,0
19620006609000;10;6;4;47,0
19620006610000;3;2;1;0,0
19620006614000;5;3;2;33,0
19620006615000;8;4;4;57,9
19620006616000;19;11;8;41,0
19620006622000;58;34;24;36,0
19620006623000;3;2;1;0,0
19620006624000;5;3;2;21,8
19620006626000;17;9;8;50,0
19620006628000;5;2;3;17,6
19620006629000;5;3;2;31,6
19620006635000;3;2;1;0,0
19620006637000;8;4;4;38,0
19620006638000;2;1;1;0,0
19620006639000;9;4;5;43,7
19620006645000;29;15;14;52,8
19620006646000;39;17;22;33,7
19620006650000;5;1;4;40,8
19620006651000;57;32;25;40,0
19620006652000;4;2;2;0,0
19620006653000;1;0;1;0,0
19620006661000;32;16;16;43,7
19620006662000;5;3;2;73,0
19620006664000;241;118;123;35,1
19620006665000;486;242;244;41,8
19620006666000;800;390;410;34,9
19620006686000;12;9;3;36,7
19620006715000;4;2;2;0,0
19620006718000;105;49;56;43,2
19620006719000;422;220;202;41,5
19620006720000;727;358;369;36,3
19620006721000;431;221;210;35,4
19620006722000;395;201;194;40,0
19620006723000;321;168;153;39,2
19620006724000;1;1;0;0,0
19620006725000;4;2;2;0,0
19620006726000;531;275;256;38,1
19620006727000;53;27;26;37,4
19620006728000;453;227;226;39,9
19620006729000;840;415;425;40,0
19620006730000;2029;1014;1015;37,7
19620006731000;3114;1541;1573;39,1
19620006732000;2136;1036;1100;41,1
19620006733000;2654;1267;1387;40,8
19620006734000;2913;1437;1476;39,7
19620006735000;297;159;138;47,8
19620006736000;750;379;371;41,6
19620006737000;1687;858;829;40,3
19620006738000;593;272;321;40,8
19620006740000;58;32;26;47,5
19620006741000;938;496;442;33,9
19620006742000;12;6;6;33,5
19620006743000;21;13;8;35,9
19620006744000;62;29;33;42,4
19620006745000;112;51;61;37,8
19620006746000;175;94;81;38,2
19620006747000;36;21;15;36,5
19620006748000;124;64;60;30,4
19620006749000;27;13;14;32,6
19620006750000;26;14;12;43,8
19620006751000;71;38;33;36,2
19620006752000;42;19;23;33,7
19620006753000;23;11;12;43,6
19620006754000;8;3;5;50,9
19620006755000;25;14;11;41,6
19620006756000;9;6;3;25,9
19620006759000;30;20;10;35,6
19620006760000;160;80;80;35,1
19620006761000;46;25;21;44,0
19620006762000;7;4;3;45,3
19620006764000;10;4;6;49,0
19620006765000;33;17;16;43,2
19620006766000;38;16;22;45,5
19620006767000;24;12;12;23,0
19620006768000;28;14;14;35,8
19620006771000;3;2;1;0,0
19620006773000;2;1;1;0,0
19620006774000;18;11;7;50,4
19620006776000;4;2;2;0,0
19620006777000;36;19;17;49,2
19620006791000;6;3;3;60,0
19620006795000;2;1;1;0,0
19620006799000;1;1;0;0,0
19620006801000;16;9;7;34,8
19620006804000;2;1;1;0,0
19620006823000;4;2;2;0,0
19620006824000;1;0;1;0,0
19620006834000;18;11;7;39,4
19620006867000;11;7;4;44,1
19630006525000;5;2;3;58,8
19630006526000;26;14;12;37,6
19630006527000;26;16;10;36,5
19630006529000;26;13;13;31,4
19630006535000;19;9;10;45,5
19630006536000;5;2;3;44,8
19630006538000;6;1;5;36,0
19630006539000;13;8;5;51,2
19630006541000;41;22;19;44,8
19630006542000;25;13;12;37,6
19630006543000;21;12;9;44,5
19630006544000;11;4;7;38,5
19630006545000;24;10;14;35,6
19630006546000;6;2;4;35,0
19630006547000;62;35;27;37,8
19630006548000;26;13;13;41,7
19630006549000;17;8;9;47,7
19630006550000;39;18;21;32,3
19630006551000;21;12;9;36,5
19630006552000;4;2;2;0,0
19630006553000;172;82;90;41,1
19630006554000;24;13;11;46,6
19630006555000;110;61;49;31,6
19630006556000;116;61;55;39,8
19630006557000;140;74;66;36,7
19630006558000;45;20;25;43,2
19630006559000;141;73;68;41,6
19630006560000;9;4;5;53,3
19630006561000;63;36;27;38,3
19630006562000;48;21;27;37,5
19630006563000;21;11;10;39,8
19630006564000;3095;1560;1535;28,8
19630006565000;726;388;338;35,7
19630006566000;217;112;105;34,7
19630006567000;1841;947;894;37,0
19630006568000;27;13;14;39,6
19630006570000;146;71;75;40,4
19630006571000;825;450;375;37,0
19630006572000;1011;505;506;39,4
19630006573000;40;19;21;45,9
19630006574000;440;229;211;32,9
19630006575000;184;102;82;41,7
19630006576000;119;65;54;35,5
19630006577000;660;321;339;31,8
19630006578000;792;401;391;35,7
19630006579000;286;148;138;34,3
19630006588000;85;50;35;43,1
19630006589000;2;1;1;0,0
19630006591000;256;133;123;30,9
19630006592000;72;36;36;43,0
19630006609000;1;1;0;0,0
19630006612000;8;5;3;39,8
19630006613000;4;2;2;0,0
19630006615000;20;9;11;32,0
19630006617000;9;4;5;28,7
19630006618000;19;9;10;38,0
19630006619000;3;1;2;0,0
19630006620000;5;3;2;50,4
19630006621000;8;4;4;66,9
19630006622000;12;7;5;49,0
19630006623000;32;18;14;39,4
19630006624000;5;3;2;48,6
19630006625000;11;6;5;45,3
19630006626000;2;2;0;0,0
19630006628000;4;2;2;0,0
19630006630000;37;19;18;35,1
19630006632000;13;6;7;34,5
19630006634000;3;1;2;0,0
19630006635000;14;8;6;36,5
19630006639000;3;2;1;0,0
19630006644000;13;7;6;25,5
19630006646000;272;136;136;37,6
19630006647000;188;95;93;30,2
19630006649000;13;8;5;43,9
19630006650000;18;8;10;46,0
19630006651000;5;4;1;46,2
19630006652000;45;24;21;41,8
19630006653000;54;31;23;42,4
19630006654000;1;0;1;0,0
19630006663000;164;79;85;26,5
19630006664000;343;170;173;34,4
19630006665000;3;2;1;0,0
19630006666000;249;146;103;36,8
19630006667000;39;23;16;30,2
19630006686000;18;10;8;38,2
19630006692000;35;17;18;43,6
19630006715000;75;45;30;38,5
19630006716000;310;164;146;40,6
19630006717000;83;48;35;42,3
19630006720000;75;35;40;42,6
19630006721000;249;132;117;38,8
19630006722000;436;219;217;34,8
19630006723000;874;439;435;40,5
19630006724000;846;448;398;36,6
19630006725000;1584;785;799;35,1
19630006726000;806;390;416;38,4
19630006727000;660;329;331;38,1
19630006728000;1631;810;821;37,7
19630006729000;823;387;436;42,2
19630006730000;430;218;212;37,3
19630006731000;157;83;74;37,1
19630006733000;2;0;2;0,0
19630006734000;31;17;14;39,8
19630006735000;31;28;3;47,2
19630006736000;150;71;79;44,6
19630006737000;1041;517;524;39,6
19630006738000;805;416;389;37,5
19630006739000;754;387;367;39,3
19630006740000;827;426;401;35,1
19630006741000;1196;604;592;33,4
19630006742000;137;69;68;44,7
19630006743000;191;109;82;39,3
19630006744000;558;280;278;41,5
19630006745000;423;202;221;34,9
19630006746000;6;2;4;51,2
19630006748000;128;68;60;36,6
19630006749000;64;36;28;43,3
19630006750000;85;43;42;48,1
19630006751000;59;31;28;37,1
19630006752000;22;14;8;38,4
19630006753000;12;6;6;23,5
19630006754000;61;39;22;33,6
19630006755000;6;5;1;38,0
19630006756000;12;6;6;45,5
19630006757000;83;46;37;43,3
19630006758000;60;29;31;37,3
19630006759000;45;27;18;42,9
19630006760000;348;177;171;35,8
19630006761000;7;7;0;46,0
19630006766000;12;4;8;42,8
19630006770000;4;2;2;0,0
19630006773000;13;6;7;53,2
19630006774000;2;0;2;0,0
19630006775000;18;9;9;61,4
19630006776000;30;15;15;46,9
19630006785000;2;1;1;0,0
19630006786000;42;17;25;36,5
19630006791000;15;6;9;34,5
19630006792000;2;1;1;0,0
19630006801000;160;78;82;34,8
19630006806000;18;8;10;40,3
19630006807000;8;4;4;46,6
19630006809000;7;4;3;67,1
19630006818000;5;2;3;58,6
19630006822000;2;1;1;0,0
19630006839000;20;12;8;56,3
19630006840000;9;3;6;34,9
19630006868000;1;1;0;0,0
19630006874000;1;1;0;0,0
19640006520000;22;13;9;55,9
19640006521000;332;179;153;40,7
19640006523000;2;1;1;0,0
19640006524000;16;6;10;42,3
19640006525000;6;3;3;46,2
19640006526000;24;11;13;35,2
19640006527000;29;14;15;42,9
19640006528000;29;18;11;32,2
19640006529000;12;4;8;31,1
19640006536000;5;2;3;19,2
19640006539000;3;2;1;0,0
19640006541000;17;11;6;51,1
19640006542000;24;15;9;36,8
19640006544000;12;4;8;27,8
19640006545000;6;4;2;39,3
19640006546000;13;7;6;49,8
19640006547000;990;525;465;36,4
19640006548000;339;175;164;31,2
19640006550000;40;22;18;40,1
19640006551000;271;141;130;34,9
19640006552000;1167;593;574;33,5
19640006553000;1751;882;869;37,0
19640006554000;391;207;184;31,2
19640006555000;24;11;13;36,5
19640006556000;240;129;111;29,0
19640006557000;2721;1373;1348;32,0
19640006558000;1088;524;564;35,0
19640006559000;1363;694;669;35,9
19640006560000;1194;605;589;31,1
19640006561000;100;54;46;37,1
19640006562000;76;41;35;45,0
19640006563000;38;22;16;38,5
19640006564000;29;13;16;46,4
19640006565000;9;5;4;53,2
19640006566000;38;24;14;39,9
19640006567000;720;384;336;36,0
19640006568000;383;214;169;34,6
19640006569000;81;42;39;40,9
19640006570000;820;399;421;40,6
19640006571000;2456;1241;1215;37,3
19640006572000;936;454;482;44,6
19640006574000;27;14;13;40,2
19640006575000;124;63;61;41,2
19640006576000;347;171;176;33,5
19640006577000;846;426;420;32,4
19640006578000;1146;600;546;36,8
19640006579000;5;2;3;27,6
19640006581000;210;110;100;34,5
19640006582000;10;5;5;43,2
19640006586000;60;33;27;42,0
19640006587000;13;7;6;49,3
19640006588000;56;25;31;38,2
19640006589000;1;0;1;0,0
19640006591000;51;28;23;36,2
19640006612000;1;1;0;0,0
19640006613000;2;1;1;0,0
19640006614000;7;4;3;26,9
19640006615000;8;4;4;26,4
19640006617000;3;1;2;0,0
19640006620000;5;3;2;31,8
19640006621000;2;1;1;0,0
19640006626000;59;29;30;39,4
19640006627000;13;6;7;34,0
19640006628000;4;2;2;0,0
19640006630000;19;10;9;49,5
19640006631000;34;14;20;32,1
19640006632000;16;10;6;36,3
19640006634000;24;14;10;37,1
19640006635000;15;10;5;42,9
19640006639000;1;1;0;0,0
19640006640000;16;10;6;46,3
19640006641000;4;3;1;0,0
19640006646000;20;12;8;44,3
19640006647000;10;7;3;32,0
19640006648000;6;4;2;31,8
19640006650000;12;8;4;29,3
19640006651000;1;1;0;0,0
19640006652000;14;8;6;47,6
19640006653000;37;22;15;39,8
19640006654000;19;10;9;53,3
19640006655000;34;20;14;48,1
19640006656000;28;14;14;44,6
19640006662000;610;309;301;28,5
19640006663000;352;178;174;28,3
19640006664000;177;96;81;30,0
19640006665000;10;4;6;41,0
19640006666000;39;23;16;27,5
19640006667000;24;13;11;41,2
19640006684000;11;6;5;59,8
19640006685000;22;12;10;47,7
19640006686000;4;3;1;0,0
19640006690000;1;1;0;0,0
19640006692000;5;2;3;68,6
19640006696000;9;5;4;61,2
19640006698000;5;2;3;64,0
19640006708000;62;32;30;38,0
19640006709000;58;32;26;43,1
19640006710000;1;1;0;0,0
19640006715000;6;3;3;20,0
19640006716000;15;7;8;39,3
19640006717000;110;62;48;36,8
19640006718000;131;66;65;38,9
19640006719000;131;68;63;36,6
19640006720000;117;62;55;40,8
19640006721000;42;20;22;34,0
19640006722000;114;61;53;45,0
19640006723000;404;215;189;36,1
19640006724000;1660;822;838;35,4
19640006725000;3359;1632;1727;34,6
19640006726000;1200;584;616;35,3
19640006727000;1259;647;612;38,6
19640006728000;1334;685;649;38,1
19640006729000;1807;895;912;40,6
19640006730000;299;140;159;48,5
19640006732000;1270;648;622;38,2
19640006733000;1016;492;524;38,1
19640006734000;1008;499;509;36,8
19640006736000;9;5;4;30,6
19640006737000;259;126;133;40,1
19640006738000;19;8;11;54,1
19640006739000;2;2;0;0,0
19640006742000;121;59;62;39,5
19640006747000;224;112;112;39,3
19640006748000;882;456;426;31,1
19640006749000;300;150;150;29,3
19640006750000;64;38;26;39,8
19640006751000;23;16;7;31,0
19640006752000;427;222;205;27,6
19640006753000;188;97;91;29,3
19640006755000;40;21;19;33,1
19640006756000;37;18;19;39,5
19640006757000;59;33;26;33,7
19640006758000;112;60;52;37,9
19640006759000;9;5;4;71,8
19640006760000;64;30;34;40,5
19640006761000;16;10;6;52,1
19640006762000;20;12;8;36,8
19640006763000;15;8;7;45,9
19640006764000;62;31;31;41,5
19640006765000;42;21;21;43,7
19640006766000;7;4;3;49,9
19640006769000;20;14;6;43,1
19640006770000;20;11;9;39,5
19640006772000;28;15;13;44,3
19640006773000;363;206;157;36,8
19640006774000;838;414;424;35,8
19640006775000;9;5;4;31,1
19640006777000;13;8;5;32,6
19640006785000;14;7;7;36,7
19640006786000;15;9;6;27,7
19640006787000;18;8;10;39,0
19640006788000;53;26;27;31,0
19640006789000;29;10;19;34,4
19640006790000;2;1;1;0,0
19640006791000;5;3;2;67,6
19640006800000;1;1;0;0,0
19640006801000;160;72;88;49,4
19640006806000;9;4;5;35,0
19640006809000;1;1;0;0,0
19640006831000;3;1;2;0,0
19640006832000;16;10;6;55,9
19640006839000;27;14;13;42,3
19640006840000;5;1;4;47,8
19640006888000;4;3;1;0,0
19650006519000;14;6;8;35,1
19650006520000;15;10;5;37,6
19650006521000;350;190;160;38,1
19650006522000;19;9;10;38,5
19650006523000;361;172;189;38,6
19650006524000;6;2;4;35,3
19650006527000;2;1;1;0,0
19650006528000;9;4;5;44,6
19650006529000;5;3;2;19,8
19650006530000;8;4;4;36,9
19650006535000;1;1;0;0,0
19650006536000;7;5;2;32,7
19650006539000;10;3;7;33,9
19650006541000;326;181;145;34,1
19650006542000;93;47;46;36,6
19650006543000;9;6;3;33,6
19650006544000;42;27;15;43,4
19650006545000;24;14;10;39,8
19650006546000;30;16;14;37,6
19650006547000;575;296;279;34,5
19650006548000;387;181;206;25,7
19650006551000;824;410;414;32,2
19650006552000;417;217;200;31,9
19650006553000;385;219;166;36,6
19650006554000;49;25;24;38,3
19650006555000;35;18;17;44,5
19650006556000;212;115;97;32,0
19650006557000;2097;1077;1020;36,5
19650006558000;2746;1338;1408;37,4
19650006559000;2019;1025;994;35,6
19650006560000;3196;1624;1572;36,9
19650006561000;2259;1135;1124;34,7
19650006562000;1770;890;880;32,2
19650006563000;36;18;18;48,8
19650006564000;70;32;38;42,2
19650006565000;254;131;123;31,7
19650006566000;777;409;368;35,2
19650006567000;97;51;46;43,0
19650006568000;64;35;29;51,3
19650006569000;863;446;417;33,9
19650006570000;1427;728;699;39,6
19650006571000;4432;2054;2378;40,8
19650006572000;3039;1484;1555;39,9
19650006573000;2068;1019;1049;40,1
19650006574000;419;204;215;42,0
19650006575000;2472;1195;1277;35,7
19650006576000;3967;2000;1967;35,5
19650006577000;501;256;245;40,2
19650006581000;42;22;20;42,0
19650006582000;119;64;55;36,6
19650006583000;103;46;57;33,8
19650006585000;19;10;9;47,4
19650006586000;51;27;24;43,4
19650006587000;22;14;8;44,2
19650006589000;5;2;3;22,4
19650006590000;5;3;2;50,2
19650006591000;49;24;25;42,2
19650006592000;3;1;2;0,0
19650006613000;47;25;22;47,4
19650006614000;46;25;21;32,1
19650006624000;4;3;1;0,0
19650006625000;2;1;1;0,0
19650006626000;62;32;30;43,7
19650006627000;25;15;10;39,8
19650006628000;4;2;2;0,0
19650006631000;41;20;21;35,2
19650006632000;41;20;21;37,0
19650006633000;17;10;7;46,9
19650006634000;19;11;8;40,3
19650006635000;12;4;8;35,3
19650006637000;8;5;3;27,5
19650006641000;1;1;0;0,0
19650006642000;6;3;3;42,8
19650006643000;5;3;2;58,0
19650006644000;13;6;7;37,8
19650006654000;7;3;4;35,6
19650006655000;35;16;19;41,7
19650006656000;103;59;44;45,3
19650006657000;12;6;6;49,5
19650006662000;828;430;398;32,6
19650006663000;832;430;402;36,9
19650006665000;18;6;12;38,2
19650006666000;51;27;24;39,3
19650006667000;6;4;2;33,0
19650006684000;20;11;9;47,8
19650006687000;5;2;3;71,2
19650006689000;7;4;3;44,4
19650006690000;2;1;1;0,0
19650006692000;21;12;9;57,5
19650006693000;15;8;7;42,9
19650006697000;2;1;1;0,0
19650006705000;169;96;73;29,9
19650006706000;40;23;17;20,6
19650006708000;16;9;7;48,6
19650006709000;198;99;99;34,9
19650006710000;16;8;8;54,9
19650006711000;23;11;12;35,9
19650006718000;128;66;62;41,3
19650006719000;25;13;12;44,2
19650006720000;173;89;84;44,2
19650006721000;4;2;2;0,0
19650006722000;941;459;482;31,1
19650006723000;1166;576;590;31,4
19650006724000;3288;1573;1715;38,5
19650006725000;822;409;413;35,0
19650006726000;87;43;44;36,5
19650006727000;2771;1354;1417;39,7
19650006728000;3262;1598;1664;40,0
19650006729000;4015;1844;2171;43,8
19650006730000;3265;1553;1712;41,4
19650006731000;767;360;407;45,2
19650006733000;962;493;469;39,5
19650006734000;2356;1199;1157;38,3
19650006743000;26;12;14;40,0
19650006744000;650;318;332;42,8
19650006745000;38;22;16;39,6
19650006747000;87;46;41;30,1
19650006748000;1118;569;549;41,3
19650006749000;347;166;181;41,3
19650006750000;108;56;52;38,0
19650006751000;134;59;75;37,7
19650006752000;22;12;10;40,5
19650006754000;670;318;352;32,4
19650006755000;462;243;219;35,1
19650006756000;57;32;25;35,3
19650006757000;137;72;65;37,8
19650006758000;71;34;37;41,9
19650006759000;71;38;33;39,5
19650006760000;49;25;24;39,4
19650006761000;20;12;8;36,2
19650006762000;35;20;15;33,5
19650006763000;27;14;13;40,1
19650006764000;1;1;0;0,0
19650006767000;19;11;8;38,4
19650006770000;8;2;6;38,5
19650006772000;35;19;16;49,4
19650006773000;37;19;18;49,7
19650006774000;209;101;108;47,3
19650006775000;9;6;3;42,7
19650006777000;2;1;1;0,0
19650006785000;26;14;12;37,4
19650006789000;9;6;3;49,4
19650006790000;1;1;0;0,0
19650006791000;4;2;2;0,0
19650006800000;11;5;6;34,3
19650006801000;37;20;17;39,8
19650006802000;19;8;11;39,5
19650006809000;1;1;0;0,0
19650006810000;2;1;1;0,0
19650006828000;5;4;1;51,6
19650006829000;5;3;2;40,2
19650006831000;7;3;4;36,0
19650006832000;10;6;4;39,8
19650006833000;16;9;7;52,6
19650006835000;15;9;6;41,2
19650006839000;18;9;9;39,1
19650006840000;7;2;5;35,6
19650006844000;11;7;4;41,6
19650006845000;10;7;3;23,7
19650006861000;3;1;2;0,0
19650006862000;17;12;5;49,6
19650006878000;13;7;6;65,8
19650006882000;1;0;1;0,0
19650006883000;5;1;4;47,4
19650006889000;2;1;1;0,0
19660006519000;33;17;16;48,9
19660006521000;7;4;3;28,4
19660006522000;16;6;10;35,9
19660006523000;45;23;22;34,9
19660006527000;22;13;9;49,2
19660006529000;6;1;5;21,3
19660006530000;22;14;8;32,5
19660006536000;1;1;0;0,0
19660006537000;11;7;4;41,8
19660006539000;24;13;11;44,0
19660006540000;7;4;3;55,6
19660006541000;157;81;76;33,0
19660006542000;49;26;23;46,2
19660006543000;18;7;11;34,4
19660006545000;8;5;3;36,1
19660006546000;6;3;3;20,5
19660006547000;1;0;1;0,0
19660006548000;4;1;3;0,0
19660006550000;3;2;1;0,0
19660006551000;8;4;4;34,5
19660006552000;8;5;3;57,8
19660006553000;16;8;8;40,4
19660006554000;14;7;7;43,2
19660006555000;16;11;5;29,4
19660006556000;2134;1074;1060;25,7
19660006557000;1069;563;506;31,6
19660006558000;1084;585;499;33,7
19660006559000;1889;945;944;39,5
19660006560000;3221;1655;1566;44,6
19660006561000;3538;1774;1764;37,6
19660006562000;2780;1427;1353;37,4
19660006563000;2377;1233;1144;37,3
19660006564000;1207;646;561;34,9
19660006565000;2329;1170;1159;37,7
19660006566000;3212;1585;1627;33,3
19660006567000;1039;536;503;31,5
19660006568000;2692;1333;1359;38,3
19660006569000;209;103;106;38,5
19660006570000;277;133;144;38,6
19660006571000;3390;1701;1689;37,8
19660006572000;1198;592;606;41,2
19660006573000;3647;1760;1887;41,5
19660006574000;3473;1690;1783;38,8
19660006575000;2976;1515;1461;37,6
19660006576000;1491;734;757;38,8
19660006581000;35;19;16;43,2
19660006582000;151;76;75;37,4
19660006583000;30;13;17;38,3
19660006584000;61;29;32;41,3
19660006585000;19;9;10;40,6
19660006586000;51;27;24;30,7
19660006587000;28;13;15;30,5
19660006588000;12;7;5;64,8
19660006591000;8;3;5;43,0
19660006613000;12;7;5;56,8
19660006614000;12;4;8;38,3
19660006615000;10;4;6;44,1
19660006617000;4;2;2;0,0
19660006618000;4;2;2;0,0
19660006624000;1;0;1;0,0
19660006626000;3;1;2;0,0
19660006628000;16;9;7;22,8
19660006629000;24;12;12;32,8
19660006631000;3;1;2;0,0
19660006632000;37;19;18;36,7
19660006633000;23;10;13;34,3
19660006634000;5;4;1;50,6
19660006635000;16;10;6;40,3
19660006636000;15;8;7;48,7
19660006637000;47;23;24;35,4
19660006638000;10;3;7;38,1
19660006642000;11;5;6;47,5
19660006643000;7;3;4;46,1
19660006644000;2;1;1;0,0
19660006647000;6;5;1;39,2
19660006648000;4;2;2;0,0
19660006650000;1;1;0;0,0
19660006657000;7;4;3;60,7
19660006662000;90;44;46;43,4
19660006663000;604;303;301;37,2
19660006664000;213;106;107;41,3
19660006665000;88;52;36;40,7
19660006666000;16;7;9;56,3
19660006667000;9;4;5;33,3
19660006668000;10;7;3;45,8
19660006683000;3;1;2;0,0
19660006684000;8;5;3;34,6
19660006686000;8;4;4;39,3
19660006687000;45;18;27;40,3
19660006692000;9;5;4;49,2
19660006693000;6;3;3;41,3
19660006698000;1;0;1;0,0
19660006705000;136;67;69;36,5
19660006706000;486;250;236;36,5
19660006707000;27;16;11;46,9
19660006708000;99;48;51;36,9
19660006710000;81;40;41;40,0
19660006711000;70;41;29;39,7
19660006712000;137;71;66;37,8
19660006713000;55;29;26;41,7
19660006715000;12;9;3;57,5
19660006716000;12;8;4;62,3
19660006718000;120;60;60;45,8
19660006719000;1102;572;530;40,6
19660006720000;265;129;136;46,1
19660006721000;29;19;10;39,4
19660006722000;710;355;355;33,2
19660006723000;1806;884;922;39,6
19660006724000;2152;1058;1094;39,3
19660006725000;573;292;281;37,2
19660006727000;1619;811;808;36,5
19660006728000;1469;691;778;38,6
19660006729000;892;417;475;45,5
19660006730000;2184;1070;1114;47,3
19660006731000;703;354;349;39,4
19660006732000;2403;1252;1151;39,1
19660006733000;3546;1914;1632;37,0
19660006734000;398;232;166;34,6
19660006737000;15;6;9;44,9
19660006738000;710;357;353;42,0
19660006739000;1849;849;1000;48,2
19660006740000;980;496;484;36,8
19660006741000;454;223;231;42,3
19660006742000;1297;650;647;39,7
19660006743000;1317;625;692;42,3
19660006744000;1963;966;997;37,1
19660006745000;1619;799;820;43,2
19660006746000;318;160;158;37,2
19660006747000;489;250;239;35,0
19660006749000;16;8;8;38,3
19660006750000;230;119;111;37,9
19660006751000;15;8;7;58,1
19660006753000;1081;538;543;36,9
19660006754000;191;100;91;36,8
19660006755000;197;109;88;34,1
19660006756000;116;62;54;45,0
19660006757000;9;6;3;33,2
19660006761000;63;30;33;31,0
19660006762000;6;4;2;57,5
19660006765000;3;2;1;0,0
19660006766000;13;8;5;38,3
19660006767000;195;95;100;28,2
19660006768000;20;13;7;38,1
19660006769000;3;3;0;0,0
19660006770000;27;16;11;35,3
19660006772000;52;29;23;45,3
19660006774000;19;9;10;39,1
19660006775000;57;25;32;43,2
19660006776000;4;3;1;0,0
19660006785000;75;40;35;40,8
19660006786000;15;8;7;33,2
19660006792000;17;11;6;31,2
19660006793000;5;4;1;35,6
19660006795000;60;24;36;43,2
19660006797000;1;1;0;0,0
19660006798000;8;5;3;50,1
19660006799000;4;3;1;0,0
19660006800000;2;1;1;0,0
19660006809000;3;2;1;0,0
19660006828000;7;4;3;36,1
19660006830000;2;2;0;0,0
19660006831000;4;3;1;0,0
19660006832000;11;5;6;71,3
19660006833000;19;7;12;34,2
19660006834000;20;9;11;40,6
19660006835000;21;12;9;44,1
19660006839000;12;7;5;34,1
19660006840000;53;26;27;45,4
19660006844000;18;10;8;53,2
19660006845000;27;11;16;32,3
19660006850000;2;1;1;0,0
19660006859000;1;1;0;0,0
19660006860000;15;10;5;57,7
19660006868000;12;5;7;39,3
19660006870000;2;1;1;0,0
19660006878000;11;8;3;58,6
19660006881000;4;2;2;0,0
19660006888000;14;6;8;45,6
19660006889000;126;67;59;39,2
19660006890000;6;3;3;32,3
19660006894000;1;1;0;0,0
19670006518000;29;15;14;30,1
19670006519000;2;1;1;0,0
19670006523000;3;2;1;0,0
19670006529000;3;2;1;0,0
19670006530000;12;6;6;40,7
19670006531000;4;2;2;0,0
19670006536000;8;4;4;50,8
19670006537000;10;5;5;44,1
19670006539000;7;4;3;32,9
19670006540000;11;7;4;55,3
19670006541000;2;1;1;0,0
19670006542000;39;22;17;31,3
19670006543000;32;14;18;40,5
19670006545000;7;3;4;39,9
19670006548000;7;4;3;55,0
19670006550000;9;6;3;43,1
19670006551000;9;5;4;39,0
19670006553000;3;1;2;0,0
19670006555000;10;7;3;38,2
19670006556000;1936;986;950;27,8
19670006557000;1642;850;792;30,0
19670006558000;88;44;44;38,2
19670006559000;1982;989;993;35,4
19670006560000;3027;1566;1461;41,7
19670006561000;1695;883;812;42,2
19670006562000;932;504;428;36,1
19670006563000;1493;760;733;36,8
19670006564000;876;446;430;34,8
19670006565000;1583;799;784;34,2
19670006566000;1681;852;829;36,9
19670006567000;1758;876;882;41,5
19670006568000;1837;918;919;35,7
19670006569000;3303;1630;1673;37,9
19670006570000;1687;832;855;38,2
19670006571000;4259;2019;2240;34,9
19670006572000;3143;1603;1540;35,0
19670006573000;4586;2326;2260;39,0
19670006574000;3855;2055;1800;37,3
19670006575000;299;162;137;37,9
19670006576000;498;257;241;38,5
19670006577000;1117;526;591;35,6
19670006580000;1;1;0;0,0
19670006581000;112;63;49;32,5
19670006582000;4;3;1;0,0
19670006583000;248;129;119;26,3
19670006584000;281;152;129;38,2
19670006585000;21;10;11;32,9
19670006587000;9;5;4;33,6
19670006588000;113;48;65;54,0
19670006589000;22;11;11;47,1
19670006590000;8;4;4;62,1
19670006591000;12;7;5;17,7
19670006614000;4;2;2;0,0
19670006615000;2;1;1;0,0
19670006616000;13;6;7;34,2
19670006617000;22;11;11;28,9
19670006618000;4;1;3;0,0
19670006619000;29;16;13;50,8
19670006620000;5;2;3;66,2
19670006622000;8;5;3;26,4
19670006624000;12;6;6;38,1
19670006625000;24;11;13;42,8
19670006626000;2;0;2;0,0
19670006629000;36;22;14;35,7
19670006630000;9;4;5;53,0
19670006633000;246;120;126;39,3
19670006634000;126;62;64;38,3
19670006635000;36;22;14;38,9
19670006638000;13;7;6;55,8
19670006639000;28;15;13;44,4
19670006652000;1;1;0;0,0
19670006657000;59;27;32;47,3
19670006658000;73;40;33;48,2
19670006663000;357;183;174;36,9
19670006664000;1484;807;677;39,7
19670006665000;1790;856;934;43,5
19670006666000;115;59;56;36,9
19670006667000;46;24;22;35,0
19670006669000;30;15;15;41,8
19670006682000;36;20;16;36,4
19670006686000;2;2;0;0,0
19670006687000;4;2;2;0,0
19670006688000;12;3;9;42,1
19670006692000;15;9;6;57,3
19670006694000;6;3;3;56,2
19670006695000;6;2;4;48,0
19670006696000;2;2;0;0,0
19670006697000;6;4;2;62,0
19670006698000;1;1;0;0,0
19670006705000;5;3;2;26,8
19670006706000;74;38;36;35,8
19670006707000;139;67;72;40,3
19670006709000;106;65;41;41,3
19670006710000;141;74;67;40,1
19670006712000;70;37;33;32,2
19670006713000;71;42;29;37,6
19670006714000;1;1;0;0,0
19670006715000;181;86;95;37,0
19670006716000;148;78;70;40,7
19670006718000;5;3;2;43,2
19670006719000;375;174;201;36,9
19670006720000;1197;607;590;34,8
19670006721000;404;224;180;36,5
19670006722000;492;247;245;34,7
19670006723000;1963;980;983;35,7
19670006724000;2505;1212;1293;41,3
19670006725000;2292;1119;1173;36,9
19670006726000;1698;829;869;39,6
19670006727000;306;173;133;41,1
19670006728000;349;198;151;36,6
19670006729000;637;322;315;35,3
19670006730000;202;85;117;51,6
19670006732000;2474;1388;1086;37,2
19670006733000;5873;3223;2650;35,1
19670006734000;6721;3486;3235;36,1
19670006735000;1458;787;671;40,6
19670006737000;2220;1171;1049;37,6
19670006738000;2130;1051;1079;40,1
19670006739000;1286;635;651;37,6
19670006740000;762;383;379;39,0
19670006741000;1563;819;744;39,9
19670006742000;2618;1303;1315;40,0
19670006743000;540;266;274;37,3
19670006744000;72;39;33;44,6
19670006745000;57;30;27;43,7
19670006747000;181;96;85;37,0
19670006748000;299;149;150;40,0
19670006750000;238;110;128;38,5
19670006751000;107;55;52;42,9
19670006752000;335;163;172;36,1
19670006753000;245;118;127;37,5
19670006754000;2;1;1;0,0
19670006755000;44;19;25;28,5
19670006758000;10;4;6;30,2
19670006759000;20;11;9;50,7
19670006760000;22;11;11;37,8
19670006761000;21;11;10;49,7
19670006762000;43;24;19;42,9
19670006763000;21;12;9;29,3
19670006765000;2;1;1;0,0
19670006766000;29;18;11;41,9
19670006767000;39;18;21;39,7
19670006768000;21;11;10;35,2
19670006769000;55;27;28;38,6
19670006770000;37;21;16;37,5
19670006771000;34;23;11;31,3
19670006772000;8;5;3;65,0
19670006781000;2;1;1;0,0
19670006785000;9;4;5;69,0
19670006786000;1;1;0;0,0
19670006787000;11;6;5;63,9
19670006795000;39;21;18;37,0
19670006796000;14;6;8;51,6
19670006797000;4;2;2;0,0
19670006798000;4;1;3;0,0
19670006817000;3;1;2;0,0
19670006830000;3;2;1;0,0
19670006832000;38;20;18;49,1
19670006834000;8;5;3;65,9
19670006835000;36;17;19;43,3
19670006836000;5;4;1;50,8
19670006839000;37;24;13;24,8
19670006840000;65;35;30;45,3
19670006841000;28;12;16;39,9
19670006842000;25;10;15;47,3
19670006845000;1;1;0;0,0
19670006850000;5;3;2;33,8
19670006859000;33;16;17;44,0
19670006860000;8;6;2;56,5
19670006861000;4;2;2;0,0
19670006862000;2;1;1;0,0
19670006889000;252;133;119;41,0
19670006890000;30;14;16;45,0
19680006517000;57;28;29;36,3
19680006518000;93;48;45;41,3
19680006530000;13;5;8;27,8
19680006531000;8;2;6;35,4
19680006532000;13;4;9;23,5
19680006533000;2;1;1;0,0
19680006535000;13;8;5;30,4
19680006537000;1;1;0;0,0
19680006539000;8;3;5;30,9
19680006540000;16;10;6;45,6
19680006545000;14;6;8;58,6
19680006546000;19;9;10;58,4
19680006549000;9;4;5;36,6
19680006550000;3;2;1;0,0
19680006551000;11;7;4;43,7
19680006552000;26;13;13;35,0
19680006553000;17;8;9;35,8
19680006554000;47;25;22;47,9
19680006555000;145;62;83;38,4
19680006556000;28;13;15;37,8
19680006557000;12;7;5;28,8
19680006558000;914;441;473;30,4
19680006559000;1409;700;709;38,4
19680006560000;1516;773;743;35,1
19680006561000;1534;779;755;42,6
19680006562000;1092;547;545;40,1
19680006563000;27;17;10;46,3
19680006564000;7;3;4;56,9
19680006565000;3;2;1;0,0
19680006567000;3;2;1;0,0
19680006568000;297;160;137;40,3
19680006569000;2621;1269;1352;44,1
19680006570000;2863;1444;1419;38,4
19680006571000;1740;840;900;39,8
19680006572000;4038;2037;2001;35,5
19680006573000;4819;2555;2264;36,3
19680006574000;394;217;177;38,5
19680006575000;1465;777;688;34,9
19680006576000;2143;1070;1073;38,3
19680006577000;2483;1244;1239;37,3
19680006578000;11;5;6;46,5
19680006584000;54;25;29;37,4
19680006587000;67;27;40;41,0
19680006588000;801;405;396;31,0
19680006589000;125;65;60;34,2
19680006590000;41;19;22;35,0
19680006607000;15;7;8;47,9
19680006608000;3;2;1;0,0
19680006609000;6;4;2;76,2
19680006610000;8;4;4;28,9
19680006611000;16;8;8;34,1
19680006616000;9;4;5;49,6
19680006620000;15;9;6;46,3
19680006622000;4;2;2;0,0
19680006623000;4;2;2;0,0
19680006624000;18;10;8;39,4
19680006625000;96;57;39;42,8
19680006626000;41;25;16;30,7
19680006627000;4;2;2;0,0
19680006633000;140;72;68;38,2
19680006634000;309;155;154;33,9
19680006641000;2;1;1;0,0
19680006642000;12;7;5;46,1
19680006643000;8;5;3;45,0
19680006644000;4;3;1;0,0
19680006646000;1;0;1;0,0
19680006648000;8;4;4;50,4
19680006654000;3;1;2;0,0
19680006657000;6;3;3;30,5
19680006664000;554;270;284;43,4
19680006665000;420;192;228;49,7
19680006666000;1245;610;635;39,4
19680006667000;411;209;202;30,6
19680006668000;15;9;6;40,7
19680006669000;42;19;23;36,7
19680006670000;30;15;15;43,7
19680006672000;1;1;0;0,0
19680006681000;16;7;9;45,0
19680006682000;2;1;1;0,0
19680006683000;5;3;2;28,8
19680006686000;2;2;0;0,0
19680006688000;11;4;7;49,7
19680006692000;3;2;1;0,0
19680006693000;9;5;4;41,1
19680006694000;8;4;4;43,4
19680006695000;4;2;2;0,0
19680006696000;3;2;1;0,0
19680006697000;4;2;2;0,0
19680006698000;1;1;0;0,0
19680006706000;2;1;1;0,0
19680006707000;54;27;27;48,8
19680006708000;102;57;45;29,3
19680006709000;339;185;154;35,8
19680006710000;324;168;156;33,9
19680006712000;1;0;1;0,0
19680006713000;285;140;145;39,1
19680006714000;618;314;304;36,0
19680006715000;308;158;150;34,9
19680006716000;6;2;4;33,2
19680006717000;5;3;2;35,6
19680006718000;3;2;1;0,0
19680006719000;1;1;0;0,0
19680006720000;120;62;58;38,8
19680006721000;7;4;3;63,9
19680006722000;46;26;20;43,4
19680006723000;247;122;125;37,2
19680006724000;1924;971;953;36,6
19680006725000;2029;966;1063;39,8
19680006726000;1685;802;883;41,2
19680006727000;1362;697;665;37,7
19680006728000;2343;1170;1173;37,4
19680006729000;1819;914;905;38,6
19680006730000;3021;1689;1332;36,2
19680006731000;3143;1742;1401;33,9
19680006732000;5929;3195;2734;35,4
19680006733000;3084;1649;1435;35,6
19680006734000;4568;2473;2095;38,4
19680006735000;7381;3815;3566;37,4
19680006736000;2151;1026;1125;43,7
19680006737000;120;68;52;35,4
19680006738000;71;34;37;33,9
19680006739000;485;258;227;40,0
19680006740000;693;355;338;46,7
19680006741000;1060;542;518;38,8
19680006742000;2533;1158;1375;47,0
19680006743000;404;210;194;36,2
19680006745000;11;5;6;27,0
19680006746000;3;2;1;0,0
19680006747000;140;74;66;31,4
19680006748000;889;471;418;35,8
19680006751000;1103;518;585;46,3
19680006752000;513;240;273;38,2
19680006753000;4;2;2;0,0
19680006754000;16;9;7;32,2
19680006755000;11;8;3;35,6
19680006756000;20;10;10;52,3
19680006757000;10;4;6;32,6
19680006758000;10;4;6;52,8
19680006759000;230;118;112;34,7
19680006760000;184;93;91;32,9
19680006761000;58;31;27;39,1
19680006765000;11;5;6;48,2
19680006766000;4;2;2;0,0
19680006767000;2;1;1;0,0
19680006768000;15;9;6;37,1
19680006769000;2;1;1;0,0
19680006771000;11;5;6;36,9
19680006772000;30;15;15;39,5
19680006773000;74;36;38;35,8
19680006774000;36;15;21;38,7
19680006783000;1;1;0;0,0
19680006784000;12;7;5;52,7
19680006785000;18;8;10;47,0
19680006786000;11;6;5;26,5
19680006794000;15;9;6;62,2
19680006795000;17;12;5;49,2
19680006799000;3;2;1;0,0
19680006824000;2;2;0;0,0
19680006827000;4;3;1;0,0
19680006829000;2;1;1;0,0
19680006830000;11;7;4;42,5
19680006835000;10;4;6;50,6
19680006836000;8;4;4;46,3
19680006845000;10;4;6;67,7
19680006846000;4;2;2;0,0
19680006868000;13;8;5;27,4
19680006869000;12;5;7;32,6
19680006873000;2;1;1;0,0
19680006890000;69;32;37;41,8
19680006891000;19;8;11;53,2
19680006892000;1;1;0;0,0
19690006513000;75;38;37;39,0
19690006514000;54;26;28;42,5
19690006515000;6;3;3;45,8
19690006517000;96;50;46;27,7
19690006518000;577;286;291;38,2
19690006533000;10;5;5;49,6
19690006535000;10;5;5;47,1
19690006536000;1;1;0;0,0
19690006539000;5;4;1;12,0
19690006540000;2;1;1;0,0
19690006541000;6;2;4;56,2
19690006545000;12;5;7;29,8
19690006546000;19;9;10;37,5
19690006547000;20;9;11;46,7
19690006548000;5;3;2;63,2
19690006549000;30;16;14;34,1
19690006550000;1;1;0;0,0
19690006551000;9;6;3;49,3
19690006552000;361;173;188;37,6
19690006553000;33;16;17;37,6
19690006555000;14;6;8;39,7
19690006556000;8;4;4;47,0
19690006557000;14;9;5;32,6
19690006559000;20;11;9;41,0
19690006560000;106;54;52;36,3
19690006561000;288;142;146;32,3
19690006563000;425;212;213;34,2
19690006565000;50;28;22;29,3
19690006569000;5;2;3;39,6
19690006570000;20;8;12;49,4
19690006571000;355;163;192;43,8
19690006572000;4797;2413;2384;35,8
19690006573000;4144;2285;1859;34,2
19690006574000;409;218;191;43,7
19690006575000;911;453;458;35,4
19690006576000;2273;1132;1141;36,0
19690006577000;502;240;262;37,7
19690006581000;6;3;3;45,0
19690006582000;13;9;4;37,9
19690006586000;32;17;15;35,5
19690006587000;14;9;5;46,1
19690006589000;10;7;3;39,4
19690006590000;94;47;47;35,1
19690006607000;2;1;1;0,0
19690006609000;1;1;0;0,0
19690006610000;18;10;8;46,7
19690006613000;3;1;2;0,0
19690006618000;5;4;1;30,6
19690006622000;9;6;3;47,8
19690006623000;14;8;6;36,9
19690006624000;217;117;100;31,8
19690006625000;108;56;52;39,4
19690006626000;14;7;7;43,2
19690006627000;8;5;3;38,8
19690006629000;1;0;1;0,0
19690006633000;3;2;1;0,0
19690006634000;74;40;34;37,2
19690006638000;4;3;1;0,0
19690006642000;3;1;2;0,0
19690006643000;91;41;50;38,6
19690006644000;172;82;90;36,3
19690006645000;27;14;13;46,0
19690006646000;5;3;2;67,0
19690006648000;1;0;1;0,0
19690006649000;1;1;0;0,0
19690006650000;7;4;3;51,1
19690006665000;178;97;81;39,4
19690006666000;996;490;506;39,2
19690006667000;1309;683;626;38,6
19690006668000;860;426;434;37,5
19690006669000;123;63;60;34,1
19690006670000;52;28;24;48,3
19690006671000;28;16;12;33,8
19690006673000;11;7;4;39,3
19690006679000;9;5;4;55,0
19690006680000;16;9;7;30,8
19690006683000;32;16;16;45,9
19690006684000;19;11;8;40,1
19690006686000;27;13;14;33,1
19690006688000;11;6;5;48,6
19690006705000;205;101;104;30,3
19690006706000;209;98;111;40,8
19690006707000;113;65;48;35,8
19690006708000;400;214;186;34,3
19690006709000;1118;556;562;30,4
19690006710000;123;58;65;37,1
19690006713000;55;30;25;35,1
19690006714000;9;3;6;48,4
19690006715000;15;10;5;46,5
19690006719000;7;2;5;33,9
19690006720000;53;25;28;37,9
19690006721000;64;32;32;49,3
19690006722000;1635;828;807;33,7
19690006723000;918;469;449;34,6
19690006724000;1772;875;897;36,0
19690006725000;1779;895;884;42,1
19690006726000;1855;939;916;39,7
19690006727000;1475;743;732;33,0
19690006728000;3324;1639;1685;37,8
19690006729000;4103;1884;2219;41,7
19690006730000;6957;3263;3694;36,4
19690006731000;4561;2320;2241;36,2
19690006732000;2813;1347;1466;37,3
19690006733000;2837;1428;1409;40,6
19690006734000;3;2;1;0,0
19690006738000;6;2;4;42,2
19690006739000;230;118;112;36,0
19690006740000;295;148;147;30,8
19690006741000;1810;866;944;41,9
19690006742000;2048;1000;1048;44,6
19690006743000;642;294;348;44,5
19690006744000;65;29;36;38,3
19690006747000;7;5;2;54,0
19690006748000;942;480;462;31,5
19690006749000;4;2;2;0,0
19690006751000;745;372;373;40,4
19690006752000;159;75;84;50,6
19690006754000;9;3;6;49,9
19690006755000;4;3;1;0,0
19690006756000;22;10;12;40,6
19690006757000;41;20;21;40,8
19690006758000;92;45;47;41,7
19690006759000;33;17;16;47,5
19690006760000;18;8;10;51,7
19690006762000;2;0;2;0,0
19690006763000;12;8;4;41,1
19690006764000;13;8;5;47,8
19690006765000;30;13;17;40,2
19690006767000;10;3;7;23,7
19690006768000;31;19;12;43,2
19690006770000;17;8;9;25,5
19690006771000;4;2;2;0,0
19690006772000;11;7;4;44,0
19690006773000;26;14;12;35,3
19690006785000;24;9;15;39,1
19690006786000;19;12;7;34,9
19690006787000;37;19;18;52,5
19690006788000;7;4;3;47,1
19690006795000;2;2;0;0,0
19690006796000;8;6;2;58,9
19690006810000;13;5;8;38,3
19690006828000;16;9;7;65,4
19690006829000;5;3;2;29,0
19690006830000;2;1;1;0,0
19690006835000;7;4;3;30,9
19690006836000;10;6;4;39,2
19690006841000;102;51;51;44,4
19690006842000;150;68;82;39,6
19690006845000;3;2;1;0,0
19690006846000;9;5;4;34,6
19690006849000;3;2;1;0,0
19690006873000;10;5;5;42,9
19690006889000;3;2;1;0,0
19690006890000;25;14;11;42,7
19690006893000;10;7;3;47,7
19690006894000;18;11;7;29,5
19690006897000;8;4;4;63,8
19690006898000;1;1;0;0,0
19700006513000;65;33;32;36,9
19700006514000;8;3;5;44,9
19700006515000;50;29;21;40,8
19700006518000;35;18;17;38,7
19700006519000;18;8;10;49,2
19700006531000;1;0;1;0,0
19700006539000;3;2;1;0,0
19700006540000;5;2;3;37,6
19700006547000;7;4;3;33,1
19700006548000;20;10;10;36,5
19700006549000;33;16;17;28,8
19700006550000;846;437;409;29,4
19700006551000;1719;873;846;32,4
19700006552000;952;524;428;34,1
19700006553000;21;10;11;36,3
19700006555000;11;9;2;23,3
19700006556000;21;10;11;35,9
19700006557000;344;179;165;31,3
19700006558000;26;16;10;32,5
19700006559000;43;25;18;38,7
19700006561000;583;304;279;38,2
19700006563000;14;7;7;44,9
19700006565000;1;0;1;0,0
19700006572000;15;8;7;62,3
19700006573000;376;184;192;38,6
19700006575000;649;330;319;37,3
19700006576000;409;212;197;38,9
19700006577000;23;10;13;53,5
19700006581000;224;117;107;37,3
19700006582000;2;1;1;0,0
19700006587000;20;13;7;37,0
19700006588000;4;3;1;0,0
19700006590000;3;2;1;0,0
19700006610000;14;8;6;35,3
19700006611000;17;9;8;33,4
19700006613000;3;1;2;0,0
19700006614000;42;26;16;27,5
19700006615000;4;3;1;0,0
19700006616000;8;3;5;48,8
19700006617000;6;2;4;44,0
19700006618000;2;1;1;0,0
19700006620000;7;3;4;37,9
19700006622000;22;13;9;39,0
19700006624000;7;5;2;28,7
19700006625000;12;7;5;40,3
19700006630000;6;4;2;38,2
19700006631000;13;9;4;37,8
19700006632000;14;7;7;32,2
19700006633000;9;5;4;35,9
19700006634000;14;8;6;54,4
19700006635000;5;2;3;44,8
19700006643000;37;18;19;38,5
19700006644000;33;19;14;47,8
19700006647000;22;12;10;39,0
19700006648000;4;2;2;0,0
19700006649000;3;1;2;0,0
19700006650000;12;6;6;42,1
19700006652000;9;4;5;52,9
19700006667000;31;13;18;35,4
19700006668000;146;72;74;42,9
19700006670000;8;3;5;37,8
19700006671000;54;24;30;39,6
19700006672000;59;31;28;37,0
19700006673000;22;12;10;36,9
19700006674000;16;9;7;36,4
19700006675000;7;4;3;32,9
19700006676000;2;1;1;0,0
19700006677000;21;10;11;37,2
19700006678000;3;1;2;0,0
19700006679000;3;2;1;0,0
19700006684000;6;3;3;36,5
19700006685000;2;1;1;0,0
19700006686000;24;11;13;45,4
19700006687000;9;5;4;64,3
19700006688000;37;18;19;49,7
19700006689000;93;42;51;35,0
19700006691000;8;4;4;64,1
19700006692000;1;1;0;0,0
19700006693000;1;0;1;0,0
19700006694000;1;0;1;0,0
19700006705000;545;284;261;31,8
19700006706000;527;278;249;33,0
19700006707000;519;255;264;37,0
19700006708000;304;145;159;36,6
19700006709000;12;7;5;31,4
19700006713000;6;1;5;15,7
19700006715000;33;17;16;28,6
19700006719000;41;22;19;45,3
19700006720000;7;4;3;36,4
19700006721000;120;65;55;44,7
19700006722000;242;119;123;51,4
19700006723000;8;4;4;39,4
19700006724000;257;136;121;41,9
19700006725000;65;37;28;46,8
19700006726000;93;46;47;38,2
19700006727000;804;399;405;33,1
19700006728000;2306;1158;1148;30,4
19700006729000;523;266;257;39,1
19700006730000;1854;840;1014;42,0
19700006731000;1660;808;852;34,8
19700006732000;371;192;179;35,5
19700006733000;59;26;33;27,7
19700006737000;16;8;8;44,1
19700006738000;89;47;42;33,2
19700006739000;29;18;11;38,0
19700006741000;1127;546;581;36,0
19700006742000;1997;947;1050;44,0
19700006743000;929;468;461;36,9
19700006744000;60;33;27;38,2
19700006745000;17;9;8;43,5
19700006746000;13;5;8;24,3
19700006747000;326;175;151;32,5
19700006748000;120;63;57;41,6
19700006752000;49;23;26;43,0
19700006753000;13;7;6;48,8
19700006758000;6;2;4;40,5
19700006759000;12;6;6;39,7
19700006760000;1;1;0;0,0
19700006761000;14;7;7;27,4
19700006763000;10;4;6;50,3
19700006765000;4;3;1;0,0
19700006768000;22;11;11;46,5
19700006769000;31;19;12;34,9
19700006770000;27;14;13;49,3
19700006771000;21;12;9;49,0
19700006772000;30;12;18;51,8
19700006782000;30;16;14;35,6
19700006783000;22;14;8;23,2
19700006787000;4;2;2;0,0
19700006789000;37;20;17;42,3
19700006790000;19;12;7;40,4
19700006800000;24;14;10;48,2
19700006802000;34;17;17;30,9
19700006803000;2;1;1;0,0
19700006810000;1;1;0;0,0
19700006811000;5;2;3;39,8
19700006827000;6;3;3;46,2
19700006828000;2;1;1;0,0
19700006829000;3;2;1;0,0
19700006830000;1;1;0;0,0
19700006831000;10;4;6;56,6
19700006832000;3;1;2;0,0
19700006835000;9;3;6;54,1
19700006836000;11;5;6;52,6
19700006839000;16;8;8;67,0
19700006840000;16;5;11;39,4
19700006841000;166;75;91;58,5
19700006842000;280;140;140;41,5
19700006847000;5;2;3;51,4
19700006849000;1;0;1;0,0
19700006868000;50;30;20;31,6
19700006869000;408;214;194;39,1
19700006870000;52;29;23;33,4
19700006878000;2;1;1;0,0
19700006889000;5;3;2;53,4
19700006891000;3;1;2;0,0
19700006893000;5;2;3;71,4
19700006897000;59;28;31;52,0
19710006515000;91;44;47;43,3
19710006516000;45;24;21;34,8
19710006517000;1;1;0;0,0
19710006519000;15;6;9;54,9
19710006520000;15;6;9;34,3
19710006521000;13;6;7;35,8
19710006524000;2;1;1;0,0
19710006532000;1;0;1;0,0
19710006533000;6;3;3;48,0
19710006536000;6;3;3;71,0
19710006540000;2;1;1;0,0
19710006541000;5;3;2;15,0
19710006549000;735;379;356;34,7
19710006550000;2432;1242;1190;34,8
19710006551000;481;250;231;35,2
19710006552000;18;10;8;36,1
19710006553000;15;8;7;42,0
19710006554000;28;12;16;41,0
19710006556000;46;22;24;38,0
19710006557000;194;96;98;32,4
19710006558000;69;41;28;30,6
19710006559000;55;30;25;34,7
19710006561000;35;20;15;40,1
19710006562000;7;5;2;45,1
19710006564000;2;1;1;0,0
19710006567000;4;2;2;0,0
19710006568000;21;11;10;49,2
19710006575000;262;135;127;33,8
19710006576000;400;204;196;38,6
19710006581000;31;16;15;42,6
19710006584000;3;2;1;0,0
19710006585000;33;17;16;37,5
19710006586000;215;113;102;36,5
19710006587000;53;26;27;39,8
19710006590000;7;4;3;55,3
19710006610000;11;5;6;41,5
19710006611000;5;3;2;58,2
19710006613000;14;5;9;21,6
19710006614000;15;9;6;27,8
19710006615000;2;1;1;0,0
19710006621000;45;20;25;33,9
19710006622000;23;12;11;34,8
19710006632000;10;3;7;38,8
19710006633000;1;1;0;0,0
19710006634000;6;3;3;29,5
19710006635000;52;29;23;34,0
19710006636000;11;5;6;25,8
19710006652000;4;2;2;0,0
19710006653000;29;15;14;44,1
19710006678000;2;1;1;0,0
19710006679000;3;2;1;0,0
19710006680000;3;2;1;0,0
19710006682000;30;14;16;58,9
19710006683000;38;16;22;35,3
19710006684000;8;3;5;38,8
19710006685000;6;3;3;66,0
19710006686000;7;5;2;40,6
19710006687000;7;3;4;70,4
19710006688000;37;16;21;35,4
19710006689000;106;55;51;41,5
19710006690000;108;50;58;56,6
19710006691000;6;3;3;30,2
19710006705000;9;6;3;42,2
19710006707000;49;27;22;33,8
19710006708000;863;445;418;34,5
19710006709000;1345;683;662;33,2
19710006710000;74;37;37;40,6
19710006711000;431;215;216;39,1
19710006712000;688;355;333;37,4
19710006713000;63;36;27;42,9
19710006714000;11;5;6;60,9
19710006715000;57;33;24;33,7
19710006716000;285;138;147;35,5
19710006717000;21;13;8;47,7
19710006718000;67;37;30;40,1
19710006719000;171;85;86;41,8
19710006720000;89;43;46;39,1
19710006721000;52;27;25;34,5
19710006723000;60;31;29;39,0
19710006724000;38;20;18;33,1
19710006726000;6;3;3;39,8
19710006727000;82;47;35;34,8
19710006728000;722;362;360;32,5
19710006729000;9;5;4;19,4
19710006740000;22;10;12;43,6
19710006741000;2804;1379;1425;34,6
19710006742000;1326;653;673;35,3
19710006743000;250;129;121;32,7
19710006744000;330;179;151;35,4
19710006745000;87;44;43;37,6
19710006746000;556;292;264;38,0
19710006747000;549;288;261;30,2
19710006749000;14;7;7;55,6
19710006750000;167;82;85;35,5
19710006752000;8;5;3;54,3
19710006754000;4;2;2;0,0
19710006755000;3;2;1;0,0
19710006757000;6;2;4;36,8
19710006758000;1;1;0;0,0
19710006759000;23;11;12;29,4
19710006761000;8;4;4;39,6
19710006768000;30;19;11;34,2
19710006770000;7;3;4;31,0
19710006771000;40;20;20;41,9
19710006772000;9;5;4;66,0
19710006775000;6;3;3;38,7
19710006776000;3;2;1;0,0
19710006777000;3;1;2;0,0
19710006779000;6;3;3;61,5
19710006780000;18;10;8;37,3
19710006783000;35;16;19;45,7
19710006784000;16;7;9;36,1
19710006789000;19;11;8;55,0
19710006790000;4;2;2;0,0
19710006798000;8;3;5;53,5
19710006802000;3;2;1;0,0
19710006803000;55;24;31;44,9
19710006808000;2;0;2;0,0
19710006810000;16;10;6;50,0
19710006827000;3;2;1;0,0
19710006829000;2;0;2;0,0
19710006835000;28;17;11;32,1
19710006836000;1;0;1;0,0
19710006839000;35;19;16;59,3
19710006840000;50;24;26;39,4
19710006841000;62;31;31;39,4
19710006842000;6;2;4;51,3
19710006843000;2;2;0;0,0
19710006847000;3;2;1;0,0
19710006849000;1;0;1;0,0
19710006850000;12;4;8;30,8
19710006852000;12;5;7;41,3
19710006868000;356;192;164;33,7
19710006869000;1166;618;548;39,6
19710006870000;611;309;302;37,8
19710006874000;6;2;4;52,0
19710006875000;12;8;4;30,6
19710006876000;1;1;0;0,0
19710006877000;2;1;1;0,0
19710006880000;1;0;1;0,0
19710006883000;6;3;3;45,3
19710006884000;9;4;5;36,2
19710006890000;7;4;3;28,6
19710006894000;26;12;14;30,9
19710006895000;9;5;4;42,2
19710006897000;40;20;20;64,2
19720006512000;4;2;2;0,0
19720006515000;62;35;27;27,6
19720006516000;72;41;31;39,4
19720006520000;17;10;7;39,6
19720006521000;14;10;4;43,8
19720006541000;5;2;3;44,4
19720006542000;14;6;8;38,9
19720006548000;13;8;5;49,7
19720006549000;27;13;14;29,8
19720006550000;1568;758;810;35,5
19720006551000;463;225;238;23,4
19720006553000;16;7;9;47,8
19720006556000;5;4;1;46,6
19720006557000;2;1;1;0,0
19720006558000;36;16;20;41,9
19720006560000;3;1;2;0,0
19720006561000;20;8;12;45,0
19720006562000;15;10;5;55,1
19720006563000;8;6;2;42,6
19720006565000;27;15;12;43,8
19720006566000;63;36;27;31,8
19720006567000;136;77;59;37,8
19720006568000;29;15;14;37,8
19720006575000;3;1;2;0,0
19720006585000;39;19;20;39,6
19720006586000;352;182;170;31,5
19720006587000;132;76;56;31,7
19720006588000;46;28;18;37,3
19720006589000;42;21;21;38,7
19720006611000;2;1;1;0,0
19720006613000;9;4;5;30,1
19720006614000;8;4;4;36,6
19720006615000;17;8;9;48,1
19720006621000;2;1;1;0,0
19720006622000;2;1;1;0,0
19720006630000;19;9;10;30,4
19720006631000;1;0;1;0,0
19720006633000;2;2;0;0,0
19720006635000;4;1;3;0,0
19720006636000;3;1;2;0,0
19720006647000;1;1;0;0,0
19720006652000;21;12;9;42,1
19720006653000;25;12;13;46,8
19720006669000;13;9;4;39,9
19720006670000;14;5;9;45,0
19720006671000;17;10;7;45,2
19720006672000;4;2;2;0,0
19720006673000;27;14;13;35,4
19720006674000;4;2;2;0,0
19720006677000;1;1;0;0,0
19720006682000;3;2;1;0,0
19720006685000;5;3;2;53,2
19720006689000;8;5;3;31,1
19720006690000;16;6;10;36,3
19720006692000;12;8;4;34,5
19720006693000;22;11;11;43,8
19720006694000;34;18;16;46,2
19720006695000;47;25;22;45,6
19720006709000;575;278;297;49,5
19720006710000;1363;708;655;40,8
19720006711000;591;297;294;41,2
19720006712000;922;443;479;40,3
19720006713000;27;15;12;38,2
19720006714000;186;88;98;33,2
19720006715000;504;265;239;32,5
19720006716000;726;358;368;38,0
19720006717000;64;36;28;41,5
19720006718000;88;44;44;41,4
19720006719000;17;7;10;49,1
19720006720000;2;1;1;0,0
19720006721000;23;13;10;47,3
19720006722000;88;44;44;42,4
19720006723000;14;6;8;39,7
19720006724000;97;53;44;39,4
19720006728000;149;93;56;32,8
19720006729000;9;3;6;28,7
19720006739000;5;3;2;31,4
19720006740000;102;53;49;37,0
19720006741000;68;37;31;49,1
19720006742000;73;37;36;32,5
19720006743000;31;18;13;47,8
19720006744000;125;79;46;39,3
19720006745000;169;118;51;36,0
19720006746000;86;46;40;39,1
19720006747000;33;17;16;28,7
19720006748000;27;12;15;32,9
19720006749000;17;7;10;42,8
19720006750000;39;22;17;39,0
19720006751000;34;18;16;39,4
19720006753000;42;20;22;41,8
19720006754000;20;11;9;47,2
19720006755000;61;31;30;38,4
19720006756000;7;5;2;32,7
19720006757000;6;4;2;48,7
19720006758000;4;1;3;0,0
19720006759000;26;14;12;35,2
19720006760000;23;10;13;45,2
19720006761000;2;1;1;0,0
19720006762000;53;27;26;43,9
19720006763000;69;34;35;41,7
19720006764000;9;5;4;25,1
19720006765000;12;6;6;45,3
19720006766000;9;5;4;30,3
19720006767000;22;9;13;38,5
19720006768000;24;11;13;33,6
19720006769000;24;14;10;39,5
19720006770000;9;4;5;48,2
19720006771000;16;7;9;57,0
19720006772000;16;8;8;42,8
19720006775000;8;5;3;52,5
19720006777000;3;2;1;0,0
19720006778000;39;22;17;39,3
19720006781000;1;1;0;0,0
19720006782000;1;1;0;0,0
19720006783000;33;17;16;33,2
19720006784000;3;2;1;0,0
19720006787000;5;2;3;68,4
19720006788000;2;1;1;0,0
19720006796000;8;4;4;29,6
19720006797000;10;5;5;40,7
19720006798000;23;9;14;39,8
19720006799000;2;1;1;0,0
19720006803000;1;1;0;0,0
19720006810000;13;6;7;43,5
19720006811000;11;5;6;36,2
19720006819000;13;7;6;48,3
19720006827000;27;15;12;41,2
19720006829000;7;2;5;56,7
19720006835000;11;7;4;45,8
19720006836000;2;1;1;0,0
19720006837000;6;4;2;24,0
19720006839000;24;12;12;48,3
19720006840000;11;6;5;44,0
19720006841000;45;23;22;45,9
19720006842000;4;1;3;0,0
19720006843000;17;9;8;37,2
19720006844000;4;2;2;0,0
19720006845000;3;2;1;0,0
19720006850000;6;3;3;39,8
19720006852000;1;1;0;0,0
19720006858000;1;0;1;0,0
19720006868000;586;287;299;34,3
19720006869000;936;441;495;42,9
19720006870000;542;277;265;44,5
19720006875000;3;1;2;0,0
19720006883000;11;6;5;31,2
19720006884000;19;8;11;38,6
19720006891000;2;2;0;0,0
19720006893000;21;8;13;37,7
19720006894000;22;10;12;56,3
19720006895000;31;17;14;54,2
19720006897000;110;61;49;38,1
19730006510000;7;3;4;49,7
19730006511000;4;3;1;0,0
19730006512000;66;35;31;54,0
19730006514000;276;142;134;27,1
19730006515000;183;95;88;33,1
19730006516000;17;8;9;55,1
19730006520000;10;5;5;38,6
19730006526000;12;7;5;32,6
19730006527000;9;6;3;36,6
19730006536000;1;1;0;0,0
19730006537000;6;2;4;26,8
19730006542000;3;2;1;0,0
19730006545000;2;1;1;0,0
19730006548000;26;15;11;39,7
19730006549000;13;6;7;41,9
19730006550000;1685;876;809;34,1
19730006551000;7;5;2;28,3
19730006555000;11;7;4;39,1
19730006556000;11;7;4;38,7
19730006557000;9;7;2;29,9
19730006558000;51;25;26;41,7
19730006560000;6;2;4;41,3
19730006561000;12;9;3;45,8
19730006563000;23;14;9;36,5
19730006564000;61;33;28;37,4
19730006565000;80;42;38;36,2
19730006566000;358;190;168;33,3
19730006567000;1913;993;920;32,8
19730006568000;625;304;321;32,7
19730006569000;10;5;5;56,0
19730006573000;1;1;0;0,0
19730006574000;25;10;15;53,5
19730006585000;1;1;0;0,0
19730006588000;4;2;2;0,0
19730006593000;48;23;25;30,3
19730006613000;9;4;5;52,3
19730006614000;15;7;8;30,5
19730006621000;3;1;2;0,0
19730006629000;9;4;5;24,6
19730006630000;8;5;3;33,8
19730006635000;15;6;9;34,0
19730006636000;12;7;5;37,8
19730006638000;1;0;1;0,0
19730006647000;10;4;6;30,4
19730006648000;6;3;3;44,3
19730006649000;9;4;5;34,9
19730006651000;118;58;60;45,9
19730006670000;5;3;2;71,4
19730006671000;6;4;2;27,5
19730006672000;6;4;2;30,8
19730006673000;2;1;1;0,0
19730006676000;19;11;8;40,6
19730006677000;2;1;1;0,0
19730006683000;12;6;6;42,9
19730006684000;1;1;0;0,0
19730006685000;7;3;4;31,9
19730006687000;2;0;2;0,0
19730006688000;12;6;6;37,6
19730006689000;5;3;2;51,6
19730006690000;7;4;3;37,9
19730006691000;21;12;9;36,4
19730006692000;2;1;1;0,0
19730006693000;301;150;151;36,9
19730006694000;320;159;161;43,5
19730006695000;9;5;4;41,9
19730006709000;85;38;47;48,6
19730006710000;684;297;387;49,6
19730006711000;669;341;328;34,7
19730006712000;291;136;155;28,8
19730006713000;15;9;6;58,8
19730006715000;2;0;2;0,0
19730006716000;8;6;2;44,5
19730006719000;3;2;1;0,0
19730006720000;60;33;27;36,2
19730006721000;8;5;3;46,5
19730006722000;2;1;1;0,0
19730006723000;22;13;9;45,5
19730006724000;85;42;43;31,4
19730006725000;29;14;15;35,9
19730006728000;42;21;21;36,9
19730006729000;76;40;36;41,9
19730006730000;3;2;1;0,0
19730006732000;3;2;1;0,0
19730006733000;20;11;9;39,8
19730006739000;92;52;40;42,3
19730006740000;195;98;97;37,7
19730006741000;11;4;7;28,5
19730006742000;142;75;67;34,4
19730006743000;159;73;86;35,1
19730006744000;485;262;223;33,9
19730006745000;128;73;55;34,7
19730006747000;52;28;24;31,9
19730006748000;2;1;1;0,0
19730006750000;24;15;9;47,4
19730006753000;326;166;160;38,2
19730006754000;304;149;155;28,9
19730006755000;249;143;106;31,7
19730006756000;41;22;19;45,4
19730006757000;44;23;21;32,2
19730006758000;12;7;5;19,9
19730006759000;13;6;7;47,1
19730006760000;27;13;14;30,7
19730006761000;25;15;10;39,1
19730006762000;63;33;30;47,5
19730006763000;115;58;57;44,3
19730006764000;49;26;23;30,9
19730006765000;27;11;16;38,5
19730006766000;25;11;14;47,0
19730006767000;27;17;10;32,2
19730006768000;121;58;63;38,1
19730006769000;6;3;3;17,5
19730006773000;4;2;2;0,0
19730006774000;28;13;15;38,5
19730006778000;37;20;17;40,0
19730006779000;82;35;47;30,8
19730006780000;24;12;12;39,0
19730006781000;17;9;8;42,9
19730006783000;44;17;27;53,5
19730006787000;16;9;7;45,6
19730006796000;1;1;0;0,0
19730006809000;4;2;2;0,0
19730006820000;19;10;9;42,8
19730006827000;79;33;46;63,4
19730006834000;3;1;2;0,0
19730006835000;15;9;6;38,6
19730006836000;4;3;1;0,0
19730006837000;14;8;6;66,1
19730006839000;44;22;22;51,3
19730006840000;4;3;1;0,0
19730006843000;21;8;13;38,4
19730006848000;10;4;6;39,2
19730006850000;4;2;2;0,0
19730006856000;4;3;1;0,0
19730006858000;4;2;2;0,0
19730006865000;4;2;2;0,0
19730006866000;2;1;1;0,0
19730006868000;24;11;13;34,4
19730006869000;1320;667;653;39,4
19730006870000;280;151;129;40,3
19730006883000;5;4;1;65,8
19730006895000;22;13;9;37,0
19730006896000;17;9;8;39,2
19730006897000;202;102;100;45,1
19740006511000;25;14;11;40,1
19740006512000;230;119;111;43,2
19740006513000;171;89;82;37,1
19740006514000;818;439;379;33,3
19740006515000;219;111;108;37,9
19740006520000;2;1;1;0,0
19740006521000;1;0;1;0,0
19740006536000;5;3;2;39,6
19740006541000;6;3;3;28,0
19740006546000;14;8;6;38,1
19740006547000;2;1;1;0,0
19740006548000;12;6;6;50,4
19740006549000;10;6;4;49,4
19740006550000;24;11;13;49,6
19740006556000;20;12;8;38,4
19740006558000;54;32;22;33,6
19740006561000;16;10;6;36,3
19740006562000;29;15;14;30,1
19740006563000;10;4;6;32,1
19740006565000;6;3;3;25,3
19740006566000;92;48;44;34,1
19740006567000;1596;834;762;31,9
19740006568000;794;387;407;43,9
19740006571000;16;8;8;48,2
19740006572000;1;1;0;0,0
19740006573000;3;2;1;0,0
19740006581000;6;4;2;50,7
19740006582000;4;4;0;0,0
19740006585000;12;6;6;30,5
19740006588000;5;3;2;20,2
19740006592000;5;2;3;39,8
19740006593000;5;4;1;44,0
19740006594000;26;16;10;48,1
19740006614000;5;4;1;38,4
19740006615000;13;7;6;43,8
19740006630000;5;2;3;39,6
19740006634000;5;2;3;65,4
19740006635000;78;37;41;35,9
19740006636000;86;44;42;34,8
19740006637000;35;17;18;45,7
19740006638000;18;8;10;47,1
19740006639000;11;7;4;21,3
19740006646000;1;1;0;0,0
19740006647000;12;5;7;51,7
19740006649000;8;6;2;35,0
19740006650000;40;22;18;35,5
19740006651000;45;20;25;47,0
19740006671000;12;7;5;47,3
19740006678000;2;1;1;0,0
19740006683000;8;3;5;37,5
19740006684000;2;2;0;0,0
19740006690000;7;3;4;45,1
19740006693000;46;23;23;47,0
19740006694000;35;19;16;46,4
19740006695000;4;3;1;0,0
19740006710000;47;27;20;48,5
19740006711000;105;46;59;35,9
19740006712000;58;29;29;33,6
19740006717000;9;6;3;29,9
19740006718000;58;31;27;35,0
19740006721000;26;16;10;46,7
19740006722000;8;3;5;58,0
19740006728000;2;1;1;0,0
19740006729000;650;332;318;38,7
19740006730000;131;60;71;42,7
19740006731000;184;98;86;40,4
19740006732000;142;73;69;40,2
19740006733000;109;63;46;36,5
19740006737000;6;3;3;69,5
19740006738000;26;13;13;54,9
19740006739000;2;1;1;0,0
19740006740000;452;223;229;39,3
19740006741000;421;221;200;38,7
19740006742000;24;11;13;46,3
19740006743000;87;47;40;42,7
19740006745000;10;6;4;58,7
19740006746000;29;15;14;40,6
19740006747000;37;22;15;35,5
19740006748000;2;1;1;0,0
19740006749000;24;13;11;28,8
19740006750000;38;18;20;43,8
19740006751000;36;18;18;39,1
19740006753000;152;75;77;27,4
19740006755000;33;16;17;32,2
19740006756000;16;11;5;33,1
19740006757000;11;5;6;31,6
19740006758000;87;42;45;35,8
19740006759000;23;12;11;36,3
19740006760000;32;17;15;46,2
19740006762000;9;5;4;64,0
19740006763000;54;27;27;38,9
19740006764000;1;1;0;0,0
19740006774000;18;11;7;40,8
19740006775000;2;2;0;0,0
19740006781000;10;3;7;35,1
19740006783000;12;6;6;45,3
19740006784000;15;8;7;41,2
19740006785000;1;0;1;0,0
19740006789000;6;4;2;69,5
19740006790000;1;1;0;0,0
19740006791000;6;3;3;69,0
19740006809000;9;3;6;59,8
19740006814000;1;1;0;0,0
19740006815000;2;1;1;0,0
19740006816000;6;3;3;57,5
19740006820000;8;3;5;43,0
19740006827000;50;24;26;50,0
19740006828000;25;12;13;46,2
19740006829000;9;4;5;36,9
19740006836000;32;17;15;35,8
19740006839000;24;9;15;48,4
19740006840000;14;7;7;36,4
19740006842000;5;1;4;49,8
19740006843000;8;5;3;59,5
19740006850000;20;14;6;56,0
19740006858000;5;3;2;54,8
19740006865000;9;3;6;28,1
19740006869000;1636;819;817;33,8
19740006870000;538;283;255;35,9
19740006896000;90;49;41;48,9
19740006897000;31;16;15;54,3
19740006898000;25;13;12;39,0
19750006509000;2;1;1;0,0
19750006510000;282;151;131;38,2
19750006511000;366;181;185;33,3
19750006512000;1605;831;774;36,8
19750006513000;1936;957;979;39,0
19750006514000;634;333;301;45,0
19750006515000;289;151;138;40,0
19750006516000;13;9;4;28,5
19750006517000;118;66;52;42,8
19750006520000;4;3;1;0,0
19750006521000;32;13;19;43,1
19750006537000;4;3;1;0,0
19750006547000;1;1;0;0,0
19750006549000;5;2;3;67,4
19750006550000;10;5;5;53,4
19750006551000;7;5;2;51,3
19750006552000;8;5;3;35,6
19750006555000;28;13;15;43,9
19750006556000;14;8;6;37,9
19750006558000;21;8;13;42,1
19750006559000;20;10;10;38,6
19750006563000;6;4;2;40,8
19750006566000;421;222;199;36,3
19750006567000;586;279;307;33,6
19750006568000;144;79;65;38,9
19750006569000;29;15;14;41,9
19750006570000;32;17;15;35,7
19750006588000;128;68;60;31,1
19750006592000;57;29;28;45,4
19750006593000;13;5;8;40,9
19750006594000;90;46;44;33,7
19750006595000;82;42;40;35,7
19750006596000;16;9;7;42,3
19750006615000;3;1;2;0,0
19750006616000;7;4;3;42,1
19750006626000;14;9;5;50,8
19750006627000;37;19;18;37,1
19750006628000;10;5;5;54,8
19750006629000;46;20;26;37,7
19750006630000;41;19;22;36,2
19750006631000;144;69;75;51,2
19750006632000;9;4;5;31,7
19750006633000;13;7;6;65,8
19750006634000;17;10;7;42,4
19750006635000;13;4;9;34,6
19750006636000;3;2;1;0,0
19750006637000;58;34;24;39,2
19750006638000;73;40;33;33,6
19750006639000;17;9;8;47,1
19750006640000;17;6;11;40,4
19750006645000;3;2;1;0,0
19750006650000;61;33;28;40,0
19750006651000;24;13;11;53,6
19750006658000;14;7;7;54,6
19750006674000;2;1;1;0,0
19750006678000;1;0;1;0,0
19750006679000;5;3;2;49,8
19750006680000;14;8;6;43,6
19750006693000;26;11;15;39,6
19750006694000;19;10;9;56,2
19750006710000;63;28;35;38,2
19750006711000;55;30;25;30,9
19750006712000;50;30;20;31,7
19750006713000;60;33;27;36,5
19750006717000;2;1;1;0,0
19750006721000;3;1;2;0,0
19750006722000;42;24;18;42,3
19750006723000;29;12;17;34,4
19750006724000;18;11;7;45,3
19750006725000;24;11;13;44,0
19750006729000;69;37;32;45,0
19750006730000;36;18;18;50,1
19750006731000;559;293;266;35,3
19750006732000;651;343;308;36,3
19750006733000;75;36;39;41,3
19750006734000;40;17;23;38,8
19750006735000;102;55;47;45,1
19750006736000;190;97;93;38,9
19750006737000;34;16;18;45,6
19750006738000;24;18;6;51,0
19750006739000;262;137;125;38,1
19750006740000;969;517;452;37,8
19750006741000;532;287;245;36,6
19750006744000;28;13;15;45,4
19750006745000;569;291;278;35,2
19750006746000;417;214;203;36,4
19750006747000;13;8;5;48,8
19750006748000;23;12;11;42,9
19750006749000;33;15;18;41,8
19750006750000;42;23;19;43,2
19750006751000;111;56;55;30,1
19750006755000;82;40;42;35,5
19750006756000;66;31;35;42,4
19750006757000;148;85;63;35,6
19750006758000;73;35;38;30,9
19750006759000;5;4;1;36,0
19750006761000;2;1;1;0,0
19750006762000;27;16;11;37,0
19750006763000;27;12;15;41,4
19750006764000;43;18;25;36,3
19750006766000;23;12;11;43,0
19750006775000;16;8;8;51,3
19750006780000;6;4;2;27,2
19750006782000;18;9;9;16,6
19750006783000;32;20;12;44,3
19750006788000;6;3;3;45,2
19750006789000;5;1;4;44,8
19750006791000;11;4;7;57,2
19750006809000;7;3;4;34,3
19750006816000;9;4;5;55,4
19750006819000;7;5;2;49,0
19750006820000;38;19;19;36,8
19750006826000;9;5;4;56,1
19750006827000;43;26;17;37,1
19750006833000;1;0;1;0,0
19750006834000;14;8;6;51,3
19750006836000;20;10;10;50,0
19750006839000;7;2;5;29,1
19750006840000;70;36;34;42,3
19750006841000;25;14;11;42,0
19750006842000;13;5;8;46,6
19750006843000;12;8;4;49,7
19750006849000;14;5;9;56,9
19750006850000;23;10;13;49,2
19750006857000;24;11;13;35,1
19750006858000;14;8;6;33,1
19750006869000;508;257;251;37,1
19750006870000;19;12;7;41,8
19750006872000;1;1;0;0,0
19750006896000;76;36;40;45,1
19750006898000;18;9;9;31,7
19750006899000;2;1;1;0,0
19760006506000;2;1;1;0,0
19760006507000;22;8;14;47,1
19760006508000;33;17;16;36,9
19760006509000;51;23;28;40,1
19760006510000;43;24;19;48,2
19760006511000;17;11;6;47,0
19760006512000;89;40;49;46,4
19760006513000;349;161;188;45,2
19760006514000;2103;1010;1093;43,1
19760006515000;943;459;484;39,7
19760006516000;650;330;320;28,1
19760006517000;4;2;2;0,0
19760006518000;31;15;16;46,5
19760006521000;4;2;2;0,0
19760006524000;19;9;10;29,9
19760006528000;24;15;9;39,8
19760006529000;3;2;1;0,0
19760006544000;1;1;0;0,0
19760006546000;27;12;15;39,2
19760006551000;21;11;10;34,7
19760006552000;17;10;7;28,7
19760006555000;27;15;12;41,7
19760006556000;5;3;2;67,6
19760006559000;19;13;6;39,3
19760006560000;8;6;2;44,0
19760006561000;2;1;1;0,0
19760006562000;2;1;1;0,0
19760006563000;20;10;10;36,4
19760006565000;9;7;2;23,8
19760006567000;20;13;7;53,9
19760006568000;5;2;3;49,6
19760006569000;100;53;47;41,4
19760006570000;4;1;3;0,0
19760006587000;61;35;26;36,3
19760006588000;7;4;3;23,9
19760006592000;167;87;80;33,4
19760006594000;59;31;28;32,2
19760006595000;52;29;23;48,1
19760006596000;68;32;36;34,9
19760006597000;51;28;23;37,6
19760006603000;7;3;4;38,6
19760006614000;7;3;4;40,0
19760006615000;16;7;9;47,8
19760006616000;1;0;1;0,0
19760006622000;5;4;1;45,0
19760006625000;7;4;3;27,9
19760006626000;14;7;7;31,1
19760006627000;2;2;0;0,0
19760006628000;50;23;27;41,8
19760006629000;62;35;27;36,6
19760006630000;65;30;35;44,0
19760006631000;36;18;18;34,2
19760006632000;16;5;11;26,4
19760006634000;20;9;11;27,8
19760006635000;44;27;17;43,0
19760006636000;25;10;15;31,6
19760006637000;2;1;1;0,0
19760006638000;28;15;13;40,0
19760006639000;6;3;3;34,2
19760006640000;12;6;6;34,8
19760006641000;60;29;31;43,0
19760006642000;18;8;10;35,9
19760006650000;5;3;2;49,4
19760006651000;1;1;0;0,0
19760006656000;22;13;9;50,3
19760006665000;7;4;3;41,3
19760006666000;62;31;31;42,9
19760006677000;6;3;3;66,3
19760006679000;5;3;2;49,8
19760006680000;4;3;1;0,0
19760006681000;18;9;9;45,4
19760006687000;15;8;7;50,0
19760006693000;3;2;1;0,0
19760006694000;3;1;2;0,0
19760006697000;6;4;2;49,3
19760006711000;8;5;3;43,8
19760006712000;153;72;81;33,0
19760006713000;115;57;58;31,5
19760006714000;14;7;7;49,4
19760006723000;36;18;18;42,2
19760006724000;17;10;7;54,0
19760006726000;46;25;21;42,3
19760006729000;24;13;11;39,8
19760006730000;39;19;20;41,6
19760006731000;167;80;87;27,1
19760006732000;1;1;0;0,0
19760006733000;34;15;19;35,8
19760006734000;1393;705;688;37,5
19760006735000;1379;662;717;41,5
19760006736000;940;448;492;47,3
19760006737000;1102;558;544;40,3
19760006738000;1008;509;499;37,4
19760006739000;505;256;249;36,7
19760006741000;49;32;17;37,2
19760006744000;37;20;17;40,5
19760006745000;200;104;96;36,7
19760006746000;317;156;161;34,0
19760006747000;81;41;40;38,5
19760006748000;7;4;3;38,7
19760006749000;24;11;13;43,2
19760006750000;9;5;4;45,2
19760006751000;115;66;49;40,2
19760006752000;2;2;0;0,0
19760006756000;55;34;21;38,7
19760006757000;46;22;24;44,7
19760006759000;12;8;4;33,6
19760006763000;9;7;2;23,7
19760006764000;15;7;8;37,9
19760006765000;90;51;39;37,2
19760006766000;42;19;23;43,6
19760006772000;2;0;2;0,0
19760006773000;44;21;23;43,4
19760006774000;5;3;2;64,8
19760006784000;1;1;0;0,0
19760006786000;1;1;0;0,0
19760006800000;5;3;2;37,6
19760006809000;22;11;11;49,2
19760006820000;7;4;3;34,1
19760006825000;4;3;1;0,0
19760006826000;8;5;3;60,3
19760006831000;2;1;1;0,0
19760006833000;1;1;0;0,0
19760006835000;4;2;2;0,0
19760006837000;1;1;0;0,0
19760006839000;7;5;2;57,1
19760006841000;43;19;24;51,7
19760006842000;95;44;51;47,5
19760006843000;7;3;4;42,9
19760006849000;27;12;15;40,8
19760006850000;28;16;12;41,6
19760006857000;12;6;6;58,2
19760006864000;19;10;9;35,5
19760006869000;130;70;60;31,3
19760006896000;5;3;2;21,8
19760006898000;11;5;6;35,5
19760006899000;6;3;3;44,3
19770006505000;3;2;1;0,0
19770006506000;38;23;15;48,8
19770006507000;37;17;20;33,8
19770006508000;7;3;4;44,3
19770006509000;23;10;13;37,2
19770006511000;8;4;4;35,9
19770006512000;25;14;11;37,1
19770006513000;11;4;7;48,6
19770006514000;10;6;4;33,3
19770006515000;339;176;163;44,1
19770006516000;75;42;33;40,5
19770006517000;2;1;1;0,0
19770006520000;2;1;1;0,0
19770006521000;15;8;7;42,3
19770006522000;4;2;2;0,0
19770006523000;4;2;2;0,0
19770006526000;6;4;2;39,0
19770006527000;10;5;5;26,7
19770006528000;12;7;5;40,8
19770006529000;16;8;8;42,8
19770006530000;17;7;10;24,6
19770006531000;3;2;1;0,0
19770006537000;7;4;3;31,9
19770006538000;12;7;5;31,6
19770006539000;4;1;3;0,0
19770006543000;5;3;2;22,6
19770006545000;13;7;6;37,7
19770006546000;1;0;1;0,0
19770006549000;40;21;19;37,4
19770006550000;4;2;2;0,0
19770006551000;23;12;11;40,2
19770006552000;7;4;3;32,1
19770006555000;14;5;9;39,6
19770006557000;2;1;1;0,0
19770006558000;16;11;5;29,4
19770006560000;26;13;13;48,7
19770006563000;24;11;13;44,3
19770006564000;30;16;14;34,5
19770006565000;11;6;5;34,0
19770006567000;11;5;6;34,3
19770006568000;2;2;0;0,0
19770006569000;14;7;7;46,8
19770006570000;4;2;2;0,0
19770006571000;14;6;8;61,5
19770006587000;59;27;32;39,7
19770006592000;79;45;34;40,0
19770006593000;57;27;30;36,1
19770006594000;36;22;14;38,6
19770006595000;23;12;11;36,6
19770006597000;36;19;17;28,7
19770006598000;9;6;3;33,0
19770006600000;4;2;2;0,0
19770006601000;70;37;33;30,5
19770006603000;8;3;5;36,4
19770006604000;84;47;37;41,6
19770006605000;13;8;5;63,2
19770006614000;46;21;25;37,4
19770006615000;135;62;73;42,8
19770006617000;7;4;3;39,7
19770006618000;2;1;1;0,0
19770006621000;7;5;2;47,7
19770006622000;5;2;3;16,0
19770006627000;40;22;18;35,4
19770006628000;12;6;6;43,6
19770006631000;7;5;2;39,1
19770006632000;1;1;0;0,0
19770006640000;11;6;5;33,1
19770006641000;7;4;3;40,6
19770006642000;31;18;13;44,0
19770006643000;6;3;3;59,7
19770006649000;13;5;8;45,0
19770006650000;13;7;6;41,3
19770006656000;5;3;2;57,0
19770006657000;13;8;5;56,5
19770006658000;16;9;7;52,6
19770006664000;69;34;35;45,8
19770006665000;86;43;43;42,4
19770006666000;1;0;1;0,0
19770006678000;6;4;2;49,0
19770006680000;1;0;1;0,0
19770006681000;4;2;2;0,0
19770006682000;34;20;14;41,2
19770006683000;72;42;30;41,1
19770006693000;5;3;2;34,8
19770006694000;13;7;6;37,7
19770006695000;3;1;2;0,0
19770006714000;34;18;16;37,8
19770006715000;27;13;14;42,2
19770006718000;3;2;1;0,0
19770006719000;3;2;1;0,0
19770006724000;16;8;8;50,9
19770006725000;22;14;8;35,3
19770006726000;3;1;2;0,0
19770006727000;4;2;2;0,0
19770006730000;28;18;10;36,7
19770006731000;25;10;15;32,5
19770006737000;36;18;18;41,1
19770006738000;412;214;198;38,7
19770006740000;54;27;27;38,5
19770006741000;153;81;72;36,1
19770006742000;19;12;7;47,1
19770006743000;8;4;4;33,8
19770006744000;20;10;10;35,6
19770006745000;81;43;38;51,1
19770006746000;103;41;62;57,3
19770006747000;7;5;2;27,7
19770006748000;17;10;7;52,3
19770006749000;16;7;9;34,7
19770006752000;36;15;21;45,9
19770006753000;1;1;0;0,0
19770006756000;4;1;3;0,0
19770006757000;14;6;8;42,7
19770006758000;22;12;10;45,7
19770006759000;13;8;5;58,6
19770006760000;32;13;19;34,8
19770006761000;4;2;2;0,0
19770006763000;35;16;19;50,1
19770006764000;22;16;6;38,2
19770006765000;2;1;1;0,0
19770006766000;6;4;2;63,2
19770006767000;7;4;3;50,3
19770006769000;9;4;5;23,6
19770006770000;3;2;1;0,0
19770006771000;22;10;12;40,3
19770006772000;59;31;28;46,6
19770006773000;8;4;4;47,4
19770006775000;8;3;5;47,8
19770006780000;31;15;16;39,9
19770006781000;2;0;2;0,0
19770006782000;7;4;3;37,7
19770006793000;6;4;2;29,3
19770006800000;22;11;11;52,1
19770006806000;7;3;4;33,7
19770006814000;10;7;3;47,8
19770006815000;1;0;1;0,0
19770006824000;10;5;5;48,2
19770006825000;24;13;11;41,8
19770006831000;5;3;2;68,4
19770006832000;4;3;1;0,0
19770006835000;9;7;2;44,2
19770006838000;4;3;1;0,0
19770006839000;55;29;26;47,7
19770006840000;40;21;19;49,2
19770006841000;22;13;9;36,0
19770006842000;16;10;6;48,6
19770006843000;7;3;4;40,4
19770006845000;1;0;1;0,0
19770006849000;9;6;3;40,6
19770006850000;8;3;5;23,0
19770006852000;9;4;5;56,1
19770006853000;1;1;0;0,0
19770006857000;4;2;2;0,0
19770006863000;5;2;3;65,8
19770006869000;279;145;134;34,4
19770006870000;18;10;8;40,6
19770006873000;3;2;1;0,0
19770006898000;6;3;3;57,3
19770006917000;5;3;2;60,2
19780006505000;22;13;9;37,7
19780006506000;16;6;10;40,3
19780006509000;17;10;7;39,0
19780006511000;6;3;3;25,7
19780006513000;42;20;22;29,6
19780006514000;4;2;2;0,0
19780006515000;14;4;10;36,8
19780006516000;18;9;9;50,6
19780006518000;6;4;2;41,2
19780006519000;11;8;3;38,7
19780006520000;15;10;5;28,9
19780006522000;85;38;47;37,1
19780006523000;22;9;13;45,8
19780006524000;19;11;8;39,9
19780006530000;24;15;9;35,3
19780006531000;29;18;11;39,6
19780006532000;21;10;11;26,9
19780006536000;5;3;2;49,6
19780006537000;23;13;10;31,6
19780006538000;11;5;6;42,6
19780006539000;23;12;11;39,5
19780006540000;24;14;10;34,1
19780006541000;3;2;1;0,0
19780006543000;1;0;1;0,0
19780006544000;35;18;17;43,3
19780006545000;11;7;4;38,9
19780006549000;8;4;4;57,9
19780006552000;4;1;3;0,0
19780006560000;28;14;14;42,5
19780006562000;7;5;2;40,0
19780006563000;2;1;1;0,0
19780006564000;12;6;6;33,4
19780006565000;11;7;4;51,1
19780006566000;1;1;0;0,0
19780006569000;7;5;2;48,4
19780006578000;2;1;1;0,0
19780006593000;12;7;5;61,9
19780006594000;109;56;53;42,2
19780006595000;16;9;7;32,8
19780006596000;44;24;20;32,7
19780006597000;19;8;11;45,8
19780006600000;8;4;4;48,5
19780006601000;22;15;7;42,0
19780006603000;2;1;1;0,0
19780006604000;15;8;7;51,8
19780006605000;34;16;18;42,5
19780006614000;5;3;2;48,8
19780006615000;13;9;4;51,9
19780006628000;6;4;2;40,3
19780006631000;10;7;3;44,5
19780006632000;17;9;8;47,8
19780006633000;10;5;5;35,6
19780006642000;344;176;168;32,9
19780006643000;128;67;61;40,9
19780006649000;7;4;3;40,6
19780006655000;6;1;5;42,3
19780006656000;3;2;1;0,0
19780006658000;1;1;0;0,0
19780006659000;15;6;9;41,5
19780006664000;126;64;62;40,3
19780006665000;310;155;155;36,4
19780006679000;4;3;1;0,0
19780006680000;4;2;2;0,0
19780006683000;33;21;12;22,1
19780006684000;22;13;9;46,0
19780006685000;7;4;3;51,0
19780006692000;4;2;2;0,0
19780006693000;9;5;4;63,4
19780006694000;13;6;7;45,6
19780006705000;55;29;26;46,3
19780006706000;166;81;85;40,3
19780006707000;6;3;3;40,8
19780006714000;32;16;16;39,2
19780006715000;35;21;14;41,9
19780006716000;11;2;9;34,9
19780006718000;26;14;12;42,3
19780006720000;3;2;1;0,0
19780006725000;2;2;0;0,0
19780006726000;13;4;9;37,2
19780006731000;16;10;6;50,7
19780006736000;49;28;21;43,5
19780006737000;69;37;32;40,4
19780006738000;132;70;62;37,2
19780006739000;408;209;199;39,9
19780006740000;63;29;34;47,6
19780006744000;18;11;7;40,3
19780006745000;216;121;95;35,5
19780006746000;21;12;9;57,7
19780006747000;12;7;5;37,9
19780006749000;23;13;10;38,1
19780006750000;65;30;35;42,1
19780006751000;87;39;48;37,3
19780006752000;34;17;17;31,0
19780006753000;28;14;14;41,1
19780006754000;22;14;8;32,4
19780006756000;116;55;61;40,5
19780006757000;50;27;23;43,9
19780006760000;8;5;3;22,1
19780006761000;6;3;3;49,2
19780006762000;31;18;13;40,8
19780006763000;11;7;4;34,2
19780006768000;2;1;1;0,0
19780006769000;3;1;2;0,0
19780006780000;35;17;18;47,1
19780006781000;21;12;9;49,0
19780006800000;4;2;2;0,0
19780006804000;8;4;4;48,9
19780006805000;7;3;4;55,3
19780006814000;13;6;7;63,2
19780006816000;6;3;3;36,3
19780006817000;5;3;2;35,6
19780006818000;1;0;1;0,0
19780006822000;3;1;2;0,0
19780006824000;15;8;7;41,9
19780006829000;15;9;6;39,5
19780006834000;8;2;6;44,8
19780006836000;9;5;4;39,8
19780006840000;2;2;0;0,0
19780006842000;6;5;1;33,5
19780006859000;6;3;3;41,7
19780006861000;2;1;1;0,0
19780006863000;2;1;1;0,0
19780006866000;2;1;1;0,0
19780006869000;248;130;118;38,0
19780006880000;2;2;0;0,0
19780006881000;13;7;6;53,6
19780006882000;10;5;5;45,7
19780006883000;1;0;1;0,0
19780006887000;1;1;0;0,0
19780006898000;6;1;5;52,7
19780006904000;22;11;11;41,5
19780006905000;12;6;6;43,2
19780006907000;1;1;0;0,0
19780006917000;5;3;2;66,8
19790006516000;26;12;14;42,7
19790006518000;22;12;10;43,5
19790006519000;12;6;6;28,2
19790006520000;21;11;10;43,3
19790006522000;8;4;4;40,1
19790006523000;18;11;7;33,2
19790006524000;42;24;18;36,1
19790006525000;27;17;10;36,6
19790006526000;2;1;1;0,0
19790006529000;12;8;4;43,2
19790006531000;12;6;6;27,8
19790006537000;2;1;1;0,0
19790006541000;4;1;3;0,0
19790006542000;1;0;1;0,0
19790006548000;9;5;4;36,1
19790006549000;20;11;9;41,5
19790006550000;10;6;4;30,9
19790006553000;24;14;10;34,5
19790006556000;9;5;4;42,4
19790006557000;8;4;4;36,8
19790006560000;26;13;13;32,7
19790006563000;1;0;1;0,0
19790006564000;2;1;1;0,0
19790006569000;1;1;0;0,0
19790006581000;166;81;85;42,5
19790006582000;341;166;175;38,3
19790006589000;15;8;7;36,3
19790006593000;9;4;5;23,0
19790006594000;446;229;217;44,1
19790006595000;274;136;138;32,8
19790006596000;34;15;19;35,8
19790006601000;9;4;5;44,8
19790006603000;7;3;4;48,6
19790006604000;10;4;6;53,9
19790006605000;3;2;1;0,0
19790006614000;34;18;16;38,3
19790006615000;5;4;1;59,4
19790006629000;8;4;4;41,1
19790006633000;4;1;3;0,0
19790006642000;23;11;12;42,1
19790006643000;79;38;41;35,4
19790006644000;14;8;6;39,8
19790006648000;1;1;0;0,0
19790006659000;4;2;2;0,0
19790006664000;60;32;28;44,0
19790006665000;143;72;71;45,4
19790006669000;65;32;33;41,5
19790006670000;12;7;5;37,6
19790006685000;3;2;1;0,0
19790006693000;15;7;8;32,7
19790006694000;96;44;52;42,6
19790006695000;52;28;24;35,7
19790006704000;2;1;1;0,0
19790006705000;13;7;6;40,6
19790006706000;16;6;10;46,8
19790006707000;18;10;8;30,7
19790006708000;36;18;18;43,7
19790006711000;5;4;1;29,6
19790006717000;4;2;2;0,0
19790006718000;16;10;6;41,1
19790006720000;1;1;0;0,0
19790006721000;2;0;2;0,0
19790006735000;96;50;46;38,9
19790006736000;9;4;5;64,2
19790006737000;30;18;12;30,2
19790006738000;29;10;19;24,2
19790006739000;67;33;34;38,6
19790006743000;22;14;8;43,6
19790006744000;28;16;12;43,7
19790006745000;46;20;26;39,0
19790006747000;298;155;143;40,4
19790006748000;4;2;2;0,0
19790006749000;38;18;20;38,0
19790006750000;8;3;5;44,5
19790006751000;19;12;7;44,8
19790006752000;57;28;29;33,5
19790006753000;132;69;63;43,8
19790006754000;26;14;12;44,6
19790006755000;5;1;4;44,4
19790006757000;32;17;15;39,3
19790006758000;64;26;38;53,8
19790006759000;33;16;17;43,1
19790006760000;26;15;11;27,8
19790006766000;1;0;1;0,0
19790006787000;6;3;3;43,2
19790006789000;4;2;2;0,0
19790006804000;8;3;5;33,1
19790006815000;13;7;6;33,2
19790006819000;7;3;4;20,4
19790006820000;86;42;44;37,9
19790006821000;67;36;31;44,8
19790006822000;1;1;0;0,0
19790006823000;7;5;2;44,1
19790006836000;2;1;1;0,0
19790006837000;4;1;3;0,0
19790006842000;1;1;0;0,0
19790006843000;11;6;5;30,6
19790006850000;3;2;1;0,0
19790006852000;6;2;4;35,7
19790006859000;9;6;3;56,4
19790006860000;2;1;1;0,0
19790006861000;61;34;27;45,0
19790006862000;9;4;5;57,4
19790006869000;8;5;3;35,3
19790006870000;5;4;1;32,4
19790006885000;4;2;2;0,0
19790006887000;7;3;4;44,9
19790006900000;5;2;3;69,8
19790006906000;13;8;5;54,4
19790006907000;200;97;103;37,7
19790006908000;14;8;6;53,9
19790006909000;11;5;6;59,0
19790006912000;3;1;2;0,0
19790006913000;20;10;10;41,8
19800006503000;8;5;3;44,5
19800006504000;13;7;6;58,0
19800006508000;2;1;1;0,0
19800006516000;2;1;1;0,0
19800006517000;4;1;3;0,0
19800006520000;7;5;2;36,0
19800006525000;15;8;7;54,3
19800006526000;55;25;30;33,6
19800006527000;3;2;1;0,0
19800006529000;10;5;5;51,8
19800006532000;21;11;10;40,9
19800006542000;9;4;5;30,8
19800006547000;9;5;4;29,2
19800006548000;4;3;1;0,0
19800006550000;10;5;5;49,3
19800006552000;28;14;14;36,4
19800006553000;2;1;1;0,0
19800006554000;2;0;2;0,0
19800006556000;9;5;4;35,8
19800006557000;1;1;0;0,0
19800006564000;51;25;26;43,1
19800006566000;26;15;11;40,2
19800006567000;63;33;30;41,6
19800006572000;3;1;2;0,0
19800006573000;17;11;6;39,6
19800006574000;7;3;4;38,3
19800006580000;119;58;61;43,0
19800006581000;1340;706;634;34,3
19800006582000;644;314;330;42,3
19800006583000;217;111;106;30,5
19800006589000;19;9;10;44,1
19800006590000;61;32;29;32,4
19800006591000;68;32;36;43,2
19800006601000;1;0;1;0,0
19800006603000;17;8;9;41,9
19800006605000;5;3;2;18,8
19800006606000;16;9;7;45,3
19800006614000;164;80;84;39,0
19800006615000;4;2;2;0,0
19800006616000;1;1;0;0,0
19800006629000;1;1;0;0,0
19800006633000;31;19;12;45,1
19800006642000;3;1;2;0,0
19800006643000;36;20;16;26,8
19800006644000;56;33;23;31,2
19800006647000;37;24;13;35,0
19800006648000;13;8;5;35,7
19800006658000;20;10;10;49,8
19800006659000;12;6;6;36,3
19800006663000;124;51;73;28,8
19800006664000;117;53;64;46,4
19800006665000;175;79;96;44,6
19800006669000;573;297;276;37,8
19800006670000;80;47;33;43,8
19800006671000;71;35;36;49,7
19800006672000;28;15;13;35,2
19800006686000;39;17;22;43,6
19800006687000;2;2;0;0,0
19800006694000;66;32;34;31,1
19800006695000;53;24;29;37,4
19800006704000;27;17;10;40,3
19800006705000;70;31;39;31,3
19800006707000;1;1;0;0,0
19800006708000;11;5;6;46,6
19800006709000;38;22;16;47,3
19800006710000;174;82;92;46,6
19800006711000;87;48;39;26,2
19800006714000;8;3;5;30,6
19800006715000;18;11;7;42,4
19800006716000;36;22;14;32,8
19800006718000;32;20;12;31,8
19800006719000;15;7;8;33,4
19800006735000;70;31;39;35,8
19800006736000;18;8;10;38,3
19800006737000;9;5;4;58,7
19800006739000;57;30;27;45,5
19800006741000;52;25;27;41,7
19800006742000;7;3;4;46,0
19800006743000;44;22;22;32,4
19800006744000;6;3;3;32,2
19800006745000;77;38;39;43,4
19800006746000;228;115;113;33,9
19800006747000;348;175;173;36,3
19800006748000;2;1;1;0,0
19800006749000;8;5;3;71,6
19800006752000;17;9;8;40,2
19800006753000;8;5;3;44,8
19800006755000;50;27;23;47,8
19800006758000;184;89;95;35,0
19800006759000;68;35;33;35,6
19800006760000;5;2;3;54,6
19800006762000;12;7;5;49,7
19800006763000;6;3;3;24,5
19800006794000;4;3;1;0,0
19800006795000;4;2;2;0,0
19800006804000;12;5;7;24,0
19800006814000;10;3;7;47,0
19800006815000;36;25;11;51,1
19800006816000;4;2;2;0,0
19800006818000;1;0;1;0,0
19800006819000;13;8;5;39,6
19800006821000;2;2;0;0,0
19800006822000;18;8;10;54,9
19800006836000;3;1;2;0,0
19800006837000;1;1;0;0,0
19800006839000;3;3;0;0,0
19800006840000;13;8;5;57,0
19800006841000;2;1;1;0,0
19800006842000;50;30;20;38,7
19800006843000;15;7;8;41,4
19800006852000;14;9;5;47,9
19800006861000;2;1;1;0,0
19800006872000;8;4;4;38,9
19800006882000;4;2;2;0,0
19800006887000;11;6;5;69,1
19800006894000;28;15;13;59,7
19800006895000;11;6;5;50,5
19800006900000;2;2;0;0,0
19800006902000;2;1;1;0,0
19800006904000;5;3;2;48,0
19800006905000;62;32;30;42,7
19800006906000;264;129;135;38,5
19800006910000;9;6;3;44,0
19800006912000;59;34;25;34,8
19800006913000;17;9;8;39,2
19810006504000;2;1;1;0,0
19810006505000;5;3;2;60,6
19810006510000;10;5;5;44,1
19810006511000;12;7;5;37,5
19810006520000;7;5;2;48,0
19810006521000;5;3;2;48,6
19810006522000;11;6;5;32,6
19810006524000;13;6;7;22,5
19810006525000;3;1;2;0,0
19810006526000;13;9;4;35,2
19810006527000;28;15;13;35,9
19810006528000;375;194;181;37,5
19810006529000;13;8;5;20,9
19810006532000;22;12;10;37,7
19810006535000;11;5;6;29,2
19810006540000;2;1;1;0,0
19810006547000;6;2;4;51,0
19810006548000;9;5;4;38,1
19810006553000;9;4;5;42,0
19810006556000;4;1;3;0,0
19810006557000;7;4;3;31,6
19810006560000;5;4;1;29,2
19810006563000;2;1;1;0,0
19810006567000;32;17;15;33,9
19810006568000;11;8;3;33,0
19810006572000;39;20;19;43,6
19810006573000;30;18;12;50,0
19810006577000;16;7;9;28,8
19810006578000;46;28;18;37,4
19810006579000;191;96;95;38,6
19810006581000;298;147;151;38,6
19810006582000;189;99;90;34,2
19810006585000;9;5;4;40,9
19810006586000;16;7;9;38,1
19810006589000;7;4;3;48,1
19810006590000;21;10;11;42,8
19810006591000;37;22;15;33,5
19810006592000;64;36;28;45,7
19810006601000;17;10;7;46,6
19810006602000;2;1;1;0,0
19810006604000;20;10;10;44,4
19810006605000;5;3;2;32,0
19810006606000;2;1;1;0,0
19810006614000;121;59;62;47,5
19810006615000;14;5;9;41,3
19810006631000;5;2;3;40,6
19810006633000;11;5;6;37,2
19810006634000;15;9;6;59,1
19810006637000;11;5;6;26,3
19810006638000;61;32;29;39,3
19810006639000;43;28;15;29,9
19810006640000;13;6;7;36,0
19810006641000;6;2;4;61,8
19810006642000;47;25;22;39,4
19810006643000;119;60;59;40,2
19810006644000;15;8;7;37,3
19810006645000;13;8;5;54,6
19810006646000;33;23;10;35,1
19810006647000;7;3;4;34,4
19810006658000;3;2;1;0,0
19810006659000;32;16;16;41,0
19810006660000;22;13;9;48,4
19810006663000;84;45;39;36,6
19810006664000;69;35;34;43,1
19810006665000;37;18;19;42,1
19810006668000;13;6;7;52,9
19810006669000;306;163;143;35,6
19810006670000;269;118;151;30,5
19810006671000;207;110;97;36,9
19810006672000;75;42;33;49,6
19810006679000;1;0;1;0,0
19810006686000;2;1;1;0,0
19810006687000;74;33;41;39,3
19810006692000;9;3;6;34,8
19810006695000;18;8;10;50,8
19810006696000;38;17;21;49,0
19810006704000;13;8;5;49,5
19810006705000;113;55;58;36,4
19810006707000;4;2;2;0,0
19810006710000;79;42;37;40,1
19810006711000;72;39;33;40,2
19810006715000;11;6;5;58,7
19810006716000;75;45;30;31,8
19810006719000;12;7;5;55,3
19810006737000;14;6;8;36,4
19810006739000;30;15;15;42,4
19810006740000;17;8;9;34,2
19810006741000;14;7;7;52,9
19810006742000;77;36;41;35,3
19810006743000;34;18;16;34,5
19810006744000;40;20;20;43,8
19810006745000;66;39;27;37,8
19810006746000;23;14;9;36,0
19810006747000;90;46;44;37,7
19810006748000;15;9;6;33,7
19810006749000;14;5;9;32,6
19810006750000;8;4;4;37,9
19810006754000;20;10;10;40,8
19810006755000;118;50;68;44,3
19810006756000;120;70;50;37,4
19810006758000;7;5;2;31,7
19810006759000;36;21;15;49,0
19810006788000;4;2;2;0,0
19810006803000;11;7;4;51,7
19810006804000;10;6;4;47,4
19810006813000;12;6;6;35,8
19810006814000;6;3;3;49,0
19810006815000;146;70;76;38,2
19810006816000;59;37;22;35,8
19810006817000;2;1;1;0,0
19810006819000;8;7;1;48,6
19810006839000;3;1;2;0,0
19810006840000;2;2;0;0,0
19810006842000;3;1;2;0,0
19810006843000;21;10;11;47,4
19810006852000;24;13;11;51,0
19810006853000;13;6;7;36,2
19810006854000;6;4;2;45,3
19810006857000;3;1;2;0,0
19810006858000;30;17;13;46,9
19810006867000;2;1;1;0,0
19810006868000;22;13;9;31,9
19810006869000;6;2;4;20,0
19810006882000;18;10;8;34,5
19810006884000;12;5;7;51,0
19810006887000;4;1;3;0,0
19810006894000;7;2;5;59,0
19810006895000;35;17;18;50,5
19810006900000;1;1;0;0,0
19810006902000;1;0;1;0,0
19810006905000;48;24;24;45,7
19810006912000;41;17;24;33,0
19810006913000;9;5;4;17,8
19810006914000;7;3;4;40,4
19820006520000;3;2;1;0,0
19820006521000;28;15;13;37,5
19820006522000;25;12;13;25,3
19820006524000;1;1;0;0,0
19820006527000;3;1;2;0,0
19820006528000;82;44;38;43,0
19820006529000;7;4;3;31,3
19820006533000;122;60;62;44,5
19820006534000;8;5;3;40,6
19820006540000;42;21;21;29,2
19820006541000;9;4;5;37,6
19820006549000;11;5;6;35,5
19820006550000;4;2;2;0,0
19820006551000;16;9;7;52,4
19820006554000;5;4;1;44,4
19820006555000;104;59;45;31,8
19820006557000;7;3;4;34,0
19820006558000;8;6;2;26,3
19820006560000;29;15;14;33,7
19820006561000;11;6;5;44,6
19820006562000;28;16;12;34,7
19820006563000;195;100;95;39,1
19820006567000;3;1;2;0,0
19820006572000;2;1;1;0,0
19820006577000;48;24;24;38,6
19820006578000;53;28;25;39,8
19820006579000;32;15;17;35,3
19820006581000;49;24;25;35,2
19820006582000;32;17;15;40,8
19820006583000;4;3;1;0,0
19820006585000;44;22;22;39,0
19820006586000;45;26;19;41,4
19820006587000;62;34;28;43,0
19820006589000;2;1;1;0,0
19820006590000;28;16;12;42,6
19820006591000;7;4;3;36,6
19820006592000;3;2;1;0,0
19820006593000;1;1;0;0,0
19820006614000;16;9;7;37,2
19820006615000;26;18;8;38,3
19820006619000;3;1;2;0,0
19820006634000;8;2;6;43,6
19820006636000;5;3;2;46,2
19820006637000;19;9;10;39,3
19820006638000;1;0;1;0,0
19820006639000;1;1;0;0,0
19820006640000;65;38;27;36,3
19820006641000;24;11;13;41,4
19820006642000;49;25;24;44,2
19820006643000;537;282;255;39,3
19820006644000;61;31;30;40,2
19820006645000;40;17;23;46,4
19820006647000;2;1;1;0,0
19820006648000;14;8;6;48,0
19820006649000;16;9;7;50,4
19820006650000;16;10;6;36,5
19820006651000;5;3;2;58,8
19820006652000;2;2;0;0,0
19820006663000;8;5;3;31,8
19820006668000;63;32;31;35,9
19820006669000;219;110;109;38,5
19820006670000;97;47;50;37,6
19820006671000;698;364;334;41,4
19820006672000;614;300;314;40,7
19820006673000;36;16;20;38,5
19820006687000;5;2;3;64,4
19820006688000;11;6;5;53,6
19820006689000;43;28;15;52,5
19820006690000;3;2;1;0,0
19820006696000;53;28;25;37,0
19820006705000;106;50;56;39,4
19820006706000;52;29;23;41,3
19820006711000;19;8;11;34,9
19820006712000;12;8;4;46,8
19820006716000;12;7;5;41,8
19820006717000;23;9;14;37,8
19820006718000;5;3;2;35,6
19820006720000;9;5;4;58,7
19820006721000;6;3;3;55,2
19820006722000;5;3;2;56,0
19820006723000;3;1;2;0,0
19820006724000;9;4;5;26,3
19820006735000;2;1;1;0,0
19820006736000;41;20;21;41,6
19820006737000;24;13;11;35,4
19820006740000;10;4;6;33,7
19820006741000;24;15;9;49,5
19820006742000;49;25;24;41,3
19820006743000;18;8;10;35,7
19820006744000;46;26;20;34,0
19820006745000;29;14;15;32,6
19820006746000;2;1;1;0,0
19820006747000;44;22;22;38,2
19820006748000;17;11;6;38,6
19820006749000;42;21;21;40,2
19820006750000;24;12;12;40,6
19820006753000;18;10;8;34,9
19820006754000;181;94;87;39,8
19820006755000;53;30;23;40,2
19820006756000;16;9;7;40,6
19820006795000;3;1;2;0,0
19820006796000;8;6;2;39,0
19820006803000;16;6;10;40,9
19820006809000;5;4;1;46,0
19820006815000;40;21;19;34,2
19820006817000;7;3;4;19,7
19820006818000;1;1;0;0,0
19820006819000;5;3;2;36,8
19820006820000;39;16;23;41,8
19820006821000;2;1;1;0,0
19820006823000;4;3;1;0,0
19820006825000;7;5;2;46,3
19820006826000;20;7;13;39,8
19820006831000;9;6;3;46,6
19820006838000;7;3;4;17,3
19820006839000;4;1;3;0,0
19820006842000;3;2;1;0,0
19820006853000;5;3;2;42,0
19820006854000;22;11;11;46,0
19820006857000;17;7;10;62,2
19820006858000;8;3;5;43,3
19820006868000;4;2;2;0,0
19820006869000;35;19;16;37,1
19820006870000;18;11;7;28,3
19820006882000;17;7;10;43,3
19820006884000;34;17;17;54,2
19820006888000;6;5;1;35,7
19820006894000;1;1;0;0,0
19820006895000;3;1;2;0,0
19820006896000;1;1;0;0,0
19820006901000;2;1;1;0,0
19820006904000;30;16;14;28,8
19820006905000;131;65;66;39,5
19820006906000;1163;591;572;41,5
19820006907000;469;228;241;36,9
19820006913000;53;28;25;44,9
19820006914000;36;19;17;42,8
19820006915000;54;29;25;36,3
19830006502000;8;3;5;46,6
19830006504000;3;2;1;0,0
19830006513000;10;6;4;26,6
19830006514000;2;1;1;0,0
19830006516000;2;1;1;0,0
19830006521000;118;62;56;36,1
19830006522000;4;3;1;0,0
19830006525000;2;1;1;0,0
19830006528000;26;12;14;31,4
19830006529000;14;7;7;36,8
19830006530000;46;21;25;40,5
19830006531000;16;9;7;31,6
19830006533000;212;94;118;45,3
19830006534000;290;147;143;32,2
19830006535000;3;2;1;0,0
19830006536000;20;10;10;44,2
19830006541000;18;11;7;47,1
19830006551000;20;11;9;39,4
19830006554000;1;1;0;0,0
19830006555000;549;283;266;34,3
19830006562000;11;7;4;23,6
19830006563000;268;137;131;33,7
19830006570000;21;13;8;28,9
19830006571000;5;3;2;51,0
19830006572000;14;8;6;43,1
19830006577000;227;123;104;39,2
19830006578000;24;13;11;43,1
19830006579000;2;1;1;0,0
19830006581000;29;15;14;29,8
19830006584000;16;9;7;29,3
19830006585000;1;1;0;0,0
19830006586000;13;7;6;28,2
19830006587000;90;50;40;38,6
19830006588000;3;2;1;0,0
19830006593000;7;5;2;63,7
19830006594000;2;1;1;0,0
19830006597000;6;3;3;39,2
19830006598000;29;14;15;33,0
19830006601000;21;10;11;34,6
19830006602000;10;6;4;34,0
19830006614000;1;1;0;0,0
19830006615000;20;9;11;42,5
19830006616000;7;4;3;67,7
19830006617000;2;1;1;0,0
19830006636000;153;76;77;38,7
19830006637000;9;5;4;42,9
19830006639000;2;1;1;0,0
19830006643000;474;244;230;37,6
19830006644000;155;88;67;31,1
19830006652000;44;28;16;37,4
19830006660000;21;9;12;39,3
19830006661000;13;5;8;49,5
19830006663000;41;24;17;35,2
19830006664000;63;31;32;42,4
19830006668000;96;50;46;45,7
19830006669000;185;105;80;38,9
19830006670000;135;71;64;34,4
19830006671000;130;61;69;33,0
19830006672000;431;196;235;46,8
19830006673000;4;2;2;0,0
19830006690000;5;3;2;37,8
19830006691000;4;1;3;0,0
19830006692000;2;1;1;0,0
19830006693000;2;1;1;0,0
19830006695000;5;3;2;51,0
19830006696000;1;1;0;0,0
19830006705000;83;40;43;38,4
19830006706000;20;11;9;58,5
19830006717000;12;5;7;40,5
19830006718000;7;3;4;35,7
19830006723000;53;26;27;36,6
19830006724000;21;11;10;39,1
19830006725000;15;8;7;52,2
19830006735000;4;4;0;0,0
19830006736000;70;35;35;35,6
19830006737000;1;1;0;0,0
19830006743000;4;1;3;0,0
19830006747000;19;11;8;25,6
19830006748000;4;2;2;0,0
19830006749000;26;14;12;53,0
19830006750000;2;1;1;0,0
19830006752000;7;2;5;30,1
19830006753000;19;11;8;32,4
19830006754000;15;7;8;54,2
19830006755000;47;26;21;36,5
19830006787000;9;5;4;49,3
19830006788000;8;7;1;49,6
19830006790000;5;3;2;42,4
19830006800000;18;8;10;38,3
19830006809000;5;3;2;49,2
19830006810000;4;2;2;0,0
19830006815000;8;4;4;48,3
19830006816000;6;2;4;73,5
19830006818000;5;4;1;52,6
19830006821000;2;1;1;0,0
19830006822000;4;1;3;0,0
19830006824000;2;1;1;0,0
19830006825000;6;3;3;37,0
19830006826000;10;8;2;27,3
19830006827000;1;1;0;0,0
19830006828000;1;1;0;0,0
19830006829000;2;1;1;0,0
19830006831000;6;3;3;32,0
19830006833000;9;4;5;40,1
19830006836000;1;1;0;0,0
19830006837000;18;6;12;25,9
19830006838000;23;14;9;46,9
19830006853000;3;2;1;0,0
19830006856000;10;4;6;26,1
19830006858000;16;8;8;35,1
19830006861000;2;0;2;0,0
19830006866000;12;4;8;37,5
19830006868000;4;2;2;0,0
19830006869000;11;6;5;33,6
19830006882000;9;4;5;31,1
19830006883000;25;15;10;49,6
19830006884000;11;7;4;50,5
19830006887000;9;7;2;46,9
19830006888000;1;1;0;0,0
19830006895000;2;1;1;0,0
19830006901000;1;1;0;0,0
19830006904000;88;44;44;38,4
19830006905000;420;217;203;40,5
19830006906000;8;7;1;46,6
19830006907000;347;181;166;43,3
19830006908000;1;1;0;0,0
19830006912000;14;7;7;31,1
19830006914000;24;11;13;36,1
19830006915000;60;39;21;46,4
19840006501000;16;8;8;41,4
19840006509000;2;1;1;0,0
19840006512000;2;1;1;0,0
19840006518000;1;0;1;0,0
19840006519000;4;2;2;0,0
19840006520000;1;0;1;0,0
19840006521000;75;42;33;41,6
19840006522000;64;36;28;23,8
19840006523000;13;7;6;40,5
19840006531000;4;2;2;0,0
19840006533000;19;10;9;40,2
19840006534000;385;198;187;30,0
19840006536000;19;10;9;39,5
19840006541000;1;1;0;0,0
19840006549000;12;6;6;23,2
19840006550000;13;9;4;36,5
19840006555000;322;169;153;32,2
19840006556000;45;23;22;35,2
19840006561000;2;1;1;0,0
19840006562000;16;8;8;49,1
19840006567000;37;20;17;30,9
19840006568000;48;25;23;41,6
19840006570000;3;2;1;0,0
19840006571000;1;1;0;0,0
19840006572000;2;1;1;0,0
19840006577000;319;156;163;37,3
19840006578000;2;1;1;0,0
19840006579000;5;3;2;47,0
19840006580000;2;2;0;0,0
19840006582000;20;8;12;29,7
19840006583000;41;24;17;30,4
19840006584000;35;21;14;32,4
19840006585000;4;3;1;0,0
19840006587000;9;4;5;65,9
19840006588000;20;11;9;47,9
19840006593000;7;4;3;54,0
19840006595000;4;1;3;0,0
19840006596000;25;15;10;39,2
19840006597000;32;13;19;39,6
19840006598000;13;8;5;39,2
19840006600000;5;2;3;30,4
19840006601000;23;13;10;43,9
19840006602000;8;4;4;44,8
19840006603000;5;2;3;44,4
19840006604000;3;2;1;0,0
19840006630000;3;2;1;0,0
19840006633000;12;7;5;36,8
19840006634000;203;110;93;32,0
19840006635000;178;99;79;48,9
19840006636000;189;92;97;42,2
19840006637000;44;25;19;42,2
19840006639000;5;2;3;51,4
19840006642000;19;10;9;42,3
19840006643000;83;46;37;36,9
19840006644000;1;0;1;0,0
19840006648000;9;5;4;40,9
19840006653000;9;5;4;39,8
19840006654000;6;3;3;57,7
19840006662000;45;24;21;40,7
19840006663000;156;83;73;49,3
19840006667000;10;4;6;54,6
19840006668000;364;180;184;37,3
19840006669000;21;10;11;32,3
19840006671000;16;10;6;48,5
19840006672000;11;5;6;44,0
19840006673000;12;6;6;53,4
19840006674000;41;27;14;44,0
19840006675000;13;6;7;65,7
19840006676000;30;16;14;44,8
19840006688000;15;6;9;62,7
19840006689000;2;1;1;0,0
19840006690000;16;7;9;48,4
19840006691000;5;2;3;55,6
19840006693000;2;1;1;0,0
19840006705000;2;2;0;0,0
19840006706000;9;4;5;43,0
19840006707000;5;2;3;49,4
19840006708000;3;2;1;0,0
19840006713000;2;1;1;0,0
19840006717000;1;1;0;0,0
19840006718000;49;26;23;35,9
19840006719000;16;9;7;44,6
19840006720000;32;17;15;30,9
19840006721000;13;4;9;44,5
19840006725000;12;5;7;32,8
19840006726000;46;23;23;41,0
19840006728000;7;3;4;41,3
19840006735000;21;12;9;34,2
19840006737000;12;6;6;32,9
19840006738000;39;19;20;49,1
19840006747000;11;5;6;35,5
19840006752000;6;3;3;69,3
19840006753000;9;6;3;48,9
19840006756000;7;3;4;63,6
19840006757000;6;3;3;62,5
19840006758000;6;3;3;61,2
19840006759000;6;4;2;43,2
19840006767000;1;1;0;0,0
19840006787000;17;9;8;45,7
19840006788000;15;7;8;49,5
19840006790000;12;5;7;60,0
19840006800000;3;2;1;0,0
19840006801000;36;15;21;54,8
19840006803000;8;3;5;40,0
19840006808000;3;1;2;0,0
19840006818000;19;9;10;35,9
19840006819000;31;18;13;41,0
19840006820000;35;19;16;42,9
19840006821000;28;14;14;44,3
19840006822000;35;15;20;36,0
19840006823000;3;1;2;0,0
19840006826000;3;2;1;0,0
19840006829000;6;3;3;64,8
19840006830000;3;2;1;0,0
19840006831000;4;2;2;0,0
19840006832000;6;4;2;43,7
19840006834000;19;8;11;47,1
19840006835000;13;9;4;41,8
19840006836000;16;9;7;39,3
19840006837000;210;79;131;23,6
19840006838000;6;3;3;45,2
19840006849000;7;3;4;61,6
19840006856000;10;7;3;52,4
19840006857000;10;6;4;35,2
19840006858000;16;10;6;51,8
19840006861000;2;2;0;0,0
19840006865000;15;6;9;46,7
19840006867000;5;2;3;28,6
19840006868000;6;4;2;35,5
19840006872000;7;2;5;35,7
19840006883000;14;8;6;47,7
19840006886000;2;1;1;0,0
19840006900000;1;1;0;0,0
19840006902000;3;1;2;0,0
19840006903000;3;1;2;0,0
19840006904000;379;193;186;40,0
19840006905000;103;52;51;39,4
19840006906000;1;1;0;0,0
19840006907000;9;5;4;71,2
19840006908000;20;12;8;46,6
19840006910000;97;49;48;43,8
19840006911000;357;183;174;43,6
19840006912000;109;57;52;40,9
19840006914000;20;13;7;35,9
19840006915000;8;5;3;39,0
19850006499000;7;3;4;54,0
19850006500000;45;25;20;37,8
19850006501000;1;1;0;0,0
19850006502000;3;2;1;0,0
19850006511000;5;3;2;48,2
19850006512000;3;2;1;0,0
19850006519000;3;1;2;0,0
19850006521000;9;4;5;34,4
19850006522000;71;44;27;52,3
19850006528000;2;1;1;0,0
19850006534000;41;21;20;38,9
19850006537000;1;1;0;0,0
19850006550000;3;2;1;0,0
19850006556000;13;7;6;43,0
19850006562000;17;10;7;44,4
19850006567000;11;6;5;44,7
19850006571000;2;2;0;0,0
19850006574000;4;2;2;0,0
19850006577000;698;342;356;38,9
19850006578000;242;122;120;30,6
19850006581000;19;11;8;45,9
19850006582000;36;18;18;50,5
19850006583000;5;3;2;41,4
19850006584000;27;13;14;39,2
19850006585000;60;26;34;40,0
19850006586000;23;14;9;46,2
19850006587000;126;69;57;37,1
19850006588000;5;3;2;46,8
19850006596000;21;9;12;36,8
19850006604000;5;3;2;66,2
19850006605000;11;5;6;41,5
19850006606000;9;4;5;62,3
19850006620000;10;4;6;43,3
19850006621000;2;1;1;0,0
19850006622000;3;2;1;0,0
19850006623000;2;1;1;0,0
19850006629000;47;26;21;31,2
19850006630000;81;37;44;47,5
19850006631000;2;1;1;0,0
19850006635000;8;3;5;32,5
19850006636000;24;11;13;39,3
19850006637000;5;3;2;56,6
19850006638000;10;6;4;60,6
19850006639000;24;13;11;31,2
19850006643000;20;13;7;52,8
19850006644000;24;12;12;40,5
19850006647000;26;14;12;44,7
19850006649000;6;2;4;46,8
19850006653000;9;4;5;56,7
19850006654000;15;5;10;39,9
19850006662000;27;13;14;30,0
19850006664000;49;26;23;37,8
19850006665000;122;60;62;42,1
19850006666000;31;17;14;49,5
19850006667000;45;23;22;43,1
19850006668000;31;15;16;23,2
19850006677000;40;17;23;44,8
19850006678000;7;3;4;64,0
19850006687000;8;4;4;32,4
19850006688000;9;5;4;34,7
19850006692000;1;1;0;0,0
19850006698000;2;2;0;0,0
19850006699000;14;8;6;30,7
19850006709000;9;6;3;47,9
19850006712000;22;9;13;41,8
19850006713000;46;29;17;50,5
19850006715000;19;11;8;53,3
19850006718000;45;21;24;33,1
19850006719000;43;22;21;46,1
19850006720000;53;26;27;36,4
19850006721000;44;24;20;40,7
19850006722000;6;4;2;34,3
19850006725000;39;23;16;36,0
19850006728000;4;2;2;0,0
19850006729000;28;12;16;35,2
19850006730000;24;15;9;41,1
19850006733000;1;0;1;0,0
19850006734000;2;1;1;0,0
19850006735000;166;85;81;38,2
19850006736000;41;23;18;42,2
19850006737000;1;1;0;0,0
19850006738000;17;10;7;38,4
19850006739000;3;2;1;0,0
19850006750000;5;3;2;25,6
19850006757000;85;43;42;47,1
19850006766000;1;1;0;0,0
19850006768000;4;2;2;0,0
19850006781000;8;5;3;52,4
19850006782000;2;0;2;0,0
19850006783000;13;7;6;50,8
19850006784000;2;1;1;0,0
19850006790000;19;13;6;34,8
19850006801000;23;15;8;39,9
19850006802000;66;36;30;35,9
19850006803000;72;40;32;37,0
19850006809000;6;3;3;49,8
19850006817000;1;1;0;0,0
19850006818000;6;3;3;43,3
19850006819000;7;3;4;30,0
19850006828000;3;2;1;0,0
19850006829000;1;0;1;0,0
19850006830000;2;1;1;0,0
19850006835000;5;3;2;53,4
19850006836000;118;60;58;37,6
19850006837000;6;4;2;55,2
19850006840000;2;2;0;0,0
19850006849000;1;1;0;0,0
19850006851000;2;1;1;0,0
19850006852000;5;2;3;42,6
19850006856000;36;23;13;47,0
19850006858000;2;1;1;0,0
19850006861000;34;19;15;38,2
19850006864000;20;10;10;39,7
19850006865000;30;14;16;37,5
19850006886000;12;8;4;34,4
19850006900000;1;1;0;0,0
19850006903000;75;46;29;28,9
19850006904000;69;30;39;39,8
19850006908000;12;4;8;37,2
19850006909000;10;4;6;56,0
19850006910000;29;15;14;41,8
19850006911000;67;33;34;37,0
19850006912000;45;24;21;35,9
19850006913000;73;37;36;36,1
19850006914000;32;16;16;50,1
19860006499000;2;1;1;0,0
19860006504000;5;3;2;37,8
19860006519000;3;1;2;0,0
19860006520000;9;5;4;55,3
19860006521000;26;11;15;35,2
19860006522000;43;26;17;37,4
19860006523000;8;6;2;28,4
19860006529000;9;5;4;31,1
19860006536000;1;1;0;0,0
19860006538000;10;6;4;36,7
19860006563000;7;4;3;37,4
19860006564000;8;3;5;44,0
19860006565000;3;2;1;0,0
19860006566000;11;7;4;30,7
19860006574000;3;2;1;0,0
19860006575000;105;54;51;39,0
19860006576000;717;370;347;45,8
19860006577000;1642;814;828;36,9
19860006578000;1115;554;561;30,1
19860006581000;2;1;1;0,0
19860006582000;73;35;38;36,8
19860006583000;64;38;26;28,8
19860006584000;18;10;8;43,7
19860006586000;33;15;18;39,6
19860006587000;69;32;37;35,1
19860006589000;6;1;5;17,2
19860006590000;6;1;5;15,5
19860006595000;3;2;1;0,0
19860006601000;4;2;2;0,0
19860006605000;22;11;11;36,3
19860006607000;6;4;2;65,8
19860006612000;2;2;0;0,0
19860006614000;9;4;5;51,1
19860006615000;16;8;8;44,4
19860006616000;12;6;6;55,2
19860006617000;2;1;1;0,0
19860006628000;36;14;22;35,1
19860006629000;33;16;17;22,7
19860006630000;281;146;135;41,3
19860006631000;55;29;26;44,5
19860006632000;15;8;7;27,3
19860006636000;13;7;6;23,8
19860006643000;13;8;5;42,3
19860006644000;15;7;8;44,8
19860006646000;58;32;26;37,7
19860006647000;10;6;4;45,4
19860006654000;8;4;4;25,5
19860006661000;1;1;0;0,0
19860006664000;110;55;55;42,8
19860006665000;101;52;49;36,4
19860006666000;13;8;5;52,4
19860006677000;39;21;18;34,8
19860006678000;427;227;200;37,8
19860006679000;13;6;7;20,6
19860006686000;16;10;6;59,7
19860006687000;21;12;9;51,3
19860006688000;9;4;5;36,1
19860006693000;1;0;1;0,0
19860006695000;4;2;2;0,0
19860006697000;30;17;13;54,5
19860006698000;22;9;13;57,5
19860006699000;23;9;14;50,5
19860006700000;4;2;2;0,0
19860006703000;2;1;1;0,0
19860006704000;59;33;26;56,4
19860006706000;24;13;11;47,9
19860006713000;15;5;10;41,0
19860006714000;4;2;2;0,0
19860006719000;12;5;7;32,3
19860006720000;2;1;1;0,0
19860006726000;2;1;1;0,0
19860006728000;7;5;2;68,1
19860006729000;1;1;0;0,0
19860006730000;8;5;3;63,1
19860006731000;11;5;6;45,6
19860006735000;3;2;1;0,0
19860006736000;6;2;4;38,0
19860006738000;6;3;3;39,8
19860006740000;28;14;14;50,5
19860006741000;1;0;1;0,0
19860006746000;8;5;3;43,0
19860006748000;7;4;3;44,1
19860006756000;11;5;6;44,3
19860006757000;31;17;14;53,6
19860006766000;25;16;9;46,1
19860006781000;8;5;3;31,3
19860006784000;8;2;6;75,6
19860006785000;1;0;1;0,0
19860006788000;41;20;21;28,0
19860006789000;11;4;7;54,5
19860006792000;1;0;1;0,0
19860006793000;9;4;5;48,9
19860006798000;6;3;3;62,7
19860006801000;1;1;0;0,0
19860006803000;22;12;10;38,6
19860006809000;6;2;4;51,3
19860006816000;4;2;2;0,0
19860006817000;2;2;0;0,0
19860006828000;5;3;2;69,0
19860006829000;2;1;1;0,0
19860006840000;100;47;53;38,5
19860006841000;9;5;4;40,9
19860006850000;8;4;4;24,9
19860006853000;4;3;1;0,0
19860006861000;1;1;0;0,0
19860006864000;14;10;4;44,5
19860006865000;6;4;2;41,7
19860006869000;2;1;1;0,0
19860006886000;137;66;71;45,3
19860006891000;1;1;0;0,0
19860006898000;7;5;2;61,1
19860006902000;10;6;4;42,6
19860006903000;16;9;7;22,2
19860006911000;8;5;3;38,3
19860006931000;38;18;20;42,3
19860006932000;8;2;6;24,8
19870006499000;8;4;4;38,4
19870006502000;2;2;0;0,0
19870006519000;2;1;1;0,0
19870006520000;20;11;9;51,0
19870006521000;6;3;3;53,5
19870006522000;2;1;1;0,0
19870006523000;4;2;2;0,0
19870006528000;9;5;4;32,6
19870006533000;4;3;1;0,0
19870006535000;2;2;0;0,0
19870006536000;11;7;4;51,0
19870006537000;10;5;5;39,5
19870006562000;5;2;3;55,4
19870006563000;99;50;49;46,1
19870006565000;14;6;8;40,9
19870006574000;66;29;37;31,0
19870006575000;278;141;137;32,7
19870006576000;344;172;172;35,8
19870006577000;1264;646;618;37,6
19870006578000;294;154;140;33,4
19870006582000;50;23;27;31,6
19870006583000;32;18;14;37,3
19870006584000;14;6;8;45,7
19870006587000;7;3;4;31,4
19870006589000;22;8;14;28,5
19870006595000;8;4;4;32,5
19870006597000;12;7;5;56,1
19870006598000;1;1;0;0,0
19870006606000;2;1;1;0,0
19870006612000;21;12;9;54,3
19870006614000;35;16;19;40,0
19870006628000;11;6;5;35,5
19870006629000;6;3;3;68,3
19870006630000;2;2;0;0,0
19870006631000;15;9;6;43,7
19870006632000;32;17;15;34,3
19870006646000;139;67;72;39,1
19870006647000;4;2;2;0,0
19870006649000;5;4;1;61,8
19870006654000;4;2;2;0,0
19870006655000;14;8;6;31,1
19870006656000;82;43;39;37,6
19870006678000;54;25;29;36,5
19870006679000;10;5;5;37,2
19870006686000;31;10;21;45,7
19870006687000;18;9;9;45,4
19870006693000;3;2;1;0,0
19870006694000;1;1;0;0,0
19870006701000;3;2;1;0,0
19870006702000;6;3;3;64,8
19870006703000;91;46;45;41,6
19870006704000;26;16;10;45,9
19870006706000;5;2;3;26,6
19870006707000;4;2;2;0,0
19870006708000;38;20;18;31,9
19870006713000;19;7;12;44,8
19870006714000;125;61;64;39,9
19870006715000;75;42;33;38,5
19870006720000;6;3;3;29,8
19870006724000;7;5;2;37,1
19870006726000;24;14;10;42,5
19870006727000;14;7;7;44,6
19870006728000;28;14;14;40,1
19870006729000;25;12;13;46,7
19870006731000;43;19;24;41,9
19870006732000;19;11;8;37,2
19870006739000;28;14;14;37,9
19870006740000;51;25;26;46,2
19870006744000;7;5;2;26,7
19870006745000;4;2;2;0,0
19870006759000;5;3;2;66,8
19870006760000;5;3;2;54,6
19870006762000;2;1;1;0,0
19870006765000;3;2;1;0,0
19870006766000;4;4;0;0,0
19870006781000;4;2;2;0,0
19870006785000;2;1;1;0,0
19870006788000;12;7;5;66,8
19870006789000;67;38;29;50,0
19870006790000;14;7;7;36,8
19870006801000;15;7;8;56,6
19870006802000;20;9;11;43,8
19870006803000;22;14;8;36,9
19870006810000;14;6;8;45,1
19870006814000;7;3;4;33,3
19870006816000;25;12;13;52,5
19870006817000;2;1;1;0,0
19870006825000;2;2;0;0,0
19870006826000;14;8;6;50,7
19870006829000;1;1;0;0,0
19870006836000;7;4;3;38,7
19870006837000;2;1;1;0,0
19870006838000;11;8;3;40,5
19870006839000;49;24;25;45,0
19870006840000;380;190;190;38,7
19870006841000;289;136;153;36,1
19870006852000;14;9;5;37,6
19870006853000;26;10;16;30,9
19870006855000;8;4;4;57,0
19870006861000;15;9;6;36,8
19870006862000;2;1;1;0,0
19870006863000;14;11;3;41,0
19870006864000;2;1;1;0,0
19870006869000;6;2;4;35,5
19870006886000;321;164;157;41,0
19870006898000;3;2;1;0,0
19870006899000;4;2;2;0,0
19870006902000;2;1;1;0,0
19870006903000;10;7;3;42,2
19870006907000;2;2;0;0,0
19870006911000;37;20;17;53,0
19870006914000;2;1;1;0,0
19870006931000;40;20;20;34,8
19880006499000;31;16;15;49,1
19880006500000;5;3;2;39,4
19880006503000;3;2;1;0,0
19880006504000;1;0;1;0,0
19880006508000;2;1;1;0,0
19880006519000;8;5;3;40,8
19880006520000;3;2;1;0,0
19880006522000;12;4;8;53,7
19880006523000;21;10;11;41,1
19880006524000;7;4;3;27,4
19880006534000;6;3;3;41,5
19880006535000;13;5;8;39,4
19880006536000;18;10;8;33,7
19880006537000;8;4;4;35,4
19880006539000;26;15;11;44,4
19880006556000;2;1;1;0,0
19880006557000;1;1;0;0,0
19880006562000;22;10;12;46,3
19880006563000;316;158;158;37,0
19880006564000;76;36;40;48,9
19880006566000;7;4;3;38,4
19880006567000;10;4;6;32,9
19880006572000;4;2;2;0,0
19880006573000;31;18;13;35,7
19880006574000;62;34;28;42,7
19880006576000;2;1;1;0,0
19880006582000;11;7;4;31,7
19880006587000;7;4;3;37,4
19880006590000;15;8;7;48,5
19880006591000;25;11;14;28,1
19880006592000;38;16;22;39,3
19880006596000;6;3;3;44,5
19880006597000;14;8;6;36,7
19880006598000;3;2;1;0,0
19880006601000;10;7;3;47,7
19880006604000;6;3;3;53,8
19880006605000;3;2;1;0,0
19880006606000;10;5;5;57,8
19880006629000;1;1;0;0,0
19880006632000;19;11;8;45,1
19880006633000;34;18;16;35,5
19880006646000;98;53;45;35,3
19880006647000;62;32;30;33,0
19880006648000;7;4;3;57,4
19880006650000;33;15;18;41,0
19880006656000;54;32;22;38,2
19880006661000;41;20;21;38,8
19880006678000;15;8;7;38,4
19880006679000;32;16;16;45,5
19880006687000;14;8;6;42,4
19880006688000;156;76;80;46,8
19880006689000;10;3;7;45,4
19880006692000;7;1;6;26,1
19880006693000;5;3;2;76,4
19880006694000;3;1;2;0,0
19880006700000;1;1;0;0,0
19880006701000;2;1;1;0,0
19880006702000;2;1;1;0,0
19880006703000;11;5;6;34,8
19880006706000;2;1;1;0,0
19880006707000;28;16;12;47,5
19880006708000;50;26;24;47,9
19880006713000;28;16;12;44,5
19880006714000;251;121;130;43,2
19880006715000;152;82;70;37,8
19880006728000;2;1;1;0,0
19880006729000;9;5;4;39,3
19880006731000;41;20;21;57,9
19880006738000;35;21;14;47,5
19880006741000;71;41;30;38,2
19880006743000;2;1;1;0,0
19880006748000;1;1;0;0,0
19880006749000;2;2;0;0,0
19880006761000;4;1;3;0,0
19880006766000;6;2;4;41,2
19880006780000;4;2;2;0,0
19880006785000;7;3;4;85,0
19880006786000;7;5;2;23,7
19880006791000;16;7;9;35,5
19880006805000;3;2;1;0,0
19880006806000;3;2;1;0,0
19880006811000;7;5;2;45,0
19880006812000;12;4;8;46,6
19880006815000;8;2;6;29,3
19880006816000;18;8;10;39,2
19880006817000;2;1;1;0,0
19880006827000;2;0;2;0,0
19880006830000;3;2;1;0,0
19880006836000;3;2;1;0,0
19880006837000;15;7;8;38,9
19880006838000;102;57;45;40,0
19880006839000;67;34;33;33,7
19880006840000;178;88;90;38,7
19880006841000;208;97;111;46,4
19880006851000;22;10;12;25,7
19880006852000;13;8;5;36,0
19880006855000;23;16;7;29,0
19880006856000;10;5;5;50,4
19880006864000;1;0;1;0,0
19880006865000;9;7;2;48,0
19880006866000;10;5;5;38,8
19880006867000;1;1;0;0,0
19880006869000;10;6;4;47,0
19880006871000;1;1;0;0,0
19880006886000;299;150;149;44,0
19880006887000;327;171;156;40,7
19880006898000;10;6;4;57,7
19880006902000;33;18;15;48,4
19880006903000;77;43;34;39,3
19880006905000;9;5;4;47,3
19880006909000;20;11;9;44,7
19880006910000;23;10;13;60,2
19880006914000;13;6;7;68,7
19880006924000;5;3;2;74,6
19880006926000;12;7;5;59,0
19880006927000;4;2;2;0,0
19880006931000;8;5;3;61,3
19890006498000;13;7;6;52,8
19890006499000;89;47;42;44,6
19890006500000;35;21;14;28,5
19890006502000;11;6;5;35,5
19890006503000;7;3;4;49,7
19890006508000;1;1;0;0,0
19890006522000;14;6;8;46,1
19890006523000;8;4;4;33,1
19890006524000;18;10;8;43,3
19890006525000;6;4;2;31,2
19890006542000;10;8;2;30,4
19890006559000;22;12;10;42,2
19890006560000;23;10;13;35,6
19890006562000;3;1;2;0,0
19890006563000;43;24;19;20,9
19890006566000;2;1;1;0,0
19890006568000;6;3;3;64,2
19890006572000;1;1;0;0,0
19890006573000;9;6;3;33,3
19890006574000;1;0;1;0,0
19890006587000;4;3;1;0,0
19890006588000;32;15;17;44,5
19890006591000;5;3;2;36,6
19890006592000;6;4;2;32,8
19890006593000;55;29;26;35,2
19890006594000;10;8;2;44,5
19890006596000;13;7;6;45,0
19890006597000;13;5;8;36,8
19890006598000;7;4;3;49,7
19890006601000;8;5;3;22,5
19890006604000;5;2;3;15,2
19890006605000;1;1;0;0,0
19890006616000;4;2;2;0,0
19890006617000;14;7;7;40,1
19890006618000;2;2;0;0,0
19890006628000;6;2;4;24,5
19890006629000;28;13;15;37,6
19890006632000;4;3;1;0,0
19890006633000;31;17;14;42,4
19890006634000;52;28;24;36,7
19890006635000;9;6;3;36,6
19890006646000;12;8;4;49,9
19890006647000;8;4;4;35,5
19890006648000;258;130;128;40,9
19890006650000;41;25;16;36,2
19890006656000;15;7;8;50,6
19890006657000;1;0;1;0,0
19890006661000;6;3;3;48,7
19890006662000;6;4;2;54,2
19890006678000;94;45;49;50,2
19890006679000;6;4;2;55,5
19890006681000;5;4;1;37,0
19890006688000;20;10;10;54,4
19890006693000;3;1;2;0,0
19890006696000;1;1;0;0,0
19890006697000;17;8;9;35,2
19890006706000;9;5;4;51,6
19890006707000;9;6;3;59,3
19890006708000;44;25;19;50,2
19890006709000;2;1;1;0,0
19890006713000;6;4;2;52,0
19890006714000;141;69;72;39,1
19890006728000;24;11;13;40,2
19890006731000;19;9;10;43,5
19890006732000;88;42;46;40,0
19890006737000;3;2;1;0,0
19890006738000;1;1;0;0,0
19890006740000;28;16;12;43,0
19890006741000;87;41;46;42,3
19890006765000;1;1;0;0,0
19890006767000;2;1;1;0,0
19890006772000;2;1;1;0,0
19890006781000;3;2;1;0,0
19890006785000;102;50;52;35,8
19890006805000;6;3;3;46,8
19890006806000;28;12;16;37,9
19890006811000;124;52;72;45,2
19890006815000;26;15;11;41,5
19890006817000;4;2;2;0,0
19890006820000;2;1;1;0,0
19890006836000;12;7;5;39,8
19890006838000;11;6;5;54,0
19890006839000;6;2;4;34,8
19890006842000;7;4;3;43,1
19890006850000;2;2;0;0,0
19890006851000;3;2;1;0,0
19890006852000;5;2;3;42,4
19890006855000;32;16;16;48,3
19890006864000;5;1;4;64,2
19890006865000;3;2;1;0,0
19890006868000;21;10;11;54,1
19890006872000;6;4;2;44,0
19890006886000;152;76;76;37,7
19890006892000;2;1;1;0,0
19890006898000;6;3;3;27,2
19890006909000;234;106;128;39,5
19890006910000;50;22;28;42,4
19890006925000;1;0;1;0,0
19890006926000;4;2;2;0,0
19890006930000;9;5;4;31,1
19890006931000;22;14;8;35,8
19890006932000;5;2;3;51,2
19890006933000;32;16;16;51,5
19900006497000;121;63;58;39,9
19900006498000;211;106;105;33,4
19900006499000;507;251;256;38,1
19900006500000;524;279;245;36,7
19900006502000;33;19;14;42,9
19900006503000;5;2;3;22,4
19900006505000;26;13;13;31,7
19900006506000;11;6;5;43,7
19900006507000;2;0;2;0,0
19900006513000;7;3;4;43,7
19900006514000;13;5;8;43,8
19900006515000;10;6;4;28,6
19900006517000;10;5;5;34,8
19900006519000;4;2;2;0,0
19900006521000;1;0;1;0,0
19900006522000;2;1;1;0,0
19900006523000;11;6;5;44,6
19900006524000;2;1;1;0,0
19900006525000;7;5;2;40,1
19900006539000;21;11;10;33,1
19900006542000;3;2;1;0,0
19900006557000;9;4;5;52,9
19900006558000;66;29;37;39,5
19900006562000;31;19;12;29,9
19900006567000;5;3;2;50,0
19900006578000;14;8;6;47,9
19900006579000;6;3;3;49,5
19900006588000;29;18;11;38,8
19900006590000;6;2;4;32,5
19900006593000;118;64;54;38,7
19900006594000;46;23;23;31,1
19900006596000;8;4;4;34,4
19900006597000;6;4;2;40,7
19900006598000;1;1;0;0,0
19900006599000;1;1;0;0,0
19900006601000;12;4;8;33,3
19900006602000;7;3;4;29,1
19900006606000;4;3;1;0,0
19900006611000;10;4;6;60,3
19900006612000;93;43;50;50,5
19900006618000;10;5;5;48,6
19900006619000;4;2;2;0,0
19900006620000;9;5;4;30,1
19900006621000;7;4;3;23,4
19900006627000;8;3;5;64,5
19900006628000;39;15;24;42,4
19900006629000;44;27;17;42,4
19900006630000;12;5;7;25,8
19900006633000;16;7;9;38,2
19900006634000;19;9;10;39,1
19900006648000;240;116;124;41,5
19900006649000;242;129;113;41,4
19900006650000;40;20;20;36,4
19900006656000;312;161;151;39,6
19900006657000;4;2;2;0,0
19900006662000;66;32;34;38,1
19900006663000;21;12;9;42,8
19900006678000;105;54;51;38,4
19900006679000;367;187;180;41,7
19900006685000;9;4;5;32,9
19900006687000;13;7;6;42,2
19900006688000;7;3;4;40,7
19900006689000;11;5;6;41,8
19900006693000;2;1;1;0,0
19900006708000;19;8;11;37,5
19900006713000;2;1;1;0,0
19900006714000;22;10;12;33,5
19900006728000;24;12;12;39,8
19900006731000;75;33;42;38,1
19900006732000;256;142;114;40,9
19900006733000;56;36;20;42,1
19900006737000;29;15;14;48,5
19900006740000;14;6;8;48,8
19900006764000;2;1;1;0,0
19900006767000;2;1;1;0,0
19900006768000;45;21;24;43,5
19900006769000;10;5;5;46,4
19900006770000;2;2;0;0,0
19900006771000;2;1;1;0,0
19900006774000;1;1;0;0,0
19900006775000;2;1;1;0,0
19900006785000;30;14;16;35,5
19900006811000;53;27;26;41,3
19900006817000;10;4;6;47,8
19900006818000;8;3;5;38,8
19900006819000;4;3;1;0,0
19900006820000;1;0;1;0,0
19900006827000;9;4;5;33,7
19900006835000;14;6;8;30,9
19900006836000;22;13;9;42,6
19900006838000;11;6;5;56,9
19900006841000;5;2;3;30,6
19900006851000;77;40;37;38,5
19900006852000;28;12;16;42,6
19900006853000;13;7;6;50,5
19900006855000;35;18;17;41,7
19900006864000;3;1;2;0,0
19900006866000;3;3;0;0,0
19900006868000;24;13;11;43,7
19900006871000;12;6;6;24,8
19900006872000;2;0;2;0,0
19900006908000;13;5;8;21,0
19900006909000;3;2;1;0,0
19900006911000;7;4;3;29,4
19900006929000;3;1;2;0,0
19900006930000;2;2;0;0,0
19900006934000;5;1;4;32,8
19900006935000;4;2;2;0,0
19910006498000;40;22;18;51,3
19910006499000;302;139;163;40,6
19910006500000;671;325;346;44,1
19910006503000;7;5;2;19,4
19910006506000;1;1;0;0,0
19910006507000;5;3;2;52,0
19910006508000;2;2;0;0,0
19910006509000;2;1;1;0,0
19910006510000;7;3;4;45,9
19910006511000;8;4;4;34,6
19910006513000;3;2;1;0,0
19910006515000;17;9;8;41,7
19910006516000;2;1;1;0,0
19910006522000;1;1;0;0,0
19910006524000;5;3;2;68,0
19910006525000;3;2;1;0,0
19910006531000;6;3;3;59,8
19910006540000;2;1;1;0,0
19910006541000;8;4;4;42,4
19910006542000;14;8;6;38,5
19910006544000;6;4;2;37,3
19910006554000;10;6;4;19,7
19910006555000;68;38;30;38,7
19910006558000;33;17;16;42,2
19910006562000;108;54;54;31,2
19910006588000;43;22;21;40,7
19910006595000;1;1;0;0,0
19910006599000;26;14;12;41,3
19910006601000;3;2;1;0,0
19910006602000;6;4;2;44,0
19910006605000;4;1;3;0,0
19910006611000;4;2;2;0,0
19910006612000;76;43;33;38,2
19910006614000;8;5;3;31,4
19910006615000;1;0;1;0,0
19910006619000;2;1;1;0,0
19910006620000;41;23;18;27,3
19910006621000;19;10;9;42,4
19910006623000;1;1;0;0,0
19910006629000;14;5;9;56,1
19910006630000;17;8;9;41,5
19910006631000;7;3;4;47,4
19910006632000;6;4;2;42,8
19910006634000;1;1;0;0,0
19910006636000;3;1;2;0,0
19910006647000;38;16;22;33,0
19910006648000;72;38;34;39,6
19910006649000;317;160;157;37,9
19910006650000;255;127;128;35,4
19910006655000;29;17;12;42,0
19910006656000;244;127;117;48,8
19910006657000;34;20;14;42,1
19910006663000;37;20;17;44,8
19910006664000;2;1;1;0,0
19910006677000;1;0;1;0,0
19910006678000;42;25;17;41,6
19910006679000;47;22;25;25,4
19910006680000;241;126;115;37,8
19910006687000;20;12;8;36,3
19910006690000;3;1;2;0,0
19910006697000;9;4;5;61,8
19910006709000;13;7;6;31,8
19910006713000;45;22;23;39,0
19910006714000;35;18;17;41,3
19910006715000;30;13;17;23,9
19910006728000;95;48;47;42,1
19910006729000;195;100;95;40,5
19910006731000;103;56;47;37,3
19910006732000;9;3;6;33,3
19910006733000;2;1;1;0,0
19910006738000;35;17;18;30,1
19910006740000;284;152;132;37,2
19910006741000;2;1;1;0,0
19910006742000;1;1;0;0,0
19910006744000;2;1;1;0,0
19910006745000;10;5;5;48,0
19910006750000;1;1;0;0,0
19910006763000;7;2;5;41,6
19910006768000;9;5;4;25,4
19910006769000;1;1;0;0,0
19910006775000;2;1;1;0,0
19910006776000;3;2;1;0,0
19910006805000;8;4;4;56,3
19910006806000;51;25;26;35,3
19910006812000;14;7;7;35,8
19910006813000;2;1;1;0,0
19910006814000;5;3;2;64,0
19910006817000;11;7;4;39,5
19910006818000;21;11;10;43,0
19910006827000;8;3;5;49,0
19910006828000;5;2;3;22,0
19910006836000;8;3;5;47,6
19910006842000;20;12;8;39,4
19910006850000;4;3;1;0,0
19910006851000;19;9;10;35,6
19910006854000;2;1;1;0,0
19910006855000;8;4;4;37,0
19910006861000;2;1;1;0,0
19910006864000;3;1;2;0,0
19910006868000;10;5;5;22,8
19910006871000;12;8;4;50,0
19910006872000;4;3;1;0,0
19910006896000;47;22;25;41,7
19910006897000;38;23;15;31,0
19910006898000;3;1;2;0,0
19910006902000;7;3;4;67,9
19910006907000;20;10;10;42,1
19910006910000;8;4;4;28,9
19910006911000;4;2;2;0,0
19910006913000;3;2;1;0,0
19910006924000;11;4;7;41,2
19910006928000;3;2;1;0,0
19910006929000;6;4;2;62,2
19910006934000;30;17;13;51,7
19920006495000;1;1;0;0,0
19920006498000;2;1;1;0,0
19920006499000;53;29;24;43,9
19920006500000;53;26;27;38,9
19920006501000;20;10;10;40,5
19920006502000;7;5;2;61,0
19920006503000;4;2;2;0,0
19920006511000;7;3;4;43,6
19920006512000;3;2;1;0,0
19920006522000;9;5;4;47,6
19920006525000;3;3;0;0,0
19920006544000;3;2;1;0,0
19920006545000;37;18;19;35,0
19920006553000;9;3;6;38,9
19920006554000;22;11;11;44,8
19920006555000;1;1;0;0,0
19920006559000;12;7;5;60,1
19920006563000;5;3;2;48,2
19920006564000;20;11;9;37,7
19920006580000;2;1;1;0,0
19920006590000;15;8;7;58,7
19920006591000;23;12;11;36,3
19920006592000;22;14;8;32,7
19920006594000;4;2;2;0,0
19920006596000;1;1;0;0,0
19920006597000;10;6;4;48,9
19920006598000;14;6;8;64,7
19920006599000;68;35;33;39,0
19920006601000;5;3;2;60,6
19920006602000;2;1;1;0,0
19920006610000;2;1;1;0,0
19920006620000;3;2;1;0,0
19920006621000;12;6;6;53,2
19920006624000;6;4;2;39,5
19920006627000;14;8;6;42,1
19920006630000;19;9;10;38,7
19920006631000;10;6;4;41,1
19920006647000;36;20;16;44,7
19920006648000;40;18;22;38,4
19920006649000;61;34;27;43,0
19920006650000;34;17;17;37,5
19920006655000;6;4;2;34,8
19920006656000;3;2;1;0,0
19920006657000;32;17;15;48,8
19920006658000;6;2;4;39,8
19920006676000;6;4;2;44,5
19920006677000;34;17;17;50,2
19920006678000;4;2;2;0,0
19920006680000;16;9;7;36,9
19920006690000;7;3;4;72,4
19920006691000;7;3;4;47,4
19920006710000;1;1;0;0,0
19920006713000;61;31;30;33,0
19920006714000;1;1;0;0,0
19920006728000;2;1;1;0,0
19920006729000;60;28;32;41,3
19920006730000;364;173;191;45,6
19920006731000;308;147;161;36,4
19920006732000;7;3;4;49,1
19920006738000;48;25;23;45,3
19920006739000;53;29;24;47,0
19920006740000;680;352;328;42,1
19920006741000;32;17;15;49,8
19920006742000;5;2;3;32,6
19920006745000;7;4;3;67,3
19920006748000;66;39;27;40,8
19920006749000;8;4;4;43,6
19920006761000;9;5;4;60,1
19920006763000;1;1;0;0,0
19920006764000;3;2;1;0,0
19920006812000;3;1;2;0,0
19920006817000;20;17;3;47,1
19920006818000;2;1;1;0,0
19920006827000;13;7;6;43,9
19920006834000;1;0;1;0,0
19920006836000;9;4;5;47,6
19920006838000;2;1;1;0,0
19920006841000;9;6;3;50,0
19920006842000;14;7;7;45,9
19920006849000;24;13;11;49,9
19920006850000;9;6;3;50,2
19920006852000;7;5;2;41,1
19920006854000;4;2;2;0,0
19920006864000;4;2;2;0,0
19920006867000;14;9;5;38,1
19920006869000;2;1;1;0,0
19920006872000;1;1;0;0,0
19920006896000;19;8;11;41,5
19920006898000;27;13;14;62,0
19920006899000;9;5;4;32,1
19920006906000;19;10;9;42,8
19920006907000;37;21;16;44,6
19920006908000;28;15;13;53,2
19920006910000;8;6;2;35,4
19920006912000;18;9;9;46,8
19920006913000;1;0;1;0,0
19920006914000;1;0;1;0,0
19920006924000;12;6;6;65,0
19920006932000;2;1;1;0,0
19920006933000;5;2;3;72,6
19930006495000;1;0;1;0,0
19930006496000;3;3;0;0,0
19930006500000;23;10;13;44,1
19930006502000;5;2;3;49,6
19930006503000;7;4;3;55,6
19930006504000;3;2;1;0,0
19930006514000;4;3;1;0,0
19930006516000;2;1;1;0,0
19930006522000;8;4;4;38,3
19930006523000;2;1;1;0,0
19930006552000;8;4;4;47,0
19930006553000;9;5;4;42,3
19930006559000;5;1;4;14,0
19930006560000;20;12;8;38,0
19930006563000;4;2;2;0,0
19930006568000;3;1;2;0,0
19930006591000;2;1;1;0,0
19930006592000;9;5;4;52,6
19930006593000;20;9;11;26,4
19930006596000;17;7;10;48,1
19930006597000;20;11;9;42,7
19930006598000;5;4;1;30,2
19930006599000;6;2;4;40,3
19930006602000;5;2;3;34,2
19930006604000;11;7;4;42,8
19930006611000;1;1;0;0,0
19930006612000;4;2;2;0,0
19930006613000;3;2;1;0,0
19930006618000;6;2;4;35,5
19930006620000;1;0;1;0,0
19930006621000;22;8;14;33,0
19930006622000;6;4;2;51,8
19930006624000;1;1;0;0,0
19930006627000;4;2;2;0,0
19930006628000;5;1;4;40,8
19930006636000;5;4;1;56,4
19930006646000;3;2;1;0,0
19930006647000;75;41;34;38,5
19930006648000;99;49;50;37,1
19930006649000;89;57;32;36,5
19930006650000;4;4;0;0,0
19930006656000;2;1;1;0,0
19930006657000;2;1;1;0,0
19930006663000;3;2;1;0,0
19930006680000;19;10;9;59,2
19930006681000;2;2;0;0,0
19930006689000;9;5;4;46,4
19930006709000;5;3;2;41,4
19930006710000;8;4;4;33,1
19930006713000;80;39;41;35,5
19930006715000;19;11;8;33,5
19930006728000;2;1;1;0,0
19930006729000;32;19;13;36,3
19930006730000;4;3;1;0,0
19930006731000;60;29;31;42,1
19930006732000;4;2;2;0,0
19930006733000;1;1;0;0,0
19930006740000;17;11;6;37,6
19930006741000;28;14;14;37,8
19930006748000;340;165;175;39,4
19930006749000;319;166;153;38,5
19930006758000;1;1;0;0,0
19930006789000;3;2;1;0,0
19930006812000;2;1;1;0,0
19930006827000;14;8;6;44,2
19930006828000;16;7;9;30,4
19930006834000;4;3;1;0,0
19930006837000;3;2;1;0,0
19930006842000;17;10;7;51,0
19930006850000;2;1;1;0,0
19930006851000;2;1;1;0,0
19930006854000;13;8;5;29,2
19930006859000;12;7;5;32,8
19930006866000;91;44;47;33,1
19930006872000;8;4;4;47,4
19930006898000;17;10;7;40,8
19930006899000;24;12;12;47,3
19930006909000;4;2;2;0,0
19930006910000;2;1;1;0,0
19930006912000;4;2;2;0,0
19930006914000;6;2;4;32,0
19930006933000;4;2;2;0,0
19940006502000;7;3;4;53,0
19940006503000;7;4;3;55,6
19940006506000;11;5;6;22,6
19940006509000;2;1;1;0,0
19940006510000;5;2;3;64,4
19940006514000;9;5;4;18,3
19940006516000;2;1;1;0,0
19940006521000;20;10;10;35,4
19940006522000;14;5;9;40,2
19940006523000;4;1;3;0,0
19940006552000;32;17;15;42,5
19940006560000;19;8;11;27,7
19940006561000;6;4;2;63,2
19940006568000;10;6;4;35,7
19940006590000;28;14;14;51,5
19940006592000;5;3;2;39,8
19940006593000;16;10;6;39,3
19940006594000;2;1;1;0,0
19940006595000;5;2;3;41,2
19940006596000;22;10;12;24,2
19940006597000;8;3;5;38,8
19940006598000;46;22;24;42,5
19940006609000;6;3;3;28,5
19940006610000;7;4;3;53,6
19940006611000;2;1;1;0,0
19940006612000;1;1;0;0,0
19940006613000;3;2;1;0,0
19940006616000;3;1;2;0,0
19940006617000;20;10;10;40,2
19940006618000;1;0;1;0,0
19940006619000;33;20;13;39,8
19940006620000;4;2;2;0,0
19940006621000;4;3;1;0,0
19940006622000;10;5;5;61,0
19940006627000;6;4;2;44,8
19940006628000;2;1;1;0,0
19940006636000;6;3;3;57,3
19940006646000;43;24;19;33,1
19940006647000;27;16;11;41,9
19940006648000;29;13;16;46,9
19940006649000;43;19;24;39,7
19940006650000;36;17;19;31,8
19940006651000;8;3;5;29,8
19940006656000;9;5;4;26,3
19940006659000;8;5;3;69,0
19940006660000;2;1;1;0,0
19940006661000;5;3;2;29,8
19940006674000;16;8;8;34,6
19940006675000;5;3;2;37,2
19940006681000;3;2;1;0,0
19940006689000;6;2;4;67,3
19940006690000;24;12;12;59,7
19940006691000;43;25;18;50,0
19940006692000;30;13;17;44,8
19940006693000;1;1;0;0,0
19940006708000;5;2;3;57,0
19940006709000;4;2;2;0,0
19940006711000;14;8;6;43,9
19940006713000;25;15;10;37,8
19940006715000;4;2;2;0,0
19940006727000;3;1;2;0,0
19940006728000;52;25;27;42,6
19940006729000;52;30;22;39,7
19940006741000;9;5;4;44,0
19940006749000;56;29;27;34,9
19940006750000;7;3;4;32,1
19940006759000;2;1;1;0,0
19940006761000;10;6;4;29,0
19940006762000;10;6;4;37,3
19940006763000;35;15;20;27,5
19940006766000;1;1;0;0,0
19940006807000;8;4;4;35,8
19940006808000;1;1;0;0,0
19940006814000;7;4;3;53,7
19940006826000;5;2;3;35,6
19940006827000;3;3;0;0,0
19940006840000;2;1;1;0,0
19940006848000;13;6;7;44,2
19940006849000;2;1;1;0,0
19940006851000;13;8;5;51,5
19940006859000;3;0;3;0,0
19940006863000;17;10;7;48,0
19940006864000;196;102;94;34,2
19940006865000;144;66;78;43,7
19940006866000;17;9;8;46,2
19940006872000;5;2;3;72,6
19940006896000;8;4;4;35,4
19940006911000;27;12;15;43,9
19940006912000;3;2;1;0,0
19940006916000;4;1;3;0,0
19940006917000;16;8;8;36,9
19940006927000;2;1;1;0,0
19950006492000;3;2;1;0,0
19950006504000;7;4;3;30,6
19950006506000;3;2;1;0,0
19950006513000;11;6;5;39,5
19950006521000;24;13;11;39,3
19950006551000;201;110;91;39,1
19950006561000;3;2;1;0,0
19950006585000;7;4;3;50,9
19950006590000;115;63;52;40,3
19950006591000;5;2;3;31,4
19950006592000;4;2;2;0,0
19950006593000;5;3;2;19,0
19950006594000;9;4;5;43,7
19950006595000;26;16;10;33,2
19950006597000;8;5;3;37,0
19950006598000;27;12;15;37,1
19950006599000;4;2;2;0,0
19950006604000;17;9;8;38,8
19950006605000;25;16;9;51,1
19950006609000;10;6;4;46,2
19950006610000;5;3;2;24,0
19950006612000;6;3;3;38,8
19950006613000;6;3;3;36,7
19950006615000;5;2;3;33,4
19950006618000;5;3;2;76,0
19950006620000;16;6;10;36,3
19950006627000;10;4;6;57,3
19950006637000;1;1;0;0,0
19950006646000;11;5;6;58,5
19950006647000;14;9;5;31,1
19950006650000;32;15;17;38,1
19950006651000;8;5;3;53,3
19950006656000;1;1;0;0,0
19950006659000;17;10;7;42,2
19950006660000;4;2;2;0,0
19950006666000;4;2;2;0,0
19950006668000;1;0;1;0,0
19950006673000;16;6;10;30,6
19950006684000;4;3;1;0,0
19950006691000;2;1;1;0,0
19950006692000;97;55;42;31,8
19950006693000;130;63;67;45,2
19950006694000;20;12;8;54,0
19950006695000;11;6;5;57,1
19950006696000;9;5;4;69,3
19950006700000;5;2;3;44,8
19950006701000;27;13;14;50,1
19950006702000;2;1;1;0,0
19950006703000;2;2;0;0,0
19950006707000;3;2;1;0,0
19950006708000;7;3;4;16,4
19950006709000;7;5;2;54,4
19950006711000;7;3;4;40,6
19950006712000;16;9;7;46,4
19950006714000;7;4;3;60,9
19950006715000;27;17;10;44,3
19950006734000;6;2;4;34,7
19950006751000;4;1;3;0,0
19950006760000;12;9;3;43,7
19950006761000;94;43;51;48,6
19950006762000;15;7;8;47,0
19950006763000;14;9;5;63,5
19950006814000;14;7;7;47,7
19950006822000;11;7;4;46,8
19950006824000;1;0;1;0,0
19950006825000;2;1;1;0,0
19950006827000;1;1;0;0,0
19950006834000;1;1;0;0,0
19950006839000;4;2;2;0,0
19950006840000;7;4;3;72,7
19950006841000;14;8;6;46,7
19950006850000;2;1;1;0,0
19950006851000;6;2;4;29,2
19950006853000;13;7;6;42,3
19950006854000;23;12;11;69,0
19950006858000;11;6;5;41,5
19950006861000;2;1;1;0,0
19950006862000;6;2;4;35,2
19950006863000;10;5;5;52,9
19950006865000;108;62;46;41,1
19950006872000;7;5;2;41,9
19950006894000;5;3;2;58,4
19950006896000;11;5;6;36,1
19950006903000;3;2;1;0,0
19950006904000;7;3;4;34,6
19950006911000;25;12;13;54,6
19950006912000;5;2;3;23,0
19950006920000;3;1;2;0,0
19950006924000;4;2;2;0,0
19950006925000;138;70;68;36,1
19950006926000;30;15;15;46,7
19950006928000;5;3;2;71,0
19950006929000;15;6;9;38,0
19960006491000;2;1;1;0,0
19960006492000;19;8;11;56,9
19960006504000;18;11;7;50,5
19960006513000;16;7;9;42,7
19960006514000;11;6;5;48,4
19960006515000;7;4;3;29,3
19960006516000;4;2;2;0,0
19960006518000;7;5;2;29,0
19960006519000;13;9;4;27,8
19960006520000;129;65;64;39,1
19960006521000;3;1;2;0,0
19960006522000;10;4;6;45,7
19960006550000;21;12;9;33,3
19960006551000;245;125;120;26,7
19960006570000;1;1;0;0,0
19960006585000;1;0;1;0,0
19960006588000;1;1;0;0,0
19960006589000;5;4;1;50,2
19960006590000;137;75;62;39,2
19960006591000;4;3;1;0,0
19960006592000;16;9;7;38,6
19960006593000;1;1;0;0,0
19960006598000;4;2;2;0,0
19960006599000;162;85;77;40,7
19960006602000;7;3;4;62,0
19960006603000;15;10;5;52,7
19960006604000;19;11;8;39,2
19960006605000;20;11;9;56,0
19960006619000;3;1;2;0,0
19960006627000;8;5;3;54,3
19960006646000;1;1;0;0,0
19960006647000;12;7;5;41,8
19960006650000;5;2;3;60,0
19960006651000;13;7;6;38,9
19960006652000;7;3;4;42,7
19960006656000;7;4;3;31,7
19960006666000;10;5;5;62,2
19960006668000;1;1;0;0,0
19960006670000;3;2;1;0,0
19960006679000;35;17;18;36,4
19960006680000;32;16;16;39,0
19960006683000;5;3;2;68,2
19960006684000;1;1;0;0,0
19960006704000;45;25;20;40,6
19960006705000;2;1;1;0,0
19960006706000;8;3;5;60,3
19960006707000;10;6;4;40,0
19960006709000;2;2;0;0,0
19960006712000;16;8;8;44,4
19960006713000;3;1;2;0,0
19960006714000;8;3;5;35,5
19960006731000;6;2;4;53,7
19960006732000;14;9;5;49,1
19960006733000;5;2;3;52,6
19960006734000;4;2;2;0,0
19960006751000;17;9;8;65,8
19960006760000;10;5;5;45,3
19960006761000;76;36;40;40,0
19960006804000;3;2;1;0,0
19960006805000;35;20;15;39,1
19960006809000;1;1;0;0,0
19960006815000;9;5;4;56,0
19960006816000;2;1;1;0,0
19960006824000;7;2;5;38,6
19960006825000;9;5;4;40,7
19960006839000;6;1;5;39,8
19960006840000;13;8;5;39,8
19960006841000;15;8;7;34,1
19960006850000;18;10;8;40,1
19960006851000;10;6;4;42,4
19960006854000;5;3;2;33,2
19960006858000;7;3;4;46,7
19960006862000;14;9;5;35,7
19960006864000;58;28;30;44,3
19960006872000;35;16;19;50,8
19960006901000;5;3;2;62,6
19960006903000;33;14;19;34,2
19960006914000;53;22;31;42,5
19960006915000;44;23;21;40,3
19960006916000;525;273;252;44,0
19960006917000;33;18;15;48,8
19960006918000;38;20;18;40,2
19960006923000;15;7;8;39,5
19960006924000;172;91;81;45,2
19960006925000;146;68;78;39,9
19960006926000;14;8;6;44,8
19960006927000;4;2;2;0,0
19960006929000;24;13;11;39,3
19970006492000;7;2;5;54,3
19970006505000;47;23;24;26,0
19970006506000;2;1;1;0,0
19970006513000;16;11;5;43,1
19970006514000;6;3;3;58,0
19970006515000;9;2;7;25,3
19970006516000;7;3;4;51,7
19970006517000;10;4;6;41,1
19970006518000;30;15;15;40,8
19970006519000;28;14;14;38,0
19970006520000;22;12;10;33,3
19970006521000;1;1;0;0,0
19970006522000;3;3;0;0,0
19970006527000;6;3;3;69,3
19970006555000;7;4;3;35,1
19970006570000;8;4;4;38,5
19970006585000;1;1;0;0,0
19970006589000;4;3;1;0,0
19970006590000;111;49;62;41,9
19970006598000;27;14;13;41,2
19970006599000;354;174;180;40,1
19970006600000;46;20;26;46,2
19970006602000;7;4;3;38,3
19970006604000;16;8;8;36,1
19970006620000;1;1;0;0,0
19970006621000;4;3;1;0,0
19970006627000;7;5;2;51,6
19970006628000;8;4;4;37,4
19970006648000;10;7;3;59,3
19970006650000;7;3;4;39,6
19970006655000;4;3;1;0,0
19970006658000;19;9;10;41,3
19970006659000;7;4;3;46,3
19970006666000;18;10;8;29,7
19970006669000;35;18;17;32,7
19970006670000;8;5;3;37,1
19970006677000;18;9;9;39,2
19970006678000;45;22;23;43,3
19970006679000;218;120;98;34,2
19970006680000;224;109;115;37,3
19970006681000;1;0;1;0,0
19970006697000;12;5;7;54,9
19970006698000;5;1;4;43,8
19970006703000;14;8;6;44,4
19970006704000;23;12;11;40,0
19970006712000;4;2;2;0,0
19970006713000;9;5;4;59,9
19970006735000;1;1;0;0,0
19970006751000;152;82;70;40,3
19970006760000;30;17;13;45,4
19970006761000;6;3;3;37,3
19970006763000;22;12;10;37,3
19970006805000;2;1;1;0,0
19970006810000;3;2;1;0,0
19970006814000;4;1;3;0,0
19970006815000;2;1;1;0,0
19970006825000;11;6;5;26,1
19970006839000;28;14;14;45,9
19970006848000;22;10;12;35,3
19970006851000;41;21;20;38,1
19970006854000;17;9;8;46,2
19970006862000;13;7;6;35,7
19970006863000;11;7;4;38,2
19970006871000;1;0;1;0,0
19970006903000;3;2;1;0,0
19970006904000;46;28;18;53,6
19970006905000;23;10;13;50,7
19970006906000;10;5;5;74,5
19970006914000;12;5;7;41,4
19970006915000;18;7;11;47,9
19970006916000;148;73;75;36,2
19970006922000;10;4;6;56,0
19970006923000;23;14;9;44,2
19970006924000;49;25;24;40,5
19970006929000;5;3;2;53,6
19980006492000;17;8;9;39,6
19980006493000;61;30;31;48,5
19980006505000;26;13;13;35,2
19980006506000;5;2;3;45,8
19980006540000;1;1;0;0,0
19980006545000;19;8;11;39,8
19980006548000;14;8;6;46,5
19980006555000;45;24;21;35,8
19980006563000;49;30;19;37,0
19980006564000;1;1;0;0,0
19980006586000;12;5;7;28,6
19980006588000;17;7;10;26,2
19980006589000;5;2;3;62,6
19980006590000;81;43;38;33,2
19980006598000;6;3;3;50,5
19980006599000;51;26;25;35,9
19980006608000;5;4;1;26,2
19980006627000;4;3;1;0,0
19980006628000;2;1;1;0,0
19980006651000;18;9;9;36,9
19980006652000;11;6;5;36,5
19980006658000;4;2;2;0,0
19980006659000;3;2;1;0,0
19980006676000;17;8;9;42,7
19980006677000;12;6;6;37,8
19980006678000;31;15;16;39,1
19980006679000;11;5;6;47,8
19980006680000;149;72;77;40,6
19980006681000;205;102;103;45,2
19980006682000;158;75;83;41,6
19980006683000;2;1;1;0,0
19980006684000;88;42;46;46,1
19980006685000;206;97;109;42,8
19980006686000;22;10;12;49,2
19980006693000;4;3;1;0,0
19980006695000;21;12;9;61,5
19980006696000;17;8;9;40,0
19980006703000;13;6;7;50,2
19980006705000;3;1;2;0,0
19980006714000;3;1;2;0,0
19980006728000;1;1;0;0,0
19980006735000;1;1;0;0,0
19980006751000;154;79;75;41,6
19980006752000;819;377;442;42,6
19980006753000;68;34;34;39,4
19980006756000;3;2;1;0,0
19980006757000;1;1;0;0,0
19980006759000;64;33;31;45,7
19980006762000;11;6;5;46,8
19980006793000;1;0;1;0,0
19980006795000;3;2;1;0,0
19980006805000;14;7;7;53,5
19980006815000;4;2;2;0,0
19980006839000;40;24;16;36,4
19980006851000;12;6;6;41,3
19980006862000;10;6;4;47,2
19980006863000;5;3;2;68,4
19980006872000;43;24;19;39,0
19980006873000;10;4;6;45,5
19980006904000;74;39;35;42,4
19980006906000;7;2;5;49,0
19980006912000;2;1;1;0,0
19980006913000;35;15;20;38,2
19980006914000;24;10;14;47,5
19980006915000;46;23;23;42,2
19980006921000;18;7;11;45,6
19980006922000;8;3;5;39,6
19990006492000;3;1;2;0,0
19990006493000;89;42;47;35,9
19990006504000;36;19;17;39,3
19990006505000;8;2;6;41,4
19990006535000;26;14;12;40,7
19990006540000;3;2;1;0,0
19990006545000;4;2;2;0,0
19990006546000;9;5;4;30,6
19990006548000;21;11;10;46,9
19990006555000;27;13;14;47,9
19990006588000;9;5;4;42,3
19990006589000;28;15;13;35,4
19990006590000;3;1;2;0,0
19990006597000;10;6;4;26,2
19990006598000;27;13;14;40,5
19990006599000;4;3;1;0,0
19990006601000;6;2;4;57,5
19990006609000;17;7;10;44,6
19990006610000;15;8;7;32,5
19990006611000;30;19;11;41,3
19990006614000;17;10;7;36,2
19990006627000;26;14;12;40,7
19990006628000;4;3;1;0,0
19990006647000;1;1;0;0,0
19990006652000;15;9;6;51,1
19990006653000;15;8;7;36,5
19990006658000;1;1;0;0,0
19990006660000;2;1;1;0,0
19990006680000;12;7;5;51,3
19990006681000;60;31;29;41,6
19990006682000;71;40;31;40,3
19990006683000;142;70;72;48,6
19990006684000;336;168;168;45,1
19990006685000;13;6;7;45,8
19990006686000;9;2;7;31,7
19990006687000;44;24;20;52,9
19990006688000;64;31;33;41,7
19990006694000;1;1;0;0,0
19990006695000;22;11;11;58,7
19990006696000;61;27;34;51,4
19990006707000;5;3;2;33,4
19990006708000;7;4;3;49,9
19990006714000;6;4;2;24,5
19990006715000;9;4;5;53,9
19990006716000;11;5;6;37,6
19990006717000;11;7;4;40,1
19990006718000;2;0;2;0,0
19990006729000;31;16;15;38,5
19990006754000;14;8;6;58,1
19990006758000;1;1;0;0,0
19990006767000;9;6;3;49,2
19990006768000;54;26;28;51,8
19990006777000;12;8;4;53,4
19990006814000;5;4;1;56,4
19990006815000;7;5;2;39,9
19990006825000;3;2;1;0,0
19990006826000;7;3;4;35,6
19990006829000;4;3;1;0,0
19990006839000;18;10;8;46,6
19990006842000;14;9;5;46,3
19990006847000;2;1;1;0,0
19990006848000;4;3;1;0,0
19990006849000;2;1;1;0,0
19990006852000;1;1;0;0,0
19990006862000;4;1;3;0,0
19990006863000;31;19;12;37,9
19990006864000;25;13;12;47,2
19990006872000;13;5;8;44,8
19990006873000;10;4;6;22,6
19990006904000;125;61;64;51,0
19990006907000;2;2;0;0,0
19990006912000;21;10;11;47,5
19990006914000;6;3;3;34,0
19990006915000;11;4;7;47,5
19990006920000;3;1;2;0,0
19990006921000;16;7;9;46,1
19990006934000;5;4;1;47,8
20000006491000;2;1;1;0,0
20000006504000;3;2;1;0,0
20000006507000;2;2;0;0,0
20000006535000;10;4;6;36,5
20000006536000;7;5;2;37,3
20000006545000;15;7;8;46,9
20000006546000;28;12;16;34,6
20000006587000;11;5;6;38,5
20000006588000;7;2;5;40,3
20000006596000;8;5;3;34,6
20000006597000;2;1;1;0,0
20000006610000;1;1;0;0,0
20000006611000;121;54;67;38,6
20000006613000;9;5;4;60,0
20000006614000;4;2;2;0,0
20000006615000;4;3;1;0,0
20000006618000;5;1;4;18,2
20000006627000;3;1;2;0,0
20000006653000;21;12;9;41,2
20000006659000;2;1;1;0,0
20000006660000;2;1;1;0,0
20000006661000;4;3;1;0,0
20000006662000;32;18;14;39,9
20000006680000;5;3;2;30,2
20000006683000;15;10;5;44,2
20000006684000;41;21;20;43,7
20000006685000;13;8;5;52,3
20000006688000;6;2;4;72,2
20000006689000;5;2;3;49,6
20000006690000;4;2;2;0,0
20000006695000;27;15;12;47,8
20000006696000;2;1;1;0,0
20000006703000;2;1;1;0,0
20000006708000;11;5;6;52,5
20000006709000;122;66;56;42,4
20000006710000;54;29;25;38,2
20000006729000;1;1;0;0,0
20000006730000;1;1;0;0,0
20000006737000;1;1;0;0,0
20000006755000;1;0;1;0,0
20000006768000;17;6;11;51,0
20000006769000;4;3;1;0,0
20000006770000;6;3;3;66,7
20000006777000;113;52;61;34,5
20000006809000;3;1;2;0,0
20000006821000;5;4;1;60,2
20000006839000;19;8;11;36,4
20000006840000;40;25;15;37,4
20000006841000;47;22;25;42,5
20000006842000;10;5;5;24,9
20000006849000;2;1;1;0,0
20000006851000;20;9;11;40,7
20000006862000;30;14;16;38,4
20000006866000;17;9;8;30,0
20000006867000;10;6;4;39,6
20000006872000;1;1;0;0,0
20000006900000;6;4;2;29,5
20000006903000;2;2;0;0,0
20000006904000;118;55;63;46,1
20000006905000;22;12;10;58,5
20000006913000;7;4;3;38,1
20000006914000;2;1;1;0,0
20000006919000;9;5;4;39,0
20000006934000;26;15;11;47,2
20000006935000;4;1;3;0,0
20010006490000;6;3;3;65,2
20010006491000;8;5;3;47,3
20010006535000;4;2;2;0,0
20010006536000;2;1;1;0,0
20010006555000;10;6;4;43,6
20010006586000;1;1;0;0,0
20010006587000;7;3;4;40,1
20010006599000;6;3;3;43,0
20010006600000;7;4;3;42,3
20010006609000;2;1;1;0,0
20010006610000;75;37;38;36,8
20010006611000;30;14;16;44,9
20010006612000;16;8;8;38,0
20010006617000;3;2;1;0,0
20010006625000;1;1;0;0,0
20010006629000;4;1;3;0,0
20010006653000;9;4;5;44,2
20010006654000;4;2;2;0,0
20010006655000;76;41;35;34,2
20010006656000;23;10;13;41,5
20010006661000;48;26;22;40,4
20010006662000;7;4;3;67,6
20010006683000;3;2;1;0,0
20010006690000;2;1;1;0,0
20010006691000;13;9;4;39,3
20010006692000;3;2;1;0,0
20010006696000;3;1;2;0,0
20010006697000;14;8;6;52,2
20010006709000;8;3;5;44,0
20010006710000;78;36;42;45,5
20010006711000;3;1;2;0,0
20010006729000;2;2;0;0,0
20010006750000;11;5;6;51,8
20010006754000;1;1;0;0,0
20010006771000;4;3;1;0,0
20010006777000;70;36;34;40,5
20010006809000;1;1;0;0,0
20010006815000;11;8;3;48,3
20010006816000;22;11;11;60,1
20010006822000;10;6;4;41,1
20010006838000;3;2;1;0,0
20010006840000;125;67;58;44,8
20010006841000;101;50;51;37,6
20010006846000;7;3;4;40,1
20010006847000;1;1;0;0,0
20010006849000;1;1;0;0,0
20010006851000;7;4;3;32,7
20010006852000;17;7;10;41,9
20010006853000;7;1;6;42,6
20010006860000;1;1;0;0,0
20010006862000;22;7;15;40,4
20010006867000;16;9;7;47,1
20010006868000;2;1;1;0,0
20010006900000;20;10;10;35,9
20010006904000;14;9;5;47,2
20010006905000;29;14;15;50,4
20010006911000;31;17;14;57,5
20010006912000;10;4;6;45,2
20010006916000;6;1;5;26,5
20010006917000;37;20;17;38,4
20010006918000;21;12;9;47,5
20010006925000;15;7;8;52,9
20010006926000;12;7;5;31,3
20010006930000;6;4;2;40,3
20010006933000;20;9;11;58,2
20010006935000;34;12;22;27,7
20010006936000;6;4;2;35,0
20020006495000;1;1;0;0,0
20020006503000;1;1;0;0,0
20020006504000;3;2;1;0,0
20020006509000;2;2;0;0,0
20020006528000;1;1;0;0,0
20020006536000;6;2;4;34,3
20020006550000;16;9;7;39,3
20020006554000;6;2;4;28,7
20020006555000;5;2;3;52,0
20020006587000;2;1;1;0,0
20020006598000;11;5;6;35,7
20020006599000;8;3;5;34,8
20020006609000;11;6;5;50,1
20020006610000;7;2;5;34,9
20020006611000;33;19;14;49,9
20020006612000;3;2;1;0,0
20020006616000;2;1;1;0,0
20020006617000;2;1;1;0,0
20020006627000;4;2;2;0,0
20020006631000;6;3;3;22,5
20020006652000;4;2;2;0,0
20020006653000;8;4;4;34,9
20020006654000;2;1;1;0,0
20020006655000;2;1;1;0,0
20020006660000;15;4;11;41,5
20020006661000;16;8;8;44,3
20020006692000;14;7;7;46,9
20020006696000;3;2;1;0,0
20020006697000;3;1;2;0,0
20020006710000;4;1;3;0,0
20020006711000;21;12;9;45,8
20020006712000;33;19;14;54,5
20020006713000;27;13;14;39,0
20020006756000;4;2;2;0,0
20020006816000;3;2;1;0,0
20020006838000;6;3;3;43,3
20020006839000;37;19;18;36,7
20020006840000;29;14;15;49,7
20020006841000;20;10;10;42,3
20020006847000;30;17;13;37,0
20020006848000;17;8;9;43,8
20020006849000;5;3;2;25,4
20020006852000;11;5;6;42,5
20020006862000;5;2;3;23,0
20020006867000;2;1;1;0,0
20020006876000;1;1;0;0,0
20020006898000;23;9;14;40,3
20020006899000;4;2;2;0,0
20020006900000;9;5;4;35,1
20020006902000;1;1;0;0,0
20020006903000;21;12;9;42,5
20020006906000;13;6;7;51,1
20020006911000;5;3;2;46,8
20020006912000;16;8;8;49,5
20020006916000;7;4;3;58,3
20020006917000;17;11;6;55,8
20020006922000;12;5;7;36,3
20020006923000;11;4;7;52,2
20020006927000;22;13;9;53,1
20020006928000;4;2;2;0,0
20020006932000;24;9;15;42,0
20020006933000;69;44;25;44,3
20020006934000;21;10;11;53,4
20020006935000;11;4;7;44,2
20030006485000;94;48;46;49,3
20030006486000;111;56;55;37,0
20030006490000;18;12;6;34,4
20030006491000;1;0;1;0,0
20030006495000;1;0;1;0,0
20030006528000;1;1;0;0,0
20030006536000;10;5;5;33,6
20030006554000;2;2;0;0,0
20030006555000;8;5;3;28,8
20030006575000;1;1;0;0,0
20030006587000;10;6;4;29,7
20030006588000;8;5;3;65,0
20030006599000;1;1;0;0,0
20030006609000;9;5;4;36,6
20030006612000;13;9;4;28,8
20030006621000;4;2;2;0,0
20030006631000;15;7;8;29,3
20030006654000;20;10;10;44,0
20030006693000;3;2;1;0,0
20030006699000;6;3;3;26,2
20030006712000;16;10;6;51,9
20030006713000;86;45;41;53,7
20030006714000;153;76;77;44,6
20030006715000;104;52;52;39,4
20030006716000;7;5;2;54,0
20030006749000;7;5;2;40,1
20030006772000;7;4;3;32,7
20030006773000;18;12;6;34,0
20030006777000;2;2;0;0,0
20030006778000;12;7;5;47,2
20030006816000;3;2;1;0,0
20030006838000;7;3;4;44,1
20030006839000;12;6;6;42,0
20030006840000;88;50;38;45,8
20030006841000;8;4;4;38,3
20030006846000;8;4;4;38,0
20030006847000;5;3;2;66,4
20030006848000;6;2;4;29,5
20030006849000;16;7;9;63,9
20030006852000;3;1;2;0,0
20030006853000;2;1;1;0,0
20030006873000;9;4;5;70,1
20030006897000;45;21;24;49,1
20030006898000;41;18;23;50,8
20030006899000;9;5;4;55,1
20030006902000;28;17;11;43,3
20030006903000;12;6;6;45,3
20030006912000;22;11;11;44,5
20030006913000;8;3;5;33,1
20030006914000;11;6;5;41,9
20030006915000;9;5;4;49,1
20030006916000;5;2;3;67,2
20030006917000;1;1;0;0,0
20030006922000;40;23;17;41,3
20030006928000;35;18;17;40,5
20030006929000;32;18;14;59,0
20030006930000;39;23;16;43,0
20030006931000;5;3;2;31,2
20030006938000;10;4;6;55,1
20040006470000;161;89;72;44,3
20040006471000;292;146;146;40,0
20040006484000;6;4;2;47,0
20040006485000;44;20;24;54,5
20040006486000;24;12;12;39,3
20040006490000;1;0;1;0,0
20040006491000;33;18;15;38,4
20040006494000;3;2;1;0,0
20040006500000;2;1;1;0,0
20040006514000;1;1;0;0,0
20040006519000;24;10;14;32,3
20040006520000;17;12;5;28,5
20040006528000;1;0;1;0,0
20040006529000;2;2;0;0,0
20040006551000;6;3;3;56,2
20040006574000;1;1;0;0,0
20040006588000;10;4;6;37,1
20040006598000;4;2;2;0,0
20040006599000;1;1;0;0,0
20040006600000;7;3;4;49,3
20040006605000;5;3;2;64,8
20040006608000;4;2;2;0,0
20040006623000;8;3;5;33,3
20040006654000;19;13;6;36,9
20040006699000;9;3;6;39,6
20040006715000;28;12;16;50,5
20040006716000;6;3;3;43,0
20040006717000;8;5;3;45,3
20040006718000;6;3;3;35,2
20040006727000;1;1;0;0,0
20040006749000;16;7;9;41,6
20040006759000;1;1;0;0,0
20040006773000;10;5;5;20,7
20040006778000;10;4;6;38,2
20040006779000;23;14;9;26,7
20040006802000;7;4;3;42,9
20040006803000;6;3;3;63,3
20040006805000;27;12;15;51,2
20040006806000;9;4;5;39,8
20040006810000;6;2;4;44,3
20040006815000;3;1;2;0,0
20040006816000;2;1;1;0,0
20040006820000;3;1;2;0,0
20040006822000;1;1;0;0,0
20040006833000;7;5;2;60,4
20040006834000;6;3;3;38,2
20040006835000;20;11;9;43,7
20040006836000;14;5;9;41,1
20040006837000;7;3;4;44,9
20040006838000;11;6;5;41,9
20040006839000;4;3;1;0,0
20040006840000;25;13;12;42,6
20040006846000;14;8;6;29,4
20040006849000;5;2;3;31,2
20040006853000;58;31;27;38,9
20040006854000;5;2;3;62,0
20040006861000;13;6;7;38,1
20040006897000;102;50;52;39,5
20040006898000;5;3;2;45,6
20040006899000;3;0;3;0,0
20040006913000;4;2;2;0,0
20040006914000;1;1;0;0,0
20040006922000;26;14;12;45,6
20040006931000;36;15;21;51,0
20040006937000;17;7;10;58,8
20040006938000;6;5;1;46,0
20040006939000;5;4;1;33,2
20040006940000;5;3;2;43,8
20050006469000;265;145;120;38,9
20050006470000;384;207;177;40,9
20050006471000;16;8;8;54,5
20050006472000;38;19;19;35,4
20050006473000;17;10;7;39,6
20050006483000;4;3;1;0,0
20050006484000;14;8;6;55,8
20050006485000;50;26;24;40,9
20050006486000;31;16;15;60,0
20050006491000;19;12;7;27,2
20050006514000;3;3;0;0,0
20050006516000;9;6;3;57,2
20050006517000;12;4;8;38,1
20050006518000;93;50;43;37,0
20050006519000;123;70;53;36,3
20050006520000;26;16;10;29,2
20050006521000;13;7;6;32,0
20050006575000;3;3;0;0,0
20050006607000;7;3;4;34,6
20050006612000;4;4;0;0,0
20050006613000;5;2;3;30,6
20050006626000;639;316;323;45,7
20050006627000;388;182;206;34,3
20050006630000;1;0;1;0,0
20050006660000;1;1;0;0,0
20050006714000;6;2;4;60,0
20050006715000;74;37;37;51,2
20050006716000;6;4;2;47,2
20050006717000;7;3;4;58,7
20050006718000;10;5;5;46,9
20050006726000;2;1;1;0,0
20050006749000;5;3;2;35,0
20050006805000;8;6;2;43,4
20050006806000;5;2;3;54,0
20050006811000;6;3;3;51,5
20050006815000;2;1;1;0,0
20050006835000;30;17;13;42,9
20050006836000;18;8;10;42,2
20050006838000;6;4;2;63,5
20050006839000;3;1;2;0,0
20050006840000;14;7;7;44,9
20050006841000;10;4;6;37,6
20050006845000;13;7;6;55,9
20050006849000;5;2;3;65,6
20050006853000;55;28;27;26,1
20050006854000;90;44;46;35,9
20050006861000;3;2;1;0,0
20050006862000;9;6;3;41,9
20050006891000;1;0;1;0,0
20050006897000;2;2;0;0,0
20050006902000;2;1;1;0,0
20050006912000;7;2;5;39,3
20050006913000;60;30;30;41,7
20050006914000;184;95;89;44,9
20050006915000;42;24;18;43,8
20050006916000;2;1;1;0,0
20050006921000;5;4;1;62,2
20050006922000;5;2;3;49,0
20050006931000;12;5;7;54,1
20050006932000;4;2;2;0,0
20050006934000;33;18;15;40,6
20050006935000;2;1;1;0,0
20050006937000;17;9;8;50,9
20050006938000;12;7;5;53,6
20050006939000;3;2;1;0,0
20050006940000;16;8;8;60,7
20060006469000;15;9;6;37,3
20060006472000;79;55;24;33,7
20060006473000;86;53;33;43,6
20060006474000;39;18;21;43,1
20060006483000;117;52;65;46,1
20060006484000;6;2;4;43,5
20060006497000;2;1;1;0,0
20060006500000;7;4;3;26,1
20060006506000;15;7;8;47,1
20060006510000;4;1;3;0,0
20060006511000;192;94;98;30,9
20060006512000;33;14;19;42,0
20060006514000;2;1;1;0,0
20060006516000;51;24;27;36,8
20060006517000;43;26;17;53,9
20060006518000;35;21;14;34,0
20060006523000;6;2;4;39,0
20060006524000;26;16;10;39,2
20060006572000;1;0;1;0,0
20060006613000;4;1;3;0,0
20060006614000;11;5;6;43,7
20060006615000;7;4;3;36,9
20060006616000;8;5;3;33,3
20060006625000;16;6;10;29,4
20060006626000;143;72;71;29,9
20060006632000;2;1;1;0,0
20060006655000;7;4;3;30,6
20060006656000;7;4;3;35,3
20060006694000;27;16;11;54,2
20060006695000;13;7;6;34,6
20060006705000;8;2;6;38,6
20060006706000;11;4;7;48,1
20060006713000;10;5;5;44,5
20060006714000;8;5;3;42,6
20060006756000;111;57;54;36,4
20060006757000;24;13;11;41,8
20060006760000;3;2;1;0,0
20060006772000;4;2;2;0,0
20060006779000;3;1;2;0,0
20060006804000;8;2;6;37,4
20060006805000;33;19;14;44,2
20060006806000;6;3;3;26,5
20060006810000;2;0;2;0,0
20060006815000;7;4;3;38,0
20060006820000;6;4;2;44,5
20060006833000;11;5;6;33,2
20060006835000;16;9;7;40,3
20060006836000;9;5;4;43,3
20060006837000;5;1;4;12,2
20060006838000;8;6;2;41,5
20060006839000;21;12;9;44,2
20060006840000;30;16;14;39,0
20060006845000;12;5;7;27,3
20060006852000;21;10;11;44,4
20060006854000;107;60;47;42,6
20060006855000;31;17;14;35,3
20060006861000;8;4;4;44,0
20060006901000;14;9;5;45,2
20060006902000;5;1;4;30,8
20060006909000;3;2;1;0,0
20060006910000;4;2;2;0,0
20060006911000;3;2;1;0,0
20060006912000;19;10;9;38,6
20060006913000;28;11;17;47,2
20060006914000;54;29;25;39,4
20060006915000;63;36;27;42,0
20060006918000;39;21;18;36,7
20060006921000;8;4;4;65,5
20060006931000;4;2;2;0,0
20060006932000;9;5;4;64,3
20060006935000;2;1;1;0,0
20060006937000;24;13;11;56,4
20060006938000;84;40;44;48,3
20060006939000;14;7;7;52,1
20070006467000;8;5;3;57,0
20070006468000;43;23;20;31,7
20070006469000;45;26;19;31,8
20070006471000;44;21;23;40,0
20070006472000;38;22;16;40,4
20070006473000;54;27;27;34,4
20070006474000;24;11;13;38,6
20070006475000;2;0;2;0,0
20070006476000;2;1;1;0,0
20070006485000;17;10;7;50,2
20070006486000;3;2;1;0,0
20070006495000;3;2;1;0,0
20070006506000;6;2;4;26,0
20070006507000;28;15;13;49,4
20070006508000;64;29;35;49,7
20070006509000;376;185;191;37,1
20070006510000;531;255;276;37,3
20070006511000;626;312;314;41,5
20070006517000;28;17;11;30,3
20070006530000;5;3;2;38,8
20070006552000;11;5;6;37,7
20070006588000;1;1;0;0,0
20070006599000;8;2;6;29,9
20070006614000;1;1;0;0,0
20070006616000;4;1;3;0,0
20070006625000;69;39;30;39,0
20070006626000;12;6;6;43,8
20070006635000;2;1;1;0,0
20070006642000;6;3;3;30,3
20070006694000;31;17;14;35,0
20070006695000;15;7;8;50,9
20070006702000;2;1;1;0,0
20070006703000;7;4;3;29,9
20070006704000;4;3;1;0,0
20070006705000;11;6;5;31,7
20070006706000;11;5;6;27,9
20070006712000;1;1;0;0,0
20070006713000;16;9;7;26,4
20070006724000;42;22;20;34,1
20070006725000;2;2;0;0,0
20070006747000;9;5;4;57,8
20070006748000;2;1;1;0,0
20070006756000;6;3;3;54,8
20070006757000;25;12;13;45,6
20070006761000;3;1;2;0,0
20070006762000;4;2;2;0,0
20070006778000;8;4;4;56,1
20070006815000;17;10;7;46,0
20070006818000;6;2;4;48,5
20070006819000;5;2;3;49,6
20070006820000;53;26;27;50,6
20070006831000;13;4;9;44,1
20070006832000;3;1;2;0,0
20070006833000;166;85;81;39,2
20070006836000;2;2;0;0,0
20070006837000;36;19;17;47,1
20070006838000;50;30;20;40,6
20070006840000;77;41;36;34,4
20070006841000;3;2;1;0,0
20070006854000;371;203;168;43,0
20070006855000;481;246;235;36,7
20070006861000;3;2;1;0,0
20070006889000;18;8;10;45,1
20070006901000;39;18;21;41,1
20070006902000;1;0;1;0,0
20070006909000;12;6;6;49,3
20070006910000;11;6;5;49,3
20070006912000;5;2;3;62,4
20070006917000;13;6;7;39,1
20070006918000;73;36;37;44,8
20070006921000;31;11;20;39,4
20070006930000;5;3;2;49,6
20070006931000;9;4;5;44,0
20070006937000;5;2;3;62,4
20070006938000;2;2;0;0,0
20080006467000;22;12;10;44,4
20080006468000;50;22;28;40,5
20080006470000;25;13;12;45,2
20080006471000;108;61;47;38,5
20080006472000;183;100;83;37,8
20080006473000;8;5;3;50,0
20080006474000;7;5;2;25,6
20080006487000;3;1;2;0,0
20080006491000;13;9;4;29,3
20080006492000;24;11;13;54,6
20080006501000;3;2;1;0,0
20080006503000;1;1;0;0,0
20080006504000;15;7;8;41,8
20080006505000;29;18;11;53,6
20080006509000;163;83;80;38,8
20080006510000;122;59;63;36,3
20080006517000;13;7;6;42,0
20080006530000;7;3;4;40,4
20080006536000;2;1;1;0,0
20080006573000;2;1;1;0,0
20080006584000;4;2;2;0,0
20080006598000;4;2;2;0,0
20080006599000;38;19;19;41,7
20080006600000;14;6;8;46,1
20080006615000;6;2;4;30,5
20080006616000;15;8;7;40,1
20080006623000;1;1;0;0,0
20080006624000;28;13;15;36,9
20080006625000;21;11;10;33,9
20080006631000;27;17;10;45,8
20080006632000;4;2;2;0,0
20080006642000;32;20;12;49,6
20080006662000;44;19;25;39,5
20080006700000;2;1;1;0,0
20080006707000;47;24;23;43,3
20080006708000;16;8;8;57,2
20080006712000;10;5;5;45,1
20080006724000;18;8;10;50,8
20080006725000;115;60;55;39,8
20080006746000;5;3;2;67,6
20080006747000;2;1;1;0,0
20080006757000;36;20;16;45,5
20080006758000;1;1;0;0,0
20080006772000;21;9;12;38,8
20080006778000;17;7;10;42,9
20080006815000;26;12;14;44,2
20080006820000;187;80;107;44,5
20080006821000;13;6;7;54,5
20080006822000;6;4;2;49,0
20080006825000;2;1;1;0,0
20080006831000;2;2;0;0,0
20080006832000;128;64;64;25,0
20080006833000;459;221;238;31,9
20080006834000;97;51;46;51,0
20080006837000;14;10;4;41,6
20080006838000;19;8;11;52,4
20080006839000;7;4;3;44,4
20080006840000;45;24;21;33,7
20080006854000;51;27;24;39,7
20080006855000;246;139;107;38,4
20080006856000;12;5;7;45,8
20080006861000;2;1;1;0,0
20080006867000;20;9;11;41,6
20080006868000;7;3;4;51,4
20080006889000;4;2;2;0,0
20080006900000;21;9;12;43,9
20080006901000;4;1;3;0,0
20080006902000;7;3;4;27,4
20080006911000;8;3;5;37,3
20080006919000;3;1;2;0,0
20080006920000;52;31;21;37,0
20080006921000;360;182;178;45,6
20080006929000;2;2;0;0,0
20080006930000;5;3;2;60,0
20090006468000;31;18;13;45,6
20090006469000;20;12;8;40,7
20090006470000;38;20;18;44,2
20090006471000;22;10;12;43,0
20090006474000;9;7;2;35,1
20090006475000;28;16;12;35,7
20090006476000;10;7;3;29,0
20090006477000;6;3;3;65,8
20090006485000;1;0;1;0,0
20090006486000;7;3;4;61,4
20090006487000;12;7;5;52,7
20090006501000;4;2;2;0,0
20090006508000;12;7;5;42,7
20090006509000;16;10;6;64,4
20090006518000;10;6;4;27,5
20090006598000;1;1;0;0,0
20090006599000;6;2;4;47,7
20090006600000;7;2;5;43,0
20090006615000;14;6;8;32,9
20090006624000;16;11;5;33,9
20090006625000;8;4;4;42,6
20090006631000;10;6;4;37,0
20090006642000;16;9;7;45,4
20090006643000;33;15;18;37,5
20090006645000;1;0;1;0,0
20090006663000;13;7;6;56,6
20090006664000;4;2;2;0,0
20090006698000;2;2;0;0,0
20090006700000;10;5;5;40,8
20090006708000;18;9;9;42,9
20090006712000;34;22;12;44,2
20090006713000;15;7;8;30,7
20090006724000;1;1;0;0,0
20090006725000;100;48;52;36,3
20090006726000;19;10;9;55,3
20090006745000;11;4;7;50,5
20090006756000;12;6;6;28,8
20090006772000;2;2;0;0,0
20090006778000;8;4;4;50,5
20090006807000;29;16;13;56,0
20090006808000;27;10;17;34,9
20090006815000;8;4;4;58,9
20090006821000;48;26;22;44,4
20090006822000;6;1;5;33,0
20090006826000;12;6;6;28,6
20090006830000;35;17;18;39,7
20090006833000;13;8;5;38,6
20090006834000;50;27;23;38,6
20090006839000;27;16;11;38,8
20090006840000;41;22;19;29,2
20090006851000;3;1;2;0,0
20090006852000;4;3;1;0,0
20090006855000;3;2;1;0,0
20090006856000;49;24;25;43,2
20090006857000;30;15;15;47,1
20090006868000;27;15;12;38,1
20090006890000;39;20;19;37,1
20090006891000;30;13;17;42,4
20090006897000;37;21;16;45,8
20090006900000;123;67;56;35,3
20090006901000;52;27;25;37,1
20090006902000;3;2;1;0,0
20090006904000;5;3;2;34,6
20090006911000;1;0;1;0,0
20090006915000;15;10;5;52,0
20090006916000;17;10;7;43,5
20090006917000;21;10;11;30,8
20090006919000;59;32;27;34,7
20090006920000;60;34;26;31,5
20090006921000;88;41;47;46,6
20090006928000;39;18;21;42,2
20090006934000;17;10;7;46,4
20090006935000;19;11;8;30,9
20090006937000;19;8;11;48,2
20100006467000;32;19;13;46,3
20100006468000;9;4;5;58,2
20100006469000;466;226;240;40,6
20100006470000;180;92;88;38,3
20100006471000;32;16;16;32,8
20100006472000;34;21;13;34,6
20100006473000;9;4;5;30,2
20100006474000;1;1;0;0,0
20100006477000;5;2;3;57,4
20100006484000;1;1;0;0,0
20100006485000;85;46;39;39,9
20100006486000;14;8;6;49,2
20100006488000;1;1;0;0,0
20100006489000;41;24;17;54,5
20100006490000;28;13;15;36,0
20100006491000;25;13;12;43,1
20100006492000;639;322;317;40,5
20100006493000;26;12;14;40,3
20100006496000;1;1;0;0,0
20100006498000;3;2;1;0,0
20100006499000;2;2;0;0,0
20100006508000;22;8;14;42,2
20100006521000;2;1;1;0,0
20100006532000;2;1;1;0,0
20100006622000;4;2;2;0,0
20100006632000;3;2;1;0,0
20100006633000;11;5;6;34,2
20100006635000;1;1;0;0,0
20100006642000;203;108;95;41,7
20100006643000;382;187;195;43,8
20100006644000;40;20;20;44,2
20100006664000;2;1;1;0,0
20100006695000;5;4;1;29,6
20100006711000;4;2;2;0,0
20100006713000;47;21;26;47,7
20100006714000;2;1;1;0,0
20100006725000;130;74;56;35,7
20100006726000;18;10;8;35,9
20100006745000;1;0;1;0,0
20100006755000;1;1;0;0,0
20100006756000;2;0;2;0,0
20100006780000;49;21;28;40,2
20100006781000;12;5;7;34,8
20100006804000;8;3;5;39,6
20100006807000;1;0;1;0,0
20100006810000;8;3;5;43,0
20100006814000;3;2;1;0,0
20100006815000;1;0;1;0,0
20100006829000;20;10;10;41,9
20100006830000;4;2;2;0,0
20100006833000;16;9;7;32,9
20100006834000;7;5;2;53,7
20100006839000;10;5;5;55,8
20100006840000;32;20;12;41,8
20100006841000;8;4;4;39,4
20100006849000;41;21;20;39,7
20100006850000;218;109;109;31,6
20100006851000;30;18;12;32,9
20100006852000;14;7;7;40,1
20100006854000;3;1;2;0,0
20100006856000;26;12;14;34,7
20100006857000;71;37;34;36,2
20100006858000;8;4;4;33,9
20100006859000;11;7;4;61,5
20100006861000;1;0;1;0,0
20100006891000;58;29;29;37,1
20100006897000;4;3;1;0,0
20100006899000;1;1;0;0,0
20100006900000;24;11;13;34,5
20100006901000;15;7;8;49,4
20100006902000;42;20;22;35,2
20100006903000;6;3;3;66,3
20100006908000;11;8;3;38,4
20100006909000;16;8;8;47,9
20100006910000;25;12;13;53,4
20100006915000;29;12;17;38,9
20100006916000;26;16;10;45,4
20100006918000;20;11;9;48,6
20100006919000;2;2;0;0,0
20100006920000;6;3;3;23,7
20100006921000;41;17;24;38,4
20100006928000;2;0;2;0,0
20100006932000;112;52;60;53,3
20100006933000;202;109;93;30,4
20100006934000;12;5;7;57,8
20100006936000;41;24;17;47,0
20100006937000;6;3;3;38,2
20100006938000;10;4;6;45,0
20100006939000;3;2;1;0,0
20100006940000;46;20;26;38,4
20110006466000;6;3;3;47,2
20110006467000;28;14;14;37,9
20110006468000;127;60;67;36,8
20110006469000;716;328;388;45,6
20110006470000;257;121;136;41,3
20110006471000;7;3;4;31,3
20110006472000;32;14;18;46,5
20110006473000;37;19;18;36,9
20110006477000;2;1;1;0,0
20110006478000;39;18;21;36,1
20110006484000;86;46;40;44,0
20110006489000;9;6;3;39,7
20110006490000;62;31;31;47,0
20110006491000;520;265;255;44,9
20110006492000;920;468;452;43,3
20110006493000;84;43;41;42,1
20110006495000;24;12;12;48,0
20110006496000;23;13;10;45,4
20110006498000;8;5;3;64,1
20110006499000;15;11;4;62,1
20110006500000;20;10;10;48,0
20110006501000;1;1;0;0,0
20110006504000;47;25;22;46,9
20110006531000;1;1;0;0,0
20110006532000;4;2;2;0,0
20110006593000;3;1;2;0,0
20110006608000;1;0;1;0,0
20110006622000;4;3;1;0,0
20110006633000;11;6;5;47,4
20110006636000;5;3;2;64,4
20110006643000;170;85;85;31,9
20110006644000;128;63;65;39,9
20110006645000;14;8;6;61,2
20110006695000;9;5;4;38,8
20110006711000;9;5;4;51,6
20110006713000;39;23;16;35,9
20110006714000;1;0;1;0,0
20110006715000;21;11;10;43,7
20110006717000;16;10;6;55,9
20110006718000;30;13;17;39,4
20110006725000;184;97;87;35,1
20110006726000;19;8;11;32,6
20110006771000;9;5;4;59,9
20110006780000;4;1;3;0,0
20110006781000;26;13;13;54,8
20110006782000;13;11;2;40,1
20110006804000;13;8;5;41,9
20110006814000;27;15;12;38,6
20110006815000;159;85;74;46,4
20110006825000;3;2;1;0,0
20110006833000;3;2;1;0,0
20110006834000;21;10;11;39,1
20110006846000;18;12;6;47,4
20110006847000;743;402;341;36,8
20110006848000;129;64;65;38,7
20110006849000;40;17;23;38,4
20110006850000;4;2;2;0,0
20110006851000;9;3;6;37,9
20110006852000;12;6;6;39,6
20110006853000;10;6;4;48,7
20110006854000;1;1;0;0,0
20110006855000;10;6;4;34,1
20110006856000;7;4;3;67,1
20110006857000;55;30;25;44,5
20110006858000;68;41;27;35,5
20110006859000;64;29;35;38,2
20110006860000;25;10;15;39,8
20110006861000;30;18;12;33,5
20110006869000;6;4;2;48,7
20110006891000;19;9;10;33,3
20110006899000;22;10;12;44,6
20110006900000;22;12;10;46,2
20110006909000;4;2;2;0,0
20110006914000;7;5;2;43,3
20110006915000;48;23;25;39,3
20110006916000;2;1;1;0,0
20110006917000;24;12;12;52,2
20110006921000;28;17;11;51,9
20110006931000;128;67;61;46,4
20110006932000;208;101;107;47,2
20110006933000;64;32;32;35,8
20110006935000;8;7;1;49,5
20110006936000;129;67;62;45,1
20110006938000;47;28;19;40,0
20110006939000;72;38;34;40,3
20110006940000;6;3;3;44,8
20110006941000;8;4;4;44,4
20110006950000;84;48;36;47,5
20120006466000;29;16;13;44,1
20120006467000;40;21;19;39,9
20120006468000;32;16;16;43,7
20120006469000;52;24;28;29,6
20120006470000;348;178;170;33,5
20120006471000;7;5;2;32,7
20120006473000;20;10;10;32,2
20120006477000;1;0;1;0,0
20120006478000;4;2;2;0,0
20120006484000;2;1;1;0,0
20120006488000;3;1;2;0,0
20120006489000;47;23;24;40,8
20120006490000;547;286;261;28,6
20120006491000;1038;530;508;43,1
20120006492000;1320;655;665;39,8
20120006493000;475;239;236;41,2
20120006494000;68;39;29;43,8
20120006495000;95;48;47;44,0
20120006497000;39;23;16;45,1
20120006498000;28;14;14;46,8
20120006501000;1;0;1;0,0
20120006504000;69;39;30;38,1
20120006505000;14;9;5;47,1
20120006603000;4;2;2;0,0
20120006622000;16;7;9;51,2
20120006632000;22;10;12;45,8
20120006633000;1;1;0;0,0
20120006643000;103;54;49;48,5
20120006644000;120;56;64;46,2
20120006667000;4;3;1;0,0
20120006714000;2;1;1;0,0
20120006715000;24;12;12;44,9
20120006716000;79;39;40;39,9
20120006717000;117;63;54;44,8
20120006718000;105;60;45;45,8
20120006719000;33;16;17;36,6
20120006720000;6;3;3;26,5
20120006724000;33;15;18;29,7
20120006725000;564;282;282;38,2
20120006726000;219;113;106;40,0
20120006727000;4;2;2;0,0
20120006771000;11;5;6;45,5
20120006772000;5;2;3;54,2
20120006810000;2;1;1;0,0
20120006814000;15;8;7;31,0
20120006815000;87;49;38;42,6
20120006833000;7;3;4;64,9
20120006834000;14;5;9;48,1
20120006835000;15;9;6;39,9
20120006846000;242;123;119;31,5
20120006847000;1810;928;882;35,9
20120006848000;589;291;298;38,8
20120006849000;290;150;140;34,1
20120006851000;42;25;17;35,1
20120006855000;14;10;4;32,6
20120006859000;4;1;3;0,0
20120006860000;37;19;18;40,1
20120006861000;1;1;0;0,0
20120006869000;8;3;5;37,3
20120006891000;15;8;7;36,6
20120006892000;4;2;2;0,0
20120006895000;19;9;10;52,4
20120006913000;12;4;8;32,3
20120006921000;18;10;8;54,0
20120006928000;4;2;2;0,0
20120006930000;17;10;7;45,1
20120006934000;17;10;7;48,7
20120006935000;44;22;22;44,6
20120006936000;36;18;18;36,9
20120006938000;176;89;87;44,4
20120006942000;3;1;2;0,0
20120006947000;69;31;38;31,1
20120006950000;142;76;66;44,2
20130006466000;5;3;2;32,8
20130006468000;34;18;16;40,6
20130006469000;151;74;77;31,8
20130006470000;129;71;58;33,5
20130006471000;28;13;15;38,8
20130006472000;20;11;9;30,7
20130006473000;15;7;8;32,8
20130006478000;1;1;0;0,0
20130006491000;132;68;64;39,5
20130006492000;222;119;103;40,7
20130006493000;94;47;47;46,9
20130006494000;18;9;9;39,9
20130006497000;13;6;7;33,0
20130006499000;2;1;1;0,0
20130006504000;38;21;17;37,6
20130006505000;313;156;157;38,5
20130006506000;192;104;88;37,3
20130006508000;4;3;1;0,0
20130006604000;1;0;1;0,0
20130006607000;28;14;14;38,4
20130006622000;39;18;21;43,5
20130006629000;3;1;2;0,0
20130006632000;2;1;1;0,0
20130006639000;10;6;4;24,8
20130006642000;6;3;3;49,7
20130006643000;15;7;8;59,9
20130006644000;804;399;405;46,1
20130006645000;79;48;31;43,0
20130006646000;116;64;52;40,2
20130006647000;2;1;1;0,0
20130006698000;2;1;1;0,0
20130006708000;7;3;4;46,1
20130006709000;4;1;3;0,0
20130006710000;43;20;23;40,8
20130006711000;3;2;1;0,0
20130006715000;13;6;7;37,1
20130006716000;9;6;3;44,0
20130006717000;64;33;31;31,6
20130006718000;1;1;0;0,0
20130006722000;133;78;55;41,1
20130006723000;43;23;20;43,9
20130006724000;143;70;73;42,6
20130006725000;901;433;468;47,0
20130006726000;105;53;52;37,4
20130006727000;13;6;7;46,1
20130006756000;19;9;10;55,6
20130006757000;18;11;7;43,3
20130006759000;1;1;0;0,0
20130006773000;5;3;2;43,6
20130006814000;141;74;67;43,8
20130006815000;33;19;14;54,8
20130006833000;11;7;4;30,7
20130006841000;16;10;6;28,5
20130006843000;10;6;4;25,8
20130006846000;113;54;59;34,2
20130006847000;1019;496;523;47,3
20130006848000;713;367;346;38,4
20130006851000;2;1;1;0,0
20130006855000;4;3;1;0,0
20130006860000;9;4;5;45,7
20130006861000;55;27;28;34,6
20130006870000;1;1;0;0,0
20130006872000;7;5;2;66,4
20130006893000;6;5;1;27,3
20130006894000;8;3;5;53,3
20130006895000;1;1;0;0,0
20130006899000;11;6;5;54,7
20130006921000;5;2;3;33,4
20130006927000;1;1;0;0,0
20130006928000;11;5;6;57,1
20130006930000;51;22;29;45,5
20130006933000;14;7;7;42,9
20130006934000;76;36;40;38,6
20130006935000;45;27;18;49,8
20130006942000;29;14;15;46,2
20130006947000;205;100;105;41,0
20130006948000;19;11;8;35,5
20140006465000;1;0;1;0,0
20140006466000;38;16;22;43,1
20140006467000;40;21;19;36,6
20140006468000;63;33;30;32,5
20140006469000;58;33;25;37,7
20140006470000;10;6;4;45,6
20140006471000;37;22;15;32,3
20140006480000;2;1;1;0,0
20140006490000;17;11;6;51,5
20140006491000;29;16;13;35,7
20140006493000;1;0;1;0,0
20140006494000;14;5;9;45,0
20140006495000;11;5;6;49,2
20140006499000;20;10;10;52,2
20140006505000;14;6;8;33,1
20140006506000;94;47;47;33,2
20140006509000;4;2;2;0,0
20140006510000;5;3;2;68,6
20140006512000;5;4;1;21,6
20140006514000;2;1;1;0,0
20140006607000;46;25;21;35,7
20140006608000;26;14;12;45,6
20140006609000;4;1;3;0,0
20140006610000;1;1;0;0,0
20140006612000;6;4;2;28,7
20140006613000;10;5;5;53,8
20140006622000;12;8;4;34,8
20140006623000;17;10;7;42,9
20140006626000;3;2;1;0,0
20140006629000;4;1;3;0,0
20140006632000;6;3;3;33,3
20140006643000;232;114;118;41,9
20140006644000;922;465;457;39,4
20140006645000;181;93;88;38,3
20140006646000;31;18;13;39,6
20140006648000;1;1;0;0,0
20140006649000;2;1;1;0,0
20140006652000;5;2;3;29,8
20140006699000;14;10;4;37,9
20140006711000;32;14;18;36,9
20140006712000;12;5;7;27,1
20140006720000;22;12;10;44,2
20140006722000;210;105;105;37,4
20140006723000;4;2;2;0,0
20140006724000;85;44;41;40,6
20140006725000;31;20;11;43,8
20140006726000;22;13;9;38,1
20140006727000;62;28;34;32,9
20140006755000;3;2;1;0,0
20140006756000;82;44;38;49,3
20140006757000;9;6;3;42,6
20140006758000;7;4;3;41,1
20140006759000;3;2;1;0,0
20140006760000;2;1;1;0,0
20140006770000;2;1;1;0,0
20140006772000;3;2;1;0,0
20140006773000;1;1;0;0,0
20140006784000;1;1;0;0,0
20140006814000;37;19;18;47,6
20140006815000;169;94;75;42,8
20140006833000;4;2;2;0,0
20140006834000;8;4;4;46,6
20140006840000;1;0;1;0,0
20140006842000;33;18;15;27,8
20140006846000;168;84;84;30,4
20140006847000;649;322;327;38,6
20140006848000;100;59;41;41,4
20140006856000;2;1;1;0,0
20140006861000;32;16;16;40,8
20140006868000;11;5;6;46,3
20140006869000;27;17;10;42,3
20140006872000;10;5;5;44,0
20140006873000;5;2;3;72,8
20140006896000;1;0;1;0,0
20140006897000;4;2;2;0,0
20140006899000;7;4;3;31,7
20140006904000;4;1;3;0,0
20140006914000;7;4;3;63,4
20140006921000;46;24;22;43,2
20140006922000;37;17;20;48,9
20140006923000;31;16;15;50,5
20140006924000;27;12;15;43,2
20140006925000;24;12;12;62,1
20140006926000;8;4;4;62,0
20140006927000;1;1;0;0,0
20140006930000;16;10;6;51,0
20140006931000;22;15;7;34,9
20140006933000;51;27;24;42,7
20140006934000;144;78;66;38,5
20140006941000;94;50;44;40,5
20140006942000;165;82;83;42,9
20140006945000;4;3;1;0,0
20140006946000;13;7;6;46,7
20140006947000;155;80;75;40,7
20140006948000;196;105;91;39,8
20150006466000;1;1;0;0,0
20150006467000;76;38;38;35,6
20150006468000;771;391;380;39,5
20150006469000;273;140;133;41,4
20150006470000;35;22;13;39,7
20150006480000;2;1;1;0,0
20150006482000;3;1;2;0,0
20150006486000;4;3;1;0,0
20150006488000;6;3;3;48,3
20150006489000;23;12;11;36,7
20150006490000;2;1;1;0,0
20150006491000;4;2;2;0,0
20150006495000;24;14;10;55,4
20150006499000;20;8;12;34,6
20150006500000;4;2;2;0,0
20150006507000;2;1;1;0,0
20150006515000;6;4;2;50,8
20150006522000;1;1;0;0,0
20150006613000;12;7;5;57,4
20150006622000;21;9;12;34,5
20150006623000;34;17;17;55,9
20150006624000;1;1;0;0,0
20150006633000;8;4;4;38,4
20150006643000;6;5;1;41,2
20150006644000;369;175;194;38,4
20150006645000;539;270;269;40,4
20150006696000;67;32;35;38,5
20150006712000;1;0;1;0,0
20150006720000;30;15;15;39,7
20150006721000;21;11;10;50,2
20150006722000;37;15;22;42,0
20150006724000;25;13;12;37,6
20150006725000;286;148;138;38,5
20150006726000;484;243;241;41,2
20150006727000;422;218;204;42,5
20150006728000;42;22;20;30,3
20150006756000;142;77;65;35,0
20150006759000;1;0;1;0,0
20150006760000;1;1;0;0,0
20150006762000;1;1;0;0,0
20150006770000;1;1;0;0,0
20150006771000;2;1;1;0,0
20150006815000;8;3;5;67,4
20150006832000;1;1;0;0,0
20150006833000;13;5;8;44,5
20150006842000;61;30;31;41,0
20150006844000;110;52;58;32,5
20150006845000;183;96;87;37,8
20150006846000;59;32;27;40,7
20150006847000;1425;675;750;32,4
20150006848000;556;268;288;37,4
20150006858000;5;3;2;22,4
20150006861000;48;24;24;40,7
20150006873000;13;9;4;54,2
20150006874000;2;1;1;0,0
20150006894000;10;6;4;47,9
20150006897000;3;2;1;0,0
20150006899000;72;42;30;43,0
20150006900000;15;7;8;42,0
20150006915000;19;9;10;31,5
20150006920000;9;6;3;58,2
20150006921000;26;14;12;45,8
20150006923000;6;4;2;44,0
20150006928000;4;3;1;0,0
20150006930000;1;1;0;0,0
20150006933000;55;27;28;45,5
20150006934000;39;26;13;41,2
20150006941000;38;20;18;40,3
20150006942000;139;74;65;38,7
20150006945000;497;247;250;33,9
20150006946000;166;81;85;38,8
20150006947000;373;191;182;41,4
20150006949000;5;2;3;26,8
20160006467000;192;99;93;40,1
20160006468000;853;403;450;42,5
20160006469000;82;38;44;35,0
20160006470000;23;11;12;34,1
20160006471000;8;5;3;40,3
20160006479000;2;1;1;0,0
20160006480000;1;1;0;0,0
20160006481000;2;1;1;0,0
20160006482000;2;1;1;0,0
20160006490000;3;2;1;0,0
20160006491000;5;4;1;27,0
20160006492000;18;7;11;47,5
20160006495000;2;1;1;0,0
20160006498000;3;2;1;0,0
20160006499000;9;2;7;34,1
20160006502000;15;5;10;27,4
20160006507000;2;1;1;0,0
20160006510000;2;1;1;0,0
20160006511000;1;1;0;0,0
20160006517000;1;1;0;0,0
20160006522000;5;4;1;33,0
20160006523000;10;6;4;46,9
20160006526000;2;1;1;0,0
20160006532000;5;1;4;16,6
20160006533000;10;2;8;24,0
20160006618000;1;1;0;0,0
20160006624000;5;3;2;35,0
20160006625000;41;18;23;34,5
20160006644000;13;10;3;49,5
20160006645000;84;35;49;38,3
20160006646000;2;1;1;0,0
20160006667000;4;3;1;0,0
20160006696000;2;1;1;0,0
20160006713000;108;53;55;38,1
20160006714000;49;21;28;44,9
20160006715000;46;24;22;54,0
20160006720000;8;4;4;37,9
20160006721000;16;6;10;41,9
20160006726000;205;104;101;40,8
20160006727000;321;155;166;47,3
20160006728000;8;5;3;38,6
20160006729000;55;29;26;36,1
20160006752000;2;1;1;0,0
20160006753000;2;1;1;0,0
20160006756000;18;11;7;36,4
20160006764000;3;2;1;0,0
20160006765000;2;2;0;0,0
20160006808000;7;4;3;56,6
20160006815000;11;7;4;45,1
20160006816000;21;10;11;40,5
20160006832000;17;7;10;35,6
20160006833000;5;3;2;74,6
20160006842000;33;19;14;34,2
20160006843000;3;2;1;0,0
20160006844000;33;20;13;37,2
20160006845000;31;15;16;41,4
20160006846000;132;63;69;37,6
20160006847000;856;414;442;37,8
20160006848000;448;218;230;34,2
20160006860000;20;10;10;38,3
20160006861000;5;2;3;46,6
20160006894000;2;1;1;0,0
20160006896000;2;2;0;0,0
20160006897000;9;4;5;42,7
20160006899000;61;34;27;40,9
20160006900000;36;23;13;37,6
20160006901000;11;5;6;41,5
20160006902000;14;10;4;29,8
20160006918000;38;20;18;54,1
20160006919000;21;13;8;44,0
20160006920000;2;1;1;0,0
20160006921000;9;4;5;56,6
20160006923000;12;8;4;54,7
20160006924000;1;0;1;0,0
20160006925000;1;1;0;0,0
20160006927000;9;3;6;53,2
20160006928000;5;2;3;56,6
20160006931000;3;2;1;0,0
20160006932000;8;4;4;43,3
20160006933000;36;21;15;45,5
20160006942000;65;37;28;38,0
20160006944000;5;2;3;47,4
20160006945000;704;345;359;47,1
20160006946000;416;197;219;37,4
20160006947000;458;255;203;42,3
20160006949000;124;62;62;45,7
20160006952000;15;10;5;34,8
20160006954000;18;9;9;58,0
20170006465000;15;8;7;69,6
20170006466000;9;4;5;38,7
20170006467000;119;65;54;45,7
20170006468000;1035;523;512;43,0
20170006471000;7;3;4;23,1
20170006475000;13;8;5;35,2
20170006478000;3;1;2;0,0
20170006491000;4;2;2;0,0
20170006500000;11;5;6;37,2
20170006501000;3;2;1;0,0
20170006503000;2;2;0;0,0
20170006504000;14;9;5;37,8
20170006523000;3;2;1;0,0
20170006624000;47;21;26;36,1
20170006625000;13;6;7;36,5
20170006631000;4;2;2;0,0
20170006645000;8;4;4;37,8
20170006700000;1;1;0;0,0
20170006701000;28;18;10;47,3
20170006714000;215;105;110;46,1
20170006715000;2;1;1;0,0
20170006725000;12;6;6;34,7
20170006726000;295;144;151;35,9
20170006727000;7;3;4;40,0
20170006729000;41;18;23;37,6
20170006730000;5;3;2;40,4
20170006737000;1;1;0;0,0
20170006751000;14;8;6;46,4
20170006753000;2;1;1;0,0
20170006754000;3;2;1;0,0
20170006755000;2;1;1;0,0
20170006756000;2;2;0;0,0
20170006765000;7;4;3;42,4
20170006771000;7;4;3;39,9
20170006772000;5;2;3;43,0
20170006832000;7;3;4;44,6
20170006842000;3;2;1;0,0
20170006843000;47;27;20;34,4
20170006844000;457;236;221;27,1
20170006848000;30;16;14;44,1
20170006849000;9;5;4;47,4
20170006860000;18;9;9;38,5
20170006893000;2;1;1;0,0
20170006894000;6;3;3;36,2
20170006897000;19;10;9;42,0
20170006899000;213;106;107;38,1
20170006917000;48;26;22;45,8
20170006918000;166;76;90;53,9
20170006919000;17;7;10;38,0
20170006920000;41;22;19;51,8
20170006921000;2;1;1;0,0
20170006927000;17;9;8;52,1
20170006933000;11;7;4;46,0
20170006942000;29;12;17;28,3
20170006943000;9;5;4;43,7
20170006945000;118;62;56;39,3
20170006946000;757;370;387;38,3
20170006947000;2;1;1;0,0
20170006949000;77;40;37;49,6
20170006950000;8;3;5;30,4
20170006952000;23;12;11;52,4
20170006953000;20;7;13;51,8
20180006466000;1;0;1;0,0
20180006468000;29;16;13;47,2
20180006475000;22;8;14;44,5
20180006478000;15;6;9;51,5
20180006479000;24;12;12;30,2
20180006480000;1;1;0;0,0
20180006481000;13;6;7;43,8
20180006483000;3;2;1;0,0
20180006488000;8;4;4;36,3
20180006497000;7;4;3;33,6
20180006500000;3;2;1;0,0
20180006506000;18;7;11;44,8
20180006624000;16;9;7;34,5
20180006625000;258;121;137;39,1
20180006633000;3;1;2;0,0
20180006645000;13;5;8;38,5
20180006646000;7;4;3;39,0
20180006668000;8;2;6;74,0
20180006697000;22;9;13;38,7
20180006717000;10;5;5;50,2
20180006725000;70;42;28;41,3
20180006726000;22;12;10;35,8
20180006729000;13;7;6;54,2
20180006730000;29;13;16;36,9
20180006750000;6;4;2;21,5
20180006751000;13;6;7;28,4
20180006752000;16;9;7;51,0
20180006754000;8;2;6;39,6
20180006757000;3;1;2;0,0
20180006765000;49;28;21;39,6
20180006766000;9;5;4;53,8
20180006807000;2;1;1;0,0
20180006832000;3;2;1;0,0
20180006842000;30;15;15;26,8
20180006843000;11;7;4;33,1
20180006844000;283;145;138;31,3
20180006845000;4;2;2;0,0
20180006848000;11;4;7;24,6
20180006849000;34;20;14;46,6
20180006850000;1;0;1;0,0
20180006860000;38;22;16;40,1
20180006861000;11;5;6;49,2
20180006878000;22;12;10;38,5
20180006898000;14;7;7;41,2
20180006899000;63;36;27;43,7
20180006900000;3;1;2;0,0
20180006918000;28;15;13;46,6
20180006919000;146;75;71;44,3
20180006927000;11;6;5;54,9
20180006928000;8;4;4;48,6
20180006931000;6;2;4;35,0
20180006933000;15;9;6;40,9
20180006943000;52;25;27;45,2
20180006944000;14;9;5;37,6
20180006945000;41;22;19;45,0
20180006946000;214;116;98;34,7
20180006947000;154;75;79;41,8
20180006948000;112;60;52;42,6
20180006949000;78;32;46;45,6
20180006950000;90;48;42;43,8
20180006953000;39;18;21;46,2
20180006954000;1;1;0;0,0
20190006468000;83;41;42;38,3
20190006469000;10;5;5;72,7
20190006472000;6;4;2;64,8
20190006473000;2;2;0;0,0
20190006474000;2;1;1;0,0
20190006478000;6;2;4;35,2
20190006480000;2;0;2;0,0
20190006484000;2;2;0;0,0
20190006487000;3;2;1;0,0
20190006488000;13;6;7;52,0
20190006489000;8;4;4;55,5
20190006493000;4;1;3;0,0
20190006497000;1;1;0;0,0
20190006499000;6;3;3;35,0
20190006502000;9;6;3;44,8
20190006503000;4;3;1;0,0
20190006515000;3;1;2;0,0
20190006518000;22;15;7;33,5
20190006519000;27;13;14;34,7
20190006520000;11;4;7;36,0
20190006523000;32;16;16;47,4
20190006524000;16;9;7;27,8
20190006525000;3;1;2;0,0
20190006532000;157;70;87;33,1
20190006533000;6;4;2;26,7
20190006613000;3;2;1;0,0
20190006624000;5;3;2;21,4
20190006625000;88;43;45;46,5
20190006633000;5;3;2;44,2
20190006668000;7;2;5;49,6
20190006669000;7;3;4;30,6
20190006697000;7;2;5;32,1
20190006714000;15;9;6;47,3
20190006716000;18;11;7;47,1
20190006717000;42;24;18;37,5
20190006723000;1;0;1;0,0
20190006725000;41;21;20;45,2
20190006726000;28;15;13;39,5
20190006727000;60;30;30;38,3
20190006728000;32;16;16;43,1
20190006729000;37;22;15;28,0
20190006752000;5;3;2;28,4
20190006753000;26;14;12;40,4
20190006754000;3;1;2;0,0
20190006757000;4;2;2;0,0
20190006765000;6;3;3;33,2
20190006772000;14;9;5;24,3
20190006773000;8;6;2;43,6
20190006807000;1;0;1;0,0
20190006808000;3;1;2;0,0
20190006831000;4;2;2;0,0
20190006841000;3;2;1;0,0
20190006842000;5;2;3;25,6
20190006843000;17;11;6;46,6
20190006844000;21;14;7;43,4
20190006845000;19;9;10;44,7
20190006847000;1;1;0;0,0
20190006849000;2;1;1;0,0
20190006850000;24;13;11;40,4
20190006860000;18;8;10;38,8
20190006870000;20;10;10;36,5
20190006878000;11;7;4;42,1
20190006898000;17;7;10;38,8
20190006899000;2;1;1;0,0
20190006900000;10;5;5;47,6
20190006901000;25;11;14;46,1
20190006918000;19;11;8;54,1
20190006927000;14;8;6;51,4
20190006928000;73;35;38;45,8
20190006941000;55;31;24;38,1
20190006942000;18;10;8;44,6
20190006943000;7;5;2;38,7
20190006944000;53;27;26;41,6
20190006945000;203;106;97;35,0
20190006946000;21;14;7;45,9
20190006947000;236;119;117;37,3
20190006949000;9;3;6;35,0
20200006467000;39;22;17;44,9
20200006468000;5;2;3;56,4
20200006469000;6;2;4;68,0
20200006471000;2;1;1;0,0
20200006472000;1;1;0;0,0
20200006473000;17;10;7;27,5
20200006479000;3;2;1;0,0
20200006484000;2;1;1;0,0
20200006486000;19;9;10;37,8
20200006487000;245;126;119;41,0
20200006488000;202;104;98;42,1
20200006489000;10;5;5;43,7
20200006494000;3;1;2;0,0
20200006497000;10;6;4;41,8
20200006501000;5;3;2;19,6
20200006514000;1;1;0;0,0
20200006515000;12;8;4;47,8
20200006524000;53;27;26;37,1
20200006525000;6;3;3;71,5
20200006531000;69;38;31;31,8
20200006532000;525;270;255;44,1
20200006533000;91;41;50;41,3
20200006534000;8;5;3;29,6
20200006535000;2;1;1;0,0
20200006624000;13;7;6;38,0
20200006625000;164;78;86;43,0
20200006668000;22;12;10;43,8
20200006714000;10;8;2;45,9
20200006717000;5;3;2;52,0
20200006725000;5;4;1;39,6
20200006726000;8;5;3;42,1
20200006727000;62;31;31;38,1
20200006752000;36;19;17;35,0
20200006753000;13;5;8;34,4
20200006754000;3;2;1;0,0
20200006755000;5;3;2;31,8
20200006774000;4;1;3;0,0
20200006812000;1;1;0;0,0
20200006819000;84;49;35;37,0
20200006831000;2;1;1;0,0
20200006843000;24;15;9;40,9
20200006844000;4;2;2;0,0
20200006849000;2;1;1;0,0
20200006850000;35;20;15;28,1
20200006851000;97;55;42;33,6
20200006852000;2;1;1;0,0
20200006860000;18;8;10;37,5
20200006861000;15;7;8;52,9
20200006862000;1;1;0;0,0
20200006869000;7;4;3;33,0
20200006870000;10;4;6;32,9
20200006872000;27;14;13;42,3
20200006873000;11;6;5;44,8
20200006896000;4;3;1;0,0
20200006898000;45;21;24;38,8
20200006899000;4;2;2;0,0
20200006900000;4;3;1;0,0
20200006901000;22;10;12;42,5
20200006908000;11;6;5;49,5
20200006916000;1;1;0;0,0
20200006917000;6;3;3;66,3
20200006918000;4;1;3;0,0
20200006927000;5;2;3;61,0
20200006928000;24;11;13;52,4
20200006933000;1;1;0;0,0
20200006935000;8;4;4;33,0
20200006939000;78;43;35;48,4
20200006940000;126;61;65;41,6
20200006941000;162;83;79;41,4
20200006942000;151;88;63;36,2
20200006944000;111;64;47;35,5
20200006945000;62;28;34;41,4
20200006946000;34;17;17;39,9
20200006948000;63;38;25;40,1
20210006464000;2;1;1;0,0
20210006466000;11;5;6;35,1
20210006467000;10;6;4;36,9
20210006468000;32;18;14;37,0
20210006469000;20;10;10;34,8
20210006472000;5;2;3;47,6
20210006480000;2;1;1;0,0
20210006483000;8;6;2;46,5
20210006485000;11;5;6;32,7
20210006486000;1;1;0;0,0
20210006488000;60;29;31;33,5
20210006489000;15;8;7;47,5
20210006490000;1;1;0;0,0
20210006492000;5;2;3;40,8
20210006494000;5;3;2;21,2
20210006495000;4;3;1;0,0
20210006496000;13;7;6;41,9
20210006498000;19;12;7;47,1
20210006499000;2;2;0;0,0
20210006500000;2;1;1;0,0
20210006501000;2;1;1;0,0
20210006502000;3;2;1;0,0
20210006504000;18;8;10;39,5
20210006507000;4;2;2;0,0
20210006508000;2;1;1;0,0
20210006509000;10;6;4;22,7
20210006510000;11;5;6;43,6
20210006512000;5;3;2;43,0
20210006532000;12;5;7;19,9
20210006533000;52;24;28;35,7
20210006534000;9;6;3;25,9
20210006535000;30;16;14;37,8
20210006536000;6;0;6;41,3
20210006538000;16;8;8;42,1
20210006576000;6;3;3;38,8
20210006624000;5;2;3;23,0
20210006625000;11;5;6;50,6
20210006626000;8;4;4;53,5
20210006668000;10;7;3;38,4
20210006714000;15;8;7;36,5
20210006715000;10;7;3;39,6
20210006717000;18;8;10;38,7
20210006718000;4;2;2;0,0
20210006726000;1;0;1;0,0
20210006753000;25;12;13;35,3
20210006754000;31;16;15;51,4
20210006755000;9;6;3;42,1
20210006775000;2;2;0;0,0
20210006813000;2;1;1;0,0
20210006819000;537;265;272;40,6
20210006820000;672;350;322;39,7
20210006831000;4;2;2;0,0
20210006843000;15;7;8;64,5
20210006844000;2;2;0;0,0
20210006845000;23;14;9;44,9
20210006850000;4;3;1;0,0
20210006851000;28;16;12;29,1
20210006852000;11;8;3;44,5
20210006853000;11;5;6;31,8
20210006859000;2;1;1;0,0
20210006860000;3;2;1;0,0
20210006861000;20;11;9;38,1
20210006869000;19;9;10;35,5
20210006877000;25;16;9;47,8
20210006878000;95;54;41;49,4
20210006896000;33;18;15;38,9
20210006898000;81;39;42;31,2
20210006899000;60;29;31;45,5
20210006900000;6;4;2;19,2
20210006908000;15;9;6;60,7
20210006909000;11;7;4;56,5
20210006915000;3;2;1;0,0
20210006916000;12;6;6;55,1
20210006923000;1;1;0;0,0
20210006928000;32;18;14;50,2
20210006934000;58;30;28;29,7
20210006935000;57;27;30;35,9
20210006939000;22;9;13;30,5
20210006940000;11;7;4;50,5
20210006942000;20;11;9;43,2
20210006944000;5;4;1;50,8
20210006946000;35;16;19;39,2
20210006947000;102;48;54;40,8
20210006948000;70;35;35;46,0
20220006466000;10;4;6;66,2
20220006467000;6;4;2;65,2
20220006468000;65;31;34;34,7
20220006469000;21;13;8;57,4
20220006470000;9;5;4;36,3
20220006479000;5;3;2;54,4
20220006483000;8;5;3;53,4
20220006485000;2;1;1;0,0
20220006488000;8;4;4;46,8
20220006489000;16;10;6;51,6
20220006495000;1;1;0;0,0
20220006499000;1;1;0;0,0
20220006504000;13;6;7;39,7
20220006505000;7;3;4;64,6
20220006507000;4;2;2;0,0
20220006508000;3;1;2;0,0
20220006510000;1;1;0;0,0
20220006529000;14;7;7;39,9
20220006534000;62;28;34;39,0
20220006538000;12;5;7;37,7
20220006549000;9;4;5;53,4
20220006576000;1;1;0;0,0
20220006577000;1;1;0;0,0
20220006626000;1;1;0;0,0
20220006647000;23;10;13;39,3
20220006713000;6;3;3;40,2
20220006714000;7;4;3;30,3
20220006753000;17;10;7;48,4
20220006754000;49;25;24;33,5
20220006755000;5;3;2;16,2
20220006806000;20;11;9;47,1
20220006807000;7;4;3;64,1
20220006819000;16;12;4;30,3
20220006820000;419;210;209;41,4
20220006821000;2;0;2;0,0
20220006831000;3;1;2;0,0
20220006832000;14;7;7;38,0
20220006846000;17;10;7;43,1
20220006847000;39;19;20;40,3
20220006853000;4;3;1;0,0
20220006860000;7;4;3;35,3
20220006861000;23;10;13;39,3
20220006862000;2;1;1;0,0
20220006863000;6;3;3;30,8
20220006869000;6;4;2;33,3
20220006879000;37;19;18;45,2
20220006894000;3;1;2;0,0
20220006896000;7;4;3;34,3
20220006898000;117;60;57;42,4
20220006899000;109;56;53;36,9
20220006900000;58;27;31;33,9
20220006901000;46;25;21;39,2
20220006907000;1;0;1;0,0
20220006908000;28;12;16;46,5
20220006910000;2;0;2;0,0
20220006915000;11;8;3;33,2
20220006928000;30;14;16;45,2
20220006929000;13;6;7;39,5
20220006930000;1;1;0;0,0
20220006932000;42;21;21;44,3
20220006933000;31;15;16;41,9
20220006934000;52;29;23;47,3
20220006935000;155;81;74;38,5
20220006936000;74;39;35;41,6
20220006938000;12;7;5;26,6
20220006939000;45;24;21;44,8
20220006940000;22;8;14;43,4
20220006948000;4;3;1;0,0
20230006467000;16;9;7;29,8
20230006468000;11;8;3;45,1
20230006469000;18;10;8;33,7
20230006470000;15;9;6;30,6
20230006479000;22;10;12;34,3
20230006485000;6;3;3;39,5
20230006488000;4;3;1;0,0
20230006489000;1;0;1;0,0
20230006499000;91;44;47;31,6
20230006500000;49;26;23;42,6
20230006502000;42;24;18;37,8
20230006503000;14;6;8;41,6
20230006504000;26;13;13;51,3
20230006505000;2;1;1;0,0
20230006506000;2;1;1;0,0
20230006509000;2;1;1;0,0
20230006510000;3;1;2;0,0
20230006534000;19;9;10;37,2
20230006539000;15;9;6;37,7
20230006542000;5;4;1;66,8
20230006576000;5;3;2;65,8
20230006626000;4;1;3;0,0
20230006647000;22;9;13;53,0
20230006648000;4;1;3;0,0
20230006669000;1;0;1;0,0
20230006670000;1;1;0;0,0
20230006713000;7;4;3;37,7
20230006714000;7;3;4;28,4
20230006720000;5;3;2;37,4
20230006751000;6;3;3;45,0
20230006752000;140;68;72;31,8
20230006753000;64;39;25;33,7
20230006806000;5;3;2;50,4
20230006807000;6;4;2;60,5
20230006808000;4;3;1;0,0
20230006820000;268;140;128;36,7
20230006821000;171;87;84;36,1
20230006833000;11;6;5;36,6
20230006842000;8;4;4;40,5
20230006843000;61;32;29;25,7
20230006847000;35;21;14;33,0
20230006853000;2;2;0;0,0
20230006854000;32;17;15;45,4
20230006861000;13;6;7;39,8
20230006862000;3;2;1;0,0
20230006869000;2;1;1;0,0
20230006891000;3;1;2;0,0
20230006894000;6;0;6;45,3
20230006896000;2;1;1;0,0
20230006898000;73;43;30;42,9
20230006899000;29;18;11;35,6
20230006900000;6;3;3;33,8
20230006901000;35;14;21;46,5
20230006902000;17;9;8;57,4
20230006929000;14;5;9;33,7
20230006933000;45;26;19;29,7
20230006934000;55;28;27;41,2
20230006935000;5;3;2;50,8
20230006936000;24;9;15;46,4
20230006937000;81;44;37;38,9
20230006938000;8;5;3;65,3
20230006939000;207;91;116;50,2
20230006940000;7;4;3;51,0
20230006941000;4;2;2;0,0
20230006943000;25;14;11;39,0
20230006944000;9;3;6;43,0
20230006946000;1;0;1;0,0
20240006466000;2;1;1;0,0
20240006468000;5;3;2;38,6
20240006469000;36;20;16;32,1
20240006470000;14;7;7;53,7
20240006473000;2;1;1;0,0
20240006478000;2;1;1;0,0
20240006480000;2;2;0;0,0
20240006482000;5;3;2;35,4
20240006483000;4;2;2;0,0
20240006485000;2;2;0;0,0
20240006487000;9;4;5;45,4
20240006488000;5;3;2;47,0
20240006496000;2;1;1;0,0
20240006499000;14;8;6;36,5
20240006503000;4;3;1;0,0
20240006504000;5;3;2;34,8
20240006505000;28;15;13;40,2
20240006506000;2;1;1;0,0
20240006540000;16;7;9;37,8
20240006541000;6;5;1;40,0
20240006547000;14;6;8;36,6
20240006548000;6;4;2;58,7
20240006550000;3;2;1;0,0
20240006551000;9;4;5;40,8
20240006626000;5;2;3;68,0
20240006713000;39;22;17;39,9
20240006720000;44;25;19;47,4
20240006721000;8;5;3;30,5
20240006722000;5;4;1;28,0
20240006751000;40;22;18;35,2
20240006752000;3;2;1;0,0
20240006753000;20;11;9;46,3
20240006775000;4;2;2;0,0
20240006821000;26;12;14;33,8
20240006832000;4;3;1;0,0
20240006833000;30;15;15;42,4
20240006842000;16;7;9;39,8
20240006843000;6;4;2;35,8
20240006847000;15;8;7;36,7
20240006848000;140;79;61;35,5
20240006849000;83;36;47;42,4
20240006850000;11;6;5;42,5
20240006854000;41;21;20;36,4
20240006855000;10;4;6;24,2
20240006896000;19;9;10;43,9
20240006898000;14;8;6;50,4
20240006902000;32;16;16;35,5
20240006911000;4;1;3;0,0
20240006937000;19;9;10;43,7
20240006938000;20;14;6;41,3
20240006939000;182;101;81;37,3
20240006941000;27;14;13;41,3
20240006942000;4;2;2;0,0
20240006943000;31;19;12;42,2
20240006944000;207;101;106;31,6
20240006946000;2;1;1;0,0
20250006463000;7;4;3;48,1
20250006464000;6;2;4;45,2
20250006465000;2;1;1;0,0
20250006466000;9;4;5;59,1
20250006467000;8;4;4;71,0
20250006468000;9;3;6;51,1
20250006469000;57;34;23;31,8
20250006470000;10;7;3;23,8
20250006488000;76;40;36;38,5
20250006489000;95;47;48;34,5
20250006511000;1;0;1;0,0
20250006540000;1;1;0;0,0
20250006541000;5;3;2;51,4
20250006548000;3;3;0;0,0
20250006551000;5;3;2;70,0
20250006552000;11;8;3;33,3
20250006671000;5;1;4;23,0
20250006687000;5;2;3;21,8
20250006720000;94;46;48;51,1
20250006721000;28;15;13;43,8
20250006728000;17;9;8;48,0
20250006729000;8;3;5;30,5
20250006751000;22;13;9;48,2
20250006752000;70;37;33;31,5
20250006753000;65;32;33;38,3
20250006754000;13;5;8;32,5
20250006775000;10;5;5;47,0
20250006833000;29;16;13;51,4
20250006834000;24;11;13;53,5
20250006841000;7;4;3;69,1
20250006842000;30;15;15;42,3
20250006848000;16;9;7;45,4
20250006849000;520;251;269;31,2
20250006850000;29;15;14;31,9
20250006854000;13;6;7;29,5
20250006855000;15;6;9;36,9
20250006882000;3;1;2;0,0
20250006883000;4;3;1;0,0
20250006895000;7;3;4;22,4
20250006896000;25;14;11;38,1
20250006897000;16;9;7;38,9
20250006902000;5;3;2;24,0
20250006912000;5;3;2;43,4
20250006914000;1;1;0;0,0
20250006915000;3;1;2;0,0
20250006927000;2;1;1;0,0
20250006929000;24;12;12;41,2
20250006935000;2;1;1;0,0
20250006938000;4;2;2;0,0
20250006939000;67;34;33;43,7
20250006942000;377;198;179;34,6
20250006943000;8;5;3;43,5
20250006944000;57;28;29;38,1
20250006946000;13;9;4;36,1
20250006948000;5;3;2;22,2
20260006463000;6;2;4;36,7
20260006464000;4;2;2;0,0
20260006465000;17;8;9;54,4
20260006466000;21;12;9;39,0
20260006467000;3;2;1;0,0
20260006468000;25;13;12;41,0
20260006469000;45;17;28;42,2
20260006470000;7;5;2;41,4
20260006473000;11;6;5;23,8
20260006475000;7;4;3;38,4
20260006477000;5;2;3;22,6
20260006481000;6;3;3;17,2
20260006488000;46;21;25;41,5
20260006489000;119;56;63;42,9
20260006513000;1;1;0;0,0
20260006549000;7;3;4;31,9
20260006551000;2;1;1;0,0
20260006552000;5;3;2;31,2
20260006553000;3;2;1;0,0
20260006632000;1;1;0;0,0
20260006671000;15;7;8;37,7
20260006686000;2;1;1;0,0
20260006720000;8;3;5;42,9
20260006721000;30;12;18;36,9
20260006723000;2;1;1;0,0
20260006728000;25;15;10;51,5
20260006729000;13;7;6;33,5
20260006750000;10;4;6;37,9
20260006751000;20;9;11;41,6
20260006752000;52;28;24;45,0
20260006753000;69;35;34;39,1
20260006754000;23;14;9;42,2
20260006775000;14;7;7;47,1
20260006812000;3;2;1;0,0
20260006832000;9;5;4;41,9
20260006834000;28;16;12;37,8
20260006841000;23;12;11;45,2
20260006842000;6;4;2;33,2
20260006848000;2;2;0;0,0
20260006849000;58;32;26;37,9
20260006856000;2;2;0;0,0
20260006888000;8;4;4;39,0
20260006890000;2;1;1;0,0
20260006895000;19;7;12;42,5
20260006897000;256;128;128;35,3
20260006898000;6;3;3;48,0
20260006913000;5;3;2;71,6
20260006914000;22;11;11;52,5
20260006916000;20;8;12;41,3
20260006928000;1;1;0;0,0
20260006929000;22;8;14;43,7
20260006935000;28;14;14;40,8
20260006936000;26;16;10;40,0
20260006939000;10;5;5;42,1
20260006940000;30;15;15;35,3
20260006941000;32;19;13;39,1
20260006942000;386;206;180;33,1
20260006943000;231;169;62;40,1
20260006944000;102;57;45;36,8
20260006945000;71;36;35;52,3
20260006946000;787;422;365;36,9
20260006947000;268;144;124;39,8
20260006948000;225;111;114;34,0
20260006949000;33;22;11;32,9
20270006461000;17;9;8;28,2
20270006464000;6;3;3;32,2
20270006465000;3;1;2;0,0
20270006466000;1;1;0;0,0
20270006467000;7;4;3;25,7
20270006468000;7;3;4;36,6
20270006469000;34;17;17;34,1
20270006470000;12;6;6;43,6
20270006473000;24;14;10;30,9
20270006475000;1;1;0;0,0
20270006480000;7;6;1;30,9
20270006481000;3;1;2;0,0
20270006488000;12;8;4;36,4
20270006489000;67;39;28;35,5
20270006490000;90;46;44;37,8
20270006491000;11;6;5;43,4
20270006518000;1;1;0;0,0
20270006536000;4;2;2;0,0
20270006549000;2;1;1;0,0
20270006550000;14;9;5;37,4
20270006553000;2;1;1;0,0
20270006554000;2;2;0;0,0
20270006625000;10;6;4;30,9
20270006626000;5;1;4;32,2
20270006627000;44;21;23;36,4
20270006628000;5;2;3;19,8
20270006723000;7;2;5;40,4
20270006729000;26;11;15;49,2
20270006730000;48;24;24;43,9
20270006749000;5;3;2;62,6
20270006750000;17;7;10;51,1
20270006751000;3;3;0;0,0
20270006814000;4;2;2;0,0
20270006831000;9;5;4;50,3
20270006832000;15;8;7;36,1
20270006833000;2;1;1;0,0
20270006835000;2;2;0;0,0
20270006837000;1;0;1;0,0
20270006841000;4;3;1;0,0
20270006842000;16;10;6;44,9
20270006848000;8;4;4;42,1
20270006849000;191;106;85;41,9
20270006850000;190;107;83;30,4
20270006888000;29;13;16;31,7
20270006889000;39;25;14;37,9
20270006895000;32;15;17;39,7
20270006896000;513;264;249;40,6
20270006897000;923;454;469;38,0
20270006898000;79;40;39;38,6
20270006913000;29;14;15;53,1
20270006914000;18;9;9;46,9
20270006918000;20;9;11;55,5
20270006919000;20;8;12;42,6
20270006924000;8;5;3;33,8
20270006925000;10;6;4;39,0
20270006935000;83;40;43;45,7
20270006938000;152;81;71;40,7
20270006939000;203;110;93;36,8
20270006941000;42;20;22;31,0
20270006942000;54;29;25;38,9
20270006943000;103;56;47;42,7
20270006944000;186;97;89;37,5
20270006945000;1222;584;638;45,9
20270006946000;1386;701;685;35,7
20270006951000;18;8;10;29,7
20280006458000;2;1;1;0,0
20280006459000;103;56;47;45,1
20280006460000;5;2;3;25,8
20280006461000;17;8;9;35,3
20280006462000;1;1;0;0,0
20280006466000;2;1;1;0,0
20280006467000;8;3;5;47,6
20280006469000;7;3;4;42,9
20280006470000;3;2;1;0,0
20280006472000;1;1;0;0,0
20280006473000;3;2;1;0,0
20280006479000;15;8;7;38,4
20280006480000;5;3;2;15,8
20280006487000;5;3;2;32,2
20280006488000;3;1;2;0,0
20280006489000;32;17;15;33,6
20280006490000;46;21;25;48,0
20280006491000;47;25;22;35,3
20280006501000;8;3;5;36,3
20280006502000;9;5;4;40,4
20280006503000;16;8;8;43,4
20280006506000;12;5;7;35,6
20280006514000;1;1;0;0,0
20280006517000;2;1;1;0,0
20280006521000;24;12;12;43,5
20280006522000;2;1;1;0,0
20280006554000;4;2;2;0,0
20280006624000;13;6;7;35,6
20280006723000;5;3;2;61,4
20280006730000;24;12;12;43,8
20280006749000;3;2;1;0,0
20280006751000;62;36;26;37,4
20280006812000;3;1;2;0,0
20280006814000;6;2;4;23,0
20280006815000;3;2;1;0,0
20280006831000;14;9;5;37,6
20280006834000;6;3;3;47,7
20280006839000;6;3;3;42,8
20280006841000;25;13;12;32,6
20280006842000;10;5;5;40,9
20280006849000;72;42;30;46,4
20280006850000;2;1;1;0,0
20280006887000;4;1;3;0,0
20280006889000;26;13;13;38,2
20280006896000;495;250;245;40,8
20280006897000;658;305;353;41,6
20280006898000;13;8;5;38,8
20280006918000;4;2;2;0,0
20280006919000;27;14;13;40,3
20280006920000;82;42;40;40,5
20280006921000;42;18;24;45,3
20280006923000;11;6;5;43,1
20280006924000;7;4;3;63,7
20280006925000;56;32;24;41,6
20280006926000;26;12;14;43,1
20280006927000;1;1;0;0,0
20280006934000;2;1;1;0,0
20280006935000;109;56;53;37,9
20280006939000;7;5;2;61,1
20280006945000;951;490;461;36,4
20280006946000;148;77;71;30,4
20280006951000;36;18;18;41,9
20280006952000;99;49;50;40,4
20280006953000;5;3;2;39,8
20290006459000;6;2;4;51,8
20290006460000;6;2;4;45,3
20290006461000;23;13;10;45,4
20290006463000;42;20;22;38,1
20290006464000;3;2;1;0,0
20290006467000;3;1;2;0,0
20290006468000;11;7;4;37,0
20290006469000;26;14;12;34,5
20290006470000;15;12;3;32,9
20290006472000;5;3;2;32,0
20290006474000;4;1;3;0,0
20290006476000;9;5;4;40,9
20290006483000;1;1;0;0,0
20290006489000;2;1;1;0,0
20290006490000;26;13;13;39,8
20290006491000;898;417;481;40,6
20290006492000;346;173;173;45,6
20290006493000;12;8;4;41,2
20290006498000;14;9;5;39,6
20290006499000;15;10;5;33,0
20290006500000;7;4;3;28,7
20290006501000;12;4;8;43,6
20290006502000;4;2;2;0,0
20290006503000;6;3;3;51,2
20290006505000;4;2;2;0,0
20290006506000;5;4;1;21,4
20290006509000;28;13;15;31,0
20290006510000;1;1;0;0,0
20290006513000;9;6;3;31,3
20290006514000;23;9;14;38,4
20290006517000;4;2;2;0,0
20290006523000;5;4;1;53,0
20290006633000;3;1;2;0,0
20290006682000;36;14;22;33,8
20290006684000;20;9;11;28,5
20290006685000;9;2;7;47,1
20290006686000;107;51;56;39,1
20290006687000;397;204;193;39,1
20290006688000;432;222;210;41,5
20290006689000;318;178;140;37,5
20290006690000;190;106;84;39,9
20290006691000;300;163;137;38,2
20290006692000;296;153;143;42,8
20290006723000;16;9;7;44,9
20290006730000;348;158;190;43,1
20290006749000;17;8;9;43,1
20290006750000;3;0;3;0,0
20290006751000;152;78;74;33,6
20290006752000;329;161;168;44,2
20290006815000;8;4;4;36,8
20290006830000;3;2;1;0,0
20290006831000;8;3;5;52,1
20290006832000;18;9;9;36,1
20290006834000;19;12;7;49,3
20290006840000;47;24;23;45,3
20290006841000;16;10;6;41,6
20290006849000;9;5;4;46,3
20290006850000;9;5;4;44,9
20290006851000;16;10;6;39,9
20290006887000;12;5;7;50,8
20290006889000;1;1;0;0,0
20290006896000;36;18;18;44,2
20290006897000;77;42;35;31,8
20290006917000;11;6;5;55,1
20290006923000;5;3;2;42,8
20290006924000;84;36;48;41,8
20290006925000;77;34;43;45,2
20290006931000;19;12;7;39,8
20290006935000;18;10;8;49,7
20290006936000;23;11;12;40,7
20290006939000;10;6;4;31,8
20290006940000;32;17;15;41,5
20290006942000;4;4;0;0,0
20290006945000;401;203;198;35,0
20290006953000;19;10;9;41,9
20300006455000;2;1;1;0,0
20300006457000;1;1;0;0,0
20300006463000;13;9;4;43,5
20300006464000;23;13;10;44,9
20300006465000;2;1;1;0,0
20300006466000;6;4;2;53,5
20300006468000;123;62;61;26,5
20300006469000;188;94;94;33,5
20300006472000;33;15;18;35,4
20300006473000;6;4;2;39,5
20300006474000;22;10;12;45,0
20300006475000;14;6;8;23,1
20300006476000;29;16;13;37,4
20300006477000;5;3;2;32,8
20300006478000;5;4;1;51,4
20300006480000;6;4;2;35,8
20300006481000;3;2;1;0,0
20300006484000;5;3;2;31,0
20300006485000;4;2;2;0,0
20300006491000;103;52;51;46,4
20300006492000;505;247;258;38,0
20300006493000;155;78;77;36,9
20300006494000;36;19;17;38,0
20300006495000;76;43;33;39,0
20300006496000;28;14;14;50,2
20300006497000;29;14;15;35,0
20300006498000;49;25;24;40,8
20300006499000;143;73;70;40,4
20300006500000;58;32;26;37,9
20300006501000;6;4;2;48,0
20300006503000;9;5;4;43,1
20300006505000;1;1;0;0,0
20300006508000;5;3;2;20,4
20300006509000;20;10;10;40,3
20300006510000;8;3;5;24,9
20300006512000;12;7;5;37,9
20300006513000;3;1;2;0,0
20300006514000;38;19;19;32,6
20300006515000;15;6;9;45,1
20300006517000;10;7;3;35,0
20300006520000;2;1;1;0,0
20300006524000;3;2;1;0,0
20300006525000;1;1;0;0,0
20300006526000;7;4;3;43,6
20300006532000;6;3;3;39,8
20300006555000;45;19;26;38,6
20300006556000;18;10;8;41,8
20300006559000;1;0;1;0,0
20300006562000;2;1;1;0,0
20300006634000;2;1;1;0,0
20300006673000;65;36;29;46,3
20300006674000;13;8;5;42,2
20300006675000;14;7;7;34,9
20300006676000;9;4;5;38,3
20300006677000;3;2;1;0,0
20300006678000;5;3;2;46,4
20300006679000;3;1;2;0,0
20300006680000;48;22;26;37,8
20300006681000;9;6;3;51,4
20300006682000;6;4;2;36,3
20300006687000;737;343;394;49,4
20300006688000;1247;602;645;44,7
20300006689000;1083;554;529;45,6
20300006690000;31;14;17;44,5
20300006696000;4;2;2;0,0
20300006730000;105;55;50;52,2
20300006749000;33;16;17;36,2
20300006750000;13;9;4;58,8
20300006751000;1;1;0;0,0
20300006752000;852;397;455;42,9
20300006809000;6;2;4;47,2
20300006829000;7;3;4;33,0
20300006830000;28;15;13;40,3
20300006834000;15;9;6;48,2
20300006839000;9;6;3;44,8
20300006850000;9;6;3;34,2
20300006851000;18;8;10;47,3
20300006852000;34;18;16;44,5
20300006884000;6;3;3;48,8
20300006896000;23;11;12;55,1
20300006897000;27;17;10;42,7
20300006921000;13;7;6;31,0
20300006922000;14;5;9;31,2
20300006930000;70;34;36;33,6
20300006931000;47;27;20;37,6
20300006940000;5;3;2;38,0
20300006942000;3;2;1;0,0
20310006455000;17;9;8;53,9
20310006458000;2;1;1;0,0
20310006462000;2;1;1;0,0
20310006463000;4;2;2;0,0
20310006465000;17;11;6;26,7
20310006466000;130;69;61;34,3
20310006469000;57;26;31;42,8
20310006470000;19;12;7;54,5
20310006471000;30;14;16;41,5
20310006472000;179;94;85;36,2
20310006473000;33;15;18;41,6
20310006474000;18;9;9;28,0
20310006475000;39;19;20;31,1
20310006476000;18;9;9;31,9
20310006479000;1;1;0;0,0
20310006481000;2;2;0;0,0
20310006485000;4;1;3;0,0
20310006486000;7;4;3;26,0
20310006487000;2;1;1;0,0
20310006491000;20;11;9;28,5
20310006492000;163;81;82;39,0
20310006493000;368;196;172;37,6
20310006496000;24;13;11;39,4
20310006497000;12;4;8;47,9
20310006498000;72;36;36;36,6
20310006499000;33;19;14;33,7
20310006500000;1;1;0;0,0
20310006501000;12;6;6;35,1
20310006502000;5;3;2;20,6
20310006503000;7;4;3;31,0
20310006504000;7;3;4;33,4
20310006510000;4;1;3;0,0
20310006511000;2;1;1;0,0
20310006514000;18;9;9;81,0
20310006515000;24;12;12;38,5
20310006516000;13;3;10;35,5
20310006517000;2;1;1;0,0
20310006518000;7;5;2;51,6
20310006526000;19;12;7;37,2
20310006556000;44;27;17;40,8
20310006558000;36;20;16;38,2
20310006634000;4;3;1;0,0
20310006673000;246;119;127;37,2
20310006674000;50;24;26;43,0
20310006675000;33;17;16;47,5
20310006676000;10;6;4;49,4
20310006677000;3;2;1;0,0
20310006689000;10;5;5;52,3
20310006694000;377;205;172;41,8
20310006698000;13;6;7;58,8
20310006699000;16;8;8;47,0
20310006700000;8;5;3;38,3
20310006730000;12;8;4;32,2
20310006747000;10;6;4;34,9
20310006748000;13;8;5;42,1
20310006749000;27;13;14;40,6
20310006750000;349;188;161;38,4
20310006751000;367;154;213;52,1
20310006752000;1644;796;848;44,6
20310006753000;24;11;13;62,9
20310006754000;5;3;2;38,4
20310006755000;90;45;45;46,6
20310006799000;2;2;0;0,0
20310006803000;1;1;0;0,0
20310006804000;6;4;2;68,7
20310006809000;53;24;29;50,2
20310006811000;2;1;1;0,0
20310006829000;5;2;3;73,2
20310006830000;1;1;0;0,0
20310006834000;17;9;8;46,8
20310006850000;5;3;2;35,4
20310006852000;12;6;6;56,2
20310006881000;24;9;15;49,3
20310006882000;61;34;27;49,1
20310006887000;2;1;1;0,0
20310006891000;41;20;21;45,1
20310006892000;20;11;9;45,3
20310006897000;56;26;30;38,6
20310006906000;2;1;1;0,0
20310006907000;9;3;6;45,8
20310006920000;3;1;2;0,0
20310006929000;14;7;7;42,1
20310006930000;41;23;18;44,5
20310006932000;12;6;6;33,4
20310006933000;1;1;0;0,0
20310006934000;2;1;1;0,0
20310006946000;36;22;14;44,1
20320006455000;31;22;9;45,3
20320006456000;7;4;3;51,0
20320006458000;10;4;6;49,0
20320006459000;4;3;1;0,0
20320006462000;6;2;4;45,8
20320006463000;2;1;1;0,0
20320006466000;7;3;4;34,1
20320006467000;14;7;7;34,5
20320006468000;274;136;138;30,4
20320006469000;49;26;23;41,1
20320006470000;760;386;374;34,3
20320006471000;211;114;97;33,6
20320006472000;234;126;108;40,6
20320006477000;8;4;4;21,6
20320006478000;7;4;3;48,7
20320006479000;13;7;6;47,5
20320006485000;8;5;3;51,8
20320006491000;6;2;4;52,0
20320006492000;4;2;2;0,0
20320006493000;20;14;6;38,9
20320006503000;9;5;4;25,8
20320006507000;3;1;2;0,0
20320006511000;13;8;5;35,5
20320006512000;1;0;1;0,0
20320006515000;16;7;9;31,5
20320006516000;4;1;3;0,0
20320006517000;5;3;2;43,6
20320006527000;1;1;0;0,0
20320006528000;4;2;2;0,0
20320006529000;7;2;5;38,4
20320006555000;3;2;1;0,0
20320006558000;31;17;14;36,5
20320006559000;16;7;9;50,5
20320006635000;7;4;3;41,0
20320006636000;11;7;4;40,5
20320006669000;2;1;1;0,0
20320006670000;5;3;2;68,0
20320006671000;6;3;3;40,8
20320006676000;11;6;5;42,5
20320006694000;262;129;133;39,0
20320006696000;12;6;6;35,6
20320006697000;2;1;1;0,0
20320006701000;22;13;9;40,1
20320006702000;2;0;2;0,0
20320006703000;19;9;10;35,0
20320006724000;24;13;11;56,4
20320006725000;24;11;13;37,2
20320006726000;7;3;4;31,3
20320006730000;8;4;4;54,8
20320006731000;6;4;2;64,7
20320006739000;9;6;3;34,4
20320006742000;4;3;1;0,0
20320006743000;1;1;0;0,0
20320006744000;10;6;4;44,9
20320006745000;22;10;12;40,3
20320006746000;11;5;6;46,3
20320006747000;24;10;14;44,6
20320006748000;70;38;32;39,8
20320006749000;23;14;9;30,7
20320006750000;121;58;63;41,4
20320006751000;869;425;444;39,0
20320006752000;1095;489;606;48,0
20320006753000;173;74;99;42,9
20320006754000;412;200;212;42,8
20320006755000;756;384;372;38,4
20320006756000;51;30;21;38,0
20320006803000;1;1;0;0,0
20320006808000;9;5;4;53,3
20320006829000;11;6;5;30,1
20320006830000;6;3;3;37,3
20320006834000;9;3;6;52,3
20320006835000;7;3;4;44,9
20320006837000;5;3;2;26,2
20320006838000;5;3;2;29,6
20320006850000;3;1;2;0,0
20320006852000;19;10;9;52,3
20320006879000;6;2;4;53,2
20320006880000;69;32;37;40,0
20320006881000;61;30;31;52,1
20320006882000;25;14;11;47,9
20320006886000;10;5;5;37,6
20320006887000;15;7;8;44,8
20320006890000;9;4;5;48,2
20320006891000;10;6;4;43,5
20320006896000;49;24;25;33,5
20320006897000;268;139;129;37,4
20320006898000;9;3;6;54,1
20320006906000;16;9;7;40,8
20320006907000;26;13;13;48,9
20320006911000;10;5;5;58,8
20320006919000;144;68;76;48,3
20320006920000;53;27;26;44,3
20320006921000;8;5;3;40,4
20320006925000;24;13;11;40,3
20320006926000;9;5;4;46,0
20320006929000;12;7;5;54,5
20320006932000;1;0;1;0,0
20320006934000;72;39;33;38,0
20320006946000;251;132;119;34,7
20330006456000;14;7;7;51,1
20330006457000;5;3;2;41,0
20330006459000;6;2;4;39,0
20330006463000;5;2;3;31,6
20330006464000;2;0;2;0,0
20330006465000;13;6;7;26,9
20330006466000;5;3;2;47,2
20330006467000;23;9;14;32,0
20330006468000;34;19;15;27,4
20330006469000;4;2;2;0,0
20330006470000;414;191;223;33,6
20330006471000;922;435;487;46,0
20330006472000;69;38;31;37,0
20330006473000;24;11;13;44,5
20330006474000;56;33;23;36,8
20330006475000;43;22;21;37,3
20330006476000;9;4;5;39,7
20330006477000;15;8;7;33,5
20330006479000;14;8;6;20,9
20330006493000;40;21;19;32,3
20330006494000;15;10;5;44,9
20330006495000;39;19;20;34,4
20330006497000;16;8;8;27,8
20330006500000;7;4;3;37,9
20330006502000;28;15;13;31,8
20330006503000;32;17;15;28,7
20330006504000;2;1;1;0,0
20330006507000;9;3;6;55,4
20330006508000;7;4;3;57,1
20330006513000;10;6;4;45,8
20330006514000;5;4;1;39,6
20330006515000;17;10;7;34,6
20330006517000;9;4;5;37,7
20330006518000;2;1;1;0,0
20330006529000;11;7;4;50,5
20330006530000;1;1;0;0,0
20330006555000;2;1;1;0,0
20330006557000;9;6;3;43,2
20330006558000;23;13;10;36,8
20330006559000;12;5;7;33,3
20330006668000;2;1;1;0,0
20330006669000;1;0;1;0,0
20330006670000;16;8;8;37,3
20330006696000;1;1;0;0,0
20330006698000;1;1;0;0,0
20330006699000;5;2;3;71,8
20330006703000;14;8;6;56,2
20330006704000;32;15;17;54,4
20330006705000;9;5;4;43,8
20330006707000;5;4;1;33,8
20330006708000;40;20;20;42,2
20330006709000;59;28;31;40,2
20330006726000;3;2;1;0,0
20330006727000;3;3;0;0,0
20330006739000;4;3;1;0,0
20330006742000;17;7;10;50,5
20330006743000;1;0;1;0,0
20330006744000;14;6;8;38,4
20330006745000;5;3;2;65,6
20330006746000;6;2;4;25,8
20330006747000;134;68;66;32,5
20330006751000;39;18;21;49,7
20330006752000;278;134;144;39,3
20330006753000;18;8;10;38,6
20330006754000;130;62;68;39,6
20330006755000;93;46;47;40,1
20330006756000;85;42;43;41,7
20330006757000;6;3;3;43,8
20330006768000;2;1;1;0,0
20330006793000;1;0;1;0,0
20330006808000;4;2;2;0,0
20330006830000;18;10;8;38,3
20330006835000;5;3;2;56,8
20330006836000;6;3;3;43,5
20330006838000;8;4;4;33,9
20330006852000;5;2;3;33,2
20330006853000;13;7;6;22,5
20330006879000;19;8;11;31,5
20330006880000;56;31;25;49,7
20330006881000;8;2;6;23,3
20330006884000;7;3;4;22,7
20330006885000;59;32;27;31,2
20330006886000;3;2;1;0,0
20330006890000;5;2;3;40,2
20330006896000;39;20;19;39,3
20330006897000;75;42;33;35,2
20330006898000;13;6;7;40,0
20330006905000;39;17;22;35,9
20330006906000;3;1;2;0,0
20330006907000;4;2;2;0,0
20330006908000;23;12;11;42,6
20330006912000;7;5;2;54,0
20330006913000;16;6;10;45,9
20330006918000;8;4;4;42,5
20330006919000;33;18;15;55,6
20330006920000;18;12;6;47,3
20330006924000;53;27;26;41,9
20330006925000;132;70;62;40,3
20330006926000;46;26;20;43,7
20330006929000;4;3;1;0,0
20330006930000;10;5;5;74,3
20330006932000;21;11;10;45,5
20330006933000;116;60;56;42,1
20330006934000;25;12;13;49,7
20330006936000;2;1;1;0,0
20330006940000;4;3;1;0,0
20330006941000;9;4;5;54,2
20330006942000;28;17;11;41,5
20330006943000;49;22;27;29,9
20330006944000;49;22;27;47,2
20330006945000;68;34;34;37,1
20330006946000;238;119;119;43,6
20340006456000;7;4;3;40,9
20340006459000;24;13;11;31,8
20340006460000;20;8;12;37,0
20340006461000;6;3;3;37,2
20340006462000;2;1;1;0,0
20340006463000;6;3;3;69,3
20340006464000;4;2;2;0,0
20340006465000;4;2;2;0,0
20340006466000;11;4;7;37,0
20340006467000;3;2;1;0,0
20340006470000;14;8;6;34,7
20340006471000;313;155;158;37,1
20340006472000;403;210;193;38,0
20340006473000;95;48;47;38,1
20340006475000;11;7;4;36,7
20340006488000;1;0;1;0,0
20340006489000;4;0;4;0,0
20340006493000;11;5;6;38,9
20340006494000;74;41;33;34,1
20340006495000;53;33;20;40,7
20340006496000;81;39;42;33,2
20340006497000;10;5;5;32,9
20340006498000;34;18;16;37,3
20340006499000;18;8;10;43,3
20340006500000;3;1;2;0,0
20340006503000;1;0;1;0,0
20340006507000;4;2;2;0,0
20340006510000;13;4;9;38,1
20340006512000;2;1;1;0,0
20340006514000;4;2;2;0,0
20340006515000;29;13;16;38,9
20340006559000;23;11;12;48,9
20340006701000;19;9;10;40,2
20340006702000;6;4;2;36,0
20340006703000;4;2;2;0,0
20340006708000;3;2;1;0,0
20340006709000;56;27;29;48,9
20340006710000;64;31;33;45,3
20340006711000;40;24;16;48,9
20340006727000;18;8;10;54,6
20340006728000;9;4;5;45,6
20340006751000;44;27;17;42,0
20340006752000;291;150;141;37,0
20340006753000;26;10;16;47,6
20340006755000;40;23;17;39,7
20340006757000;53;24;29;41,4
20340006758000;32;14;18;43,1
20340006767000;18;7;11;39,2
20340006768000;12;8;4;40,6
20340006793000;22;9;13;46,0
20340006794000;7;2;5;65,6
20340006795000;22;10;12;40,7
20340006807000;1;1;0;0,0
20340006830000;2;1;1;0,0
20340006831000;18;8;10;38,4
20340006837000;8;5;3;57,4
20340006839000;6;3;3;28,3
20340006851000;3;2;1;0,0
20340006853000;45;24;21;41,7
20340006873000;7;4;3;42,3
20340006876000;1;1;0;0,0
20340006879000;62;29;33;45,0
20340006880000;68;31;37;38,2
20340006883000;30;16;14;34,3
20340006884000;123;62;61;40,3
20340006885000;16;9;7;50,3
20340006889000;3;2;1;0,0
20340006895000;16;7;9;39,8
20340006896000;12;8;4;45,8
20340006897000;12;6;6;41,5
20340006898000;9;6;3;30,3
20340006905000;9;3;6;30,6
20340006906000;10;5;5;50,5
20340006912000;16;7;9;35,5
20340006913000;38;20;18;41,3
20340006914000;8;4;4;51,0
20340006918000;5;4;1;65,6
20340006923000;196;94;102;38,6
20340006924000;177;88;89;36,7
20340006925000;179;92;87;32,2
20340006926000;26;14;12;38,5
20340006928000;7;4;3;48,7
20340006930000;35;15;20;49,9
20340006937000;5;4;1;56,0
20340006940000;11;5;6;32,6
20340006942000;10;5;5;46,9
20340006944000;46;29;17;38,4
20340006945000;40;23;17;41,0
20340006946000;33;17;16;44,3
20340006947000;307;162;145;40,2
20350006460000;15;5;10;35,7
20350006461000;52;27;25;34,7
20350006465000;12;6;6;39,3
20350006467000;18;9;9;33,5
20350006468000;4;3;1;0,0
20350006470000;18;10;8;44,8
20350006471000;5;2;3;33,6
20350006472000;314;152;162;34,4
20350006473000;972;468;504;40,0
20350006474000;17;10;7;37,7
20350006475000;24;13;11;29,8
20350006476000;8;2;6;35,8
20350006477000;1;1;0;0,0
20350006478000;6;5;1;21,7
20350006479000;3;1;2;0,0
20350006482000;2;2;0;0,0
20350006485000;3;1;2;0,0
20350006489000;1;1;0;0,0
20350006494000;24;10;14;34,4
20350006496000;44;22;22;33,5
20350006497000;29;17;12;26,4
20350006498000;4;2;2;0,0
20350006500000;17;12;5;26,4
20350006501000;11;6;5;28,4
20350006506000;2;2;0;0,0
20350006508000;24;16;8;34,1
20350006509000;14;9;5;41,0
20350006510000;7;3;4;62,7
20350006511000;2;0;2;0,0
20350006512000;19;10;9;37,8
20350006513000;9;3;6;47,1
20350006514000;4;3;1;0,0
20350006515000;1;0;1;0,0
20350006530000;11;6;5;41,3
20350006531000;2;1;1;0,0
20350006559000;2;1;1;0,0
20350006561000;17;10;7;38,9
20350006562000;3;1;2;0,0
20350006568000;3;2;1;0,0
20350006569000;4;3;1;0,0
20350006648000;4;3;1;0,0
20350006695000;14;6;8;35,3
20350006703000;32;19;13;32,7
20350006704000;41;19;22;41,9
20350006705000;13;6;7;53,5
20350006711000;1;1;0;0,0
20350006712000;21;11;10;32,6
20350006713000;1;1;0;0,0
20350006728000;15;9;6;61,4
20350006729000;7;5;2;42,1
20350006732000;5;3;2;68,2
20350006749000;15;10;5;33,9
20350006750000;26;13;13;43,2
20350006751000;77;39;38;34,6
20350006752000;13;6;7;36,5
20350006753000;133;67;66;41,3
20350006754000;14;8;6;23,1
20350006755000;3;2;1;0,0
20350006756000;20;11;9;53,7
20350006757000;36;20;16;39,8
20350006758000;10;7;3;65,0
20350006759000;9;4;5;40,3
20350006760000;3;2;1;0,0
20350006762000;4;3;1;0,0
20350006766000;11;7;4;51,5
20350006767000;13;8;5;32,1
20350006770000;3;2;1;0,0
20350006773000;4;2;2;0,0
20350006774000;19;10;9;45,8
20350006795000;18;10;8;37,8
20350006796000;3;2;1;0,0
20350006801000;1;1;0;0,0
20350006806000;1;1;0;0,0
20350006839000;22;10;12;39,0
20350006850000;18;9;9;32,1
20350006851000;1;0;1;0,0
20350006852000;2;1;1;0,0
20350006853000;93;57;36;34,9
20350006854000;20;12;8;50,7
20350006878000;19;8;11;36,7
20350006879000;47;22;25;39,4
20350006881000;17;9;8;53,0
20350006882000;102;50;52;38,9
20350006883000;46;26;20;40,7
20350006884000;31;17;14;42,8
20350006885000;20;8;12;33,8
20350006886000;8;4;4;53,4
20350006895000;19;10;9;41,4
20350006914000;6;5;1;57,7
20350006916000;25;14;11;43,0
20350006917000;2;1;1;0,0
20350006920000;4;1;3;0,0
20350006921000;180;97;83;40,9
20350006922000;1288;647;641;41,1
20350006923000;1035;517;518;39,0
20350006925000;3;2;1;0,0
20350006926000;37;21;16;40,4
20350006927000;22;10;12;43,1
20350006928000;60;38;22;41,0
20350006930000;25;14;11;36,2
20350006934000;1;1;0;0,0
20350006937000;6;3;3;64,8
20350006941000;14;8;6;31,2
20350006942000;4;3;1;0,0
20350006947000;169;84;85;38,2
20350006948000;8;4;4;48,8
20350006950000;28;15;13;38,5
20350006951000;3;3;0;0,0
20350006958000;28;14;14;42,5
20350006960000;57;30;27;39,2
20350006961000;101;47;54;43,9
20360006460000;386;184;202;40,2
20360006461000;99;55;44;39,2
20360006463000;11;8;3;66,4
20360006464000;14;9;5;52,1
20360006466000;12;6;6;23,1
20360006467000;2;1;1;0,0
20360006468000;3;2;1;0,0
20360006469000;1;0;1;0,0
20360006470000;5;3;2;29,0
20360006471000;2;0;2;0,0
20360006472000;30;16;14;28,6
20360006473000;645;332;313;34,4
20360006474000;16;9;7;25,9
20360006475000;17;8;9;35,1
20360006477000;5;2;3;56,0
20360006478000;3;2;1;0,0
20360006480000;3;1;2;0,0
20360006481000;2;1;1;0,0
20360006483000;5;3;2;34,6
20360006486000;2;1;1;0,0
20360006489000;4;2;2;0,0
20360006494000;2;1;1;0,0
20360006500000;11;7;4;23,4
20360006512000;3;2;1;0,0
20360006513000;5;3;2;34,4
20360006563000;24;10;14;42,3
20360006570000;5;2;3;38,4
20360006643000;5;3;2;42,4
20360006645000;4;3;1;0,0
20360006706000;83;43;40;39,3
20360006707000;59;28;31;43,2
20360006708000;5;3;2;37,2
20360006709000;19;8;11;30,8
20360006712000;11;6;5;46,7
20360006713000;157;82;75;40,1
20360006714000;46;25;21;41,1
20360006729000;14;8;6;61,4
20360006749000;16;6;10;43,1
20360006750000;31;16;15;41,2
20360006751000;15;7;8;25,9
20360006753000;70;33;37;39,9
20360006754000;9;5;4;48,2
20360006755000;13;6;7;33,6
20360006756000;83;47;36;37,7
20360006757000;36;16;20;39,4
20360006758000;26;13;13;37,2
20360006759000;10;5;5;41,4
20360006760000;19;10;9;40,3
20360006761000;20;13;7;37,7
20360006762000;9;6;3;56,8
20360006766000;33;16;17;37,9
20360006767000;52;24;28;38,3
20360006768000;54;25;29;38,0
20360006769000;4;2;2;0,0
20360006772000;28;16;12;41,1
20360006773000;5;2;3;69,4
20360006774000;68;34;34;40,7
20360006775000;21;12;9;56,4
20360006793000;40;20;20;43,5
20360006794000;8;6;2;46,9
20360006796000;2;1;1;0,0
20360006798000;2;1;1;0,0
20360006805000;7;4;3;61,0
20360006831000;3;2;1;0,0
20360006850000;36;20;16;45,1
20360006854000;17;10;7;44,3
20360006855000;2;1;1;0,0
20360006878000;39;19;20;38,0
20360006879000;276;137;139;41,6
20360006880000;138;57;81;43,3
20360006881000;141;73;68;43,1
20360006882000;60;36;24;45,4
20360006883000;26;13;13;43,4
20360006886000;34;21;13;36,6
20360006895000;7;3;4;39,9
20360006899000;1;1;0;0,0
20360006914000;12;7;5;37,7
20360006919000;8;4;4;60,6
20360006921000;108;49;59;36,8
20360006922000;1198;589;609;36,7
20360006923000;513;268;245;39,0
20360006926000;338;167;171;33,9
20360006927000;277;148;129;40,9
20360006929000;37;18;19;49,0
20360006930000;2;1;1;0,0
20360006938000;1;1;0;0,0
20360006942000;5;3;2;49,8
20360006943000;40;20;20;39,9
20360006946000;131;69;62;36,0
20360006947000;861;440;421;38,7
20360006948000;639;300;339;43,1
20360006950000;160;90;70;34,4
20360006951000;172;87;85;39,0
20360006952000;12;8;4;48,1
20360006958000;187;82;105;35,7
20360006960000;23;12;11;44,4
20370006460000;156;76;80;36,8
20370006461000;47;22;25;32,9
20370006463000;28;14;14;34,0
20370006466000;11;7;4;40,1
20370006469000;3;1;2;0,0
20370006470000;4;3;1;0,0
20370006471000;5;3;2;39,2
20370006472000;31;15;16;19,5
20370006473000;21;11;10;48,3
20370006477000;49;24;25;28,3
20370006480000;2;1;1;0,0
20370006482000;4;2;2;0,0
20370006483000;2;1;1;0,0
20370006484000;1;1;0;0,0
20370006485000;1;1;0;0,0
20370006511000;3;1;2;0,0
20370006512000;15;9;6;48,8
20370006518000;10;5;5;36,6
20370006563000;5;4;1;30,8
20370006568000;3;2;1;0,0
20370006569000;5;3;2;34,0
20370006570000;10;3;7;28,4
20370006634000;13;5;8;34,5
20370006635000;3;2;1;0,0
20370006636000;1;1;0;0,0
20370006650000;5;3;2;21,6
20370006651000;5;4;1;36,8
20370006707000;9;5;4;41,7
20370006708000;33;18;15;41,4
20370006709000;82;40;42;40,6
20370006710000;32;15;17;46,5
20370006711000;42;23;19;45,2
20370006712000;7;3;4;59,6
20370006714000;9;3;6;40,6
20370006717000;9;3;6;49,1
20370006718000;3;1;2;0,0
20370006728000;5;2;3;63,0
20370006731000;1;1;0;0,0
20370006748000;118;63;55;40,5
20370006749000;484;257;227;30,5
20370006750000;223;116;107;33,6
20370006751000;110;60;50;44,8
20370006752000;15;6;9;60,7
20370006753000;59;31;28;37,3
20370006754000;8;6;2;49,0
20370006755000;116;59;57;36,5
20370006756000;127;61;66;39,1
20370006760000;5;3;2;67,8
20370006761000;14;8;6;46,3
20370006762000;7;5;2;56,9
20370006764000;2;2;0;0,0
20370006765000;8;5;3;47,9
20370006766000;40;22;18;37,8
20370006767000;10;4;6;56,1
20370006768000;99;49;50;36,7
20370006769000;18;9;9;34,4
20370006771000;5;3;2;37,0
20370006772000;1;0;1;0,0
20370006775000;43;24;19;44,2
20370006776000;10;6;4;42,7
20370006791000;10;6;4;53,3
20370006792000;1;1;0;0,0
20370006806000;6;4;2;47,0
20370006850000;5;2;3;57,8
20370006878000;49;23;26;33,5
20370006879000;706;349;357;43,2
20370006880000;416;206;210;40,9
20370006881000;304;161;143;36,8
20370006882000;57;31;26;34,4
20370006896000;10;5;5;40,5
20370006902000;1;0;1;0,0
20370006917000;3;2;1;0,0
20370006918000;6;3;3;42,2
20370006922000;957;476;481;35,9
20370006923000;169;85;84;48,5
20370006926000;525;279;246;39,8
20370006927000;2;1;1;0,0
20370006928000;12;8;4;32,8
20370006929000;209;111;98;34,8
20370006939000;3;2;1;0,0
20370006943000;20;12;8;44,8
20370006944000;100;53;47;40,9
20370006946000;308;166;142;36,9
20370006947000;157;72;85;43,6
20370006948000;391;201;190;42,0
20370006949000;1;1;0;0,0
20370006958000;55;33;22;42,7
20370006959000;18;10;8;47,7
20380006460000;3;2;1;0,0
20380006463000;2;1;1;0,0
20380006464000;1;1;0;0,0
20380006466000;2;1;1;0,0
20380006468000;8;4;4;37,8
20380006469000;1;0;1;0,0
20380006471000;6;3;3;44,0
20380006472000;15;8;7;24,6
20380006476000;3;1;2;0,0
20380006478000;5;3;2;38,8
20380006479000;20;10;10;46,9
20380006480000;6;4;2;54,5
20380006481000;8;5;3;25,6
20380006484000;12;7;5;45,8
20380006511000;5;3;2;28,4
20380006569000;1;1;0;0,0
20380006633000;3;1;2;0,0
20380006634000;6;4;2;44,8
20380006640000;77;43;34;43,3
20380006656000;2;1;1;0,0
20380006659000;12;5;7;34,3
20380006677000;1;1;0;0,0
20380006718000;24;13;11;52,5
20380006719000;51;25;26;42,5
20380006720000;27;14;13;57,1
20380006728000;2;1;1;0,0
20380006747000;26;17;9;37,8
20380006748000;75;31;44;37,4
20380006749000;124;60;64;34,6
20380006750000;28;16;12;40,0
20380006753000;1;1;0;0,0
20380006754000;9;4;5;43,4
20380006755000;29;15;14;42,2
20380006768000;4;2;2;0,0
20380006769000;127;68;59;30,4
20380006770000;4;2;2;0,0
20380006776000;17;11;6;48,9
20380006777000;4;2;2;0,0
20380006806000;1;1;0;0,0
20380006839000;2;2;0;0,0
20380006852000;7;4;3;54,4
20380006878000;49;25;24;45,4
20380006879000;348;176;172;39,7
20380006880000;3;1;2;0,0
20380006889000;38;18;20;38,9
20380006916000;6;3;3;26,5
20380006917000;21;10;11;41,7
20380006920000;4;2;2;0,0
20380006921000;43;29;14;40,7
20380006922000;753;379;374;35,4
20380006926000;477;249;228;38,9
20380006927000;43;18;25;40,0
20380006928000;634;325;309;41,1
20380006929000;39;18;21;39,4
20380006938000;44;24;20;53,3
20380006939000;189;92;97;39,7
20380006943000;1;1;0;0,0
20380006944000;166;85;81;35,7
20380006945000;351;183;168;36,2
20380006946000;58;30;28;38,5
20380006958000;108;48;60;42,7
20380006959000;390;191;199;38,9
20390006461000;89;50;39;33,2
20390006462000;6;4;2;50,8
20390006464000;6;3;3;46,0
20390006465000;9;4;5;59,3
20390006466000;1;1;0;0,0
20390006468000;1;1;0;0,0
20390006471000;10;6;4;40,5
20390006472000;11;5;6;24,5
20390006479000;9;5;4;27,8
20390006480000;16;7;9;30,4
20390006481000;6;3;3;51,0
20390006483000;2;1;1;0,0
20390006569000;2;1;1;0,0
20390006640000;38;19;19;42,5
20390006641000;16;8;8;59,3
20390006659000;36;15;21;43,1
20390006676000;1;1;0;0,0
20390006714000;29;15;14;37,4
20390006715000;101;50;51;39,2
20390006716000;73;34;39;43,6
20390006717000;3;2;1;0,0
20390006721000;40;21;19;46,5
20390006722000;54;30;24;43,2
20390006723000;3;2;1;0,0
20390006727000;51;17;34;40,5
20390006728000;86;30;56;54,2
20390006733000;26;14;12;56,7
20390006747000;8;3;5;40,4
20390006748000;23;13;10;52,0
20390006749000;10;5;5;27,5
20390006769000;58;31;27;35,6
20390006776000;10;5;5;51,8
20390006777000;2;1;1;0,0
20390006778000;1;1;0;0,0
20390006840000;7;3;4;38,3
20390006850000;1;0;1;0,0
20390006851000;2;1;1;0,0
20390006852000;2;1;1;0,0
20390006853000;2;1;1;0,0
20390006877000;5;2;3;35,6
20390006878000;3;1;2;0,0
20390006889000;21;11;10;37,1
20390006890000;14;9;5;56,4
20390006896000;2;1;1;0,0
20390006897000;10;6;4;51,0
20390006916000;26;12;14;35,2
20390006917000;10;5;5;39,3
20390006922000;48;22;26;43,1
20390006926000;241;105;136;37,8
20390006927000;452;218;234;43,6
20390006928000;1697;828;869;41,7
20390006929000;92;46;46;39,8
20390006938000;36;19;17;41,8
20390006939000;184;93;91;41,1
20390006940000;32;18;14;48,3
20390006944000;28;10;18;36,4
20390006945000;164;79;85;36,3
20390006946000;2;1;1;0,0
20390006958000;11;7;4;52,2
20390006959000;148;77;71;34,8
20390006960000;8;4;4;47,8
20390006961000;41;19;22;38,5
20390006962000;428;233;195;35,5
20390006966000;34;18;16;36,9
20390006967000;3;2;1;0,0
20400006460000;278;151;127;34,6
20400006461000;26;13;13;40,8
20400006462000;7;2;5;43,9
20400006466000;19;10;9;34,8
20400006467000;7;4;3;36,9
20400006468000;8;4;4;59,0
20400006470000;12;6;6;42,8
20400006471000;6;5;1;37,7
20400006473000;16;6;10;33,1
20400006474000;6;3;3;46,2
20400006480000;19;7;12;22,2
20400006481000;30;13;17;37,3
20400006482000;1;1;0;0,0
20400006489000;1;1;0;0,0
20400006513000;1;1;0;0,0
20400006529000;1;1;0;0,0
20400006640000;8;5;3;46,5
20400006658000;11;3;8;33,2
20400006660000;5;3;2;21,8
20400006716000;289;160;129;39,6
20400006717000;144;71;73;38,4
20400006718000;67;30;37;45,3
20400006719000;5;3;2;28,6
20400006720000;2;1;1;0,0
20400006722000;21;12;9;45,6
20400006723000;31;17;14;56,4
20400006724000;14;7;7;36,1
20400006726000;3;1;2;0,0
20400006727000;11;5;6;29,1
20400006730000;8;3;5;51,9
20400006744000;6;3;3;31,3
20400006747000;8;4;4;51,0
20400006748000;41;21;20;38,5
20400006755000;3;1;2;0,0
20400006756000;8;5;3;57,9
20400006757000;1;0;1;0,0
20400006769000;5;4;1;22,8
20400006801000;8;4;4;23,8
20400006805000;2;2;0;0,0
20400006839000;15;7;8;40,3
20400006840000;18;8;10;37,2
20400006850000;2;1;1;0,0
20400006851000;11;4;7;55,4
20400006853000;13;8;5;45,5
20400006854000;16;9;7;43,5
20400006855000;26;14;12;43,6
20400006877000;22;10;12;40,0
20400006889000;1;1;0;0,0
20400006897000;4;3;1;0,0
20400006898000;14;9;5;34,5
20400006914000;7;6;1;49,0
20400006916000;39;19;20;48,4
20400006922000;14;9;5;37,6
20400006925000;19;11;8;40,2
20400006926000;71;38;33;41,3
20400006927000;1062;550;512;32,5
20400006928000;993;485;508;40,0
20400006937000;9;6;3;60,3
20400006938000;19;13;6;47,0
20400006944000;6;4;2;62,3
20400006945000;1;0;1;0,0
20400006961000;66;34;32;42,8
20400006962000;270;123;147;38,0
20400006963000;10;5;5;34,8
20400006966000;75;43;32;31,2
20400006967000;263;135;128;35,1
20400006968000;62;33;29;43,8
20410006458000;18;8;10;65,0
20410006459000;58;31;27;40,9
20410006460000;27;15;12;34,4
20410006461000;11;4;7;54,8
20410006462000;9;4;5;24,4
20410006463000;2;1;1;0,0
20410006464000;2;1;1;0,0
20410006467000;11;7;4;43,5
20410006470000;2;1;1;0,0
20410006473000;7;4;3;41,4
20410006474000;6;4;2;35,0
20410006475000;1;1;0;0,0
20410006478000;3;2;1;0,0
20410006481000;26;14;12;26,3
20410006482000;158;92;66;32,1
20410006483000;7;5;2;42,0
20410006512000;39;17;22;37,5
20410006513000;38;22;16;43,5
20410006515000;16;7;9;48,6
20410006516000;20;12;8;33,4
20410006658000;8;4;4;37,5
20410006659000;9;3;6;43,7
20410006660000;47;23;24;42,4
20410006661000;12;6;6;27,1
20410006720000;41;23;18;47,7
20410006721000;17;9;8;56,9
20410006724000;1;1;0;0,0
20410006725000;18;11;7;64,5
20410006730000;3;1;2;0,0
20410006734000;26;13;13;40,4
20410006735000;29;14;15;50,0
20410006736000;13;7;6;31,8
20410006756000;64;35;29;35,4
20410006758000;4;2;2;0,0
20410006767000;14;8;6;42,0
20410006768000;121;53;68;51,5
20410006769000;54;28;26;39,1
20410006801000;1;0;1;0,0
20410006806000;13;6;7;56,1
20410006807000;8;4;4;44,0
20410006839000;17;6;11;39,9
20410006851000;8;4;4;62,3
20410006852000;6;3;3;49,7
20410006854000;58;32;26;44,3
20410006855000;39;19;20;45,5
20410006876000;11;6;5;31,8
20410006897000;21;9;12;48,4
20410006898000;7;2;5;44,0
20410006912000;10;5;5;38,2
20410006913000;26;15;11;42,6
20410006924000;11;5;6;27,7
20410006925000;20;11;9;37,9
20410006926000;37;15;22;38,5
20410006927000;59;34;25;26,2
20410006928000;60;31;29;36,2
20410006929000;2;1;1;0,0
20410006936000;10;6;4;39,8
20410006937000;40;21;19;45,6
20410006941000;88;39;49;54,8
20410006956000;94;52;42;37,7
20410006962000;39;20;19;53,5
20410006966000;47;27;20;41,8
20410006967000;75;38;37;39,9
20410006968000;58;26;32;43,9
20420006460000;10;6;4;43,1
20420006461000;18;10;8;30,7
20420006463000;6;4;2;27,0
20420006466000;3;2;1;0,0
20420006467000;7;3;4;41,1
20420006468000;1;1;0;0,0
20420006472000;8;5;3;27,9
20420006474000;13;4;9;22,5
20420006475000;14;5;9;25,9
20420006480000;1;0;1;0,0
20420006482000;8;4;4;27,5
20420006483000;6;4;2;37,3
20420006484000;27;12;15;46,1
20420006486000;9;5;4;56,8
20420006487000;17;9;8;42,1
20420006511000;19;9;10;36,3
20420006512000;5;3;2;32,8
20420006640000;6;3;3;58,2
20420006641000;2;0;2;0,0
20420006660000;57;23;34;48,1
20420006661000;263;135;128;47,0
20420006721000;34;16;18;39,4
20420006722000;81;40;41;46,2
20420006723000;27;13;14;35,3
20420006733000;9;5;4;40,1
20420006734000;7;4;3;55,3
20420006735000;2;1;1;0,0
20420006746000;11;7;4;42,0
20420006755000;2;2;0;0,0
20420006756000;34;15;19;44,0
20420006767000;3;2;1;0,0
20420006768000;3;3;0;0,0
20420006769000;39;22;17;47,9
20420006806000;2;1;1;0,0
20420006807000;11;5;6;45,5
20420006839000;8;3;5;37,0
20420006855000;34;19;15;49,5
20420006877000;4;2;2;0,0
20420006897000;3;1;2;0,0
20420006913000;23;13;10;46,3
20420006915000;4;3;1;0,0
20420006922000;3;1;2;0,0
20420006924000;10;5;5;56,1
20420006925000;99;51;48;39,3
20420006926000;29;13;16;41,0
20420006936000;7;4;3;50,4
20420006940000;17;10;7;35,3
20420006941000;87;47;40;43,7
20420006949000;13;7;6;55,8
20420006956000;626;310;316;39,3
20420006957000;1156;582;574;41,5
20420006958000;214;118;96;42,5
20420006961000;448;225;223;34,9
20420006962000;115;54;61;35,0
20420006967000;51;32;19;36,4
20420006968000;147;69;78;45,6
20420006969000;22;12;10;25,6
20420006970000;19;8;11;41,3
20430006458000;1;1;0;0,0
20430006459000;5;2;3;59,8
20430006460000;23;12;11;42,7
20430006466000;27;16;11;40,3
20430006468000;1;0;1;0,0
20430006472000;4;2;2;0,0
20430006482000;5;3;2;51,4
20430006484000;32;19;13;39,5
20430006487000;4;2;2;0,0
20430006498000;1;1;0;0,0
20430006499000;14;8;6;41,0
20430006500000;18;14;4;35,7
20430006501000;12;8;4;48,0
20430006502000;2;1;1;0,0
20430006509000;2;1;1;0,0
20430006511000;34;18;16;35,5
20430006512000;2;1;1;0,0
20430006514000;2;1;1;0,0
20430006661000;25;13;12;37,8
20430006722000;5;4;1;75,0
20430006728000;4;2;2;0,0
20430006735000;1;0;1;0,0
20430006745000;12;6;6;39,2
20430006746000;4;2;2;0,0
20430006756000;45;26;19;38,0
20430006768000;15;9;6;44,5
20430006769000;20;9;11;48,3
20430006797000;2;1;1;0,0
20430006798000;19;11;8;52,7
20430006799000;14;7;7;52,7
20430006802000;1;0;1;0,0
20430006816000;9;6;3;65,0
20430006839000;11;5;6;46,7
20430006851000;4;3;1;0,0
20430006855000;10;5;5;74,7
20430006864000;2;2;0;0,0
20430006867000;8;3;5;35,5
20430006889000;11;6;5;63,7
20430006890000;6;4;2;43,8
20430006895000;4;1;3;0,0
20430006898000;7;5;2;54,9
20430006915000;2;1;1;0,0
20430006922000;46;25;21;41,4
20430006923000;80;39;41;49,1
20430006924000;73;41;32;41,4
20430006925000;58;30;28;30,9
20430006926000;26;13;13;30,2
20430006949000;16;9;7;51,2
20430006950000;1;1;0;0,0
20430006956000;543;266;277;35,5
20430006957000;955;509;446;38,9
20430006958000;406;210;196;42,6
20430006960000;244;122;122;33,7
20430006961000;991;480;511;40,1
20430006962000;423;209;214;36,7
20430006964000;85;42;43;39,8
20430006968000;80;48;32;36,5
20430006970000;179;92;87;41,0
20440006460000;76;41;35;42,2
20440006461000;18;8;10;55,8
20440006462000;12;7;5;46,9
20440006463000;10;6;4;35,2
20440006464000;4;3;1;0,0
20440006465000;23;12;11;39,3
20440006466000;9;4;5;43,7
20440006489000;11;6;5;32,5
20440006490000;1;0;1;0,0
20440006491000;62;30;32;38,6
20440006492000;68;34;34;44,4
20440006493000;18;8;10;34,7
20440006494000;8;5;3;46,4
20440006497000;5;3;2;38,8
20440006498000;13;8;5;39,1
20440006499000;6;4;2;24,5
20440006500000;16;9;7;57,5
20440006501000;8;4;4;18,6
20440006502000;1;1;0;0,0
20440006503000;4;2;2;0,0
20440006510000;65;35;30;41,7
20440006511000;40;20;20;35,4
20440006661000;2;1;1;0,0
20440006720000;9;6;3;18,4
20440006721000;515;250;265;41,7
20440006722000;9;5;4;40,1
20440006739000;2;1;1;0,0
20440006743000;3;2;1;0,0
20440006744000;18;11;7;49,8
20440006745000;27;14;13;41,7
20440006746000;2;1;1;0,0
20440006756000;1;1;0;0,0
20440006768000;15;7;8;35,7
20440006769000;13;8;5;44,7
20440006770000;5;2;3;26,2
20440006797000;4;2;2;0,0
20440006798000;14;9;5;49,1
20440006799000;48;26;22;48,4
20440006800000;23;15;8;43,5
20440006803000;7;4;3;54,4
20440006807000;7;4;3;33,9
20440006813000;1;0;1;0,0
20440006816000;13;7;6;41,8
20440006817000;4;2;2;0,0
20440006840000;8;4;4;59,9
20440006851000;2;1;1;0,0
20440006853000;11;4;7;32,5
20440006855000;27;14;13;50,6
20440006867000;45;20;25;40,6
20440006869000;5;2;3;57,2
20440006870000;28;15;13;43,7
20440006877000;2;1;1;0,0
20440006889000;70;40;30;42,9
20440006890000;55;31;24;36,2
20440006895000;8;5;3;37,8
20440006898000;6;5;1;39,2
20440006901000;1;1;0;0,0
20440006912000;12;6;6;52,2
20440006920000;2;1;1;0,0
20440006921000;56;29;27;50,3
20440006922000;8;5;3;35,5
20440006923000;53;28;25;33,8
20440006925000;5;2;3;57,0
20440006926000;47;25;22;44,9
20440006927000;20;7;13;25,9
20440006930000;2;1;1;0,0
20440006949000;10;5;5;47,9
20440006954000;83;40;43;33,7
20440006956000;921;475;446;35,7
20440006957000;1088;588;500;42,7
20440006958000;1315;724;591;38,9
20440006960000;16;8;8;19,1
20440006961000;342;177;165;38,6
20440006962000;889;443;446;31,7
20440006963000;557;277;280;35,5
20440006964000;11;7;4;45,3
20440006965000;38;20;18;47,2
20440006966000;5;3;2;57,2
20440006967000;44;21;23;37,3
20440006968000;49;26;23;47,7
20440006969000;75;40;35;42,7
20440006970000;499;256;243;37,7
20440006971000;76;32;44;29,1
20450006458000;18;8;10;36,2
20450006460000;72;36;36;33,9
20450006461000;26;13;13;38,4
20450006462000;110;55;55;38,1
20450006463000;1;0;1;0,0
20450006464000;22;11;11;39,9
20450006465000;5;3;2;25,4
20450006468000;6;3;3;61,0
20450006478000;3;1;2;0,0
20450006492000;3;1;2;0,0
20450006494000;9;4;5;27,7
20450006495000;47;22;25;41,8
20450006496000;103;55;48;40,7
20450006497000;81;46;35;39,7
20450006506000;3;0;3;0,0
20450006507000;48;26;22;40,0
20450006508000;48;25;23;33,9
20450006509000;76;38;38;35,2
20450006510000;4;2;2;0,0
20450006639000;6;3;3;20,2
20450006640000;12;8;4;41,0
20450006663000;3;2;1;0,0
20450006721000;34;15;19;38,0
20450006725000;9;7;2;33,0
20450006737000;2;1;1;0,0
20450006738000;19;8;11;44,9
20450006739000;9;6;3;54,9
20450006740000;6;3;3;59,2
20450006741000;2;1;1;0,0
20450006742000;12;8;4;37,3
20450006743000;30;19;11;39,1
20450006744000;23;12;11;46,3
20450006746000;4;3;1;0,0
20450006756000;2;1;1;0,0
20450006769000;7;4;3;66,4
20450006770000;19;11;8;30,9
20450006794000;1;1;0;0,0
20450006795000;19;10;9;49,3
20450006796000;6;4;2;50,3
20450006799000;54;31;23;41,9
20450006800000;70;31;39;49,1
20450006801000;31;15;16;50,9
20450006803000;4;2;2;0,0
20450006807000;1;1;0;0,0
20450006808000;3;1;2;0,0
20450006809000;6;4;2;41,8
20450006810000;4;3;1;0,0
20450006811000;13;7;6;49,2
20450006812000;9;6;3;66,0
20450006813000;118;63;55;37,8
20450006814000;370;185;185;42,4
20450006815000;305;142;163;39,5
20450006816000;10;6;4;44,9
20450006822000;15;8;7;34,6
20450006823000;9;4;5;45,8
20450006851000;2;1;1;0,0
20450006853000;19;12;7;43,3
20450006876000;19;10;9;33,7
20450006877000;4;3;1;0,0
20450006885000;5;3;2;61,6
20450006889000;13;7;6;41,0
20450006899000;5;3;2;38,0
20450006911000;2;0;2;0,0
20450006912000;12;8;4;51,8
20450006913000;2;1;1;0,0
20450006914000;1;1;0;0,0
20450006920000;51;29;22;35,6
20450006921000;28;17;11;46,8
20450006926000;22;15;7;42,7
20450006927000;34;21;13;43,1
20450006928000;13;9;4;51,2
20450006929000;9;4;5;24,4
20450006942000;1;0;1;0,0
20450006943000;28;14;14;44,8
20450006953000;518;273;245;36,7
20450006954000;200;101;99;40,3
20450006956000;342;183;159;38,4
20450006957000;1588;866;722;38,6
20450006958000;1478;814;664;39,1
20450006970000;147;82;65;39,8
20460006458000;17;9;8;44,4
20460006459000;10;4;6;45,7
20460006461000;3;2;1;0,0
20460006462000;24;14;10;45,7
20460006463000;459;209;250;42,2
20460006464000;654;317;337;40,1
20460006465000;2;1;1;0,0
20460006467000;9;6;3;33,0
20460006470000;2;1;1;0,0
20460006493000;4;1;3;0,0
20460006496000;30;18;12;31,7
20460006497000;4;3;1;0,0
20460006498000;7;3;4;51,9
20460006499000;11;5;6;34,1
20460006500000;3;2;1;0,0
20460006507000;9;5;4;25,4
20460006508000;167;88;79;32,4
20460006726000;1;1;0;0,0
20460006727000;24;12;12;36,1
20460006731000;2;1;1;0,0
20460006737000;29;15;14;45,4
20460006738000;359;172;187;44,7
20460006739000;6;3;3;38,8
20460006740000;13;8;5;34,6
20460006742000;23;12;11;46,6
20460006755000;7;4;3;68,7
20460006756000;12;6;6;36,4
20460006769000;39;19;20;41,9
20460006770000;26;12;14;40,4
20460006795000;7;6;1;51,1
20460006796000;2;1;1;0,0
20460006799000;23;14;9;43,5
20460006800000;270;136;134;40,3
20460006801000;775;365;410;44,3
20460006802000;11;4;7;41,5
20460006815000;55;22;33;39,5
20460006816000;10;5;5;49,1
20460006821000;1;0;1;0,0
20460006822000;14;9;5;38,3
20460006853000;16;7;9;53,6
20460006855000;17;10;7;51,9
20460006867000;5;4;1;40,6
20460006873000;7;4;3;63,6
20460006874000;23;12;11;32,2
20460006875000;262;133;129;38,3
20460006878000;1;1;0;0,0
20460006883000;8;2;6;36,3
20460006884000;26;14;12;52,9
20460006889000;5;2;3;40,2
20460006891000;1;0;1;0,0
20460006910000;6;3;3;55,8
20460006911000;8;4;4;55,1
20460006913000;3;2;1;0,0
20460006914000;9;6;3;28,3
20460006915000;1;1;0;0,0
20460006920000;25;16;9;50,8
20460006928000;9;5;4;54,4
20460006929000;29;17;12;48,2
20460006930000;6;2;4;24,5
20460006944000;2;1;1;0,0
20460006949000;2;1;1;0,0
20460006953000;605;318;287;35,2
20460006954000;1129;560;569;44,4
20460006957000;1928;975;953;44,4
20460006958000;304;148;156;36,3
20460006959000;6;1;5;20,3
20470006461000;8;4;4;17,3
20470006462000;2;1;1;0,0
20470006463000;134;69;65;35,4
20470006464000;318;161;157;44,1
20470006465000;64;34;30;41,9
20470006466000;12;5;7;53,3
20470006471000;2;2;0;0,0
20470006473000;3;2;1;0,0
20470006475000;6;3;3;47,2
20470006476000;7;3;4;64,6
20470006486000;2;1;1;0,0
20470006487000;2;1;1;0,0
20470006498000;50;25;25;34,6
20470006499000;4;2;2;0,0
20470006502000;7;4;3;50,3
20470006504000;14;6;8;51,1
20470006505000;12;7;5;43,5
20470006506000;202;99;103;44,1
20470006507000;31;10;21;46,0
20470006508000;10;4;6;29,0
20470006730000;1;0;1;0,0
20470006731000;35;19;16;37,8
20470006732000;4;2;2;0,0
20470006738000;31;14;17;43,3
20470006739000;42;20;22;40,3
20470006740000;16;8;8;42,3
20470006741000;16;8;8;50,2
20470006742000;71;38;33;40,7
20470006743000;8;3;5;32,5
20470006755000;1;0;1;0,0
20470006769000;5;3;2;41,8
20470006770000;56;33;23;39,3
20470006796000;10;4;6;49,0
20470006797000;11;4;7;29,2
20470006798000;1;0;1;0,0
20470006799000;54;24;30;38,6
20470006800000;144;72;72;44,0
20470006801000;63;33;30;40,7
20470006802000;1;1;0;0,0
20470006816000;55;26;29;44,8
20470006820000;8;5;3;41,5
20470006821000;1;1;0;0,0
20470006822000;9;5;4;56,2
20470006823000;3;1;2;0,0
20470006852000;15;10;5;32,9
20470006853000;14;7;7;44,2
20470006854000;10;7;3;36,2
20470006855000;14;8;6;46,1
20470006861000;20;8;12;43,2
20470006867000;46;21;25;47,2
20470006873000;8;2;6;34,4
20470006874000;92;47;45;42,8
20470006875000;70;34;36;48,2
20470006886000;6;2;4;33,8
20470006887000;5;3;2;40,8
20470006896000;6;3;3;45,3
20470006898000;4;2;2;0,0
20470006909000;2;2;0;0,0
20470006910000;18;8;10;47,8
20470006911000;74;40;34;45,4
20470006919000;38;21;17;33,8
20470006920000;8;3;5;30,0
20470006921000;1;1;0;0,0
20470006929000;11;4;7;17,6
20470006930000;22;11;11;42,1
20470006949000;6;2;4;29,2
20470006953000;211;115;96;36,9
20470006954000;1077;538;539;37,4
20470006955000;117;60;57;36,6
20470006957000;1235;584;651;43,8
20470006958000;38;18;20;30,8
20470006959000;100;52;48;33,3
20470006960000;424;217;207;33,8
20470006973000;15;7;8;55,5
20480006456000;4;3;1;0,0
20480006458000;55;26;29;33,2
20480006461000;34;18;16;39,9
20480006462000;48;22;26;35,0
20480006464000;5;3;2;14,8
20480006465000;64;35;29;39,0
20480006466000;15;8;7;39,7
20480006467000;3;1;2;0,0
20480006470000;3;1;2;0,0
20480006473000;7;3;4;36,4
20480006477000;7;3;4;29,1
20480006478000;3;2;1;0,0
20480006480000;13;4;9;33,5
20480006485000;6;3;3;40,2
20480006493000;10;5;5;38,0
20480006497000;10;4;6;32,2
20480006498000;11;7;4;28,5
20480006500000;4;3;1;0,0
20480006503000;1;1;0;0,0
20480006504000;39;19;20;30,6
20480006505000;4;2;2;0,0
20480006728000;24;10;14;40,3
20480006732000;9;6;3;44,8
20480006739000;6;3;3;16,3
20480006741000;3;2;1;0,0
20480006768000;10;7;3;64,4
20480006770000;7;4;3;60,4
20480006771000;5;2;3;60,4
20480006772000;14;7;7;36,7
20480006773000;6;4;2;38,3
20480006797000;39;22;17;54,4
20480006798000;6;3;3;44,2
20480006805000;10;4;6;36,6
20480006806000;5;3;2;64,4
20480006820000;6;3;3;15,2
20480006825000;16;8;8;32,3
20480006826000;2;1;1;0,0
20480006851000;8;4;4;35,6
20480006855000;287;143;144;37,7
20480006856000;196;106;90;43,5
20480006861000;6;1;5;39,5
20480006873000;2;1;1;0,0
20480006874000;27;14;13;53,7
20480006875000;34;20;14;32,7
20480006877000;3;2;1;0,0
20480006883000;4;2;2;0,0
20480006885000;15;10;5;36,7
20480006886000;6;4;2;35,7
20480006903000;14;9;5;31,8
20480006910000;5;3;2;62,8
20480006911000;2;1;1;0,0
20480006920000;2;1;1;0,0
20480006921000;12;6;6;31,9
20480006922000;11;4;7;43,5
20480006930000;1;1;0;0,0
20480006932000;2;1;1;0,0
20480006942000;6;4;2;24,8
20480006943000;18;8;10;40,1
20480006944000;105;54;51;45,4
20480006949000;17;10;7;48,7
20480006950000;50;24;26;37,8
20480006953000;221;120;101;40,0
20480006954000;554;288;266;35,6
20480006956000;39;17;22;57,4
20480006957000;1275;636;639;39,7
20480006960000;263;127;136;32,3
20480006963000;9;4;5;57,7
20480006972000;7;3;4;62,6
20480006975000;8;3;5;61,4
20480006978000;2;1;1;0,0
20490006454000;1;1;0;0,0
20490006457000;8;5;3;46,8
20490006458000;68;33;35;40,5
20490006459000;27;13;14;42,4
20490006460000;5;3;2;32,6
20490006461000;24;11;13;36,5
20490006462000;25;14;11;37,5
20490006465000;20;12;8;28,9
20490006466000;41;22;19;41,1
20490006467000;94;54;40;38,9
20490006468000;89;40;49;39,4
20490006471000;4;3;1;0,0
20490006476000;2;1;1;0,0
20490006479000;6;4;2;66,7
20490006480000;2;1;1;0,0
20490006481000;8;4;4;53,5
20490006484000;10;6;4;24,1
20490006491000;3;1;2;0,0
20490006492000;8;5;3;35,5
20490006493000;12;7;5;37,7
20490006496000;5;2;3;23,6
20490006501000;2;2;0;0,0
20490006503000;7;5;2;39,3
20490006504000;1;0;1;0,0
20490006729000;32;16;16;46,1
20490006755000;13;6;7;51,3
20490006771000;8;5;3;67,5
20490006773000;13;8;5;35,8
20490006796000;9;4;5;63,3
20490006806000;18;10;8;46,6
20490006807000;10;3;7;39,8
20490006815000;2;1;1;0,0
20490006820000;4;2;2;0,0
20490006825000;3;1;2;0,0
20490006826000;5;2;3;37,4
20490006827000;13;6;7;50,4
20490006828000;21;9;12;40,4
20490006829000;10;5;5;52,4
20490006856000;8;4;4;68,8
20490006857000;36;20;16;36,0
20490006858000;8;4;4;50,0
20490006873000;14;7;7;26,3
20490006874000;30;18;12;46,8
20490006875000;27;13;14;39,3
20490006885000;8;5;3;53,6
20490006896000;2;1;1;0,0
20490006900000;15;8;7;29,9
20490006911000;3;1;2;0,0
20490006921000;5;4;1;27,0
20490006922000;38;16;22;33,7
20490006941000;1;0;1;0,0
20490006943000;28;17;11;48,3
20490006944000;66;37;29;47,6
20490006949000;13;8;5;44,5
20490006950000;190;106;84;31,6
20490006951000;164;94;70;37,5
20490006953000;218;117;101;40,4
20490006955000;290;130;160;42,5
20490006956000;621;338;283;36,9
20490006957000;1496;746;750;42,0
20490006958000;66;36;30;29,5
20490006960000;41;22;19;37,6
20490006961000;29;11;18;24,4
20490006972000;92;56;36;53,2
20490006973000;67;32;35;47,7
20490006974000;20;7;13;31,4
20490006975000;13;5;8;50,4
20490006978000;26;13;13;46,6
20490006980000;10;5;5;33,1
20500006456000;32;15;17;39,6
20500006457000;9;5;4;40,3
20500006458000;39;20;19;29,2
20500006459000;39;18;21;32,1
20500006461000;3;2;1;0,0
20500006463000;2;1;1;0,0
20500006465000;9;4;5;27,4
20500006466000;1;1;0;0,0
20500006468000;38;19;19;31,7
20500006472000;4;2;2;0,0
20500006473000;23;7;16;34,7
20500006474000;6;4;2;56,3
20500006475000;25;13;12;35,9
20500006476000;133;67;66;33,5
20500006477000;2;1;1;0,0
20500006478000;50;26;24;46,1
20500006479000;11;6;5;34,2
20500006482000;6;2;4;34,0
20500006483000;8;4;4;46,9
20500006486000;2;1;1;0,0
20500006499000;1;1;0;0,0
20500006744000;2;2;0;0,0
20500006754000;1;1;0;0,0
20500006755000;4;2;2;0,0
20500006795000;11;7;4;30,7
20500006808000;54;29;25;35,5
20500006809000;62;34;28;46,3
20500006810000;35;17;18;47,3
20500006814000;2;1;1;0,0
20500006817000;2;1;1;0,0
20500006858000;25;13;12;40,8
20500006859000;13;9;4;46,8
20500006873000;13;6;7;46,3
20500006874000;43;25;18;36,8
20500006875000;14;5;9;29,9
20500006885000;4;1;3;0,0
20500006896000;10;7;3;56,2
20500006897000;2;1;1;0,0
20500006900000;2;1;1;0,0
20500006907000;11;7;4;60,9
20500006908000;4;3;1;0,0
20500006909000;4;2;2;0,0
20500006910000;17;10;7;54,0
20500006911000;2;1;1;0,0
20500006921000;5;3;2;58,6
20500006922000;30;17;13;44,5
20500006923000;8;5;3;60,5
20500006931000;1;1;0;0,0
20500006951000;253;132;121;37,4
20500006952000;749;391;358;35,4
20500006953000;553;299;254;39,9
20500006954000;26;13;13;44,2
20500006955000;815;385;430;44,4
20500006956000;1315;676;639;33,5
20500006957000;385;208;177;35,4
20500006959000;140;71;69;40,1
20500006960000;16;9;7;33,9
20500006961000;67;32;35;35,7
20500006967000;3;1;2;0,0
20500006972000;5;4;1;53,8
20500006973000;85;45;40;46,3
20500006974000;9;7;2;53,8
20500006977000;36;21;15;48,4
20500006980000;18;8;10;46,3
20510006455000;28;14;14;33,3
20510006456000;108;56;52;35,4
20510006457000;6;3;3;43,3
20510006459000;50;24;26;40,9
20510006460000;16;7;9;46,0
20510006461000;82;51;31;34,2
20510006463000;11;7;4;44,9
20510006464000;1;1;0;0,0
20510006466000;8;3;5;32,8
20510006469000;6;4;2;32,3
20510006471000;13;7;6;48,0
20510006472000;27;14;13;37,6
20510006473000;23;9;14;42,0
20510006474000;2;1;1;0,0
20510006475000;22;13;9;41,4
20510006480000;1;1;0;0,0
20510006481000;2;1;1;0,0
20510006482000;41;22;19;36,3
20510006483000;17;8;9;44,3
20510006491000;4;3;1;0,0
20510006493000;21;12;9;46,9
20510006499000;5;4;1;14,8
20510006731000;15;8;7;35,3
20510006733000;13;6;7;36,6
20510006744000;1;0;1;0,0
20510006745000;1;0;1;0,0
20510006754000;5;3;2;52,0
20510006777000;18;8;10;41,4
20510006778000;4;2;2;0,0
20510006780000;2;1;1;0,0
20510006809000;58;26;32;48,3
20510006810000;109;57;52;35,0
20510006814000;1;1;0;0,0
20510006815000;1;1;0;0,0
20510006859000;37;18;19;43,5
20510006860000;15;7;8;38,6
20510006873000;24;11;13;43,8
20510006874000;32;14;18;40,2
20510006875000;27;14;13;45,8
20510006876000;4;2;2;0,0
20510006881000;3;2;1;0,0
20510006885000;85;39;46;42,8
20510006886000;35;18;17;41,9
20510006896000;10;4;6;62,7
20510006897000;9;4;5;32,2
20510006907000;6;3;3;43,0
20510006908000;18;8;10;51,7
20510006909000;7;5;2;44,9
20510006923000;15;9;6;34,8
20510006924000;27;16;11;35,2
20510006951000;425;200;225;32,9
20510006952000;108;52;56;35,3
20510006953000;112;60;52;35,6
20510006954000;28;11;17;41,0
20510006955000;962;472;490;38,4
20510006956000;778;402;376;35,9
20510006959000;72;40;32;40,3
20510006961000;2;2;0;0,0
20510006963000;35;18;17;45,8
20510006964000;8;5;3;46,0
20510006966000;270;154;116;30,0
20510006967000;1;0;1;0,0
20510006976000;20;13;7;44,5
20510006977000;15;7;8;53,7
20520006455000;36;16;20;45,8
20520006456000;442;224;218;39,1
20520006457000;434;218;216;40,3
20520006458000;185;90;95;29,9
20520006459000;56;24;32;37,2
20520006460000;4;2;2;0,0
20520006462000;7;4;3;30,6
20520006464000;8;4;4;57,4
20520006465000;2;1;1;0,0
20520006466000;11;7;4;41,1
20520006467000;5;3;2;45,2
20520006469000;4;2;2;0,0
20520006473000;8;4;4;34,0
20520006478000;2;1;1;0,0
20520006480000;9;5;4;42,2
20520006481000;3;1;2;0,0
20520006482000;13;7;6;37,5
20520006484000;23;13;10;37,4
20520006485000;190;93;97;41,9
20520006486000;29;12;17;50,0
20520006487000;148;74;74;35,8
20520006488000;19;8;11;37,7
20520006494000;12;8;4;34,8
20520006505000;9;5;4;48,9
20520006506000;22;11;11;32,1
20520006731000;13;8;5;48,5
20520006733000;6;4;2;59,7
20520006780000;11;6;5;32,2
20520006859000;3;1;2;0,0
20520006868000;34;18;16;32,4
20520006869000;20;13;7;40,6
20520006870000;6;2;4;29,8
20520006871000;25;11;14;45,3
20520006872000;30;15;15;32,6
20520006873000;206;100;106;46,4
20520006874000;128;62;66;41,3
20520006875000;9;4;5;55,4
20520006879000;1;0;1;0,0
20520006881000;44;19;25;47,0
20520006901000;11;8;3;42,8
20520006909000;6;1;5;38,2
20520006923000;5;4;1;55,0
20520006924000;27;15;12;40,6
20520006925000;1;1;0;0,0
20520006950000;230;121;109;38,0
20520006951000;410;205;205;32,8
20520006952000;216;110;106;36,8
20520006953000;73;38;35;35,0
20520006954000;2;1;1;0,0
20520006955000;435;226;209;39,3
20520006956000;1434;734;700;37,4
20520006957000;2;1;1;0,0
20520006958000;2;1;1;0,0
20520006959000;229;118;111;38,8
20520006961000;8;5;3;39,9
20520006963000;62;32;30;46,6
20520006964000;4;2;2;0,0
20520006965000;405;214;191;40,1
20520006966000;189;90;99;38,2
20520006967000;78;44;34;41,7
20520006968000;25;15;10;42,8
20520006969000;18;8;10;58,4
20520006974000;24;13;11;42,8
20520006975000;11;4;7;41,4
20520006976000;56;26;30;38,1
20520006977000;17;9;8;35,5
20520006978000;5;3;2;40,6
20520006980000;21;13;8;52,8
20520006981000;19;12;7;47,8
20530006455000;2;1;1;0,0
20530006456000;571;279;292;43,4
20530006457000;835;388;447;45,6
20530006458000;188;102;86;38,6
20530006459000;61;28;33;36,0
20530006460000;32;9;23;31,8
20530006461000;22;10;12;35,5
20530006463000;15;10;5;41,9
20530006464000;16;10;6;34,1
20530006466000;1;1;0;0,0
20530006467000;16;8;8;39,2
20530006469000;1;0;1;0,0
20530006470000;1;0;1;0,0
20530006472000;8;6;2;40,9
20530006474000;17;7;10;52,2
20530006475000;5;3;2;18,4
20530006481000;11;7;4;27,3
20530006482000;7;4;3;24,1
20530006483000;11;6;5;35,1
20530006484000;2;1;1;0,0
20530006485000;1;1;0;0,0
20530006487000;32;14;18;27,5
20530006488000;92;45;47;42,1
20530006489000;43;25;18;42,1
20530006490000;2;2;0;0,0
20530006491000;4;2;2;0,0
20530006495000;12;2;10;36,8
20530006499000;2;1;1;0,0
20530006505000;3;1;2;0,0
20530006509000;4;3;1;0,0
20530006510000;5;3;2;45,2
20530006731000;30;18;12;45,5
20530006733000;12;6;6;62,5
20530006734000;6;2;4;24,7
20530006775000;2;1;1;0,0
20530006849000;8;1;7;49,8
20530006859000;7;4;3;52,9
20530006869000;13;7;6;37,1
20530006870000;6;2;4;20,5
20530006871000;6;3;3;40,5
20530006880000;2;1;1;0,0
20530006881000;75;34;41;46,7
20530006885000;50;26;24;43,7
20530006896000;13;7;6;35,6
20530006897000;9;5;4;51,7
20530006898000;5;4;1;40,6
20530006924000;20;10;10;47,0
20530006925000;16;9;7;32,9
20530006942000;1;0;1;0,0
20530006943000;2;2;0;0,0
20530006944000;1;1;0;0,0
20530006950000;226;112;114;37,6
20530006951000;261;139;122;36,6
20530006952000;81;38;43;30,5
20530006953000;81;39;42;36,4
20530006955000;776;390;386;40,8
20530006956000;1496;757;739;41,1
20530006959000;56;28;28;40,7
20530006960000;6;4;2;43,5
20530006961000;57;30;27;45,1
20530006963000;21;11;10;41,6
20530006964000;16;9;7;63,9
20530006965000;86;44;42;44,3
20530006969000;10;6;4;35,1
20530006970000;47;25;22;44,1
20530006974000;6;3;3;41,3
20530006975000;264;132;132;45,1
20530006976000;70;39;31;40,4
20530006978000;26;16;10;37,6
20530006979000;105;57;48;39,9
20530006980000;158;81;77;42,2
20540006455000;10;6;4;65,8
20540006456000;1628;778;850;45,1
20540006457000;1190;553;637;44,5
20540006458000;705;360;345;33,6
20540006459000;47;26;21;37,7
20540006460000;42;19;23;26,8
20540006461000;5;4;1;47,2
20540006462000;9;5;4;51,4
20540006463000;11;5;6;31,1
20540006465000;4;2;2;0,0
20540006466000;2;1;1;0,0
20540006467000;4;2;2;0,0
20540006470000;13;5;8;20,0
20540006473000;8;3;5;33,8
20540006478000;1;1;0;0,0
20540006480000;2;1;1;0,0
20540006481000;4;2;2;0,0
20540006483000;3;1;2;0,0
20540006484000;11;6;5;24,3
20540006491000;4;1;3;0,0
20540006492000;40;22;18;26,1
20540006493000;22;15;7;39,4
20540006494000;4;3;1;0,0
20540006495000;36;19;17;29,8
20540006496000;3;1;2;0,0
20540006498000;13;9;4;34,0
20540006499000;65;35;30;32,1
20540006500000;2;1;1;0,0
20540006501000;1;1;0;0,0
20540006503000;20;11;9;31,7
20540006733000;2;1;1;0,0
20540006774000;6;4;2;37,7
20540006813000;13;8;5;41,3
20540006849000;5;3;2;55,0
20540006859000;8;4;4;50,8
20540006874000;6;4;2;50,8
20540006881000;99;53;46;46,4
20540006882000;33;18;15;47,3
20540006886000;55;30;25;39,6
20540006887000;18;12;6;49,6
20540006888000;9;5;4;52,4
20540006896000;19;9;10;44,6
20540006897000;4;3;1;0,0
20540006924000;7;4;3;38,1
20540006925000;56;27;29;49,5
20540006926000;6;2;4;39,2
20540006940000;4;1;3;0,0
20540006941000;5;1;4;17,8
20540006950000;35;14;21;41,8
20540006951000;102;60;42;39,6
20540006952000;1058;545;513;34,8
20540006953000;259;135;124;34,4
20540006954000;629;300;329;33,4
20540006955000;1086;539;547;41,0
20540006956000;832;389;443;41,3
20540006957000;7;3;4;18,9
20540006959000;103;53;50;45,1
20540006960000;2;1;1;0,0
20540006963000;23;13;10;50,7
20540006970000;50;27;23;41,9
20540006971000;3;2;1;0,0
20540006977000;10;6;4;48,5
20540006978000;55;29;26;52,8
20540006979000;11;5;6;39,3
20550006455000;103;57;46;42,2
20550006456000;1624;792;832;44,2
20550006457000;1232;638;594;34,7
20550006458000;244;132;112;36,7
20550006461000;17;10;7;40,2
20550006462000;18;8;10;33,8
20550006463000;3;2;1;0,0
20550006464000;15;7;8;27,1
20550006468000;9;4;5;29,2
20550006471000;2;1;1;0,0
20550006475000;4;2;2;0,0
20550006479000;10;4;6;29,7
20550006482000;24;13;11;25,5
20550006484000;2;1;1;0,0
20550006485000;2;1;1;0,0
20550006486000;6;3;3;38,5
20550006487000;3;2;1;0,0
20550006489000;5;3;2;29,6
20550006490000;14;8;6;32,3
20550006492000;8;4;4;18,5
20550006493000;17;6;11;41,3
20550006500000;59;28;31;33,1
20550006501000;3;2;1;0,0
20550006512000;12;6;6;32,0
20550006513000;3;1;2;0,0
20550006514000;12;8;4;36,4
20550006731000;5;3;2;61,8
20550006741000;2;1;1;0,0
20550006743000;5;3;2;42,8
20550006756000;5;4;1;58,2
20550006774000;14;8;6;40,5
20550006804000;12;4;8;45,1
20550006811000;7;3;4;47,0
20550006827000;2;0;2;0,0
20550006849000;5;2;3;38,0
20550006859000;3;2;1;0,0
20550006874000;29;14;15;35,9
20550006879000;4;2;2;0,0
20550006882000;8;5;3;60,6
20550006887000;61;31;30;36,8
20550006888000;55;29;26;40,3
20550006894000;4;2;2;0,0
20550006895000;17;8;9;44,4
20550006896000;11;5;6;55,5
20550006899000;19;8;11;44,3
20550006900000;24;13;11;40,3
20550006901000;11;6;5;48,4
20550006902000;8;5;3;40,4
20550006911000;20;10;10;38,6
20550006925000;13;6;7;28,3
20550006926000;35;19;16;30,5
20550006932000;19;12;7;47,7
20550006933000;6;3;3;41,8
20550006935000;3;2;1;0,0
20550006936000;3;1;2;0,0
20550006937000;1;1;0;0,0
20550006939000;1;1;0;0,0
20550006951000;88;41;47;34,0
20550006952000;1080;557;523;37,2
20550006953000;1167;579;588;39,3
20550006954000;1191;581;610;34,7
20550006955000;1860;883;977;45,3
20550006956000;1238;594;644;46,4
20550006959000;175;95;80;33,2
20550006963000;108;55;53;41,9
20550006970000;2;1;1;0,0
20550006971000;68;37;31;50,3
20550006977000;5;3;2;69,6
20560006455000;45;24;21;45,1
20560006456000;766;382;384;33,3
20560006457000;231;112;119;42,9
20560006458000;18;11;7;37,9
20560006460000;10;6;4;24,1
20560006461000;28;16;12;29,0
20560006465000;4;1;3;0,0
20560006466000;7;2;5;28,4
20560006468000;4;2;2;0,0
20560006471000;12;6;6;24,9
20560006473000;20;13;7;44,5
20560006475000;1;1;0;0,0
20560006478000;2;1;1;0,0
20560006479000;5;1;4;24,4
20560006480000;2;1;1;0,0
20560006481000;9;6;3;48,9
20560006483000;11;7;4;26,5
20560006485000;6;3;3;37,0
20560006486000;3;3;0;0,0
20560006490000;2;1;1;0,0
20560006491000;13;7;6;39,9
20560006493000;10;5;5;31,2
20560006494000;11;4;7;30,3
20560006495000;1;0;1;0,0
20560006499000;24;11;13;42,3
20560006500000;228;107;121;38,6
20560006501000;3;1;2;0,0
20560006505000;15;7;8;42,5
20560006507000;7;4;3;60,9
20560006513000;5;3;2;18,8
20560006514000;9;3;6;49,0
20560006738000;6;2;4;37,2
20560006739000;6;3;3;43,7
20560006740000;3;2;1;0,0
20560006741000;44;20;24;43,9
20560006742000;21;10;11;43,7
20560006743000;7;4;3;40,1
20560006775000;2;1;1;0,0
20560006804000;4;2;2;0,0
20560006805000;34;20;14;38,5
20560006806000;48;24;24;39,0
20560006807000;24;13;11;47,2
20560006811000;34;16;18;44,4
20560006828000;1;1;0;0,0
20560006859000;28;13;15;54,4
20560006874000;10;7;3;46,9
20560006889000;3;2;1;0,0
20560006890000;2;1;1;0,0
20560006894000;19;11;8;35,2
20560006895000;2;1;1;0,0
20560006899000;288;146;142;43,9
20560006900000;193;99;94;34,3
20560006901000;44;23;21;44,4
20560006902000;61;27;34;41,0
20560006925000;13;6;7;52,5
20560006926000;27;15;12;47,7
20560006943000;19;8;11;39,7
20560006944000;20;10;10;46,5
20560006945000;2;1;1;0,0
20560006946000;60;29;31;41,2
20560006950000;45;24;21;32,6
20560006951000;910;460;450;29,8
20560006952000;577;298;279;38,5
20560006953000;208;104;104;39,7
20560006955000;975;514;461;36,9
20560006956000;585;294;291;37,7
20560006957000;579;304;275;31,9
20560006959000;105;55;50;36,5
20560006963000;33;14;19;43,0
20560006970000;18;9;9;43,2
20560006971000;126;61;65;40,2
20560006972000;7;5;2;37,1
20560006977000;26;12;14;40,9
20560006978000;10;3;7;42,0
20570006452000;147;74;73;38,8
20570006454000;12;9;3;44,3
20570006456000;739;376;363;35,4
20570006457000;247;132;115;37,1
20570006458000;73;46;27;37,2
20570006459000;2;1;1;0,0
20570006461000;7;3;4;26,0
20570006464000;29;15;14;34,7
20570006465000;4;2;2;0,0
20570006466000;4;2;2;0,0
20570006467000;16;6;10;45,5
20570006468000;5;3;2;32,4
20570006469000;6;4;2;52,5
20570006472000;7;3;4;21,9
20570006473000;4;2;2;0,0
20570006480000;3;2;1;0,0
20570006481000;1;1;0;0,0
20570006483000;15;7;8;41,2
20570006484000;2;1;1;0,0
20570006485000;6;5;1;47,8
20570006487000;3;1;2;0,0
20570006495000;7;4;3;29,4
20570006496000;1;1;0;0,0
20570006499000;22;13;9;41,8
20570006500000;31;13;18;52,0
20570006501000;22;11;11;37,3
20570006502000;21;10;11;37,3
20570006507000;3;2;1;0,0
20570006514000;12;3;9;33,1
20570006515000;18;10;8;37,8
20570006516000;2;2;0;0,0
20570006540000;1;1;0;0,0
20570006541000;4;2;2;0,0
20570006739000;6;3;3;40,8
20570006740000;39;18;21;33,7
20570006741000;156;81;75;50,4
20570006742000;245;119;126;39,2
20570006776000;34;16;18;49,9
20570006803000;9;6;3;48,3
20570006804000;27;11;16;35,3
20570006805000;3;2;1;0,0
20570006806000;18;8;10;35,0
20570006807000;39;18;21;56,2
20570006811000;43;21;22;47,1
20570006856000;5;3;2;24,2
20570006859000;18;9;9;39,2
20570006860000;18;7;11;32,1
20570006870000;35;20;15;46,0
20570006871000;12;5;7;46,4
20570006884000;2;1;1;0,0
20570006890000;18;9;9;30,8
20570006893000;11;7;4;38,2
20570006894000;6;3;3;56,5
20570006898000;9;4;5;25,7
20570006901000;30;10;20;44,3
20570006902000;106;58;48;38,7
20570006903000;1;1;0;0,0
20570006911000;9;5;4;37,7
20570006912000;11;6;5;40,5
20570006926000;174;81;93;54,7
20570006927000;4;3;1;0,0
20570006944000;51;23;28;41,5
20570006945000;214;111;103;37,0
20570006946000;12;6;6;58,7
20570006950000;16;5;11;27,7
20570006951000;1158;606;552;36,2
20570006952000;81;39;42;35,9
20570006955000;15;13;2;37,3
20570006956000;179;95;84;37,9
20570006957000;10;6;4;38,6
20570006958000;1;0;1;0,0
20570006959000;230;118;112;40,3
20570006963000;51;23;28;45,8
20570006970000;3;1;2;0,0
20570006971000;81;40;41;42,1
20570006977000;15;10;5;41,3
20570006978000;17;8;9;53,1
20580006451000;159;84;75;38,7
20580006452000;27;13;14;38,1
20580006453000;14;7;7;53,7
20580006454000;48;18;30;36,3
20580006455000;9;3;6;21,8
20580006456000;64;32;32;33,2
20580006457000;73;37;36;38,6
20580006458000;9;5;4;63,3
20580006459000;51;27;24;32,2
20580006460000;42;20;22;40,7
20580006461000;4;1;3;0,0
20580006462000;5;1;4;18,4
20580006463000;3;2;1;0,0
20580006464000;14;6;8;27,9
20580006468000;1;1;0;0,0
20580006471000;7;4;3;42,7
20580006472000;11;6;5;28,1
20580006478000;10;6;4;46,0
20580006480000;8;4;4;44,9
20580006482000;6;4;2;33,3
20580006483000;12;6;6;27,3
20580006484000;1;1;0;0,0
20580006487000;4;1;3;0,0
20580006488000;2;1;1;0,0
20580006492000;12;5;7;29,6
20580006494000;13;4;9;28,0
20580006495000;2;2;0;0,0
20580006504000;14;7;7;34,6
20580006506000;14;8;6;45,3
20580006509000;4;3;1;0,0
20580006510000;3;2;1;0,0
20580006516000;4;3;1;0,0
20580006541000;20;9;11;38,5
20580006542000;2;1;1;0,0
20580006739000;20;9;11;40,3
20580006740000;12;7;5;32,9
20580006741000;127;64;63;39,4
20580006742000;152;86;66;48,6
20580006743000;11;6;5;45,7
20580006776000;1;1;0;0,0
20580006777000;3;2;1;0,0
20580006810000;16;7;9;52,8
20580006811000;28;18;10;43,4
20580006830000;1;1;0;0,0
20580006832000;2;2;0;0,0
20580006835000;7;3;4;41,1
20580006859000;3;1;2;0,0
20580006884000;42;26;16;41,8
20580006885000;45;22;23;39,2
20580006887000;35;16;19;45,1
20580006890000;34;20;14;38,1
20580006892000;17;9;8;35,0
20580006894000;20;12;8;43,5
20580006895000;15;7;8;59,0
20580006898000;8;5;3;46,4
20580006902000;39;25;14;37,5
20580006913000;9;4;5;44,9
20580006926000;6;3;3;34,2
20580006927000;57;30;27;41,1
20580006933000;1;1;0;0,0
20580006945000;1;0;1;0,0
20580006946000;19;9;10;43,6
20580006947000;51;23;28;39,5
20580006951000;365;193;172;41,2
20580006952000;65;38;27;42,7
20580006955000;4;3;1;0,0
20580006956000;30;18;12;31,6
20580006957000;5;2;3;68,4
20580006958000;9;6;3;27,3
20580006959000;120;68;52;37,6
20580006960000;6;3;3;44,7
20580006963000;29;18;11;45,4
20580006970000;42;23;19;31,3
20580006971000;14;7;7;56,0
20580006981000;1;1;0;0,0
20580006982000;7;4;3;72,1
20590006451000;23;12;11;49,4
20590006452000;49;20;29;43,1
20590006453000;39;18;21;30,8
20590006454000;119;63;56;36,1
20590006455000;46;26;20;43,6
20590006457000;47;28;19;44,1
20590006458000;23;12;11;46,6
20590006459000;5;3;2;29,0
20590006461000;59;30;29;42,0
20590006462000;96;44;52;38,9
20590006463000;463;225;238;35,5
20590006464000;40;18;22;31,7
20590006466000;9;5;4;50,3
20590006468000;5;3;2;46,4
20590006469000;9;5;4;30,3
20590006471000;4;3;1;0,0
20590006472000;8;3;5;38,5
20590006475000;3;1;2;0,0
20590006477000;1;0;1;0,0
20590006478000;22;11;11;39,9
20590006479000;7;3;4;32,7
20590006482000;22;14;8;27,3
20590006486000;2;2;0;0,0
20590006487000;2;0;2;0,0
20590006488000;21;15;6;40,8
20590006491000;7;3;4;22,6
20590006492000;6;2;4;34,0
20590006494000;8;4;4;25,5
20590006509000;10;6;4;54,4
20590006510000;3;2;1;0,0
20590006512000;3;1;2;0,0
20590006513000;32;14;18;37,1
20590006520000;4;1;3;0,0
20590006521000;59;32;27;40,4
20590006522000;79;36;43;43,7
20590006523000;29;16;13;26,7
20590006740000;7;4;3;27,4
20590006741000;59;26;33;36,6
20590006742000;80;40;40;41,3
20590006743000;10;6;4;48,7
20590006780000;8;7;1;59,9
20590006781000;2;1;1;0,0
20590006806000;2;1;1;0,0
20590006810000;87;45;42;43,3
20590006811000;25;15;10;46,8
20590006833000;5;4;1;63,2
20590006835000;86;40;46;44,8
20590006836000;2;1;1;0,0
20590006859000;11;8;3;31,8
20590006883000;7;2;5;41,9
20590006885000;121;72;49;40,5
20590006886000;218;107;111;46,9
20590006890000;10;4;6;25,6
20590006892000;5;2;3;39,0
20590006893000;1;1;0;0,0
20590006894000;14;9;5;46,6
20590006901000;7;3;4;37,0
20590006902000;28;13;15;37,3
20590006903000;1;1;0;0,0
20590006913000;6;3;3;48,3
20590006914000;2;1;1;0,0
20590006915000;1;0;1;0,0
20590006916000;6;3;3;30,3
20590006930000;1;0;1;0,0
20590006931000;3;2;1;0,0
20590006932000;5;3;2;41,0
20590006946000;75;38;37;35,6
20590006947000;49;29;20;36,4
20590006951000;703;371;332;34,1
20590006952000;142;77;65;42,8
20590006956000;38;26;12;35,0
20590006958000;10;7;3;35,8
20590006959000;42;29;13;29,1
20590006960000;236;123;113;33,3
20590006962000;53;29;24;29,7
20590006963000;20;9;11;51,1
20590006970000;8;4;4;48,4
20590006971000;26;16;10;55,3
20590006980000;4;3;1;0,0
20590006981000;22;11;11;60,6
20590006982000;20;9;11;68,4
20600006453000;1;0;1;0,0
20600006454000;136;69;67;35,3
20600006455000;6;2;4;43,5
20600006457000;82;47;35;38,3
20600006458000;7;4;3;36,0
20600006459000;9;6;3;36,4
20600006463000;85;40;45;51,0
20600006464000;93;53;40;34,7
20600006465000;18;9;9;39,1
20600006466000;104;50;54;32,5
20600006467000;32;17;15;39,9
20600006473000;2;1;1;0,0
20600006474000;2;1;1;0,0
20600006475000;73;42;31;32,5
20600006476000;73;27;46;56,9
20600006477000;56;25;31;25,0
20600006478000;28;17;11;34,5
20600006479000;35;18;17;41,6
20600006480000;177;88;89;40,0
20600006481000;12;5;7;24,9
20600006482000;12;5;7;36,8
20600006486000;20;9;11;39,8
20600006487000;7;5;2;47,4
20600006489000;1;1;0;0,0
20600006490000;7;3;4;30,7
20600006494000;9;5;4;39,8
20600006495000;19;10;9;33,0
20600006501000;28;16;12;42,1
20600006505000;18;8;10;41,7
20600006506000;2;0;2;0,0
20600006507000;8;5;3;55,6
20600006511000;5;3;2;46,0
20600006512000;7;6;1;35,9
20600006515000;2;2;0;0,0
20600006521000;106;52;54;36,3
20600006522000;116;50;66;42,1
20600006527000;5;3;2;40,6
20600006535000;1;1;0;0,0
20600006731000;6;4;2;57,8
20600006740000;8;6;2;39,3
20600006741000;26;15;11;55,7
20600006756000;1;1;0;0,0
20600006806000;14;7;7;45,4
20600006810000;19;11;8;47,1
20600006811000;448;208;240;39,2
20600006832000;4;2;2;0,0
20600006836000;20;13;7;41,6
20600006837000;16;7;9;28,2
20600006838000;9;4;5;38,7
20600006839000;1;1;0;0,0
20600006840000;3;1;2;0,0
20600006859000;12;6;6;42,2
20600006884000;12;8;4;42,6
20600006885000;78;44;34;34,3
20600006886000;11;7;4;46,6
20600006888000;9;4;5;42,7
20600006890000;48;27;21;35,6
20600006891000;12;7;5;41,2
20600006892000;6;4;2;26,2
20600006894000;5;4;1;54,4
20600006902000;38;21;17;47,0
20600006914000;22;8;14;59,8
20600006916000;2;1;1;0,0
20600006923000;2;1;1;0,0
20600006925000;9;5;4;64,2
20600006947000;30;14;16;43,6
20600006951000;332;159;173;32,2
20600006952000;46;24;22;42,7
20600006956000;28;15;13;46,8
20600006958000;2;1;1;0,0
20600006960000;16;7;9;46,9
20600006962000;30;12;18;49,7
20600006969000;38;21;17;38,7
20600006971000;48;21;27;39,8
20600006980000;19;9;10;47,6
20600006982000;9;5;4;37,3
20610006453000;6;3;3;39,7
20610006459000;20;10;10;32,3
20610006460000;16;10;6;33,8
20610006464000;5;3;2;28,4
20610006465000;18;9;9;39,0
20610006467000;35;18;17;36,5
20610006468000;14;6;8;30,5
20610006473000;19;11;8;35,7
20610006474000;24;12;12;56,4
20610006475000;115;54;61;39,6
20610006476000;22;9;13;44,4
20610006477000;22;14;8;30,9
20610006478000;7;3;4;39,9
20610006479000;5;2;3;47,8
20610006481000;1;1;0;0,0
20610006482000;5;2;3;47,4
20610006483000;6;4;2;39,7
20610006485000;5;3;2;60,0
20610006486000;14;7;7;29,2
20610006487000;5;4;1;18,4
20610006501000;18;6;12;35,4
20610006503000;3;1;2;0,0
20610006506000;6;4;2;54,7
20610006507000;48;20;28;40,6
20610006508000;27;15;12;36,5
20610006511000;7;3;4;27,3
20610006512000;19;11;8;29,6
20610006515000;18;9;9;48,9
20610006524000;2;1;1;0,0
20610006806000;8;4;4;34,0
20610006810000;62;31;31;34,2
20610006811000;153;75;78;40,5
20610006836000;1;1;0;0,0
20610006837000;31;11;20;32,9
20610006838000;18;8;10;51,2
20610006839000;39;21;18;34,1
20610006840000;2;1;1;0,0
20610006859000;19;10;9;42,4
20610006890000;37;16;21;43,9
20610006901000;12;7;5;51,3
20610006902000;31;15;16;37,7
20610006916000;8;4;4;63,9
20610006926000;5;2;3;28,4
20610006947000;39;17;22;37,7
20610006951000;72;39;33;39,0
20610006956000;2;1;1;0,0
20610006957000;36;18;18;33,3
20610006958000;3;1;2;0,0
20610006959000;17;10;7;46,1
20610006960000;12;8;4;43,7
20610006962000;23;12;11;43,1
20610006965000;11;5;6;33,5
20610006966000;1;0;1;0,0
20610006967000;124;64;60;41,0
20610006968000;472;252;220;38,3
20610006969000;769;401;368;41,0
20610006970000;636;309;327;45,5
20610006971000;419;218;201;29,6
20610006980000;2;1;1;0,0
20610006981000;3;2;1;0,0
20610006982000;36;18;18;58,9
20620006453000;71;37;34;42,5
20620006457000;22;13;9;37,7
20620006458000;85;41;44;34,2
20620006459000;57;30;27;47,7
20620006460000;7;4;3;54,1
20620006461000;12;6;6;40,4
20620006462000;28;15;13;30,6
20620006463000;12;6;6;50,5
20620006470000;28;15;13;36,6
20620006471000;189;93;96;38,2
20620006472000;183;92;91;40,1
20620006473000;19;8;11;44,3
20620006476000;4;3;1;0,0
20620006480000;2;2;0;0,0
20620006485000;8;3;5;55,6
20620006488000;3;2;1;0,0
20620006489000;2;1;1;0,0
20620006490000;9;5;4;40,2
20620006492000;4;2;2;0,0
20620006507000;5;3;2;52,8
20620006508000;1;1;0;0,0
20620006515000;6;3;3;26,3
20620006516000;15;8;7;24,2
20620006525000;16;9;7;41,1
20620006526000;23;12;11;34,9
20620006527000;11;7;4;33,7
20620006657000;11;6;5;34,1
20620006809000;7;4;3;40,4
20620006810000;508;230;278;42,4
20620006811000;519;268;251;38,4
20620006837000;1;1;0;0,0
20620006839000;4;2;2;0,0
20620006857000;10;4;6;25,8
20620006858000;2;2;0;0,0
20620006887000;6;3;3;42,3
20620006889000;7;6;1;48,4
20620006890000;2;1;1;0,0
20620006901000;4;2;2;0,0
20620006902000;37;23;14;44,5
20620006915000;7;3;4;38,4
20620006926000;45;24;21;53,9
20620006951000;25;13;12;42,6
20620006956000;9;5;4;36,1
20620006957000;40;21;19;39,3
20620006959000;5;3;2;56,6
20620006962000;14;8;6;45,7
20620006963000;38;17;21;46,0
20620006964000;24;12;12;45,1
20620006965000;6;4;2;63,2
20620006966000;20;12;8;50,5
20620006968000;4;2;2;0,0
20620006969000;63;35;28;47,1
20620006970000;4;2;2;0,0
20620006971000;26;16;10;56,0
20620006980000;1;0;1;0,0
20620006981000;2;1;1;0,0
20620006982000;2;1;1;0,0
20620006988000;64;41;23;45,4
20630006454000;30;14;16;41,9
20630006457000;41;24;17;44,8
20630006458000;6;3;3;18,0
20630006459000;21;10;11;39,3
20630006461000;6;3;3;29,8
20630006463000;5;3;2;20,2
20630006465000;6;4;2;54,2
20630006469000;24;14;10;30,6
20630006471000;77;46;31;34,6
20630006472000;46;23;23;29,9
20630006481000;1;1;0;0,0
20630006486000;5;3;2;48,2
20630006487000;2;1;1;0,0
20630006489000;5;3;2;64,2
20630006492000;15;8;7;34,2
20630006493000;5;4;1;49,4
20630006495000;76;31;45;43,8
20630006496000;16;5;11;56,8
20630006497000;4;3;1;0,0
20630006498000;2;1;1;0,0
20630006500000;19;8;11;39,7
20630006502000;14;6;8;34,5
20630006503000;9;2;7;40,2
20630006516000;4;2;2;0,0
20630006527000;17;10;7;39,0
20630006529000;6;4;2;58,0
20630006530000;2;1;1;0,0
20630006600000;3;1;2;0,0
20630006602000;5;2;3;31,2
20630006783000;2;1;1;0,0
20630006785000;1;1;0;0,0
20630006795000;4;2;2;0,0
20630006809000;43;23;20;41,0
20630006810000;87;47;40;39,4
20630006811000;226;126;100;39,9
20630006839000;7;3;4;41,7
20630006840000;5;3;2;39,4
20630006889000;137;68;69;34,0
20630006890000;103;60;43;29,9
20630006893000;5;3;2;38,0
20630006901000;37;17;20;42,2
20630006902000;24;15;9;48,0
20630006917000;2;1;1;0,0
20630006918000;10;6;4;64,2
20630006925000;3;3;0;0,0
20630006943000;15;7;8;33,7
20630006944000;124;70;54;39,9
20630006945000;397;195;202;38,3
20630006946000;212;113;99;40,6
20630006951000;16;9;7;35,2
20630006956000;29;15;14;41,0
20630006957000;3;2;1;0,0
20630006958000;54;29;25;34,5
20630006959000;14;7;7;41,6
20630006960000;13;8;5;50,8
20630006963000;18;7;11;38,1
20630006970000;121;65;56;38,2
20630006971000;11;6;5;57,0
20630006984000;107;51;56;46,2
20630006985000;36;19;17;45,9
20630006986000;55;28;27;34,7
20630006987000;4;2;2;0,0
20630006988000;24;12;12;40,1
20630006989000;43;24;19;39,3
20640006455000;6;3;3;47,7
20640006456000;26;12;14;41,3
20640006457000;36;20;16;40,2
20640006461000;33;20;13;40,3
20640006463000;20;10;10;38,7
20640006465000;13;7;6;34,3
20640006467000;5;3;2;39,4
20640006471000;35;17;18;38,7
20640006474000;5;4;1;23,2
20640006479000;12;6;6;36,1
20640006482000;5;2;3;28,2
20640006483000;12;6;6;33,7
20640006485000;1;1;0;0,0
20640006486000;4;3;1;0,0
20640006487000;1;1;0;0,0
20640006492000;2;2;0;0,0
20640006493000;3;1;2;0,0
20640006498000;3;2;1;0,0
20640006500000;8;5;3;36,5
20640006501000;20;10;10;36,0
20640006502000;2;2;0;0,0
20640006530000;28;13;15;32,6
20640006531000;2;2;0;0,0
20640006532000;1;1;0;0,0
20640006534000;3;2;1;0,0
20640006535000;6;2;4;29,3
20640006536000;10;4;6;34,3
20640006600000;7;3;4;28,9
20640006603000;6;2;4;50,0
20640006604000;16;8;8;48,8
20640006629000;3;1;2;0,0
20640006719000;1;0;1;0,0
20640006728000;71;29;42;37,9
20640006729000;270;123;147;43,8
20640006743000;30;15;15;45,1
20640006744000;2;1;1;0,0
20640006795000;12;7;5;63,9
20640006796000;39;22;17;34,0
20640006840000;6;3;3;46,7
20640006887000;5;3;2;22,4
20640006889000;1;0;1;0,0
20640006890000;23;13;10;38,6
20640006891000;226;107;119;36,5
20640006893000;1;1;0;0,0
20640006894000;1;0;1;0,0
20640006925000;1;0;1;0,0
20640006939000;8;4;4;37,4
20640006940000;52;27;25;43,8
20640006941000;36;19;17;40,1
20640006942000;41;25;16;53,6
20640006943000;40;23;17;36,3
20640006944000;59;31;28;42,7
20640006945000;80;41;39;37,3
20640006946000;61;27;34;36,7
20640006948000;319;158;161;42,6
20640006956000;30;16;14;39,4
20640006957000;19;10;9;32,2
20640006958000;25;12;13;45,9
20640006963000;65;33;32;34,8
20640006984000;99;51;48;39,7
20640006985000;6;3;3;43,8
20640006987000;28;16;12;38,8
20640006988000;2;2;0;0,0
20640006989000;18;10;8;44,5
20650006454000;21;12;9;41,4
20650006455000;4;3;1;0,0
20650006456000;8;5;3;58,8
20650006457000;11;6;5;31,8
20650006458000;7;3;4;37,3
20650006462000;16;7;9;58,6
20650006465000;3;2;1;0,0
20650006466000;14;8;6;32,4
20650006467000;4;2;2;0,0
20650006470000;5;3;2;61,8
20650006473000;4;1;3;0,0
20650006475000;2;1;1;0,0
20650006478000;7;3;4;34,1
20650006479000;1;1;0;0,0
20650006481000;7;3;4;41,9
20650006482000;54;29;25;31,9
20650006483000;28;12;16;44,8
20650006484000;6;4;2;42,2
20650006485000;21;10;11;36,4
20650006495000;4;1;3;0,0
20650006517000;3;2;1;0,0
20650006534000;1;1;0;0,0
20650006535000;4;2;2;0,0
20650006536000;10;5;5;57,6
20650006544000;1;0;1;0,0
20650006599000;1;1;0;0,0
20650006600000;19;7;12;44,6
20650006601000;6;3;3;25,5
20650006604000;145;73;72;38,2
20650006629000;11;6;5;51,9
20650006726000;3;1;2;0,0
20650006728000;43;23;20;45,4
20650006729000;121;64;57;40,6
20650006730000;133;70;63;37,8
20650006795000;4;2;2;0,0
20650006796000;9;4;5;49,2
20650006797000;131;66;65;45,5
20650006798000;3;2;1;0,0
20650006807000;5;2;3;67,6
20650006886000;2;1;1;0,0
20650006887000;1;1;0;0,0
20650006890000;390;183;207;40,5
20650006891000;949;479;470;41,5
20650006892000;192;96;96;26,4
20650006903000;19;10;9;35,5
20650006938000;7;4;3;30,7
20650006939000;291;156;135;42,1
20650006940000;237;125;112;38,7
20650006941000;38;24;14;48,8
20650006942000;32;15;17;42,1
20650006943000;74;28;46;36,4
20650006944000;744;386;358;39,4
20650006945000;617;293;324;41,5
20650006946000;569;260;309;52,0
20650006947000;458;230;228;39,0
20650006948000;4;1;3;0,0
20650006956000;2;1;1;0,0
20650006960000;14;6;8;52,0
20650006963000;25;13;12;42,4
20650006985000;1;0;1;0,0
20650006986000;2;1;1;0,0
20650006987000;17;10;7;34,4
20650006988000;70;39;31;43,7
20650006989000;127;61;66;48,6
20650006990000;339;174;165;43,2
20660006454000;8;6;2;31,4
20660006455000;2;1;1;0,0
20660006457000;23;13;10;52,6
20660006458000;32;16;16;42,4
20660006460000;4;3;1;0,0
20660006461000;4;2;2;0,0
20660006464000;6;3;3;63,5
20660006465000;11;5;6;35,9
20660006467000;7;3;4;19,9
20660006468000;1;1;0;0,0
20660006470000;16;8;8;43,0
20660006474000;13;6;7;27,3
20660006475000;7;3;4;69,1
20660006476000;18;9;9;29,4
20660006481000;1;0;1;0,0
20660006482000;1;0;1;0,0
20660006483000;15;8;7;52,1
20660006484000;14;8;6;34,7
20660006485000;17;7;10;32,5
20660006486000;9;5;4;31,1
20660006487000;20;7;13;37,4
20660006488000;15;8;7;43,3
20660006489000;8;5;3;41,1
20660006490000;7;6;1;47,9
20660006491000;7;4;3;49,3
20660006495000;6;3;3;61,8
20660006496000;13;8;5;38,8
20660006516000;5;3;2;39,0
20660006517000;14;7;7;27,8
20660006532000;1;1;0;0,0
20660006535000;2;1;1;0,0
20660006541000;13;7;6;25,8
20660006604000;120;62;58;38,5
20660006605000;5;3;2;43,8
20660006723000;38;19;19;46,3
20660006724000;22;9;13;54,5
20660006727000;1;1;0;0,0
20660006807000;35;17;18;44,5
20660006870000;1;0;1;0,0
20660006886000;6;1;5;31,2
20660006890000;23;13;10;35,4
20660006891000;544;288;256;36,1
20660006892000;151;69;82;30,3
20660006904000;10;5;5;42,9
20660006923000;35;16;19;48,8
20660006934000;2;1;1;0,0
20660006935000;42;19;23;43,0
20660006936000;66;34;32;42,8
20660006944000;211;106;105;36,5
20660006945000;210;105;105;36,7
20660006946000;588;294;294;36,2
20660006947000;503;237;266;37,1
20660006952000;6;3;3;32,8
20660006953000;4;2;2;0,0
20660006957000;10;4;6;42,1
20660006958000;21;13;8;25,1
20660006961000;1;0;1;0,0
20660006963000;37;20;17;49,8
20660006971000;7;3;4;28,1
20660006991000;12;6;6;24,2
20670006455000;16;10;6;50,1
20670006456000;11;5;6;53,5
20670006457000;22;11;11;42,8
20670006458000;8;4;4;40,5
20670006459000;24;14;10;39,5
20670006460000;9;3;6;53,4
20670006461000;7;4;3;28,9
20670006463000;16;5;11;23,1
20670006464000;6;3;3;38,3
20670006465000;1;1;0;0,0
20670006470000;9;6;3;34,3
20670006474000;1;1;0;0,0
20670006475000;7;4;3;57,7
20670006478000;3;2;1;0,0
20670006481000;9;5;4;31,8
20670006483000;11;7;4;39,8
20670006484000;10;4;6;47,4
20670006485000;7;5;2;46,4
20670006488000;4;2;2;0,0
20670006489000;13;8;5;44,9
20670006490000;16;7;9;33,9
20670006491000;19;12;7;25,2
20670006493000;10;4;6;29,6
20670006495000;17;7;10;32,1
20670006497000;6;3;3;48,0
20670006498000;4;2;2;0,0
20670006516000;6;4;2;35,3
20670006535000;2;1;1;0,0
20670006536000;30;12;18;38,3
20670006537000;4;2;2;0,0
20670006560000;2;1;1;0,0
20670006575000;2;2;0;0,0
20670006597000;4;2;2;0,0
20670006604000;3;2;1;0,0
20670006606000;1;0;1;0,0
20670006626000;84;42;42;33,5
20670006627000;5;4;1;27,0
20670006628000;2;1;1;0,0
20670006723000;39;19;20;52,1
20670006724000;79;41;38;42,0
20670006794000;4;2;2;0,0
20670006806000;3;2;1;0,0
20670006807000;36;16;20;47,3
20670006863000;7;3;4;28,4
20670006865000;12;4;8;53,8
20670006866000;3;1;2;0,0
20670006867000;53;25;28;36,1
20670006868000;23;14;9;51,4
20670006870000;7;4;3;48,0
20670006872000;2;1;1;0,0
20670006873000;5;2;3;35,6
20670006885000;2;1;1;0,0
20670006886000;10;4;6;37,6
20670006888000;3;1;2;0,0
20670006891000;43;21;22;34,3
20670006892000;45;23;22;33,5
20670006904000;10;7;3;30,5
20670006905000;4;3;1;0,0
20670006922000;6;3;3;54,2
20670006923000;2;1;1;0,0
20670006934000;51;28;23;37,2
20670006945000;6;3;3;63,2
20670006946000;102;52;50;40,0
20670006947000;41;23;18;38,3
20670006953000;27;15;12;52,0
20670006954000;3;2;1;0,0
20670006957000;10;4;6;43,9
20670006960000;26;14;12;32,8
20670006961000;2;1;1;0,0
20670006962000;546;266;280;32,7
20670006963000;226;113;113;39,6
20670006967000;3;1;2;0,0
20670006968000;4;2;2;0,0
20670006971000;3;1;2;0,0
20670006974000;7;4;3;43,9
20670006991000;110;59;51;41,2
20670006992000;11;6;5;49,1
20680006455000;4;2;2;0,0
20680006456000;7;3;4;50,9
20680006457000;35;17;18;33,3
20680006458000;16;10;6;43,3
20680006462000;20;12;8;46,7
20680006463000;24;12;12;40,6
20680006465000;5;4;1;40,8
20680006471000;6;4;2;48,5
20680006475000;18;4;14;34,2
20680006477000;9;5;4;36,6
20680006479000;8;4;4;48,1
20680006480000;3;0;3;0,0
20680006482000;16;7;9;43,1
20680006483000;5;3;2;63,0
20680006485000;13;5;8;32,2
20680006486000;17;7;10;29,9
20680006487000;6;4;2;20,7
20680006488000;8;6;2;28,5
20680006494000;3;2;1;0,0
20680006495000;12;6;6;33,6
20680006498000;7;2;5;32,7
20680006499000;7;3;4;42,9
20680006500000;2;1;1;0,0
20680006519000;5;3;2;62,8
20680006536000;21;10;11;31,4
20680006537000;3;2;1;0,0
20680006560000;7;2;5;41,4
20680006612000;6;5;1;27,7
20680006613000;1;0;1;0,0
20680006616000;3;2;1;0,0
20680006617000;4;2;2;0,0
20680006626000;53;30;23;35,9
20680006627000;143;78;65;40,3
20680006628000;3;3;0;0,0
20680006733000;1;0;1;0,0
20680006805000;3;2;1;0,0
20680006806000;31;13;18;38,3
20680006807000;12;6;6;34,8
20680006815000;6;4;2;38,5
20680006825000;8;3;5;25,6
20680006827000;10;3;7;38,0
20680006867000;4;2;2;0,0
20680006868000;11;7;4;58,1
20680006874000;41;19;22;35,1
20680006882000;9;2;7;64,2
20680006883000;14;8;6;43,7
20680006884000;34;15;19;44,2
20680006885000;20;13;7;41,9
20680006887000;23;14;9;52,4
20680006891000;32;18;14;38,3
20680006892000;40;23;17;43,3
20680006922000;5;4;1;51,2
20680006934000;117;58;59;39,4
20680006945000;33;20;13;34,7
20680006946000;76;41;35;43,3
20680006947000;6;4;2;31,7
20680006953000;49;28;21;39,1
20680006954000;74;40;34;41,3
20680006957000;3;1;2;0,0
20680006960000;46;22;24;34,0
20680006961000;41;20;21;41,5
20680006962000;388;202;186;33,9
20680006963000;241;126;115;39,9
20680006967000;3;1;2;0,0
20680006968000;8;4;4;31,8
20680006971000;1;0;1;0,0
20680006974000;9;6;3;34,3
20680006975000;17;9;8;46,7
20690006457000;15;9;6;44,1
20690006458000;31;18;13;43,2
20690006459000;28;13;15;40,8
20690006460000;24;13;11;43,3
20690006461000;3;2;1;0,0
20690006462000;2;1;1;0,0
20690006463000;6;3;3;62,2
20690006464000;12;7;5;45,7
20690006467000;4;3;1;0,0
20690006468000;5;3;2;56,0
20690006469000;1;0;1;0,0
20690006471000;6;4;2;32,8
20690006472000;3;1;2;0,0
20690006480000;7;5;2;38,4
20690006481000;205;111;94;31,8
20690006482000;102;45;57;37,7
20690006483000;5;4;1;22,4
20690006486000;13;6;7;24,1
20690006487000;1;1;0;0,0
20690006488000;7;3;4;40,4
20690006489000;6;4;2;19,8
20690006495000;7;2;5;26,0
20690006500000;6;3;3;31,3
20690006501000;7;3;4;36,4
20690006505000;2;2;0;0,0
20690006506000;4;2;2;0,0
20690006536000;19;9;10;29,7
20690006537000;6;5;1;34,5
20690006576000;3;2;1;0,0
20690006610000;2;2;0;0,0
20690006612000;6;3;3;57,0
20690006613000;4;2;2;0,0
20690006615000;6;4;2;52,2
20690006619000;6;3;3;35,2
20690006625000;3;1;2;0,0
20690006626000;148;76;72;33,0
20690006627000;53;28;25;37,9
20690006628000;1;1;0;0,0
20690006732000;1;1;0;0,0
20690006795000;3;2;1;0,0
20690006805000;1;0;1;0,0
20690006806000;32;18;14;41,6
20690006807000;168;95;73;38,4
20690006808000;6;3;3;29,3
20690006813000;21;14;7;46,3
20690006826000;31;20;11;46,5
20690006874000;28;14;14;39,7
20690006877000;13;7;6;39,2
20690006878000;23;11;12;38,0
20690006879000;36;18;18;43,1
20690006880000;32;21;11;43,4
20690006881000;37;19;18;51,4
20690006882000;101;50;51;43,4
20690006883000;203;102;101;42,6
20690006884000;83;46;37;33,2
20690006886000;22;14;8;41,5
20690006887000;90;48;42;44,4
20690006891000;3;2;1;0,0
20690006892000;46;24;22;40,9
20690006903000;21;14;7;42,3
20690006913000;10;3;7;33,0
20690006933000;1;1;0;0,0
20690006934000;43;25;18;43,8
20690006935000;19;9;10;42,2
20690006946000;51;25;26;32,4
20690006947000;12;6;6;51,7
20690006953000;4;3;1;0,0
20690006955000;9;5;4;21,8
20690006956000;28;17;11;56,9
20690006957000;9;4;5;48,6
20690006958000;25;13;12;39,3
20690006960000;336;170;166;30,4
20690006961000;36;18;18;41,0
20690006962000;15;6;9;30,9
20690006963000;71;40;31;40,8
20690006964000;294;138;156;45,9
20690006965000;4;2;2;0,0
20690006966000;6;3;3;25,0
20690006975000;27;12;15;45,2
20690006976000;28;17;11;45,1
20700006457000;4;2;2;0,0
20700006458000;141;80;61;46,5
20700006459000;7;4;3;35,0
20700006460000;11;6;5;43,9
20700006462000;11;5;6;38,2
20700006463000;48;27;21;34,1
20700006464000;7;4;3;28,6
20700006466000;3;2;1;0,0
20700006469000;6;5;1;39,8
20700006470000;2;1;1;0,0
20700006474000;4;3;1;0,0
20700006475000;4;4;0;0,0
20700006476000;6;5;1;27,8
20700006477000;9;5;4;26,4
20700006480000;18;10;8;32,5
20700006482000;29;14;15;41,1
20700006483000;10;5;5;23,9
20700006484000;13;6;7;19,2
20700006485000;1;1;0;0,0
20700006486000;7;5;2;30,1
20700006487000;3;2;1;0,0
20700006488000;17;9;8;28,8
20700006490000;3;2;1;0,0
20700006494000;1;1;0;0,0
20700006504000;1;1;0;0,0
20700006529000;7;4;3;33,9
20700006530000;2;0;2;0,0
20700006543000;1;1;0;0,0
20700006575000;8;4;4;62,8
20700006576000;52;31;21;43,7
20700006577000;5;3;2;26,2
20700006591000;9;4;5;45,4
20700006593000;24;15;9;39,6
20700006610000;1;1;0;0,0
20700006614000;14;9;5;39,8
20700006616000;1;1;0;0,0
20700006650000;2;1;1;0,0
20700006651000;1;1;0;0,0
20700006732000;2;1;1;0,0
20700006758000;2;1;1;0,0
20700006765000;3;0;3;0,0
20700006806000;2;2;0;0,0
20700006808000;30;12;18;41,6
20700006812000;27;16;11;30,9
20700006813000;18;9;9;43,5
20700006825000;10;4;6;36,8
20700006826000;3;2;1;0,0
20700006876000;10;6;4;36,9
20700006877000;2;1;1;0,0
20700006884000;144;79;65;44,1
20700006885000;39;22;17;49,2
20700006887000;19;12;7;45,5
20700006892000;23;14;9;48,3
20700006905000;4;1;3;0,0
20700006912000;17;9;8;39,8
20700006913000;10;6;4;40,6
20700006935000;89;45;44;43,1
20700006953000;45;24;21;41,1
20700006954000;6;3;3;43,7
20700006955000;140;65;75;39,3
20700006958000;178;81;97;33,6
20700006960000;18;9;9;35,2
20700006961000;8;4;4;46,0
20700006963000;12;6;6;43,7
20700006964000;385;196;189;40,8
20700006965000;10;8;2;39,6
20700006966000;15;9;6;32,5
20700006967000;2;1;1;0,0
20700006969000;2;1;1;0,0
20700006970000;2;1;1;0,0
20700006972000;1;0;1;0,0
20700006975000;43;23;20;43,3
20700006976000;35;16;19;33,3
20700006998000;20;10;10;59,3
20710006458000;21;10;11;40,8
20710006459000;20;13;7;52,8
20710006460000;43;22;21;38,7
20710006462000;2;0;2;0,0
20710006466000;4;2;2;0,0
20710006474000;29;12;17;38,6
20710006476000;4;3;1;0,0
20710006478000;7;3;4;28,4
20710006479000;18;11;7;37,3
20710006482000;12;9;3;34,2
20710006483000;23;15;8;43,8
20710006484000;15;7;8;41,6
20710006485000;15;8;7;35,3
20710006488000;1;0;1;0,0
20710006490000;4;3;1;0,0
20710006494000;12;6;6;45,1
20710006495000;10;6;4;33,8
20710006524000;6;5;1;38,8
20710006529000;7;3;4;19,3
20710006562000;9;4;5;58,6
20710006563000;1;1;0;0,0
20710006574000;5;2;3;26,8
20710006575000;12;6;6;36,1
20710006576000;19;8;11;51,5
20710006577000;20;10;10;39,0
20710006579000;1;0;1;0,0
20710006589000;2;1;1;0,0
20710006590000;4;3;1;0,0
20710006591000;12;6;6;47,3
20710006592000;31;15;16;45,3
20710006593000;5;2;3;70,2
20710006610000;10;5;5;37,9
20710006614000;7;4;3;59,1
20710006618000;5;4;1;62,0
20710006619000;4;3;1;0,0
20710006620000;1;0;1;0,0
20710006650000;4;2;2;0,0
20710006759000;11;4;7;29,8
20710006765000;6;4;2;34,0
20710006767000;3;2;1;0,0
20710006769000;2;1;1;0,0
20710006772000;31;18;13;35,2
20710006783000;2;1;1;0,0
20710006809000;29;12;17;44,5
20710006810000;27;17;10;47,4
20710006811000;54;20;34;37,0
20710006812000;10;4;6;30,0
20710006817000;5;2;3;63,4
20710006818000;4;3;1;0,0
20710006819000;5;2;3;68,0
20710006820000;15;8;7;43,0
20710006821000;3;1;2;0,0
20710006825000;10;5;5;39,9
20710006886000;24;11;13;28,9
20710006887000;48;27;21;37,9
20710006892000;1;1;0;0,0
20710006905000;6;4;2;42,3
20710006906000;18;9;9;39,1
20710006907000;9;4;5;36,9
20710006908000;2;1;1;0,0
20710006935000;10;7;3;50,0
20710006936000;14;5;9;33,8
20710006954000;53;29;24;34,8
20710006955000;390;204;186;33,8
20710006958000;210;109;101;33,1
20710006960000;7;4;3;70,7
20710006961000;36;20;16;40,1
20710006962000;11;7;4;44,1
20710006963000;4;3;1;0,0
20710006964000;73;34;39;32,7
20710006968000;41;17;24;41,2
20710006969000;74;37;37;34,8
20710006970000;2;1;1;0,0
20710006975000;41;22;19;37,4
20710006993000;17;8;9;63,6
20720006459000;39;19;20;42,2
20720006460000;46;23;23;34,8
20720006462000;79;38;41;45,9
20720006464000;7;2;5;28,9
20720006467000;5;3;2;20,6
20720006468000;10;7;3;41,2
20720006469000;3;2;1;0,0
20720006473000;5;2;3;13,2
20720006474000;28;17;11;42,6
20720006478000;8;3;5;33,4
20720006485000;6;5;1;30,8
20720006486000;10;6;4;38,0
20720006487000;11;6;5;32,7
20720006488000;3;1;2;0,0
20720006489000;1;0;1;0,0
20720006490000;7;4;3;48,6
20720006491000;5;2;3;57,0
20720006492000;1;1;0;0,0
20720006521000;3;1;2;0,0
20720006522000;5;3;2;16,2
20720006561000;2;1;1;0,0
20720006562000;2;1;1;0,0
20720006568000;3;1;2;0,0
20720006573000;53;26;27;34,5
20720006574000;38;19;19;43,3
20720006575000;31;16;15;39,7
20720006576000;42;19;23;48,4
20720006577000;3;1;2;0,0
20720006578000;5;2;3;24,2
20720006579000;9;6;3;61,2
20720006585000;5;4;1;59,4
20720006589000;8;5;3;30,0
20720006592000;5;3;2;42,6
20720006593000;10;5;5;42,3
20720006650000;4;2;2;0,0
20720006732000;6;5;1;52,0
20720006767000;9;5;4;43,9
20720006768000;2;0;2;0,0
20720006770000;41;20;21;48,0
20720006771000;40;21;19;42,0
20720006772000;160;66;94;38,8
20720006773000;52;27;25;43,4
20720006782000;13;7;6;47,4
20720006783000;39;21;18;48,7
20720006810000;20;10;10;46,9
20720006811000;16;9;7;44,7
20720006815000;23;10;13;34,6
20720006816000;5;2;3;51,6
20720006817000;38;22;16;31,2
20720006818000;9;4;5;39,6
20720006819000;9;5;4;44,4
20720006820000;10;7;3;41,9
20720006821000;1;1;0;0,0
20720006822000;13;6;7;29,3
20720006824000;15;11;4;35,5
20720006885000;54;31;23;33,4
20720006886000;302;180;122;38,1
20720006892000;34;19;15;41,6
20720006893000;35;18;17;40,3
20720006909000;22;11;11;44,7
20720006936000;14;10;4;40,7
20720006948000;14;7;7;39,2
20720006949000;5;1;4;36,6
20720006955000;30;18;12;33,6
20720006956000;6;5;1;45,5
20720006957000;212;107;105;37,4
20720006958000;639;298;341;43,1
20720006960000;7;3;4;25,4
20720006961000;59;34;25;48,1
20720006962000;35;19;16;37,1
20720006964000;5;4;1;29,4
20720006970000;3;3;0;0,0
20720006971000;6;3;3;24,7
20720006976000;18;11;7;35,8
20720006977000;24;10;14;39,0
20720006978000;36;20;16;40,4
20720006979000;20;14;6;47,5
20720006992000;1;1;0;0,0
20720006993000;18;8;10;58,7
20730006457000;3;1;2;0,0
20730006458000;2;1;1;0,0
20730006459000;132;63;69;38,7
20730006460000;137;69;68;31,8
20730006462000;284;149;135;34,3
20730006463000;638;338;300;28,6
20730006464000;32;15;17;36,6
20730006465000;21;8;13;36,5
20730006468000;1;1;0;0,0
20730006471000;2;1;1;0,0
20730006473000;4;3;1;0,0
20730006476000;12;6;6;28,8
20730006477000;5;3;2;32,8
20730006481000;19;13;6;29,8
20730006482000;22;10;12;39,7
20730006484000;3;1;2;0,0
20730006487000;6;2;4;24,8
20730006491000;3;2;1;0,0
20730006492000;23;13;10;40,3
20730006493000;11;6;5;47,8
20730006511000;2;1;1;0,0
20730006512000;3;2;1;0,0
20730006560000;2;1;1;0,0
20730006567000;8;4;4;56,9
20730006568000;3;0;3;0,0
20730006569000;3;2;1;0,0
20730006573000;84;44;40;47,0
20730006574000;41;26;15;43,6
20730006575000;3;1;2;0,0
20730006579000;12;6;6;37,1
20730006581000;4;3;1;0,0
20730006582000;1;1;0;0,0
20730006583000;11;8;3;27,1
20730006584000;13;7;6;31,6
20730006585000;36;21;15;42,0
20730006586000;4;3;1;0,0
20730006587000;9;5;4;68,9
20730006635000;3;1;2;0,0
20730006650000;4;2;2;0,0
20730006723000;2;0;2;0,0
20730006770000;19;10;9;35,2
20730006773000;19;8;11;33,5
20730006782000;2;1;1;0,0
20730006783000;17;9;8;44,3
20730006799000;2;1;1;0,0
20730006809000;1;1;0;0,0
20730006810000;1;1;0;0,0
20730006811000;23;16;7;42,0
20730006812000;14;8;6;22,1
20730006814000;13;7;6;48,6
20730006815000;78;45;33;34,1
20730006816000;34;21;13;41,3
20730006817000;63;30;33;37,4
20730006818000;29;13;16;37,3
20730006819000;9;5;4;33,1
20730006845000;1;1;0;0,0
20730006885000;43;22;21;47,3
20730006886000;25;13;12;44,0
20730006892000;8;6;2;37,6
20730006893000;32;19;13;38,7
20730006909000;17;10;7;38,7
20730006949000;12;5;7;40,5
20730006954000;32;16;16;41,3
20730006955000;9;3;6;22,0
20730006956000;9;7;2;47,4
20730006957000;659;327;332;35,6
20730006958000;91;51;40;35,6
20730006961000;48;30;18;36,0
20730006962000;12;8;4;49,2
20730006968000;32;14;18;49,7
20730006969000;23;13;10;48,6
20730006970000;14;7;7;54,9
20730006971000;26;14;12;49,6
20730006975000;28;13;15;40,9
20730006976000;65;31;34;37,8
20730006979000;14;7;7;36,1
20730006981000;2;2;0;0,0
20740006457000;6;4;2;29,8
20740006458000;2;1;1;0,0
20740006459000;98;54;44;36,9
20740006460000;201;104;97;32,4
20740006461000;244;128;116;34,3
20740006462000;250;127;123;41,3
20740006463000;408;200;208;26,6
20740006467000;2;1;1;0,0
20740006469000;2;2;0;0,0
20740006470000;5;3;2;67,6
20740006471000;6;2;4;36,5
20740006476000;6;2;4;15,0
20740006477000;2;1;1;0,0
20740006480000;6;3;3;60,7
20740006481000;14;7;7;28,2
20740006482000;17;10;7;45,5
20740006484000;29;13;16;27,0
20740006485000;3;2;1;0,0
20740006487000;8;4;4;40,6
20740006506000;3;1;2;0,0
20740006511000;25;13;12;40,0
20740006518000;25;13;12;33,7
20740006519000;1;1;0;0,0
20740006561000;7;5;2;35,3
20740006569000;4;1;3;0,0
20740006570000;18;10;8;35,2
20740006571000;43;23;20;38,3
20740006585000;8;3;5;41,8
20740006586000;64;35;29;40,2
20740006587000;227;106;121;42,4
20740006588000;32;12;20;37,6
20740006589000;5;4;1;44,6
20740006590000;25;16;9;51,8
20740006635000;7;2;5;67,7
20740006649000;1;0;1;0,0
20740006650000;7;2;5;30,3
20740006723000;7;5;2;58,4
20740006724000;1;1;0;0,0
20740006774000;27;12;15;52,7
20740006775000;2;1;1;0,0
20740006811000;5;3;2;38,6
20740006812000;5;2;3;73,4
20740006813000;7;4;3;30,3
20740006814000;128;59;69;42,2
20740006815000;7;3;4;45,1
20740006843000;11;5;6;40,2
20740006844000;17;12;5;34,4
20740006845000;2;1;1;0,0
20740006849000;2;1;1;0,0
20740006884000;25;20;5;29,7
20740006885000;24;12;12;37,5
20740006893000;36;20;16;35,6
20740006894000;2;0;2;0,0
20740006910000;4;2;2;0,0
20740006949000;42;22;20;43,4
20740006955000;6;3;3;42,8
20740006956000;18;9;9;39,4
20740006957000;530;266;264;36,3
20740006959000;33;17;16;47,4
20740006960000;10;3;7;41,9
20740006961000;40;20;20;33,4
20740006976000;265;128;137;48,2
20740006977000;296;147;149;39,3
20740006978000;48;27;21;27,0
20740006981000;14;9;5;47,7
20750006459000;30;12;18;41,1
20750006460000;235;123;112;40,9
20750006461000;825;429;396;36,4
20750006462000;102;44;58;55,8
20750006474000;6;3;3;61,8
20750006475000;4;2;2;0,0
20750006476000;1;0;1;0,0
20750006477000;18;10;8;50,1
20750006478000;14;5;9;35,0
20750006479000;33;13;20;50,8
20750006480000;6;2;4;52,2
20750006482000;4;2;2;0,0
20750006485000;4;2;2;0,0
20750006486000;21;8;13;32,5
20750006487000;18;11;7;28,7
20750006494000;107;55;52;48,0
20750006495000;7;4;3;34,0
20750006506000;13;8;5;34,5
20750006507000;3;1;2;0,0
20750006508000;5;4;1;25,0
20750006512000;2;1;1;0,0
20750006561000;21;11;10;52,0
20750006588000;37;19;18;35,1
20750006589000;67;36;31;38,5
20750006590000;50;24;26;37,1
20750006635000;10;6;4;38,0
20750006645000;1;1;0;0,0
20750006646000;2;1;1;0,0
20750006649000;2;1;1;0,0
20750006650000;6;2;4;39,7
20750006721000;2;2;0;0,0
20750006722000;11;5;6;43,5
20750006723000;8;5;3;57,8
20750006724000;7;4;3;37,0
20750006774000;5;3;2;39,0
20750006776000;34;20;14;49,5
20750006777000;6;4;2;52,8
20750006799000;3;2;1;0,0
20750006813000;163;85;78;32,1
20750006814000;992;501;491;32,5
20750006842000;4;2;2;0,0
20750006843000;12;7;5;43,4
20750006884000;23;12;11;33,8
20750006893000;13;6;7;39,8
20750006894000;1;1;0;0,0
20750006910000;185;96;89;43,2
20750006911000;13;5;8;36,0
20750006949000;11;5;6;39,7
20750006954000;40;22;18;35,0
20750006956000;19;8;11;35,7
20750006957000;3;1;2;0,0
20750006959000;22;13;9;46,7
20750006960000;4;3;1;0,0
20750006961000;2;1;1;0,0
20750006964000;31;16;15;35,4
20750006978000;38;21;17;42,1
20750006979000;72;36;36;39,4
20750006980000;63;33;30;23,7
20750006988000;2;1;1;0,0
20750006989000;9;3;6;36,9
20760006459000;184;97;87;37,2
20760006460000;1408;690;718;40,0
20760006461000;494;247;247;43,5
20760006462000;255;110;145;58,3
20760006469000;2;1;1;0,0
20760006473000;30;13;17;45,6
20760006474000;28;13;15;34,5
20760006479000;15;7;8;36,0
20760006480000;2;1;1;0,0
20760006483000;12;5;7;29,8
20760006485000;36;21;15;36,4
20760006492000;16;7;9;37,0
20760006493000;61;32;29;34,9
20760006494000;230;103;127;39,3
20760006495000;21;11;10;53,0
20760006499000;2;1;1;0,0
20760006500000;6;4;2;32,0
20760006506000;3;1;2;0,0
20760006509000;6;2;4;36,8
20760006516000;6;4;2;33,3
20760006517000;16;6;10;43,2
20760006589000;6;3;3;61,8
20760006722000;2;1;1;0,0
20760006777000;148;70;78;42,3
20760006813000;901;454;447;35,6
20760006814000;1432;721;711;41,5
20760006815000;29;15;14;34,9
20760006817000;4;2;2;0,0
20760006841000;24;11;13;37,0
20760006842000;33;20;13;54,2
20760006892000;28;13;15;37,1
20760006893000;4;1;3;0,0
20760006894000;1;1;0;0,0
20760006909000;2;1;1;0,0
20760006910000;59;27;32;64,5
20760006946000;20;12;8;39,8
20760006947000;53;31;22;40,6
20760006948000;43;24;19;43,3
20760006949000;17;9;8;35,9
20760006954000;51;25;26;43,1
20760006959000;3;2;1;0,0
20760006961000;6;4;2;51,8
20760006964000;10;7;3;34,2
20760006973000;21;13;8;37,4
20760006976000;6;3;3;64,5
20760006979000;114;59;55;37,2
20760006980000;20;9;11;45,1
20760006983000;19;11;8;33,8
20770006457000;10;6;4;61,9
20770006459000;525;274;251;36,5
20770006460000;907;433;474;38,7
20770006461000;343;169;174;39,7
20770006462000;401;185;216;44,2
20770006463000;29;13;16;37,4
20770006468000;14;6;8;43,4
20770006470000;17;10;7;29,9
20770006471000;114;57;57;38,2
20770006472000;89;44;45;35,9
20770006473000;28;15;13;34,3
20770006475000;20;12;8;40,1
20770006479000;5;4;1;28,6
20770006480000;2;1;1;0,0
20770006481000;5;2;3;16,4
20770006483000;11;4;7;50,3
20770006484000;26;14;12;27,7
20770006485000;2;1;1;0,0
20770006486000;13;7;6;35,6
20770006487000;1;1;0;0,0
20770006488000;6;3;3;49,8
20770006489000;5;1;4;25,2
20770006493000;4;2;2;0,0
20770006496000;41;18;23;38,6
20770006497000;59;31;28;36,3
20770006507000;4;3;1;0,0
20770006509000;11;6;5;29,8
20770006515000;4;2;2;0,0
20770006516000;4;2;2;0,0
20770006602000;1;1;0;0,0
20770006637000;1;1;0;0,0
20770006645000;6;2;4;34,8
20770006776000;10;6;4;45,8
20770006777000;294;138;156;39,0
20770006778000;228;119;109;41,2
20770006779000;194;99;95;42,2
20770006780000;2;1;1;0,0
20770006782000;16;9;7;39,8
20770006811000;170;79;91;39,2
20770006812000;172;90;82;36,5
20770006813000;42;18;24;42,6
20770006814000;410;200;210;39,0
20770006815000;32;16;16;44,3
20770006816000;29;15;14;47,7
20770006840000;5;2;3;24,2
20770006892000;4;3;1;0,0
20770006893000;8;4;4;41,1
20770006894000;10;5;5;44,3
20770006908000;4;3;1;0,0
20770006909000;9;4;5;35,1
20770006930000;10;4;6;49,4
20770006948000;2;2;0;0,0
20770006952000;6;4;2;52,8
20770006954000;169;87;82;35,8
20770006973000;22;11;11;46,1
20770006976000;15;10;5;43,5
20770006980000;47;22;25;44,1
20770006981000;90;47;43;39,5
20770006982000;50;25;25;49,2
20770006983000;46;23;23;41,4
20780006457000;9;4;5;51,4
20780006459000;89;40;49;37,2
20780006460000;820;417;403;36,9
20780006461000;55;29;26;35,3
20780006462000;2;1;1;0,0
20780006463000;28;15;13;38,3
20780006464000;26;12;14;40,7
20780006467000;365;183;182;39,4
20780006468000;850;371;479;49,0
20780006469000;185;93;92;34,4
20780006470000;687;337;350;35,7
20780006471000;3;2;1;0,0
20780006473000;10;7;3;42,5
20780006475000;1;1;0;0,0
20780006477000;14;8;6;32,2
20780006479000;1;1;0;0,0
20780006480000;10;5;5;47,5
20780006481000;10;6;4;38,7
20780006483000;12;6;6;36,7
20780006484000;33;15;18;39,0
20780006485000;19;12;7;39,3
20780006486000;14;8;6;33,9
20780006487000;1;0;1;0,0
20780006489000;4;1;3;0,0
20780006491000;3;1;2;0,0
20780006492000;1;0;1;0,0
20780006497000;26;15;11;41,7
20780006508000;10;4;6;32,8
20780006511000;2;1;1;0,0
20780006512000;37;17;20;42,7
20780006514000;2;1;1;0,0
20780006515000;30;12;18;46,3
20780006558000;4;2;2;0,0
20780006559000;5;4;1;46,2
20780006561000;4;1;3;0,0
20780006721000;3;1;2;0,0
20780006749000;1;1;0;0,0
20780006775000;13;6;7;36,1
20780006776000;31;16;15;52,2
20780006779000;8;5;3;62,5
20780006801000;2;1;1;0,0
20780006811000;304;146;158;29,2
20780006812000;32;17;15;27,5
20780006814000;10;4;6;62,4
20780006815000;77;37;40;39,1
20780006816000;73;42;31;37,0
20780006823000;2;1;1;0,0
20780006880000;12;6;6;45,6
20780006893000;8;4;4;40,5
20780006894000;14;7;7;36,1
20780006902000;3;2;1;0,0
20780006913000;3;2;1;0,0
20780006930000;52;29;23;32,8
20780006931000;24;11;13;50,5
20780006933000;2;1;1;0,0
20780006952000;7;3;4;57,1
20780006953000;45;28;17;44,5
20780006954000;469;246;223;39,8
20780006955000;71;42;29;42,2
20780006956000;20;10;10;45,5
20780006973000;53;33;20;43,6
20780006974000;3;2;1;0,0
20780006979000;2;1;1;0,0
20780006980000;101;52;49;42,9
20780006981000;14;8;6;34,9
20780006982000;28;19;9;32,4
20790006458000;47;22;25;47,3
20790006459000;895;449;446;36,2
20790006460000;35;20;15;39,9
20790006461000;10;5;5;18,7
20790006464000;529;273;256;38,5
20790006465000;107;56;51;37,6
20790006466000;321;160;161;34,5
20790006467000;129;69;60;37,8
20790006468000;24;15;9;51,8
20790006469000;500;270;230;34,4
20790006470000;147;83;64;30,6
20790006471000;4;1;3;0,0
20790006473000;15;9;6;23,5
20790006474000;7;3;4;32,1
20790006475000;6;4;2;60,5
20790006478000;6;4;2;45,8
20790006479000;26;13;13;37,3
20790006480000;248;129;119;34,2
20790006481000;93;50;43;31,1
20790006484000;17;10;7;31,1
20790006485000;24;15;9;39,9
20790006487000;3;0;3;0,0
20790006488000;9;6;3;37,2
20790006489000;4;2;2;0,0
20790006490000;6;4;2;48,3
20790006491000;4;2;2;0,0
20790006495000;5;2;3;26,6
20790006499000;15;8;7;25,3
20790006500000;2;1;1;0,0
20790006502000;1;0;1;0,0
20790006503000;5;3;2;57,6
20790006504000;14;8;6;33,9
20790006505000;13;6;7;45,0
20790006506000;67;32;35;27,5
20790006507000;54;30;24;46,3
20790006508000;17;10;7;44,8
20790006509000;5;2;3;30,6
20790006511000;9;5;4;44,3
20790006512000;30;21;9;36,5
20790006513000;255;144;111;30,5
20790006514000;117;60;57;43,0
20790006515000;18;13;5;29,7
20790006548000;14;9;5;30,1
20790006549000;7;5;2;47,9
20790006557000;17;10;7;47,7
20790006558000;15;10;5;55,0
20790006559000;4;2;2;0,0
20790006560000;12;6;6;35,9
20790006561000;7;4;3;37,4
20790006601000;1;1;0;0,0
20790006774000;28;12;16;47,9
20790006775000;36;20;16;51,0
20790006777000;6;4;2;36,7
20790006778000;6;3;3;24,0
20790006810000;1;0;1;0,0
20790006811000;12;5;7;36,0
20790006815000;1;1;0;0,0
20790006816000;3;2;1;0,0
20790006817000;30;16;14;49,1
20790006822000;2;1;1;0,0
20790006837000;2;1;1;0,0
20790006877000;15;8;7;34,2
20790006893000;3;1;2;0,0
20790006904000;12;8;4;46,5
20790006905000;10;5;5;39,2
20790006906000;40;18;22;34,8
20790006907000;13;6;7;47,1
20790006908000;9;5;4;32,8
20790006913000;6;4;2;48,8
20790006925000;11;7;4;43,2
20790006926000;2;1;1;0,0
20790006927000;2;1;1;0,0
20790006928000;44;23;21;40,9
20790006929000;52;28;24;36,6
20790006930000;60;28;32;46,3
20790006931000;7;3;4;54,3
20790006932000;23;11;12;47,7
20790006933000;1;1;0;0,0
20790006940000;2;1;1;0,0
20790006952000;61;32;29;51,5
20790006953000;46;23;23;29,7
20790006954000;417;204;213;45,3
20790006955000;178;93;85;38,9
20790006956000;15;9;6;51,7
20790006957000;4;2;2;0,0
20790006973000;36;19;17;55,1
20790006977000;60;31;29;38,5
20790006979000;2;0;2;0,0
20790006981000;10;5;5;36,8
20800006458000;1;1;0;0,0
20800006459000;78;43;35;47,6
20800006465000;197;95;102;28,2
20800006466000;31;16;15;35,5
20800006467000;65;34;31;33,7
20800006468000;2;1;1;0,0
20800006469000;188;101;87;35,5
20800006470000;636;328;308;28,0
20800006471000;15;8;7;37,2
20800006476000;1;1;0;0,0
20800006479000;39;24;15;44,6
20800006480000;148;78;70;26,5
20800006481000;107;51;56;25,5
20800006482000;23;11;12;44,8
20800006483000;64;29;35;39,1
20800006484000;91;48;43;35,9
20800006485000;8;2;6;52,3
20800006488000;5;3;2;60,4
20800006503000;2;1;1;0,0
20800006504000;12;6;6;33,6
20800006509000;11;8;3;31,5
20800006510000;7;4;3;48,4
20800006513000;72;47;25;37,9
20800006514000;117;58;59;43,9
20800006515000;39;21;18;37,7
20800006516000;14;8;6;53,1
20800006547000;1;1;0;0,0
20800006548000;2;1;1;0,0
20800006553000;10;6;4;51,1
20800006556000;1;1;0;0,0
20800006773000;30;14;16;46,9
20800006774000;17;7;10;31,2
20800006810000;65;37;28;45,4
20800006811000;2;1;1;0,0
20800006817000;30;12;18;46,5
20800006818000;18;8;10;47,7
20800006819000;7;4;3;45,9
20800006820000;1;1;0;0,0
20800006822000;35;18;17;47,9
20800006891000;3;2;1;0,0
20800006892000;3;2;1;0,0
20800006904000;28;14;14;41,9
20800006920000;3;2;1;0,0
20800006921000;2;2;0;0,0
20800006923000;6;2;4;42,5
20800006924000;3;1;2;0,0
20800006925000;31;18;13;46,1
20800006926000;4;2;2;0,0
20800006927000;20;9;11;45,8
20800006928000;24;8;16;42,7
20800006932000;25;13;12;60,2
20800006933000;57;31;26;40,9
20800006934000;214;104;110;40,3
20800006940000;9;5;4;26,4
20800006952000;110;60;50;38,9
20800006953000;22;9;13;44,4
20800006954000;167;89;78;38,0
20800006955000;7;3;4;27,0
20800006973000;10;7;3;49,7
20800006977000;34;18;16;40,7
20800006982000;4;2;2;0,0
20810006459000;1;1;0;0,0
20810006466000;68;36;32;36,2
20810006467000;15;9;6;29,1
20810006468000;3;2;1;0,0
20810006470000;20;10;10;30,1
20810006471000;19;8;11;40,6
20810006473000;4;2;2;0,0
20810006476000;5;2;3;36,6
20810006478000;10;5;5;63,1
20810006479000;24;13;11;51,5
20810006483000;249;128;121;35,0
20810006484000;193;96;97;34,5
20810006493000;1;1;0;0,0
20810006497000;14;7;7;43,4
20810006501000;4;2;2;0,0
20810006512000;13;6;7;31,2
20810006515000;29;16;13;45,0
20810006516000;246;118;128;41,2
20810006517000;23;14;9;37,4
20810006522000;11;7;4;46,5
20810006525000;9;5;4;36,9
20810006527000;9;3;6;54,7
20810006550000;13;6;7;56,1
20810006551000;2;0;2;0,0
20810006645000;53;30;23;35,3
20810006646000;2;1;1;0,0
20810006810000;53;25;28;38,4
20810006822000;117;60;57;43,9
20810006823000;38;20;18;47,2
20810006890000;10;5;5;37,1
20810006891000;19;13;6;38,6
20810006933000;5;3;2;53,0
20810006934000;694;360;334;39,2
20810006935000;313;172;141;38,9
20810006951000;37;20;17;40,9
20810006952000;35;17;18;43,2
20810006953000;15;7;8;33,9
20810006954000;69;31;38;37,3
20810006968000;39;19;20;35,6
20810006969000;10;7;3;42,6
20810006971000;2;1;1;0,0
20810006972000;17;9;8;38,9
20810006977000;10;7;3;41,3
20810006982000;7;4;3;44,3
20810006995000;17;7;10;49,5
20820006459000;44;18;26;36,8
20820006460000;7;4;3;49,0
20820006466000;22;10;12;38,1
20820006473000;24;11;13;41,5
20820006474000;3;1;2;0,0
20820006476000;5;1;4;17,4
20820006477000;8;5;3;52,6
20820006478000;10;4;6;50,6
20820006482000;45;28;17;37,5
20820006483000;47;28;19;35,2
20820006484000;6;3;3;33,3
20820006486000;1;1;0;0,0
20820006487000;11;4;7;32,8
20820006495000;3;2;1;0,0
20820006496000;2;1;1;0,0
20820006497000;3;1;2;0,0
20820006515000;15;7;8;41,3
20820006516000;1019;491;528;42,3
20820006517000;105;58;47;34,4
20820006518000;11;6;5;36,7
20820006519000;3;2;1;0,0
20820006521000;9;4;5;46,0
20820006523000;2;1;1;0,0
20820006524000;12;5;7;34,9
20820006525000;41;20;21;44,9
20820006533000;3;2;1;0,0
20820006534000;2;1;1;0,0
20820006547000;2;1;1;0,0
20820006553000;32;17;15;42,0
20820006554000;5;3;2;61,4
20820006645000;80;39;41;48,5
20820006646000;13;6;7;52,1
20820006807000;27;10;17;43,3
20820006808000;442;211;231;42,2
20820006809000;388;218;170;33,0
20820006810000;67;35;32;39,0
20820006820000;56;32;24;24,4
20820006821000;208;102;106;24,5
20820006822000;83;41;42;44,4
20820006823000;84;40;44;41,1
20820006889000;14;8;6;29,6
20820006890000;8;4;4;29,0
20820006893000;8;3;5;29,5
20820006894000;65;32;33;32,5
20820006902000;2;1;1;0,0
20820006903000;6;2;4;43,8
20820006904000;20;7;13;44,5
20820006933000;121;63;58;38,7
20820006934000;620;297;323;44,7
20820006935000;163;83;80;42,9
20820006950000;29;18;11;46,2
20820006951000;35;20;15;32,8
20820006968000;20;13;7;31,6
20820006969000;204;108;96;40,4
20820006970000;25;13;12;47,0
20820006977000;21;12;9;42,0
20820006990000;9;4;5;40,2
20820006991000;7;3;4;30,3
20820006994000;12;6;6;48,1
20830006460000;6;3;3;71,3
20830006461000;5;3;2;50,4
20830006464000;32;15;17;37,8
20830006466000;476;252;224;33,9
20830006467000;718;376;342;32,7
20830006471000;2;0;2;0,0
20830006473000;25;12;13;30,8
20830006474000;80;45;35;35,4
20830006475000;168;90;78;35,2
20830006482000;2;2;0;0,0
20830006485000;20;11;9;30,5
20830006486000;1;0;1;0,0
20830006487000;14;9;5;34,6
20830006488000;35;21;14;39,3
20830006492000;3;2;1;0,0
20830006496000;7;3;4;17,7
20830006501000;5;3;2;55,8
20830006504000;3;1;2;0,0
20830006505000;9;3;6;22,3
20830006507000;5;3;2;32,2
20830006508000;3;2;1;0,0
20830006509000;3;2;1;0,0
20830006512000;12;6;6;27,3
20830006513000;5;3;2;48,8
20830006514000;7;2;5;65,6
20830006515000;1;0;1;0,0
20830006516000;267;126;141;38,5
20830006517000;251;121;130;39,4
20830006518000;13;8;5;35,7
20830006521000;21;12;9;39,4
20830006523000;4;2;2;0,0
20830006524000;8;3;5;43,9
20830006525000;360;184;176;41,5
20830006526000;1;1;0;0,0
20830006527000;6;3;3;37,0
20830006543000;1;1;0;0,0
20830006544000;3;1;2;0,0
20830006545000;8;3;5;21,0
20830006553000;2;1;1;0,0
20830006554000;6;4;2;67,2
20830006555000;1;1;0;0,0
20830006644000;7;4;3;45,0
20830006645000;83;45;38;40,8
20830006646000;88;45;43;38,9
20830006773000;18;8;10;43,7
20830006807000;19;14;5;53,2
20830006808000;156;77;79;37,2
20830006809000;32;17;15;46,0
20830006810000;75;42;33;37,1
20830006821000;222;118;104;34,4
20830006822000;142;66;76;50,0
20830006823000;164;86;78;40,6
20830006824000;24;13;11;45,6
20830006889000;54;24;30;45,3
20830006902000;6;3;3;53,0
20830006931000;4;2;2;0,0
20830006932000;135;68;67;46,2
20830006933000;246;131;115;40,9
20830006934000;439;223;216;42,2
20830006935000;82;40;42;42,9
20830006950000;10;7;3;64,7
20830006951000;72;41;31;46,0
20830006968000;33;19;14;44,1
20830006969000;18;8;10;49,7
20830006977000;21;11;10;51,0
20830006982000;24;12;12;48,5
20830006983000;2;1;1;0,0
20830006990000;65;34;31;38,5
20830006991000;202;103;99;42,2
20830006993000;33;16;17;48,2
20840006461000;215;102;113;42,0
20840006462000;990;501;489;37,3
20840006463000;1567;816;751;33,8
20840006464000;2167;1053;1114;39,7
20840006465000;1859;942;917;35,2
20840006466000;1185;593;592;35,5
20840006467000;1000;502;498;30,9
20840006470000;1;0;1;0,0
20840006471000;551;266;285;41,6
20840006472000;117;64;53;32,2
20840006473000;309;164;145;36,5
20840006474000;520;273;247;38,6
20840006475000;650;337;313;34,8
20840006488000;44;22;22;31,5
20840006489000;12;5;7;36,1
20840006492000;4;3;1;0,0
20840006493000;8;3;5;32,8
20840006501000;2;1;1;0,0
20840006508000;4;2;2;0,0
20840006513000;6;4;2;41,3
20840006514000;5;4;1;71,0
20840006515000;8;5;3;53,6
20840006517000;75;39;36;34,3
20840006524000;9;4;5;42,3
20840006525000;4;2;2;0,0
20840006528000;11;6;5;41,9
20840006529000;53;31;22;41,4
20840006530000;1;1;0;0,0
20840006531000;2;1;1;0,0
20840006535000;1;1;0;0,0
20840006538000;5;2;3;25,6
20840006542000;115;54;61;43,6
20840006543000;68;29;39;43,7
20840006544000;28;17;11;45,3
20840006555000;10;4;6;41,7
20840006645000;107;57;50;40,4
20840006773000;65;39;26;48,6
20840006806000;12;8;4;42,3
20840006807000;78;45;33;45,7
20840006820000;23;13;10;36,3
20840006821000;94;43;51;40,2
20840006822000;123;71;52;38,7
20840006823000;93;47;46;38,1
20840006824000;3;1;2;0,0
20840006825000;2;1;1;0,0
20840006887000;2;1;1;0,0
20840006888000;20;9;11;52,5
20840006931000;57;33;24;51,2
20840006932000;5;3;2;34,8
20840006946000;25;11;14;34,1
20840006947000;26;11;15;43,3
20840006950000;2;1;1;0,0
20840006951000;38;18;20;42,7
20840006958000;4;2;2;0,0
20840006964000;12;6;6;57,2
20840006967000;33;19;14;37,7
20840006968000;9;5;4;52,0
20840006977000;4;3;1;0,0
20840006982000;21;10;11;41,7
20840006983000;4;2;2;0,0
20840006989000;15;9;6;52,7
20840006990000;55;27;28;43,9
20840006991000;71;31;40;43,1
20840006992000;68;38;30;30,0
20840006993000;4;2;2;0,0
20850006461000;1117;558;559;38,0
20850006462000;1815;911;904;36,4
20850006463000;1762;923;839;37,2
20850006464000;2661;1278;1383;45,0
20850006465000;2193;1091;1102;38,0
20850006466000;2026;982;1044;41,0
20850006467000;1139;545;594;37,6
20850006468000;134;68;66;37,9
20850006469000;13;6;7;37,5
20850006471000;676;341;335;33,0
20850006472000;156;79;77;33,3
20850006473000;46;23;23;49,5
20850006474000;102;55;47;36,9
20850006475000;751;384;367;35,4
20850006476000;278;145;133;35,7
20850006477000;53;26;27;41,8
20850006488000;59;28;31;44,6
20850006489000;40;19;21;28,7
20850006490000;11;4;7;30,2
20850006493000;39;24;15;39,1
20850006494000;31;15;16;36,5
20850006495000;11;6;5;26,3
20850006499000;3;2;1;0,0
20850006501000;46;25;21;34,4
20850006502000;7;4;3;46,0
20850006503000;5;2;3;34,6
20850006504000;4;2;2;0,0
20850006505000;1;1;0;0,0
20850006513000;10;6;4;38,3
20850006514000;25;13;12;38,5
20850006515000;40;19;21;35,0
20850006517000;7;5;2;44,0
20850006518000;6;3;3;55,7
20850006528000;5;3;2;41,8
20850006529000;33;16;17;47,3
20850006539000;28;13;15;40,9
20850006540000;7;4;3;34,4
20850006543000;42;20;22;35,8
20850006555000;4;2;2;0,0
20850006644000;2;1;1;0,0
20850006645000;25;10;15;34,2
20850006775000;3;1;2;0,0
20850006806000;1;1;0;0,0
20850006807000;16;5;11;46,3
20850006820000;42;17;25;46,7
20850006821000;54;25;29;39,5
20850006822000;8;4;4;21,3
20850006825000;16;8;8;57,1
20850006826000;6;4;2;31,7
20850006840000;18;9;9;48,8
20850006859000;6;2;4;44,2
20850006886000;14;10;4;41,6
20850006887000;31;16;15;40,2
20850006888000;1;1;0;0,0
20850006890000;8;6;2;43,9
20850006929000;6;4;2;48,2
20850006931000;1;1;0;0,0
20850006942000;33;17;16;41,1
20850006946000;9;6;3;44,2
20850006947000;29;15;14;38,4
20850006950000;4;2;2;0,0
20850006964000;79;44;35;42,2
20850006965000;87;67;20;43,0
20850006967000;7;3;4;36,0
20850006977000;7;2;5;43,9
20850006978000;8;5;3;40,1
20850006982000;5;2;3;58,2
20850006987000;2;1;1;0,0
20850006988000;23;9;14;46,4
20850006989000;5;3;2;24,6
20850006990000;20;10;10;53,0
20850006991000;5;4;1;27,6
20850006992000;2;2;0;0,0
20850006993000;11;7;4;35,5
20850006994000;38;21;17;40,9
20860006457000;7;5;2;41,0
20860006458000;550;280;270;32,6
20860006459000;6;3;3;23,5
20860006460000;28;14;14;39,2
20860006461000;586;290;296;43,9
20860006462000;1471;711;760;41,1
20860006463000;227;119;108;37,6
20860006464000;465;249;216;44,2
20860006465000;547;283;264;37,1
20860006466000;1966;947;1019;39,4
20860006467000;1351;697;654;37,1
20860006470000;5;5;0;32,0
20860006471000;24;14;10;35,2
20860006476000;30;17;13;36,2
20860006477000;503;264;239;37,7
20860006478000;224;117;107;38,7
20860006479000;276;139;137;27,0
20860006480000;45;19;26;39,6
20860006492000;5;2;3;63,2
20860006493000;2;0;2;0,0
20860006494000;39;23;16;39,8
20860006495000;128;65;63;31,8
20860006496000;2;1;1;0,0
20860006497000;9;5;4;35,3
20860006499000;6;3;3;45,0
20860006500000;3;2;1;0,0
20860006501000;67;30;37;29,4
20860006502000;117;60;57;37,7
20860006503000;6;3;3;34,3
20860006508000;10;5;5;29,6
20860006517000;30;12;18;30,5
20860006518000;76;47;29;43,1
20860006529000;15;11;4;42,6
20860006533000;9;3;6;46,1
20860006534000;24;12;12;46,3
20860006544000;6;3;3;34,2
20860006545000;48;22;26;49,7
20860006546000;13;6;7;57,9
20860006548000;10;5;5;42,9
20860006644000;9;4;5;28,9
20860006821000;4;3;1;0,0
20860006822000;6;3;3;35,5
20860006825000;23;13;10;52,8
20860006826000;80;41;39;38,5
20860006827000;96;45;51;37,1
20860006828000;8;3;5;63,5
20860006858000;7;4;3;43,0
20860006859000;1;1;0;0,0
20860006884000;10;5;5;40,7
20860006885000;14;6;8;40,6
20860006889000;45;23;22;37,1
20860006890000;6;2;4;44,0
20860006942000;497;239;258;40,2
20860006964000;130;75;55;47,1
20860006965000;135;68;67;40,8
20860006966000;295;162;133;38,3
20860006967000;280;150;130;41,0
20860006968000;108;58;50;36,1
20860006970000;40;23;17;34,7
20860006971000;103;49;54;34,6
20860006972000;34;16;18;47,3
20860006978000;30;15;15;51,4
20860006986000;2;1;1;0,0
20860006987000;31;13;18;48,0
20860006988000;12;9;3;34,2
20860006989000;33;19;14;41,1
20860006990000;4;2;2;0,0
20860006991000;17;9;8;36,5
20860006992000;19;12;7;45,8
20860006993000;24;11;13;40,0
20870006457000;55;20;35;34,8
20870006458000;1051;496;555;40,7
20870006459000;839;431;408;31,8
20870006462000;553;274;279;34,7
20870006466000;1668;874;794;41,0
20870006467000;1280;594;686;38,3
20870006468000;101;49;52;28,2
20870006469000;550;291;259;38,2
20870006477000;399;206;193;37,1
20870006478000;652;317;335;38,8
20870006479000;1338;690;648;35,1
20870006480000;1062;507;555;39,0
20870006481000;110;51;59;35,5
20870006482000;23;10;13;37,3
20870006490000;10;6;4;38,6
20870006498000;12;7;5;44,0
20870006500000;28;8;20;29,4
20870006501000;68;37;31;46,2
20870006502000;66;32;34;38,4
20870006503000;1;1;0;0,0
20870006504000;6;4;2;32,8
20870006505000;3;2;1;0,0
20870006506000;3;3;0;0,0
20870006507000;1;1;0;0,0
20870006508000;6;1;5;27,7
20870006509000;3;1;2;0,0
20870006514000;1;1;0;0,0
20870006515000;7;5;2;41,1
20870006517000;8;5;3;56,4
20870006518000;6;5;1;33,7
20870006534000;3;1;2;0,0
20870006535000;3;1;2;0,0
20870006545000;7;4;3;27,9
20870006546000;3;2;1;0,0
20870006644000;17;9;8;49,6
20870006649000;5;3;2;39,2
20870006800000;2;2;0;0,0
20870006822000;1;1;0;0,0
20870006823000;7;3;4;57,3
20870006825000;7;4;3;36,1
20870006826000;9;3;6;48,3
20870006827000;26;14;12;42,0
20870006828000;27;13;14;50,5
20870006829000;8;5;3;51,0
20870006833000;37;19;18;43,9
20870006835000;10;6;4;38,9
20870006839000;1;0;1;0,0
20870006858000;2;2;0;0,0
20870006889000;6;4;2;37,0
20870006904000;6;4;2;33,5
20870006942000;122;57;65;52,8
20870006943000;7;3;4;40,3
20870006949000;1;1;0;0,0
20870006960000;2;1;1;0,0
20870006967000;54;31;23;32,6
20870006968000;187;96;91;39,0
20870006969000;21;12;9;37,1
20870006970000;21;10;11;26,7
20870006971000;60;29;31;38,1
20870006972000;19;11;8;35,7
20870006978000;14;10;4;27,1
20870006983000;2;1;1;0,0
20870006986000;80;39;41;39,3
20870006987000;12;7;5;39,2
20870006988000;126;62;64;36,6
20870006989000;185;76;109;50,2
20870006990000;322;160;162;38,6
20870006991000;114;55;59;35,6
20870006992000;68;33;35;40,7
20870006993000;94;43;51;46,7
20870006994000;10;5;5;42,5
20880006458000;122;59;63;36,3
20880006459000;822;423;399;31,6
20880006465000;25;12;13;65,1
20880006466000;5589;2793;2796;47,5
20880006467000;2496;1229;1267;40,6
20880006468000;1200;601;599;32,4
20880006469000;125;67;58;32,8
20880006478000;992;523;469;31,4
20880006479000;613;302;311;39,7
20880006480000;1656;758;898;48,8
20880006481000;965;487;478;39,9
20880006482000;60;35;25;49,3
20880006483000;164;86;78;35,3
20880006486000;3;1;2;0,0
20880006488000;7;3;4;39,6
20880006489000;3;1;2;0,0
20880006492000;2;1;1;0,0
20880006494000;4;2;2;0,0
20880006504000;16;11;5;34,2
20880006505000;4;1;3;0,0
20880006506000;6;5;1;24,2
20880006508000;4;2;2;0,0
20880006509000;2;1;1;0,0
20880006515000;12;6;6;36,8
20880006517000;11;7;4;45,6
20880006601000;2;1;1;0,0
20880006820000;1;0;1;0,0
20880006823000;6;5;1;54,7
20880006824000;4;2;2;0,0
20880006826000;2;1;1;0,0
20880006827000;12;7;5;51,0
20880006828000;34;16;18;49,6
20880006829000;32;16;16;37,1
20880006831000;2;1;1;0,0
20880006832000;407;199;208;37,2
20880006833000;127;67;60;42,3
20880006841000;6;4;2;43,8
20880006858000;13;7;6;43,0
20880006889000;5;3;2;31,6
20880006890000;16;9;7;46,9
20880006934000;34;13;21;46,9
20880006942000;119;57;62;39,8
20880006968000;3;2;1;0,0
20880006969000;27;16;11;49,2
20880006970000;9;5;4;60,0
20880006972000;6;4;2;40,0
20880006979000;7;4;3;49,7
20880006980000;16;7;9;38,3
20880006981000;2;1;1;0,0
20880006986000;16;9;7;50,5
20880006987000;219;109;110;33,2
20880006988000;162;81;81;47,6
20880006989000;2;1;1;0,0
20880006990000;40;21;19;35,8
20880006991000;87;44;43;50,6
20880006992000;12;7;5;44,8
20880006993000;12;5;7;56,0
20880006994000;45;27;18;48,2
20890006465000;129;64;65;39,9
20890006466000;3591;1775;1816;42,5
20890006467000;3525;1690;1835;40,5
20890006468000;1059;525;534;43,9
20890006469000;488;249;239;34,9
20890006470000;20;9;11;44,8
20890006471000;4;2;2;0,0
20890006472000;18;10;8;37,7
20890006473000;6;4;2;46,8
20890006477000;1;1;0;0,0
20890006478000;184;95;89;35,5
20890006479000;5;3;2;33,2
20890006481000;851;452;399;30,1
20890006482000;312;170;142;37,2
20890006483000;56;30;26;37,9
20890006484000;21;13;8;24,7
20890006487000;20;10;10;44,1
20890006488000;37;19;18;46,2
20890006496000;5;2;3;35,2
20890006497000;14;7;7;44,9
20890006504000;6;5;1;55,5
20890006509000;13;10;3;25,2
20890006510000;4;3;1;0,0
20890006643000;4;2;2;0,0
20890006649000;3;2;1;0,0
20890006742000;4;4;0;0,0
20890006819000;10;6;4;47,8
20890006820000;23;9;14;38,9
20890006829000;63;32;31;39,0
20890006830000;1;1;0;0,0
20890006831000;395;198;197;36,0
20890006832000;293;144;149;49,3
20890006845000;29;15;14;52,8
20890006857000;20;9;11;36,5
20890006858000;1;0;1;0,0
20890006889000;24;12;12;45,3
20890006890000;11;5;6;46,2
20890006933000;46;23;23;47,1
20890006934000;70;36;34;45,0
20890006935000;6;3;3;53,8
20890006936000;5;1;4;19,4
20890006941000;16;11;5;37,4
20890006942000;19;9;10;35,4
20890006962000;2;1;1;0,0
20890006968000;14;7;7;44,1
20890006969000;27;12;15;37,2
20890006972000;14;6;8;40,7
20890006990000;44;28;16;36,7
20890006991000;17;7;10;30,2
20890006992000;24;14;10;36,4
20890006993000;9;5;4;30,2
20890006994000;15;7;8;48,9
20890007000000;86;36;50;59,7
20890007001000;285;145;140;40,3
20900006466000;246;119;127;33,1
20900006467000;226;126;100;32,0
20900006468000;1658;786;872;42,1
20900006469000;1569;778;791;33,0
20900006470000;1068;551;517;30,5
20900006471000;437;220;217;32,3
20900006472000;591;315;276;35,0
20900006473000;29;16;13;37,1
20900006474000;45;21;24;36,7
20900006475000;102;54;48;36,1
20900006476000;5;4;1;20,6
20900006479000;7;4;3;65,4
20900006482000;37;20;17;33,6
20900006483000;12;5;7;28,1
20900006484000;13;8;5;32,5
20900006485000;122;61;61;35,9
20900006486000;47;27;20;35,2
20900006491000;11;4;7;31,1
20900006504000;8;5;3;39,5
20900006508000;7;5;2;53,6
20900006514000;6;3;3;45,5
20900006642000;6;5;1;23,5
20900006643000;1;1;0;0,0
20900006649000;5;4;1;66,8
20900006741000;2;1;1;0,0
20900006795000;4;3;1;0,0
20900006796000;3;2;1;0,0
20900006803000;1;0;1;0,0
20900006828000;16;10;6;46,6
20900006829000;1;1;0;0,0
20900006831000;2;1;1;0,0
20900006843000;1;1;0;0,0
20900006844000;5;3;2;33,4
20900006845000;4;1;3;0,0
20900006846000;6;3;3;37,5
20900006847000;10;7;3;34,9
20900006851000;5;2;3;78,0
20900006853000;13;8;5;28,0
20900006857000;78;34;44;40,8
20900006889000;5;4;1;23,6
20900006890000;21;7;14;48,3
20900006933000;50;24;26;44,8
20900006936000;2;1;1;0,0
20900006940000;12;6;6;41,8
20900006941000;9;4;5;38,1
20900006967000;9;5;4;36,9
20900006968000;40;19;21;37,1
20900006969000;20;11;9;36,0
20900006972000;4;2;2;0,0
20900006991000;52;24;28;35,8
20900006992000;35;22;13;54,2
20900006993000;10;3;7;53,9
20900007000000;245;121;124;40,6
20900007001000;201;91;110;38,6
20910006463000;32;14;18;33,5
20910006465000;578;292;286;40,9
20910006466000;1050;540;510;39,2
20910006467000;222;115;107;44,6
20910006468000;175;91;84;37,4
20910006469000;383;197;186;35,3
20910006470000;670;354;316;27,1
20910006471000;130;63;67;26,4
20910006472000;949;463;486;32,4
20910006473000;6;3;3;25,0
20910006475000;2;2;0;0,0
20910006476000;58;28;30;41,0
20910006479000;6;4;2;41,7
20910006481000;21;10;11;47,0
20910006482000;59;27;32;30,2
20910006483000;4;2;2;0,0
20910006484000;4;2;2;0,0
20910006485000;4;2;2;0,0
20910006486000;3;2;1;0,0
20910006492000;4;3;1;0,0
20910006494000;2;1;1;0,0
20910006498000;10;4;6;46,5
20910006499000;8;4;4;45,1
20910006500000;9;7;2;26,2
20910006509000;6;4;2;57,0
20910006511000;5;2;3;16,8
20910006517000;10;4;6;44,2
20910006518000;4;2;2;0,0
20910006522000;4;3;1;0,0
20910006612000;2;1;1;0,0
20910006642000;8;3;5;52,3
20910006649000;16;8;8;42,6
20910006796000;11;7;4;29,5
20910006797000;12;6;6;52,6
20910006798000;2;1;1;0,0
20910006803000;1;1;0;0,0
20910006817000;1;1;0;0,0
20910006825000;7;4;3;67,6
20910006827000;2;1;1;0,0
20910006844000;7;4;3;45,1
20910006848000;34;19;15;56,0
20910006849000;30;15;15;50,5
20910006850000;11;4;7;49,9
20910006851000;2;1;1;0,0
20910006852000;13;6;7;41,5
20910006853000;8;4;4;42,0
20910006854000;22;14;8;41,5
20910006855000;17;9;8;45,1
20910006856000;11;6;5;37,3
20910006860000;15;7;8;32,7
20910006921000;8;4;4;59,3
20910006922000;11;8;3;33,5
20910006924000;3;0;3;0,0
20910006932000;2;1;1;0,0
20910006933000;5;2;3;13,2
20910006937000;12;6;6;40,5
20910006939000;8;3;5;47,1
20910006940000;29;16;13;42,8
20910006968000;31;10;21;35,6
20910006969000;10;4;6;50,7
20910006981000;18;11;7;57,8
20910006982000;6;2;4;39,7
20910006983000;118;57;61;40,0
20910006985000;194;101;93;30,7
20910006986000;319;167;152;32,9
20910006987000;8;3;5;53,8
20910006988000;9;4;5;39,9
20910006999000;28;14;14;52,1
20910007000000;50;25;25;41,6
20910007002000;31;17;14;44,9
20910007003000;6;3;3;31,8
20920006462000;6;3;3;47,7
20920006463000;345;173;172;24,6
20920006464000;1363;679;684;31,8
20920006465000;1304;653;651;37,7
20920006466000;1766;877;889;34,5
20920006467000;1518;730;788;35,5
20920006472000;1;0;1;0,0
20920006476000;4;3;1;0,0
20920006477000;33;21;12;40,5
20920006478000;5;3;2;30,2
20920006479000;7;3;4;36,7
20920006480000;4;2;2;0,0
20920006483000;43;26;17;33,0
20920006485000;51;33;18;34,0
20920006488000;26;17;9;26,6
20920006489000;17;8;9;42,8
20920006498000;34;18;16;38,1
20920006503000;4;2;2;0,0
20920006506000;2;2;0;0,0
20920006509000;6;2;4;31,3
20920006514000;12;7;5;33,0
20920006612000;4;3;1;0,0
20920006613000;4;3;1;0,0
20920006641000;26;13;13;53,5
20920006648000;18;9;9;55,4
20920006649000;2;1;1;0,0
20920006766000;1;1;0;0,0
20920006797000;18;9;9;36,1
20920006803000;3;2;1;0,0
20920006816000;1;1;0;0,0
20920006821000;1;1;0;0,0
20920006829000;114;57;57;30,3
20920006830000;2;1;1;0,0
20920006854000;2;1;1;0,0
20920006855000;15;8;7;64,7
20920006860000;1;1;0;0,0
20920006890000;4;1;3;0,0
20920006891000;8;5;3;64,9
20920006910000;3;2;1;0,0
20920006911000;2;1;1;0,0
20920006912000;8;4;4;55,9
20920006918000;5;4;1;51,8
20920006919000;23;13;10;26,5
20920006920000;28;17;11;51,0
20920006921000;4;3;1;0,0
20920006922000;9;3;6;38,3
20920006923000;14;7;7;46,0
20920006924000;9;5;4;27,7
20920006925000;33;20;13;39,9
20920006927000;2;1;1;0,0
20920006940000;8;5;3;58,9
20920006967000;7;4;3;47,6
20920006968000;1;0;1;0,0
20920006969000;41;23;18;36,5
20920006970000;4;2;2;0,0
20920006980000;23;9;14;35,9
20920006981000;16;7;9;43,6
20920006983000;39;24;15;35,1
20920006984000;33;17;16;55,4
20920006985000;119;50;69;35,9
20920006986000;194;93;101;28,1
20920006987000;201;104;97;26,6
20920006988000;52;28;24;32,2
20920006989000;5;2;3;14,4
20920006997000;36;17;19;29,3
20920006998000;35;22;13;45,8
20920006999000;92;49;43;43,2
20920007000000;44;22;22;44,5
20920007001000;12;6;6;33,0
20920007002000;116;65;51;40,5
20920007003000;33;16;17;45,1
20930006462000;6;3;3;46,2
20930006463000;1780;893;887;35,3
20930006464000;922;437;485;29,5
20930006465000;270;142;128;27,5
20930006466000;345;166;179;35,4
20930006467000;488;244;244;39,1
20930006468000;701;329;372;48,7
20930006469000;812;397;415;39,6
20930006470000;180;91;89;37,1
20930006471000;210;101;109;63,1
20930006478000;18;11;7;48,6
20930006479000;4;1;3;0,0
20930006480000;22;10;12;40,5
20930006483000;3;2;1;0,0
20930006485000;9;2;7;50,1
20930006488000;1;0;1;0,0
20930006489000;24;14;10;42,5
20930006490000;2;1;1;0,0
20930006491000;8;4;4;30,1
20930006492000;10;5;5;40,1
20930006493000;4;3;1;0,0
20930006495000;4;2;2;0,0
20930006496000;10;4;6;44,8
20930006497000;2;1;1;0,0
20930006521000;1;0;1;0,0
20930006624000;20;11;9;47,7
20930006630000;2;1;1;0,0
20930006632000;2;1;1;0,0
20930006641000;34;19;15;45,8
20930006647000;9;7;2;32,1
20930006648000;2;1;1;0,0
20930006803000;13;7;6;35,6
20930006818000;2;1;1;0,0
20930006824000;3;2;1;0,0
20930006825000;4;3;1;0,0
20930006830000;18;8;10;46,6
20930006909000;118;56;62;42,0
20930006925000;9;5;4;46,3
20930006926000;30;17;13;60,3
20930006927000;29;14;15;45,0
20930006940000;2;1;1;0,0
20930006962000;15;10;5;57,5
20930006967000;7;3;4;37,1
20930006969000;319;168;151;35,2
20930006970000;2;1;1;0,0
20930006980000;11;4;7;67,0
20930006981000;2;1;1;0,0
20930006986000;8;3;5;29,3
20930006987000;150;83;67;39,0
20930006992000;53;27;26;36,3
20930006993000;2;1;1;0,0
20930006995000;5;2;3;37,0
20930006996000;31;15;16;40,0
20930006997000;71;37;34;36,9
20930006998000;29;14;15;43,9
20930006999000;24;13;11;47,3
20930007000000;4;2;2;0,0
20930007001000;17;10;7;42,8
20930007002000;6;3;3;65,5
20930007003000;51;25;26;49,9
20940006460000;6;2;4;27,5
20940006461000;44;24;20;39,4
20940006462000;170;85;85;34,8
20940006463000;61;31;30;35,8
20940006464000;63;30;33;40,6
20940006465000;31;16;15;39,6
20940006466000;36;19;17;39,7
20940006467000;18;8;10;32,8
20940006468000;1505;758;747;36,2
20940006469000;1468;754;714;33,2
20940006470000;736;385;351;36,4
20940006471000;77;39;38;40,4
20940006472000;33;14;19;49,3
20940006473000;35;19;16;37,7
20940006474000;121;58;63;31,0
20940006478000;2;1;1;0,0
20940006479000;29;15;14;39,3
20940006480000;15;7;8;38,1
20940006481000;12;7;5;49,3
20940006482000;18;9;9;32,1
20940006485000;35;18;17;39,3
20940006488000;2;1;1;0,0
20940006489000;16;7;9;34,4
20940006490000;10;4;6;25,0
20940006491000;5;2;3;52,2
20940006493000;4;3;1;0,0
20940006494000;13;9;4;33,6
20940006495000;4;2;2;0,0
20940006496000;15;8;7;36,9
20940006504000;5;2;3;66,8
20940006507000;2;1;1;0,0
20940006568000;3;2;1;0,0
20940006611000;1;1;0;0,0
20940006613000;2;1;1;0,0
20940006614000;15;6;9;40,6
20940006615000;3;2;1;0,0
20940006616000;8;5;3;32,3
20940006621000;1;1;0;0,0
20940006622000;21;13;8;46,6
20940006623000;3;1;2;0,0
20940006624000;19;9;10;46,2
20940006625000;25;10;15;43,4
20940006626000;2;1;1;0,0
20940006627000;6;3;3;46,7
20940006628000;4;2;2;0,0
20940006629000;2;1;1;0,0
20940006630000;4;3;1;0,0
20940006631000;18;10;8;32,7
20940006632000;9;5;4;56,4
20940006633000;19;9;10;47,1
20940006634000;21;10;11;53,2
20940006640000;19;10;9;43,1
20940006641000;5;2;3;19,0
20940006647000;5;3;2;58,6
20940006797000;25;11;14;47,1
20940006824000;3;2;1;0,0
20940006825000;9;6;3;28,2
20940006826000;4;3;1;0,0
20940006830000;14;9;5;51,5
20940006831000;92;49;43;37,0
20940006861000;8;5;3;29,4
20940006907000;4;3;1;0,0
20940006908000;22;9;13;50,2
20940006909000;57;33;24;34,8
20940006926000;6;3;3;35,3
20940006927000;113;58;55;44,9
20940006928000;1;1;0;0,0
20940006941000;8;4;4;31,0
20940006954000;22;14;8;48,7
20940006955000;49;19;30;44,6
20940006957000;47;21;26;33,9
20940006962000;3;1;2;0,0
20940006963000;35;17;18;39,3
20940006966000;3;2;1;0,0
20940006967000;654;314;340;37,8
20940006968000;288;134;154;55,1
20940006969000;351;183;168;39,7
20940006970000;203;106;97;36,6
20940006971000;9;3;6;43,8
20940006980000;173;84;89;39,2
20940006981000;1;1;0;0,0
20940006985000;8;6;2;43,5
20940006986000;8;5;3;34,3
20940006987000;21;12;9;37,1
20940006990000;21;11;10;26,2
20940006991000;17;9;8;33,6
20940006992000;12;3;9;35,8
20940006993000;125;62;63;37,9
20940006994000;18;9;9;47,7
20940006995000;42;21;21;46,5
20940006996000;47;25;22;35,9
20940006997000;11;6;5;38,2
20940007003000;6;3;3;30,5
20940007004000;4;3;1;0,0
20950006461000;7;4;3;53,4
20950006462000;49;28;21;37,3
20950006463000;40;25;15;34,4
20950006464000;73;38;35;40,5
20950006465000;47;21;26;44,9
20950006466000;29;15;14;43,2
20950006472000;109;61;48;39,5
20950006473000;127;64;63;38,3
20950006474000;696;349;347;34,3
20950006475000;57;30;27;34,7
20950006479000;9;5;4;42,4
20950006481000;4;2;2;0,0
20950006484000;11;3;8;23,0
20950006489000;7;4;3;49,4
20950006492000;2;1;1;0,0
20950006495000;23;16;7;30,3
20950006496000;106;53;53;38,9
20950006501000;13;7;6;32,1
20950006503000;2;1;1;0,0
20950006508000;19;11;8;26,1
20950006580000;1;1;0;0,0
20950006588000;10;5;5;48,3
20950006611000;2;1;1;0,0
20950006612000;1;0;1;0,0
20950006613000;2;1;1;0,0
20950006614000;5;4;1;30,4
20950006615000;30;18;12;37,3
20950006630000;5;3;2;60,4
20950006631000;7;4;3;51,6
20950006635000;8;5;3;44,9
20950006636000;7;5;2;59,9
20950006637000;7;4;3;41,3
20950006638000;12;6;6;48,9
20950006646000;5;3;2;39,4
20950006793000;8;6;2;63,1
20950006794000;6;3;3;27,3
20950006796000;180;91;89;44,2
20950006797000;339;170;169;43,2
20950006805000;1;0;1;0,0
20950006828000;1;1;0;0,0
20950006829000;1;1;0;0,0
20950006831000;39;19;20;38,3
20950006906000;14;7;7;30,6
20950006907000;2;1;1;0,0
20950006926000;3;2;1;0,0
20950006941000;1;0;1;0,0
20950006954000;43;24;19;44,7
20950006955000;23;14;9;42,5
20950006956000;56;28;28;45,1
20950006957000;147;71;76;47,2
20950006958000;22;11;11;59,4
20950006959000;41;19;22;33,1
20950006960000;16;10;6;56,8
20950006961000;19;11;8;40,8
20950006962000;21;12;9;43,7
20950006963000;162;90;72;41,4
20950006964000;32;17;15;43,7
20950006965000;47;23;24;37,5
20950006966000;50;25;25;45,1
20950006967000;146;71;75;37,5
20950006968000;284;125;159;52,6
20950006969000;127;67;60;42,8
20950006970000;14;9;5;36,6
20950006980000;49;24;25;49,0
20950006981000;136;78;58;48,0
20950006982000;1;1;0;0,0
20950006985000;28;13;15;27,1
20950006986000;36;17;19;45,6
20950006990000;25;15;10;38,0
20950006992000;200;101;99;39,9
20950006993000;82;38;44;46,9
20950006994000;1;1;0;0,0
20950007004000;87;47;40;47,8
20950007005000;8;5;3;61,9
20960006461000;62;36;26;40,0
20960006462000;28;17;11;39,7
20960006463000;16;9;7;36,1
20960006464000;5;3;2;57,4
20960006465000;10;5;5;48,4
20960006466000;27;14;13;42,3
20960006468000;1;1;0;0,0
20960006472000;5;3;2;39,0
20960006473000;31;17;14;38,6
20960006474000;160;73;87;45,0
20960006475000;407;214;193;34,8
20960006480000;4;2;2;0,0
20960006484000;31;15;16;34,0
20960006490000;9;6;3;27,6
20960006495000;30;13;17;37,4
20960006496000;2;1;1;0,0
20960006497000;16;7;9;38,4
20960006498000;5;2;3;44,2
20960006499000;13;7;6;27,5
20960006502000;1;1;0;0,0
20960006514000;10;6;4;43,3
20960006567000;2;1;1;0,0
20960006611000;4;2;2;0,0
20960006615000;7;4;3;44,6
20960006616000;3;2;1;0,0
20960006630000;21;14;7;37,4
20960006631000;11;5;6;43,7
20960006638000;6;4;2;67,0
20960006639000;16;8;8;52,6
20960006640000;1;0;1;0,0
20960006791000;2;1;1;0,0
20960006792000;75;44;31;40,3
20960006793000;14;5;9;38,6
20960006794000;33;18;15;36,2
20960006795000;13;8;5;48,8
20960006797000;430;202;228;45,2
20960006829000;2;1;1;0,0
20960006831000;29;16;13;28,9
20960006832000;36;18;18;38,5
20960006833000;3;2;1;0,0
20960006835000;1;1;0;0,0
20960006926000;3;3;0;0,0
20960006930000;8;4;4;52,1
20960006941000;3;1;2;0,0
20960006952000;6;3;3;40,8
20960006953000;28;16;12;27,5
20960006954000;22;10;12;51,0
20960006955000;26;14;12;51,2
20960006956000;18;10;8;41,8
20960006957000;3;1;2;0,0
20960006959000;14;9;5;51,9
20960006960000;12;8;4;48,6
20960006961000;20;12;8;39,3
20960006964000;4;3;1;0,0
20960006965000;18;11;7;45,8
20960006966000;20;10;10;37,0
20960006980000;526;250;276;43,9
20960006981000;680;355;325;41,8
20960006986000;20;11;9;38,3
20960006987000;8;5;3;51,1
20960006988000;10;5;5;34,4
20960006990000;72;36;36;40,3
20960006991000;6;3;3;69,2
20960006992000;200;101;99;29,4
20960006994000;9;4;5;64,2
20960006996000;1;1;0;0,0
20960006997000;9;6;3;33,3
20960007004000;7;3;4;56,0
20960007005000;32;19;13;36,9
20970006461000;2;1;1;0,0
20970006463000;12;5;7;49,9
20970006464000;24;13;11;42,3
20970006465000;12;6;6;38,3
20970006466000;1;1;0;0,0
20970006468000;6;2;4;53,0
20970006469000;1;1;0;0,0
20970006474000;10;5;5;38,9
20970006475000;36;21;15;38,2
20970006476000;153;72;81;38,4
20970006480000;1;1;0;0,0
20970006484000;25;11;14;30,4
20970006485000;14;7;7;22,9
20970006490000;1;1;0;0,0
20970006491000;4;1;3;0,0
20970006493000;6;3;3;34,3
20970006494000;10;5;5;52,8
20970006497000;4;2;2;0,0
20970006498000;3;1;2;0,0
20970006499000;4;1;3;0,0
20970006506000;6;4;2;30,8
20970006509000;13;7;6;23,2
20970006514000;12;5;7;40,1
20970006567000;7;5;2;47,4
20970006588000;14;10;4;42,1
20970006594000;5;3;2;32,0
20970006597000;1;1;0;0,0
20970006614000;1;1;0;0,0
20970006630000;31;13;18;47,8
20970006631000;22;13;9;34,1
20970006645000;7;4;3;48,0
20970006791000;40;24;16;45,1
20970006792000;4;3;1;0,0
20970006795000;23;15;8;49,7
20970006796000;31;17;14;38,9
20970006797000;154;80;74;36,9
20970006832000;11;5;6;38,3
20970006833000;28;15;13;36,6
20970006834000;56;30;26;48,0
20970006835000;11;4;7;50,2
20970006840000;3;2;1;0,0
20970006925000;37;21;16;35,0
20970006926000;77;33;44;44,1
20970006927000;1;0;1;0,0
20970006930000;44;22;22;41,6
20970006931000;10;5;5;53,4
20970006941000;3;2;1;0,0
20970006942000;1;1;0;0,0
20970006952000;24;12;12;38,2
20970006959000;13;6;7;41,7
20970006960000;57;31;26;40,4
20970006961000;68;31;37;50,1
20970006962000;45;23;22;41,0
20970006963000;26;13;13;43,4
20970006964000;9;3;6;37,2
20970006965000;21;9;12;29,0
20970006966000;85;52;33;47,0
20970006967000;103;51;52;44,6
20970006968000;9;6;3;39,3
20970006980000;404;201;203;42,4
20970006981000;154;70;84;37,6
20970006988000;25;11;14;33,8
20970006989000;145;68;77;39,9
20970006990000;9;6;3;33,0
20970006992000;4;2;2;0,0
20970006993000;89;43;46;40,0
20970006994000;27;16;11;42,1
20970006995000;4;1;3;0,0
20970006997000;6;4;2;21,7
20970006998000;11;7;4;46,5
20970007000000;1;1;0;0,0
20970007002000;11;7;4;32,5
20970007005000;2;1;1;0,0
20970007006000;36;20;16;43,0
20980006463000;21;10;11;48,0
20980006464000;26;13;13;38,6
20980006465000;4;2;2;0,0
20980006466000;2;1;1;0,0
20980006467000;13;5;8;42,7
20980006469000;6;3;3;22,2
20980006470000;1;1;0;0,0
20980006476000;56;28;28;40,0
20980006477000;45;27;18;36,4
20980006478000;8;3;5;30,9
20980006494000;10;6;4;41,5
20980006497000;2;1;1;0,0
20980006498000;17;10;7;48,9
20980006499000;4;2;2;0,0
20980006500000;7;4;3;56,1
20980006503000;2;1;1;0,0
20980006504000;4;2;2;0,0
20980006508000;2;1;1;0,0
20980006509000;5;2;3;46,0
20980006514000;7;3;4;51,6
20980006578000;3;3;0;0,0
20980006587000;2;2;0;0,0
20980006613000;1;1;0;0,0
20980006614000;10;3;7;18,4
20980006628000;5;3;2;59,2
20980006630000;42;23;19;42,0
20980006631000;1;1;0;0,0
20980006644000;19;9;10;34,7
20980006645000;7;4;3;42,0
20980006791000;29;14;15;39,5
20980006830000;3;2;1;0,0
20980006835000;170;75;95;55,8
20980006836000;35;18;17;39,4
20980006837000;20;9;11;32,9
20980006838000;14;7;7;35,6
20980006924000;14;4;10;59,4
20980006925000;16;6;10;55,3
20980006931000;184;78;106;37,3
20980006932000;48;23;25;46,8
20980006940000;3;2;1;0,0
20980006943000;3;1;2;0,0
20980006967000;73;36;37;51,3
20980006968000;55;25;30;32,0
20980006980000;749;363;386;42,9
20980006981000;858;407;451;44,4
20980006989000;68;35;33;48,0
20980006993000;38;17;21;46,5
20980006999000;17;9;8;57,0
20980007000000;9;5;4;35,7
20980007001000;8;5;3;24,9
20980007002000;3;2;1;0,0
20980007005000;7;3;4;42,0
20980007006000;53;26;27;32,1
20990006465000;15;10;5;39,3
20990006466000;37;18;19;51,5
20990006467000;30;16;14;50,4
20990006468000;4;2;2;0,0
20990006476000;37;19;18;29,8
20990006477000;103;52;51;38,4
20990006478000;112;59;53;36,5
20990006479000;8;4;4;29,9
20990006480000;18;9;9;37,6
20990006500000;7;3;4;28,4
20990006501000;4;3;1;0,0
20990006504000;2;1;1;0,0
20990006505000;2;2;0;0,0
20990006507000;15;7;8;46,0
20990006508000;50;29;21;36,6
20990006546000;5;1;4;36,8
20990006575000;1;1;0;0,0
20990006576000;1;1;0;0,0
20990006577000;3;1;2;0,0
20990006587000;4;2;2;0,0
20990006610000;2;1;1;0,0
20990006611000;7;5;2;51,4
20990006621000;1;0;1;0,0
20990006627000;2;1;1;0,0
20990006628000;7;5;2;52,7
20990006629000;31;16;15;45,2
20990006630000;30;18;12;38,0
20990006637000;13;7;6;54,6
20990006790000;16;9;7;42,7
20990006791000;33;21;12;43,0
20990006811000;1;0;1;0,0
20990006831000;1;0;1;0,0
20990006832000;7;3;4;38,9
20990006835000;24;14;10;39,9
20990006836000;4;3;1;0,0
20990006931000;166;78;88;55,0
20990006932000;23;10;13;39,5
20990006933000;8;6;2;42,9
20990006967000;3;1;2;0,0
20990006980000;1287;667;620;44,3
20990006981000;1006;494;512;40,0
20990006989000;27;16;11;35,2
20990006993000;179;95;84;39,0
20990006995000;4;2;2;0,0
20990007000000;15;5;10;42,7
20990007001000;27;14;13;34,0
20990007002000;18;11;7;28,9
20990007004000;41;22;19;35,1
20990007005000;96;54;42;39,8
20990007006000;3;1;2;0,0
21000006461000;18;8;10;50,4
21000006462000;51;25;26;46,1
21000006463000;85;40;45;42,5
21000006464000;59;28;31;32,1
21000006465000;37;18;19;48,2
21000006466000;1;0;1;0,0
21000006467000;13;7;6;48,7
21000006468000;5;3;2;40,6
21000006469000;20;13;7;30,8
21000006470000;2;1;1;0,0
21000006472000;2;1;1;0,0
21000006479000;32;16;16;29,8
21000006480000;59;29;30;42,4
21000006481000;100;53;47;36,7
21000006483000;15;10;5;31,7
21000006489000;1;1;0;0,0
21000006491000;9;6;3;25,2
21000006500000;1;1;0;0,0
21000006501000;8;5;3;26,4
21000006502000;6;3;3;44,0
21000006506000;10;5;5;38,4
21000006507000;24;11;13;28,5
21000006587000;1;1;0;0,0
21000006610000;2;1;1;0,0
21000006611000;14;6;8;29,5
21000006613000;7;4;3;45,7
21000006614000;9;6;3;43,6
21000006622000;2;1;1;0,0
21000006626000;23;8;15;46,7
21000006627000;8;3;5;43,1
21000006637000;9;5;4;44,2
21000006640000;2;1;1;0,0
21000006790000;36;20;16;48,7
21000006791000;16;9;7;39,4
21000006809000;3;2;1;0,0
21000006832000;1;1;0;0,0
21000006833000;5;2;3;72,6
21000006836000;7;3;4;52,6
21000006930000;28;15;13;48,8
21000006931000;6;4;2;47,8
21000006932000;12;9;3;59,8
21000006933000;18;7;11;38,1
21000006966000;4;2;2;0,0
21000006967000;2;1;1;0,0
21000006980000;1129;558;571;42,0
21000006981000;2305;1145;1160;42,3
21000006986000;5;3;2;30,2
21000006987000;3;1;2;0,0
21000006988000;79;44;35;43,9
21000006989000;27;14;13;33,4
21000006993000;405;199;206;38,3
21000006994000;41;23;18;42,6
21000007001000;2;1;1;0,0
21000007003000;9;5;4;26,9
21000007004000;17;8;9;24,5
21000007005000;144;83;61;37,7
21000007006000;66;34;32;41,2
21000007007000;32;17;15;40,1
21000007008000;6;4;2;45,7
21010006462000;20;11;9;42,9
21010006463000;26;13;13;49,9
21010006464000;63;30;33;40,6
21010006465000;125;57;68;38,7
21010006466000;86;47;39;37,0
21010006467000;60;30;30;45,0
21010006468000;5;2;3;27,6
21010006469000;4;0;4;0,0
21010006470000;16;10;6;35,3
21010006471000;6;3;3;55,8
21010006477000;1;1;0;0,0
21010006478000;1;0;1;0,0
21010006479000;6;5;1;41,7
21010006481000;11;6;5;58,0
21010006482000;8;4;4;57,0
21010006483000;120;63;57;34,4
21010006484000;92;47;45;31,9
21010006485000;13;6;7;35,6
21010006490000;2;1;1;0,0
21010006491000;4;2;2;0,0
21010006513000;12;7;5;39,6
21010006515000;4;3;1;0,0
21010006523000;14;7;7;37,6
21010006575000;10;6;4;30,5
21010006576000;1;1;0;0,0
21010006586000;7;4;3;26,9
21010006592000;3;1;2;0,0
21010006593000;3;2;1;0,0
21010006606000;2;1;1;0,0
21010006607000;1;0;1;0,0
21010006608000;4;2;2;0,0
21010006610000;27;13;14;47,5
21010006611000;68;35;33;39,6
21010006615000;5;3;2;18,6
21010006620000;6;4;2;38,5
21010006625000;5;2;3;54,0
21010006640000;15;7;8;28,7
21010006789000;16;9;7;57,5
21010006790000;55;35;20;41,4
21010006812000;2;1;1;0,0
21010006835000;4;2;2;0,0
21010006836000;2;1;1;0,0
21010006930000;12;8;4;34,4
21010006931000;11;7;4;56,3
21010006932000;26;13;13;44,5
21010006933000;32;17;15;41,8
21010006966000;14;5;9;47,9
21010006980000;493;250;243;44,0
21010006981000;2072;1032;1040;38,8
21010006982000;609;306;303;28,2
21010006987000;41;22;19;40,9
21010006988000;6;3;3;55,3
21010006993000;482;217;265;45,4
21010006994000;2;1;1;0,0
21010006995000;7;3;4;39,9
21010006996000;7;3;4;49,3
21010006997000;2;1;1;0,0
21010006998000;1;1;0;0,0
21010007003000;6;3;3;23,2
21010007004000;19;11;8;34,1
21010007005000;13;7;6;25,1
21010007007000;5;3;2;60,8
21020006463000;57;30;27;32,7
21020006464000;33;17;16;59,9
21020006465000;36;18;18;46,1
21020006466000;6;3;3;59,3
21020006467000;195;102;93;34,8
21020006468000;54;28;26;41,7
21020006469000;20;6;14;39,7
21020006470000;21;14;7;32,6
21020006476000;11;6;5;30,3
21020006478000;10;6;4;46,9
21020006484000;21;9;12;37,3
21020006485000;43;23;20;30,1
21020006486000;40;22;18;29,3
21020006490000;1;1;0;0,0
21020006491000;2;1;1;0,0
21020006493000;19;9;10;37,3
21020006494000;6;3;3;48,2
21020006513000;12;6;6;33,6
21020006514000;5;3;2;28,8
21020006515000;7;3;4;31,9
21020006523000;11;6;5;29,5
21020006532000;7;3;4;47,9
21020006541000;13;6;7;31,8
21020006542000;15;7;8;50,3
21020006543000;9;4;5;34,6
21020006576000;24;16;8;36,2
21020006578000;5;3;2;24,8
21020006579000;2;2;0;0,0
21020006580000;2;2;0;0,0
21020006587000;6;4;2;55,0
21020006588000;9;3;6;36,6
21020006594000;1;1;0;0,0
21020006603000;1;0;1;0,0
21020006604000;2;1;1;0,0
21020006606000;6;2;4;68,5
21020006608000;25;14;11;46,0
21020006610000;187;99;88;39,4
21020006611000;91;40;51;33,7
21020006614000;5;2;3;31,6
21020006615000;2;1;1;0,0
21020006616000;9;4;5;37,3
21020006617000;8;5;3;39,0
21020006619000;3;1;2;0,0
21020006620000;4;2;2;0,0
21020006622000;3;1;2;0,0
21020006623000;12;5;7;33,5
21020006624000;2;1;1;0,0
21020006625000;28;16;12;36,4
21020006640000;8;4;4;19,1
21020006789000;42;23;19;37,8
21020006790000;142;70;72;39,2
21020006836000;6;5;1;70,8
21020006930000;74;38;36;41,5
21020006931000;14;7;7;47,3
21020006932000;1;1;0;0,0
21020006933000;38;18;20;46,2
21020006964000;9;6;3;39,3
21020006965000;22;10;12;49,4
21020006966000;42;25;17;38,6
21020006971000;1;1;0;0,0
21020006980000;432;230;202;40,4
21020006981000;1785;902;883;42,0
21020006982000;474;230;244;34,0
21020006987000;28;14;14;42,2
21020006989000;12;5;7;38,8
21020006990000;2;1;1;0,0
21020006991000;15;9;6;37,3
21020006992000;47;21;26;29,0
21020006993000;269;133;136;43,9
21020006994000;1066;519;547;37,3
21020006998000;11;8;3;34,4
21020007002000;10;7;3;39,8
21020007003000;21;12;9;36,9
21020007004000;3;1;2;0,0
21020007006000;34;18;16;36,1
21020007007000;27;11;16;40,8
21030006464000;3;2;1;0,0
21030006466000;57;31;26;40,5
21030006467000;169;83;86;43,6
21030006468000;49;25;24;33,3
21030006469000;19;12;7;45,4
21030006470000;17;8;9;33,6
21030006471000;40;24;16;47,7
21030006472000;57;29;28;36,7
21030006475000;5;3;2;42,8
21030006482000;48;20;28;34,1
21030006483000;9;3;6;23,3
21030006484000;132;62;70;37,2
21030006485000;491;243;248;39,7
21030006486000;47;25;22;37,8
21030006490000;13;8;5;36,5
21030006491000;5;3;2;41,4
21030006502000;3;1;2;0,0
21030006515000;1;1;0;0,0
21030006522000;7;3;4;55,7
21030006523000;38;20;18;38,4
21030006524000;3;2;1;0,0
21030006573000;8;3;5;38,1
21030006574000;5;2;3;27,2
21030006575000;8;5;3;48,1
21030006576000;1;1;0;0,0
21030006577000;9;6;3;30,2
21030006580000;1;1;0;0,0
21030006587000;10;4;6;44,2
21030006588000;12;5;7;44,6
21030006603000;5;3;2;31,4
21030006605000;12;7;5;42,7
21030006606000;5;4;1;32,2
21030006608000;28;15;13;45,4
21030006609000;21;10;11;47,3
21030006610000;360;173;187;46,6
21030006611000;5;3;2;63,6
21030006612000;5;2;3;22,6
21030006618000;2;1;1;0,0
21030006619000;7;4;3;57,1
21030006621000;3;2;1;0,0
21030006622000;7;5;2;39,6
21030006623000;17;9;8;41,5
21030006624000;70;37;33;36,2
21030006625000;29;13;16;35,4
21030006640000;5;3;2;30,0
21030006675000;3;1;2;0,0
21030006789000;17;8;9;45,4
21030006790000;3;1;2;0,0
21030006806000;67;38;29;45,4
21030006931000;3;2;1;0,0
21030006933000;9;3;6;41,2
21030006934000;36;20;16;35,6
21030006964000;3;2;1;0,0
21030006965000;17;8;9;36,2
21030006966000;4;2;2;0,0
21030006967000;2;1;1;0,0
21030006980000;235;119;116;41,0
21030006981000;2078;983;1095;46,2
21030006982000;709;359;350;36,0
21030006987000;13;5;8;44,3
21030006988000;32;14;18;44,2
21030006989000;33;19;14;43,9
21030006990000;15;7;8;39,7
21030006991000;59;31;28;38,1
21030006993000;87;41;46;39,8
21030006994000;86;43;43;24,3
21030006998000;15;8;7;36,4
21030006999000;5;2;3;21,8
21030007002000;6;5;1;55,8
21030007003000;9;2;7;30,8
21030007004000;12;7;5;35,5
21030007005000;22;13;9;33,6
21030007006000;87;47;40;38,3
21030007007000;195;94;101;51,9
21030007008000;43;21;22;43,4
21030007009000;6;5;1;50,7
21040006466000;16;7;9;48,7
21040006468000;19;11;8;44,0
21040006469000;6;2;4;47,2
21040006470000;10;6;4;47,1
21040006471000;11;5;6;35,7
21040006472000;10;5;5;33,2
21040006482000;43;21;22;37,2
21040006483000;254;123;131;24,9
21040006484000;638;329;309;33,6
21040006485000;1185;595;590;40,7
21040006486000;151;76;75;37,0
21040006487000;22;11;11;36,6
21040006489000;1;1;0;0,0
21040006492000;2;1;1;0,0
21040006500000;1;1;0;0,0
21040006504000;12;5;7;33,4
21040006515000;3;2;1;0,0
21040006526000;1;1;0;0,0
21040006573000;19;10;9;40,9
21040006577000;5;3;2;31,0
21040006578000;22;14;8;30,7
21040006583000;11;6;5;37,8
21040006586000;10;6;4;29,8
21040006587000;5;1;4;30,4
21040006590000;3;2;1;0,0
21040006591000;3;2;1;0,0
21040006592000;3;2;1;0,0
21040006593000;12;6;6;37,7
21040006601000;8;4;4;45,1
21040006602000;104;51;53;44,2
21040006604000;7;4;3;68,4
21040006605000;7;3;4;55,4
21040006606000;35;21;14;41,6
21040006607000;32;14;18;36,5
21040006609000;6;4;2;38,2
21040006610000;138;69;69;42,2
21040006611000;13;8;5;49,6
21040006612000;14;8;6;40,9
21040006613000;4;3;1;0,0
21040006619000;5;3;2;31,2
21040006620000;1;0;1;0,0
21040006621000;5;3;2;21,6
21040006623000;12;6;6;34,8
21040006624000;318;137;181;47,8
21040006625000;257;137;120;38,9
21040006629000;6;3;3;39,7
21040006632000;7;5;2;43,0
21040006633000;3;1;2;0,0
21040006634000;1;1;0;0,0
21040006635000;6;2;4;41,7
21040006636000;4;2;2;0,0
21040006637000;4;3;1;0,0
21040006640000;10;4;6;35,3
21040006660000;1;0;1;0,0
21040006791000;7;4;3;54,1
21040006806000;21;13;8;33,0
21040006839000;6;4;2;60,8
21040006934000;102;49;53;34,7
21040006935000;17;9;8;29,1
21040006964000;8;5;3;32,8
21040006965000;64;38;26;42,0
21040006966000;7;3;4;49,9
21040006970000;3;2;1;0,0
21040006980000;43;25;18;48,7
21040006981000;622;300;322;39,5
21040006982000;730;353;377;36,8
21040006986000;21;12;9;40,7
21040006987000;60;27;33;36,2
21040006988000;24;11;13;43,9
21040006989000;34;18;16;44,5
21040006990000;23;12;11;55,3
21040006991000;50;23;27;38,0
21040006992000;28;16;12;41,1
21040006993000;50;26;24;45,3
21040006998000;3;1;2;0,0
21040006999000;6;3;3;45,3
21040007000000;2;1;1;0,0
21040007001000;2;2;0;0,0
21040007002000;7;3;4;57,0
21040007003000;36;21;15;33,8
21040007004000;32;13;19;34,5
21040007005000;24;12;12;53,5
21040007008000;11;7;4;44,1
21050006468000;12;9;3;34,7
21050006469000;77;41;36;34,0
21050006470000;1;1;0;0,0
21050006471000;13;7;6;34,7
21050006472000;52;28;24;38,3
21050006477000;5;3;2;28,6
21050006482000;4;3;1;0,0
21050006483000;1;1;0;0,0
21050006484000;2;2;0;0,0
21050006485000;2;1;1;0,0
21050006487000;30;14;16;30,4
21050006488000;14;8;6;37,1
21050006489000;2;1;1;0,0
21050006492000;5;3;2;23,2
21050006498000;4;3;1;0,0
21050006506000;5;2;3;45,6
21050006578000;13;5;8;51,3
21050006579000;108;51;57;37,3
21050006580000;85;34;51;43,3
21050006581000;167;71;96;42,4
21050006582000;65;36;29;49,6
21050006583000;1;1;0;0,0
21050006584000;3;2;1;0,0
21050006586000;11;4;7;30,7
21050006587000;13;6;7;34,5
21050006588000;6;3;3;47,3
21050006589000;4;1;3;0,0
21050006590000;9;5;4;43,0
21050006592000;16;6;10;38,8
21050006602000;11;5;6;51,3
21050006603000;2;1;1;0,0
21050006604000;2;1;1;0,0
21050006611000;2;1;1;0,0
21050006612000;35;17;18;40,1
21050006620000;2;1;1;0,0
21050006623000;35;21;14;44,9
21050006624000;54;26;28;33,3
21050006625000;56;28;28;35,7
21050006626000;4;1;3;0,0
21050006629000;11;7;4;48,6
21050006630000;2;1;1;0,0
21050006634000;1;1;0;0,0
21050006635000;11;4;7;50,1
21050006640000;12;9;3;21,8
21050006674000;2;1;1;0,0
21050006790000;3;2;1;0,0
21050006791000;5;3;2;39,4
21050006812000;35;18;17;44,7
21050006934000;36;19;17;39,7
21050006964000;8;5;3;39,1
21050006965000;67;36;31;46,5
21050006970000;11;8;3;36,5
21050006972000;2;1;1;0,0
21050006973000;7;3;4;48,7
21050006979000;5;2;3;52,4
21050006981000;420;218;202;34,3
21050006982000;12;7;5;47,3
21050006986000;41;23;18;42,2
21050006987000;46;23;23;41,4
21050006988000;270;135;135;38,7
21050006989000;192;99;93;35,5
21050006990000;40;24;16;39,8
21050006991000;320;164;156;39,2
21050006992000;44;22;22;30,6
21050006993000;18;9;9;39,2
21050006999000;20;12;8;41,3
21050007000000;6;3;3;38,0
21050007001000;3;2;1;0,0
21050007002000;24;14;10;40,6
21050007003000;5;3;2;19,4
21050007008000;29;15;14;42,7
21060006468000;13;7;6;47,8
21060006469000;22;10;12;38,2
21060006470000;3;1;2;0,0
21060006472000;12;7;5;65,3
21060006473000;15;7;8;37,1
21060006474000;4;2;2;0,0
21060006478000;4;2;2;0,0
21060006480000;30;15;15;30,3
21060006481000;1;1;0;0,0
21060006485000;4;2;2;0,0
21060006486000;32;14;18;36,6
21060006487000;25;12;13;37,4
21060006488000;13;8;5;44,4
21060006490000;5;3;2;55,0
21060006491000;36;20;16;45,4
21060006493000;4;2;2;0,0
21060006499000;2;0;2;0,0
21060006506000;4;3;1;0,0
21060006507000;4;3;1;0,0
21060006508000;6;4;2;45,7
21060006515000;2;1;1;0,0
21060006519000;9;5;4;26,4
21060006538000;18;12;6;38,5
21060006572000;5;4;1;17,2
21060006575000;10;6;4;37,7
21060006579000;3;1;2;0,0
21060006580000;5;3;2;52,2
21060006581000;143;73;70;40,8
21060006582000;16;9;7;32,4
21060006583000;9;5;4;42,0
21060006584000;17;8;9;36,5
21060006585000;15;8;7;41,3
21060006586000;39;22;17;36,8
21060006587000;16;11;5;26,4
21060006588000;3;2;1;0,0
21060006590000;3;1;2;0,0
21060006591000;11;6;5;53,9
21060006592000;25;12;13;49,9
21060006602000;13;7;6;48,0
21060006603000;3;2;1;0,0
21060006604000;2;1;1;0,0
21060006628000;12;7;5;37,4
21060006630000;14;6;8;42,9
21060006631000;8;5;3;51,5
21060006635000;1;1;0;0,0
21060006640000;16;11;5;39,5
21060006641000;11;4;7;40,7
21060006790000;4;3;1;0,0
21060006811000;70;35;35;49,3
21060006812000;338;184;154;36,8
21060006813000;26;16;10;37,1
21060006838000;5;3;2;24,0
21060006839000;73;42;31;43,8
21060006840000;54;33;21;40,7
21060006922000;74;37;37;47,8
21060006923000;20;11;9;51,0
21060006934000;16;10;6;36,9
21060006935000;20;11;9;36,9
21060006953000;8;4;4;44,5
21060006954000;6;2;4;48,2
21060006964000;31;17;14;51,5
21060006965000;109;57;52;35,0
21060006970000;14;9;5;49,7
21060006972000;17;8;9;50,7
21060006973000;4;2;2;0,0
21060006978000;84;42;42;33,5
21060006979000;25;15;10;39,6
21060006981000;737;381;356;31,4
21060006982000;259;131;128;26,0
21060006983000;6;1;5;28,3
21060006986000;4;2;2;0,0
21060006990000;18;11;7;25,6
21060006992000;12;5;7;32,4
21060006993000;14;7;7;38,3
21060006999000;3;3;0;0,0
21060007000000;6;4;2;50,5
21060007001000;4;3;1;0,0
21060007008000;52;30;22;42,2
21060007009000;14;9;5;55,1
21070006468000;13;7;6;62,0
21070006469000;21;13;8;48,1
21070006472000;80;41;39;47,9
21070006473000;4;3;1;0,0
21070006478000;38;20;18;25,5
21070006479000;27;15;12;27,3
21070006480000;8;3;5;54,9
21070006483000;8;3;5;38,6
21070006485000;12;5;7;24,5
21070006486000;13;6;7;36,2
21070006488000;6;4;2;28,0
21070006489000;1;0;1;0,0
21070006496000;1;0;1;0,0
21070006499000;17;7;10;38,2
21070006500000;1;1;0;0,0
21070006502000;12;5;7;31,2
21070006504000;2;2;0;0,0
21070006536000;6;3;3;62,8
21070006574000;8;4;4;45,3
21070006575000;2;1;1;0,0
21070006592000;10;5;5;52,1
21070006593000;4;2;2;0,0
21070006594000;4;3;1;0,0
21070006621000;1;0;1;0,0
21070006631000;3;1;2;0,0
21070006632000;3;3;0;0,0
21070006634000;3;2;1;0,0
21070006636000;4;2;2;0,0
21070006637000;13;7;6;41,7
21070006640000;26;10;16;44,9
21070006641000;56;29;27;41,0
21070006839000;11;5;6;73,4
21070006840000;78;42;36;44,1
21070006841000;7;4;3;38,4
21070006842000;5;3;2;36,6
21070006844000;8;3;5;30,5
21070006919000;1;1;0;0,0
21070006920000;2;1;1;0,0
21070006952000;5;2;3;42,2
21070006953000;3;2;1;0,0
21070006954000;23;14;9;49,8
21070006963000;16;10;6;42,4
21070006964000;7;4;3;47,7
21070006969000;12;6;6;41,5
21070006970000;63;33;30;34,6
21070006978000;258;127;131;30,3
21070006979000;25;13;12;35,8
21070006981000;61;32;29;39,3
21070006982000;16;8;8;21,8
21070006990000;14;6;8;45,0
21070006992000;19;8;11;37,5
21070006993000;14;8;6;46,7
21070007007000;22;14;8;48,3
21070007008000;26;15;11;48,7
21070007009000;13;9;4;41,8
21080006469000;3;2;1;0,0
21080006474000;42;17;25;38,3
21080006475000;52;27;25;37,3
21080006476000;2;1;1;0,0
21080006478000;8;4;4;43,4
21080006479000;19;10;9;32,9
21080006485000;1;1;0;0,0
21080006487000;6;4;2;44,3
21080006488000;8;4;4;32,8
21080006489000;4;3;1;0,0
21080006490000;5;1;4;40,8
21080006494000;18;11;7;33,7
21080006495000;17;11;6;36,2
21080006500000;8;5;3;50,8
21080006501000;8;3;5;28,3
21080006510000;2;1;1;0,0
21080006522000;16;9;7;45,6
21080006536000;4;1;3;0,0
21080006537000;11;5;6;54,8
21080006591000;1;1;0;0,0
21080006592000;12;5;7;37,6
21080006593000;2;2;0;0,0
21080006594000;1;0;1;0,0
21080006596000;4;1;3;0,0
21080006601000;4;3;1;0,0
21080006634000;12;6;6;48,3
21080006635000;27;15;12;46,8
21080006636000;33;16;17;39,8
21080006637000;17;7;10;43,9
21080006638000;47;25;22;36,9
21080006639000;55;31;24;40,4
21080006640000;12;6;6;68,4
21080006659000;7;4;3;51,1
21080006671000;2;1;1;0,0
21080006729000;8;4;4;34,4
21080006791000;1;1;0;0,0
21080006810000;41;23;18;45,3
21080006811000;361;193;168;41,7
21080006845000;6;3;3;53,5
21080006934000;3;2;1;0,0
21080006935000;25;9;16;28,5
21080006945000;1;1;0;0,0
21080006954000;12;5;7;32,6
21080006955000;16;5;11;46,3
21080006961000;6;2;4;28,5
21080006962000;12;8;4;45,8
21080006970000;6;3;3;52,7
21080006971000;6;4;2;38,8
21080006978000;73;38;35;32,5
21080006979000;32;20;12;39,8
21080006981000;137;64;73;34,8
21080006982000;72;42;30;27,2
21080006990000;13;7;6;35,2
21080007000000;5;3;2;21,8
21080007003000;2;1;1;0,0
21080007007000;15;7;8;27,4
21080007008000;7;4;3;30,6
21090006469000;63;26;37;41,9
21090006470000;48;29;19;45,4
21090006471000;5;3;2;35,6
21090006472000;38;18;20;28,4
21090006473000;25;11;14;37,2
21090006474000;198;97;101;30,2
21090006475000;33;14;19;33,5
21090006477000;6;2;4;38,5
21090006478000;1;1;0;0,0
21090006481000;3;2;1;0,0
21090006483000;2;1;1;0,0
21090006485000;1;1;0;0,0
21090006486000;9;5;4;32,6
21090006490000;5;3;2;23,8
21090006495000;10;7;3;42,6
21090006496000;4;2;2;0,0
21090006499000;7;4;3;23,9
21090006503000;5;2;3;16,0
21090006518000;3;1;2;0,0
21090006522000;4;3;1;0,0
21090006536000;9;4;5;61,8
21090006537000;2;2;0;0,0
21090006553000;13;7;6;35,5
21090006554000;3;2;1;0,0
21090006594000;9;5;4;25,6
21090006595000;33;16;17;54,5
21090006596000;1;0;1;0,0
21090006601000;3;1;2;0,0
21090006613000;3;2;1;0,0
21090006634000;3;1;2;0,0
21090006636000;11;6;5;42,6
21090006637000;254;119;135;36,7
21090006638000;182;84;98;42,4
21090006639000;5;3;2;22,0
21090006668000;2;1;1;0,0
21090006789000;3;1;2;0,0
21090006810000;43;22;21;50,1
21090006811000;878;466;412;44,4
21090006919000;3;2;1;0,0
21090006934000;8;3;5;38,4
21090006955000;58;27;31;36,0
21090006970000;12;5;7;45,7
21090006974000;5;3;2;68,8
21090006975000;2;1;1;0,0
21090006978000;6;4;2;36,3
21090006981000;52;30;22;37,5
21090006982000;8;3;5;51,6
21090006985000;3;2;1;0,0
21090006986000;11;7;4;39,6
21090006999000;3;1;2;0,0
21090007000000;21;10;11;37,4
21090007002000;5;3;2;21,2
21090007008000;10;5;5;38,7
21090007009000;123;61;62;39,2
21100006470000;21;13;8;52,6
21100006471000;74;36;38;38,6
21100006472000;98;51;47;36,2
21100006473000;14;7;7;51,5
21100006474000;1054;522;532;36,8
21100006475000;907;475;432;34,8
21100006476000;104;60;44;40,4
21100006477000;35;22;13;38,0
21100006483000;10;6;4;40,6
21100006487000;1;1;0;0,0
21100006498000;2;0;2;0,0
21100006503000;1;0;1;0,0
21100006518000;45;25;20;41,2
21100006524000;2;1;1;0,0
21100006533000;12;5;7;42,0
21100006546000;2;1;1;0,0
21100006595000;25;14;11;46,9
21100006596000;30;16;14;50,9
21100006599000;4;3;1;0,0
21100006602000;6;2;4;27,2
21100006606000;11;6;5;36,6
21100006609000;2;1;1;0,0
21100006613000;9;5;4;31,9
21100006614000;12;6;6;44,3
21100006634000;3;1;2;0,0
21100006637000;58;22;36;41,2
21100006638000;28;15;13;53,0
21100006653000;6;1;5;22,2
21100006789000;12;7;5;49,8
21100006811000;97;49;48;44,8
21100006839000;22;13;9;46,7
21100006933000;11;5;6;37,5
21100006934000;7;4;3;59,4
21100006955000;214;111;103;38,3
21100006956000;24;14;10;28,6
21100006959000;1;1;0;0,0
21100006970000;11;6;5;49,1
21100006974000;33;17;16;46,9
21100006975000;13;6;7;44,5
21100006979000;3;1;2;0,0
21100006981000;74;42;32;40,2
21100006982000;57;29;28;47,9
21100006999000;1;0;1;0,0
21100007000000;17;12;5;33,4
21100007001000;41;20;21;31,0
21100007004000;4;1;3;0,0
21100007005000;58;31;27;32,4
21100007006000;20;13;7;38,4
21100007007000;43;22;21;35,4
21100007008000;55;30;25;50,1
21100007009000;108;56;52;33,8
21110006470000;1;1;0;0,0
21110006471000;7;3;4;67,4
21110006472000;13;7;6;41,8
21110006473000;1;1;0;0,0
21110006474000;598;294;304;41,8
21110006475000;1860;925;935;44,3
21110006476000;948;458;490;41,5
21110006477000;32;18;14;39,8
21110006486000;20;11;9;39,9
21110006487000;14;10;4;41,5
21110006489000;2;2;0;0,0
21110006498000;28;12;16;28,9
21110006499000;15;9;6;37,7
21110006500000;2;1;1;0,0
21110006507000;1;0;1;0,0
21110006518000;2;1;1;0,0
21110006519000;8;5;3;43,1
21110006520000;9;5;4;24,2
21110006546000;8;4;4;51,1
21110006547000;4;2;2;0,0
21110006548000;5;3;2;45,6
21110006599000;14;6;8;49,6
21110006600000;19;11;8;41,6
21110006602000;29;17;12;41,4
21110006603000;5;2;3;69,6
21110006604000;12;7;5;38,0
21110006609000;2;1;1;0,0
21110006610000;3;2;1;0,0
21110006613000;3;1;2;0,0
21110006614000;6;4;2;48,2
21110006637000;35;18;17;45,0
21110006638000;3;2;1;0,0
21110006663000;7;3;4;47,9
21110006789000;7;4;3;45,0
21110006839000;19;9;10;56,7
21110006840000;39;22;17;38,3
21110006841000;4;2;2;0,0
21110006955000;107;56;51;45,8
21110006956000;179;90;89;48,1
21110006957000;4;1;3;0,0
21110006974000;11;5;6;54,9
21110006978000;17;9;8;53,0
21110006979000;19;10;9;44,8
21110006981000;10;5;5;36,4
21110006982000;35;21;14;38,1
21110006995000;7;2;5;33,0
21110006996000;6;4;2;22,2
21110006999000;10;3;7;22,9
21110007000000;2;1;1;0,0
21110007001000;28;19;9;35,1
21110007002000;26;16;10;32,6
21110007005000;27;15;12;43,9
21110007006000;10;3;7;39,5
21110007007000;24;14;10;42,0
21110007008000;16;9;7;47,8
21110007009000;8;3;5;44,5
21120006475000;273;135;138;42,0
21120006476000;711;359;352;37,7
21120006477000;105;48;57;34,9
21120006486000;2;1;1;0,0
21120006489000;2;1;1;0,0
21120006496000;3;2;1;0,0
21120006498000;3;2;1;0,0
21120006500000;2;2;0;0,0
21120006502000;7;5;2;43,4
21120006504000;6;3;3;27,8
21120006505000;58;34;24;35,2
21120006506000;18;8;10;40,4
21120006513000;11;8;3;44,5
21120006519000;2;1;1;0,0
21120006520000;2;2;0;0,0
21120006527000;5;3;2;32,8
21120006547000;3;2;1;0,0
21120006548000;1;1;0;0,0
21120006559000;4;3;1;0,0
21120006568000;5;2;3;32,2
21120006600000;24;16;8;58,7
21120006603000;5;4;1;58,0
21120006609000;11;7;4;33,1
21120006610000;27;12;15;39,4
21120006612000;3;2;1;0,0
21120006625000;14;7;7;37,4
21120006635000;2;1;1;0,0
21120006636000;7;5;2;51,6
21120006637000;51;28;23;42,3
21120006638000;6;3;3;36,3
21120006788000;14;7;7;50,6
21120006789000;14;9;5;56,7
21120006790000;28;16;12;36,7
21120006791000;6;3;3;34,5
21120006840000;7;5;2;55,0
21120006842000;2;1;1;0,0
21120006843000;1;1;0;0,0
21120006933000;4;2;2;0,0
21120006956000;14;8;6;57,9
21120006974000;340;153;187;40,8
21120006977000;134;72;62;31,2
21120006978000;16;8;8;61,3
21120006979000;17;10;7;52,6
21120006982000;38;19;19;36,6
21120006995000;1;1;0;0,0
21120006996000;17;10;7;43,2
21120006997000;18;8;10;36,3
21120006999000;39;20;19;41,9
21120007000000;5;3;2;52,2
21120007001000;4;2;2;0,0
21120007002000;18;9;9;39,4
21120007003000;44;24;20;35,7
21120007004000;38;21;17;35,6
21120007005000;19;12;7;44,7
21130006474000;1;1;0;0,0
21130006475000;9;4;5;51,7
21130006476000;228;119;109;32,3
21130006477000;265;140;125;35,7
21130006478000;56;24;32;29,8
21130006481000;19;8;11;29,2
21130006486000;6;3;3;27,5
21130006493000;8;3;5;49,6
21130006494000;3;2;1;0,0
21130006499000;4;3;1;0,0
21130006505000;33;19;14;32,7
21130006506000;105;49;56;43,3
21130006507000;24;11;13;33,6
21130006513000;9;4;5;37,0
21130006518000;2;1;1;0,0
21130006519000;7;3;4;50,4
21130006522000;4;2;2;0,0
21130006526000;11;4;7;45,6
21130006543000;1;1;0;0,0
21130006545000;1;0;1;0,0
21130006560000;7;5;2;56,0
21130006567000;1;1;0;0,0
21130006568000;2;1;1;0,0
21130006599000;5;3;2;56,6
21130006604000;1;0;1;0,0
21130006606000;1;1;0;0,0
21130006607000;70;32;38;44,0
21130006608000;41;20;21;46,4
21130006609000;27;14;13;38,9
21130006613000;1;1;0;0,0
21130006614000;18;9;9;39,1
21130006615000;5;3;2;49,2
21130006616000;3;2;1;0,0
21130006617000;11;6;5;45,3
21130006618000;2;1;1;0,0
21130006620000;6;4;2;61,0
21130006621000;15;10;5;25,5
21130006625000;4;2;2;0,0
21130006635000;6;2;4;35,7
21130006636000;1;0;1;0,0
21130006650000;4;2;2;0,0
21130006656000;2;0;2;0,0
21130006657000;1;1;0;0,0
21130006664000;3;1;2;0,0
21130006791000;4;3;1;0,0
21130006792000;3;0;3;0,0
21130006818000;26;13;13;43,0
21130006820000;10;7;3;45,3
21130006821000;11;5;6;43,5
21130006843000;7;5;2;17,6
21130006844000;11;5;6;36,8
21130006946000;16;7;9;39,3
21130006947000;2;1;1;0,0
21130006955000;3;2;1;0,0
21130006956000;12;8;4;51,5
21130006962000;5;2;3;55,2
21130006965000;2;1;1;0,0
21130006966000;3;2;1;0,0
21130006973000;23;12;11;34,2
21130006974000;241;124;117;37,5
21130006976000;116;67;49;38,6
21130006977000;307;147;160;33,9
21130006978000;150;76;74;37,5
21130006982000;34;17;17;40,5
21130006995000;13;7;6;41,2
21130006996000;79;45;34;37,5
21130006997000;6;4;2;44,3
21130006999000;13;7;6;34,6
21130007003000;15;8;7;39,7
21130007004000;153;79;74;38,8
21130007005000;4;3;1;0,0
21130007006000;3;2;1;0,0
21130007007000;4;3;1;0,0
21140006475000;15;8;7;44,3
21140006476000;35;20;15;31,9
21140006477000;60;27;33;34,4
21140006478000;326;161;165;26,4
21140006479000;16;8;8;35,2
21140006480000;14;8;6;39,9
21140006489000;4;3;1;0,0
21140006492000;3;2;1;0,0
21140006495000;4;1;3;0,0
21140006526000;4;2;2;0,0
21140006527000;57;28;29;36,2
21140006544000;18;9;9;41,6
21140006545000;11;6;5;46,5
21140006559000;5;2;3;42,0
21140006560000;21;13;8;49,3
21140006561000;3;1;2;0,0
21140006566000;6;3;3;53,0
21140006598000;5;3;2;45,2
21140006599000;2;2;0;0,0
21140006608000;11;6;5;32,9
21140006609000;3;2;1;0,0
21140006613000;1;1;0;0,0
21140006615000;110;57;53;43,1
21140006616000;8;3;5;61,6
21140006620000;3;2;1;0,0
21140006621000;6;4;2;21,3
21140006622000;8;4;4;26,9
21140006623000;25;15;10;32,7
21140006624000;13;6;7;29,7
21140006625000;11;7;4;61,5
21140006640000;1;1;0;0,0
21140006642000;2;1;1;0,0
21140006651000;2;1;1;0,0
21140006653000;1;1;0;0,0
21140006792000;33;17;16;44,1
21140006811000;2;1;1;0,0
21140006817000;16;8;8;48,8
21140006818000;1661;801;860;45,5
21140006819000;2;1;1;0,0
21140006844000;10;5;5;54,6
21140006897000;4;2;2;0,0
21140006934000;6;5;1;34,5
21140006955000;7;3;4;38,9
21140006956000;25;16;9;39,2
21140006961000;3;2;1;0,0
21140006962000;34;16;18;35,5
21140006965000;5;3;2;71,2
21140006966000;18;10;8;39,1
21140006967000;12;8;4;55,8
21140006973000;70;36;34;41,5
21140006974000;30;14;16;33,6
21140006977000;2;2;0;0,0
21140006980000;15;7;8;39,9
21140006982000;27;13;14;35,0
21140006995000;32;17;15;36,9
21140006996000;191;100;91;36,7
21140006998000;7;3;4;46,7
21140006999000;4;3;1;0,0
21140007003000;42;22;20;50,6
21140007004000;4;3;1;0,0
21140007005000;10;6;4;33,7
21140007006000;1;1;0;0,0
21140007007000;7;5;2;58,6
21140007008000;7;3;4;30,4
21150006476000;10;4;6;32,6
21150006477000;12;7;5;36,0
21150006478000;6;4;2;36,2
21150006479000;14;7;7;35,4
21150006480000;15;9;6;34,1
21150006485000;5;2;3;29,2
21150006491000;8;3;5;31,4
21150006493000;1;1;0;0,0
21150006495000;3;1;2;0,0
21150006496000;2;1;1;0,0
21150006497000;4;2;2;0,0
21150006511000;20;11;9;44,0
21150006517000;20;9;11;45,7
21150006523000;2;1;1;0,0
21150006525000;12;5;7;39,1
21150006526000;6;4;2;48,8
21150006527000;28;12;16;36,5
21150006528000;14;8;6;31,6
21150006542000;2;1;1;0,0
21150006543000;17;8;9;42,4
21150006544000;4;2;2;0,0
21150006558000;2;1;1;0,0
21150006559000;7;4;3;36,6
21150006598000;4;2;2;0,0
21150006599000;4;2;2;0,0
21150006606000;5;2;3;51,0
21150006607000;3;1;2;0,0
21150006615000;53;25;28;49,4
21150006616000;5;4;1;16,2
21150006617000;2;1;1;0,0
21150006618000;3;2;1;0,0
21150006621000;4;2;2;0,0
21150006622000;20;11;9;31,1
21150006623000;34;14;20;37,7
21150006624000;22;12;10;44,5
21150006625000;4;2;2;0,0
21150006629000;7;3;4;42,6
21150006635000;2;1;1;0,0
21150006636000;9;5;4;40,3
21150006639000;3;1;2;0,0
21150006644000;3;2;1;0,0
21150006647000;1;0;1;0,0
21150006648000;5;3;2;42,4
21150006650000;3;1;2;0,0
21150006657000;1;0;1;0,0
21150006792000;8;2;6;27,3
21150006793000;18;12;6;46,0
21150006794000;8;6;2;35,4
21150006818000;895;474;421;42,3
21150006819000;35;21;14;41,3
21150006846000;8;4;4;39,1
21150006897000;2;1;1;0,0
21150006933000;5;3;2;48,4
21150006936000;2;1;1;0,0
21150006949000;2;1;1;0,0
21150006955000;14;8;6;35,9
21150006956000;20;10;10;50,1
21150006961000;51;24;27;32,0
21150006962000;35;20;15;46,8
21150006963000;5;3;2;42,4
21150006965000;7;3;4;33,6
21150006966000;42;23;19;49,1
21150006967000;44;21;23;39,8
21150006973000;27;14;13;37,6
21150006974000;17;12;5;33,7
21150006982000;59;30;29;40,7
21150006983000;5;2;3;23,8
21150006990000;1;1;0;0,0
21150006994000;2;0;2;0,0
21150006995000;2;1;1;0,0
21150006996000;16;9;7;43,7
21150006997000;26;14;12;44,0
21150006998000;32;16;16;42,3
21150006999000;32;12;20;34,1
21150007002000;21;10;11;33,9
21150007003000;86;46;40;39,9
21150007005000;13;5;8;30,1
21150007007000;14;8;6;46,2
21150007008000;65;34;31;38,2
21150007010000;5;2;3;25,2
21160006476000;8;4;4;69,9
21160006477000;4;2;2;0,0
21160006478000;43;26;17;37,4
21160006479000;5;3;2;18,8
21160006483000;14;7;7;36,2
21160006484000;46;25;21;37,7
21160006485000;41;22;19;38,3
21160006487000;1;0;1;0,0
21160006492000;8;5;3;25,0
21160006494000;8;3;5;42,0
21160006497000;11;7;4;40,9
21160006498000;9;6;3;23,2
21160006502000;2;1;1;0,0
21160006505000;2;1;1;0,0
21160006515000;2;1;1;0,0
21160006516000;19;11;8;41,1
21160006521000;13;5;8;42,2
21160006522000;3;3;0;0,0
21160006523000;12;4;8;24,8
21160006525000;3;2;1;0,0
21160006526000;2;2;0;0,0
21160006527000;4;1;3;0,0
21160006528000;1;1;0;0,0
21160006541000;18;8;10;42,2
21160006542000;19;10;9;34,9
21160006543000;5;3;2;35,6
21160006598000;2;1;1;0,0
21160006599000;1;0;1;0,0
21160006605000;1;0;1;0,0
21160006614000;9;6;3;37,6
21160006620000;2;2;0;0,0
21160006623000;23;11;12;30,6
21160006624000;6;3;3;63,7
21160006628000;12;6;6;44,3
21160006629000;22;13;9;34,8
21160006631000;2;2;0;0,0
21160006632000;8;6;2;25,0
21160006633000;5;3;2;36,8
21160006635000;3;2;1;0,0
21160006642000;2;1;1;0,0
21160006647000;5;2;3;26,2
21160006792000;7;4;3;52,0
21160006793000;16;9;7;53,1
21160006794000;28;13;15;46,2
21160006818000;114;72;42;46,9
21160006819000;319;160;159;43,8
21160006897000;3;2;1;0,0
21160006949000;22;14;8;36,7
21160006950000;6;2;4;47,0
21160006951000;19;12;7;34,8
21160006952000;12;7;5;42,2
21160006953000;2;1;1;0,0
21160006961000;12;4;8;31,9
21160006962000;8;5;3;65,8
21160006966000;7;3;4;57,0
21160006967000;9;4;5;41,4
21160006968000;27;15;12;50,0
21160006969000;32;15;17;35,1
21160006970000;155;73;82;38,5
21160006973000;21;11;10;30,7
21160006982000;12;8;4;32,3
21160006983000;36;22;14;49,3
21160006994000;31;17;14;32,1
21160006995000;12;7;5;44,9
21160006996000;13;9;4;43,2
21160006997000;23;13;10;29,7
21160006998000;552;281;271;46,7
21160006999000;484;230;254;36,7
21160007000000;16;7;9;41,3
21160007001000;75;42;33;40,1
21160007002000;38;20;18;33,6
21160007004000;10;6;4;44,4
21160007005000;30;17;13;47,9
21160007008000;191;102;89;37,2
21160007009000;14;8;6;42,3
21160007011000;7;3;4;50,9
21160007012000;13;7;6;36,1
21160007013000;76;39;37;44,8
21170006476000;37;17;20;41,9
21170006477000;47;22;25;39,6
21170006478000;29;11;18;40,1
21170006482000;1;0;1;0,0
21170006483000;12;7;5;36,3
21170006484000;34;19;15;41,8
21170006485000;94;46;48;37,2
21170006486000;11;4;7;33,9
21170006490000;13;7;6;27,5
21170006491000;1;1;0;0,0
21170006492000;1;1;0;0,0
21170006501000;4;2;2;0,0
21170006503000;7;4;3;55,3
21170006504000;2;2;0;0,0
21170006505000;13;7;6;37,9
21170006507000;15;6;9;42,5
21170006513000;3;2;1;0,0
21170006514000;36;21;15;40,2
21170006515000;2;2;0;0,0
21170006519000;9;5;4;42,1
21170006520000;4;3;1;0,0
21170006523000;9;5;4;36,8
21170006528000;1;1;0;0,0
21170006541000;7;4;3;44,1
21170006551000;1;1;0;0,0
21170006597000;4;1;3;0,0
21170006614000;8;3;5;47,0
21170006624000;6;3;3;38,0
21170006627000;3;1;2;0,0
21170006628000;2;1;1;0,0
21170006629000;1;1;0;0,0
21170006630000;21;11;10;32,3
21170006633000;5;2;3;62,4
21170006634000;3;2;1;0,0
21170006643000;8;2;6;35,0
21170006646000;2;1;1;0,0
21170006656000;2;1;1;0,0
21170006657000;2;1;1;0,0
21170006727000;1;0;1;0,0
21170006745000;1;0;1;0,0
21170006746000;4;2;2;0,0
21170006791000;18;11;7;45,3
21170006792000;11;6;5;45,3
21170006819000;118;67;51;38,9
21170006820000;2;2;0;0,0
21170006950000;10;7;3;44,0
21170006951000;215;112;103;41,8
21170006952000;72;42;30;34,5
21170006953000;3;1;2;0,0
21170006958000;7;5;2;57,9
21170006959000;2;1;1;0,0
21170006960000;9;4;5;44,0
21170006961000;25;14;11;52,2
21170006962000;8;5;3;37,5
21170006964000;8;4;4;38,4
21170006965000;13;8;5;48,2
21170006966000;28;15;13;47,7
21170006970000;5;2;3;80,2
21170006979000;6;2;4;43,7
21170006980000;8;5;3;43,6
21170006981000;3;2;1;0,0
21170006983000;125;60;65;44,2
21170006995000;10;5;5;29,9
21170006996000;11;6;5;50,0
21170006998000;64;31;33;55,3
21170006999000;225;107;118;35,9
21170007000000;26;12;14;36,7
21170007004000;39;19;20;39,9
21170007005000;13;8;5;56,2
21170007008000;13;7;6;37,6
21170007009000;197;101;96;40,5
21170007011000;46;24;22;44,7
21170007013000;23;12;11;42,7
21180006476000;7;4;3;39,6
21180006477000;13;7;6;61,5
21180006478000;12;9;3;39,3
21180006479000;10;5;5;31,4
21180006481000;9;3;6;47,2
21180006482000;28;11;17;39,3
21180006483000;18;9;9;35,8
21180006484000;11;7;4;47,5
21180006485000;37;18;19;38,0
21180006486000;5;2;3;23,4
21180006490000;4;2;2;0,0
21180006492000;4;1;3;0,0
21180006499000;4;3;1;0,0
21180006500000;1;1;0;0,0
21180006502000;2;1;1;0,0
21180006504000;9;6;3;39,1
21180006505000;15;8;7;37,1
21180006506000;5;3;2;21,0
21180006514000;2;1;1;0,0
21180006519000;1;1;0;0,0
21180006520000;2;1;1;0,0
21180006523000;6;3;3;53,3
21180006525000;2;1;1;0,0
21180006527000;7;3;4;34,6
21180006537000;1;1;0;0,0
21180006539000;4;3;1;0,0
21180006551000;4;2;2;0,0
21180006596000;1;1;0;0,0
21180006597000;2;1;1;0,0
21180006598000;7;4;3;17,1
21180006599000;2;1;1;0,0
21180006614000;18;9;9;43,6
21180006615000;11;7;4;39,7
21180006626000;6;2;4;60,2
21180006627000;18;6;12;24,6
21180006643000;17;7;10;41,2
21180006646000;4;1;3;0,0
21180006653000;6;3;3;41,7
21180006726000;2;2;0;0,0
21180006727000;17;8;9;53,5
21180006744000;18;9;9;24,1
21180006745000;6;4;2;42,0
21180006791000;5;4;1;33,0
21180006820000;160;83;77;30,6
21180006952000;25;13;12;36,7
21180006958000;37;18;19;43,8
21180006959000;1;1;0;0,0
21180006960000;26;12;14;36,4
21180006961000;5;2;3;18,8
21180006963000;3;2;1;0,0
21180006964000;10;5;5;59,8
21180006965000;4;3;1;0,0
21180006970000;6;2;4;45,7
21180006971000;12;6;6;28,0
21180006973000;3;2;1;0,0
21180006980000;77;35;42;42,3
21180006981000;51;31;20;28,9
21180006983000;177;100;77;42,4
21180006984000;105;64;41;43,7
21180006995000;10;6;4;51,2
21180006996000;27;15;12;36,0
21180006997000;2;1;1;0,0
21180007003000;27;13;14;51,6
21180007004000;2;1;1;0,0
21180007007000;15;10;5;46,3
21180007008000;42;24;18;42,0
21180007009000;203;107;96;39,9
21180007010000;12;8;4;30,6
21180007011000;9;2;7;33,9
21180007012000;4;1;3;0,0
21180007014000;41;19;22;40,5
21190006476000;210;104;106;40,2
21190006477000;393;204;189;35,8
21190006478000;81;47;34;33,7
21190006479000;26;14;12;39,2
21190006480000;12;7;5;37,7
21190006481000;2;1;1;0,0
21190006482000;4;1;3;0,0
21190006483000;12;7;5;45,7
21190006484000;10;7;3;49,8
21190006490000;7;4;3;27,3
21190006498000;7;5;2;33,3
21190006501000;4;2;2;0,0
21190006503000;2;1;1;0,0
21190006505000;6;4;2;48,7
21190006506000;17;8;9;54,3
21190006507000;1;1;0;0,0
21190006519000;2;1;1;0,0
21190006538000;5;2;3;52,0
21190006540000;7;6;1;36,6
21190006596000;1;1;0;0,0
21190006598000;6;4;2;23,7
21190006614000;5;2;3;39,4
21190006615000;1;0;1;0,0
21190006616000;2;2;0;0,0
21190006626000;10;5;5;49,2
21190006629000;2;1;1;0,0
21190006645000;14;6;8;41,7
21190006652000;4;3;1;0,0
21190006726000;3;1;2;0,0
21190006744000;39;18;21;42,4
21190006791000;3;1;2;0,0
21190006821000;2;1;1;0,0
21190006958000;15;5;10;37,1
21190006959000;52;30;22;35,3
21190006960000;1;1;0;0,0
21190006971000;9;5;4;37,0
21190006974000;3;1;2;0,0
21190006980000;3;1;2;0,0
21190006981000;19;9;10;45,1
21190006982000;14;8;6;49,1
21190006983000;551;291;260;39,4
21190006984000;26;13;13;43,1
21190007001000;9;5;4;25,4
21190007002000;10;5;5;50,9
21190007003000;35;23;12;43,3
21190007007000;29;15;14;47,1
21190007008000;33;16;17;46,3
21190007009000;52;27;25;36,9
21190007014000;18;12;6;41,6
21200006476000;7;2;5;37,3
21200006477000;61;31;30;36,2
21200006478000;8;2;6;58,3
21200006479000;3;2;1;0,0
21200006480000;12;6;6;26,6
21200006481000;6;3;3;48,0
21200006482000;53;27;26;41,8
21200006483000;4;2;2;0,0
21200006484000;27;12;15;34,6
21200006485000;9;3;6;42,0
21200006486000;14;8;6;38,1
21200006487000;6;4;2;32,8
21200006490000;25;15;10;37,8
21200006491000;13;6;7;41,3
21200006496000;2;1;1;0,0
21200006497000;10;4;6;38,0
21200006498000;9;5;4;40,4
21200006506000;6;4;2;51,2
21200006507000;7;4;3;63,9
21200006508000;5;3;2;41,2
21200006510000;13;9;4;32,5
21200006511000;3;2;1;0,0
21200006512000;2;1;1;0,0
21200006513000;9;5;4;36,3
21200006514000;4;2;2;0,0
21200006528000;6;3;3;46,5
21200006529000;15;8;7;39,6
21200006536000;4;3;1;0,0
21200006609000;3;2;1;0,0
21200006610000;11;7;4;34,4
21200006613000;1;1;0;0,0
21200006625000;3;0;3;0,0
21200006642000;7;5;2;43,4
21200006645000;2;1;1;0,0
21200006742000;3;2;1;0,0
21200006744000;5;3;2;39,6
21200006791000;3;1;2;0,0
21200006959000;9;3;6;26,3
21200006969000;2;1;1;0,0
21200006971000;20;13;7;35,9
21200006974000;7;3;4;33,9
21200006982000;8;6;2;45,0
21200006983000;128;68;60;27,9
21200006985000;50;25;25;38,2
21200006997000;41;21;20;34,0
21200007000000;7;3;4;49,0
21200007001000;25;15;10;33,0
21200007002000;13;7;6;23,9
21200007003000;61;30;31;42,9
21200007012000;5;3;2;37,2
21200007013000;20;10;10;44,7
21200007014000;24;11;13;45,1
21200007015000;11;6;5;36,9
21210006479000;5;1;4;31,6
21210006480000;131;74;57;32,7
21210006481000;319;168;151;28,9
21210006482000;28;15;13;36,1
21210006483000;12;6;6;30,3
21210006484000;854;424;430;25,5
21210006485000;272;143;129;38,9
21210006486000;113;62;51;32,6
21210006487000;7;4;3;44,3
21210006488000;3;2;1;0,0
21210006489000;7;3;4;35,6
21210006490000;1;0;1;0,0
21210006491000;77;41;36;32,6
21210006495000;8;5;3;54,5
21210006506000;38;23;15;23,1
21210006507000;23;12;11;46,9
21210006508000;11;5;6;41,1
21210006509000;5;2;3;35,6
21210006510000;21;14;7;37,1
21210006511000;1;0;1;0,0
21210006515000;1;1;0;0,0
21210006527000;4;3;1;0,0
21210006529000;8;5;3;32,1
21210006530000;6;3;3;58,2
21210006531000;4;2;2;0,0
21210006553000;4;1;3;0,0
21210006575000;5;2;3;32,2
21210006594000;16;9;7;38,5
21210006595000;1;1;0;0,0
21210006609000;11;5;6;47,5
21210006611000;1;1;0;0,0
21210006612000;3;2;1;0,0
21210006613000;11;7;4;40,9
21210006615000;2;2;0;0,0
21210006626000;2;2;0;0,0
21210006627000;4;3;1;0,0
21210006631000;3;2;1;0,0
21210006636000;1;1;0;0,0
21210006642000;3;2;1;0,0
21210006644000;2;1;1;0,0
21210006728000;2;1;1;0,0
21210006740000;2;1;1;0,0
21210006791000;1;0;1;0,0
21210006959000;2;1;1;0,0
21210006971000;3;2;1;0,0
21210006974000;5;3;2;43,6
21210006982000;10;6;4;44,1
21210006983000;24;8;16;39,3
21210006985000;29;16;13;50,3
21210006997000;68;37;31;39,7
21210006998000;1;0;1;0,0
21210007001000;31;14;17;36,4
21210007002000;13;8;5;52,4
21210007003000;2;1;1;0,0
21210007008000;5;3;2;12,4
21210007009000;17;9;8;46,5
21210007010000;7;3;4;36,6
21210007012000;1;0;1;0,0
21210007013000;108;55;53;42,6
21210007014000;187;93;94;45,3
21210007015000;115;60;55;40,3
21220006481000;48;24;24;29,5
21220006482000;151;75;76;39,2
21220006483000;46;25;21;42,1
21220006484000;680;354;326;35,7
21220006485000;766;382;384;36,0
21220006486000;82;40;42;33,9
21220006488000;4;2;2;0,0
21220006489000;1;1;0;0,0
21220006490000;12;9;3;51,3
21220006494000;3;1;2;0,0
21220006498000;1;0;1;0,0
21220006528000;3;1;2;0,0
21220006531000;39;24;15;37,9
21220006532000;10;4;6;45,2
21220006575000;2;1;1;0,0
21220006576000;8;3;5;34,9
21220006577000;3;2;1;0,0
21220006594000;3;3;0;0,0
21220006609000;8;6;2;27,0
21220006611000;1;1;0;0,0
21220006625000;1;1;0;0,0
21220006712000;2;1;1;0,0
21220006729000;14;8;6;41,4
21220006787000;3;1;2;0,0
21220006792000;3;2;1;0,0
21220006896000;1;1;0;0,0
21220006959000;9;6;3;40,2
21220006971000;8;4;4;32,1
21220006972000;7;5;2;54,6
21220006975000;2;1;1;0,0
21220006982000;22;12;10;39,7
21220006983000;9;5;4;43,9
21220006985000;19;10;9;45,3
21220006990000;10;6;4;39,6
21220006991000;23;11;12;35,5
21220006997000;12;6;6;35,5
21220006998000;4;1;3;0,0
21220007001000;31;16;15;43,9
21220007002000;24;11;13;36,6
21220007008000;31;13;18;44,4
21220007009000;24;12;12;47,0
21220007010000;2;2;0;0,0
21220007011000;1;1;0;0,0
21220007012000;14;8;6;42,7
21220007013000;14;8;6;45,4
21220007014000;19;16;3;37,3
21220007015000;67;35;32;46,4
21220007016000;10;6;4;31,5
21230006481000;134;71;63;39,1
21230006482000;1447;730;717;36,9
21230006483000;544;278;266;35,7
21230006484000;210;110;100;40,5
21230006485000;650;330;320;36,6
21230006486000;213;111;102;33,3
21230006495000;9;1;8;30,4
21230006502000;5;2;3;24,4
21230006504000;8;5;3;49,5
21230006507000;16;10;6;34,9
21230006508000;3;2;1;0,0
21230006510000;4;3;1;0,0
21230006511000;11;5;6;38,1
21230006517000;1;1;0;0,0
21230006528000;15;7;8;28,9
21230006529000;4;3;1;0,0
21230006531000;280;137;143;39,4
21230006532000;257;123;134;43,0
21230006533000;25;13;12;32,3
21230006535000;3;2;1;0,0
21230006537000;3;2;1;0,0
21230006575000;4;2;2;0,0
21230006576000;9;4;5;30,8
21230006577000;2;1;1;0,0
21230006580000;3;1;2;0,0
21230006593000;8;2;6;38,8
21230006595000;6;3;3;45,8
21230006607000;3;2;1;0,0
21230006608000;7;3;4;38,1
21230006609000;7;5;2;55,3
21230006612000;4;2;2;0,0
21230006729000;14;8;6;47,9
21230006740000;18;8;10;46,6
21230006741000;2;1;1;0,0
21230006792000;3;2;1;0,0
21230006953000;8;5;3;68,4
21230006956000;34;11;23;46,3
21230006957000;267;138;129;41,3
21230006958000;20;10;10;50,8
21230006959000;11;7;4;40,5
21230006972000;6;2;4;26,3
21230006973000;2;1;1;0,0
21230006975000;9;5;4;31,6
21230006982000;52;29;23;44,1
21230006983000;18;11;7;26,9
21230006984000;12;6;6;42,0
21230006988000;1;1;0;0,0
21230006990000;4;2;2;0,0
21230006991000;23;13;10;42,8
21230006992000;3;1;2;0,0
21230006998000;25;10;15;36,0
21230006999000;1;1;0;0,0
21230007001000;3;2;1;0,0
21230007002000;61;29;32;37,1
21230007008000;37;20;17;40,7
21230007009000;3;2;1;0,0
21230007010000;11;7;4;47,7
21230007011000;47;27;20;34,8
21230007012000;15;7;8;37,9
21240006482000;144;76;68;46,9
21240006483000;1074;556;518;41,3
21240006484000;1545;757;788;40,7
21240006485000;660;319;341;40,5
21240006486000;80;48;32;36,8
21240006495000;12;7;5;40,3
21240006503000;7;4;3;66,4
21240006504000;5;3;2;31,2
21240006507000;3;1;2;0,0
21240006508000;24;13;11;43,6
21240006509000;16;8;8;28,9
21240006510000;17;8;9;42,7
21240006511000;2;1;1;0,0
21240006512000;2;1;1;0,0
21240006516000;32;20;12;33,1
21240006517000;4;3;1;0,0
21240006530000;11;6;5;28,8
21240006531000;3;2;1;0,0
21240006532000;57;30;27;34,7
21240006533000;39;21;18;36,8
21240006535000;6;3;3;42,8
21240006550000;5;4;1;27,8
21240006551000;1;0;1;0,0
21240006553000;12;6;6;35,7
21240006555000;2;1;1;0,0
21240006593000;5;2;3;50,4
21240006595000;2;0;2;0,0
21240006607000;1;0;1;0,0
21240006608000;3;1;2;0,0
21240006609000;8;4;4;49,3
21240006611000;2;1;1;0,0
21240006612000;6;3;3;43,5
21240006637000;1;1;0;0,0
21240006650000;1;1;0;0,0
21240006729000;30;15;15;56,8
21240006730000;18;8;10;43,9
21240006740000;31;16;15;47,7
21240006741000;7;4;3;33,4
21240006785000;2;1;1;0,0
21240006883000;6;2;4;42,3
21240006952000;2;1;1;0,0
21240006953000;12;4;8;40,1
21240006954000;114;57;57;38,6
21240006955000;145;77;68;39,3
21240006956000;7;5;2;41,9
21240006957000;317;160;157;37,9
21240006958000;931;454;477;45,9
21240006959000;5;2;3;42,8
21240006960000;13;6;7;41,5
21240006973000;7;3;4;52,4
21240006982000;58;31;27;39,9
21240006984000;204;106;98;44,0
21240006991000;3;2;1;0,0
21240006992000;10;6;4;37,9
21240006998000;8;5;3;50,3
21240006999000;16;10;6;40,5
21240007002000;32;16;16;45,9
21240007006000;4;3;1;0,0
21240007007000;55;27;28;40,5
21240007008000;84;44;40;40,3
21240007009000;21;13;8;53,7
21240007010000;12;6;6;35,6
21240007012000;10;5;5;38,3
21240007016000;6;5;1;44,3
21250006483000;270;130;140;58,9
21250006484000;1390;693;697;41,8
21250006485000;960;482;478;39,0
21250006486000;408;203;205;39,2
21250006487000;79;38;41;40,4
21250006490000;33;17;16;31,7
21250006491000;8;4;4;37,3
21250006492000;10;3;7;24,4
21250006493000;4;3;1;0,0
21250006494000;7;6;1;51,7
21250006495000;68;38;30;37,9
21250006496000;22;11;11;32,5
21250006497000;1;1;0;0,0
21250006502000;3;1;2;0,0
21250006511000;6;3;3;61,3
21250006512000;1;1;0;0,0
21250006516000;17;11;6;50,1
21250006528000;3;2;1;0,0
21250006531000;46;25;21;34,4
21250006532000;1;1;0;0,0
21250006533000;2;1;1;0,0
21250006534000;18;7;11;43,1
21250006535000;2;1;1;0,0
21250006537000;4;2;2;0,0
21250006554000;3;2;1;0,0
21250006564000;3;2;1;0,0
21250006572000;3;0;3;0,0
21250006575000;6;3;3;64,5
21250006576000;3;2;1;0,0
21250006577000;4;3;1;0,0
21250006595000;8;3;5;52,3
21250006603000;2;1;1;0,0
21250006607000;3;1;2;0,0
21250006612000;10;4;6;33,0
21250006623000;8;3;5;36,8
21250006626000;1;1;0;0,0
21250006630000;25;16;9;36,0
21250006631000;6;4;2;28,5
21250006632000;4;4;0;0,0
21250006649000;2;1;1;0,0
21250006650000;2;1;1;0,0
21250006729000;145;74;71;43,3
21250006730000;27;16;11;50,9
21250006740000;132;61;71;42,2
21250006741000;6;4;2;70,5
21250006794000;12;8;4;25,9
21250006883000;2;1;1;0,0
21250006884000;10;6;4;42,4
21250006954000;20;10;10;49,7
21250006955000;5;3;2;61,4
21250006956000;74;37;37;47,4
21250006957000;596;310;286;40,9
21250006958000;114;59;55;40,2
21250006960000;30;15;15;39,9
21250006973000;1;1;0;0,0
21250006982000;23;11;12;41,1
21250006984000;235;113;122;44,7
21250006991000;1;1;0;0,0
21250006992000;9;4;5;43,4
21250006993000;14;9;5;36,9
21250006999000;39;22;17;43,8
21250007000000;16;8;8;42,3
21250007002000;2;1;1;0,0
21250007003000;42;22;20;44,4
21250007006000;12;7;5;32,2
21250007007000;14;11;3;37,7
21250007008000;152;73;79;38,6
21250007009000;13;7;6;36,0
21250007010000;12;6;6;41,6
21250007012000;33;19;14;33,7
21250007013000;33;13;20;31,0
21250007016000;8;6;2;38,4
21250007018000;10;4;6;44,9
21260006483000;14;7;7;45,7
21260006484000;44;23;21;46,8
21260006485000;55;25;30;32,4
21260006486000;66;33;33;42,1
21260006487000;203;101;102;36,6
21260006488000;7;3;4;32,4
21260006491000;64;30;34;38,8
21260006492000;33;12;21;41,6
21260006493000;28;15;13;31,6
21260006494000;18;11;7;44,1
21260006495000;42;22;20;38,8
21260006496000;7;5;2;44,0
21260006500000;9;4;5;39,3
21260006501000;28;15;13;36,4
21260006502000;170;89;81;38,0
21260006503000;14;7;7;56,5
21260006509000;5;3;2;27,8
21260006516000;11;6;5;33,4
21260006530000;10;4;6;44,4
21260006531000;33;17;16;37,5
21260006532000;18;11;7;44,2
21260006536000;11;7;4;47,5
21260006537000;9;5;4;51,2
21260006551000;34;16;18;42,3
21260006552000;18;9;9;31,3
21260006570000;2;1;1;0,0
21260006571000;17;8;9;31,9
21260006572000;7;4;3;51,0
21260006573000;31;14;17;41,0
21260006575000;4;2;2;0,0
21260006576000;27;17;10;35,1
21260006593000;6;3;3;52,0
21260006594000;1;1;0;0,0
21260006603000;2;1;1;0,0
21260006606000;2;1;1;0,0
21260006607000;1;1;0;0,0
21260006611000;3;1;2;0,0
21260006612000;26;13;13;44,6
21260006613000;19;5;14;44,5
21260006623000;8;4;4;53,0
21260006624000;30;13;17;43,3
21260006630000;37;22;15;39,8
21260006631000;7;4;3;46,7
21260006632000;6;3;3;37,2
21260006723000;5;3;2;52,4
21260006728000;11;6;5;33,3
21260006729000;233;112;121;43,0
21260006730000;32;18;14;47,9
21260006740000;99;54;45;46,6
21260006884000;12;6;6;47,7
21260006954000;47;26;21;48,1
21260006955000;75;41;34;41,4
21260006956000;28;14;14;44,3
21260006958000;5;3;2;50,4
21260006960000;9;6;3;60,7
21260006972000;13;6;7;64,6
21260006973000;19;10;9;55,6
21260006984000;69;35;34;42,0
21260006992000;10;5;5;57,0
21260006993000;21;10;11;42,5
21260006994000;30;13;17;39,4
21260007000000;15;7;8;53,4
21260007001000;15;5;10;28,4
21260007003000;39;21;18;47,8
21260007004000;10;7;3;39,7
21260007006000;16;10;6;35,4
21260007007000;28;13;15;33,3
21260007009000;5;2;3;24,6
21260007010000;21;10;11;49,1
21260007011000;2;1;1;0,0
21260007012000;23;12;11;40,0
21260007013000;3;2;1;0,0
21260007014000;71;36;35;38,3
21260007015000;69;31;38;42,3
21260007016000;51;28;23;36,9
21260007018000;122;59;63;38,2
21260007019000;15;8;7;56,1
21270006484000;90;45;45;40,2
21270006485000;61;29;32;41,9
21270006486000;65;32;33;42,2
21270006487000;671;350;321;34,7
21270006488000;61;31;30;38,9
21270006489000;18;12;6;37,6
21270006490000;20;13;7;45,0
21270006491000;39;21;18;44,0
21270006492000;92;52;40;33,3
21270006493000;49;23;26;38,8
21270006495000;30;14;16;45,1
21270006496000;50;26;24;37,6
21270006497000;26;11;15;42,0
21270006498000;25;13;12;46,4
21270006500000;40;24;16;33,5
21270006501000;3;2;1;0,0
21270006502000;88;51;37;37,8
21270006503000;7;3;4;32,6
21270006504000;23;11;12;35,3
21270006505000;17;11;6;28,7
21270006509000;1;1;0;0,0
21270006510000;2;1;1;0,0
21270006514000;18;8;10;33,9
21270006515000;7;5;2;40,4
21270006516000;7;4;3;24,9
21270006518000;9;6;3;26,1
21270006525000;8;5;3;51,5
21270006531000;1;1;0;0,0
21270006532000;1;1;0;0,0
21270006533000;4;2;2;0,0
21270006536000;1;1;0;0,0
21270006537000;2;1;1;0,0
21270006538000;2;1;1;0,0
21270006550000;2;1;1;0,0
21270006551000;1;0;1;0,0
21270006552000;14;7;7;43,1
21270006553000;23;15;8;56,7
21270006554000;14;9;5;47,3
21270006555000;18;6;12;46,0
21270006561000;76;39;37;48,0
21270006562000;9;6;3;44,0
21270006568000;9;6;3;54,4
21270006577000;1;0;1;0,0
21270006593000;5;3;2;48,0
21270006594000;36;20;16;30,6
21270006603000;11;6;5;48,9
21270006605000;7;4;3;64,3
21270006606000;9;4;5;53,1
21270006608000;4;3;1;0,0
21270006609000;9;4;5;52,1
21270006610000;1;0;1;0,0
21270006611000;77;44;33;44,6
21270006612000;18;8;10;38,6
21270006613000;10;5;5;57,4
21270006628000;4;3;1;0,0
21270006629000;17;9;8;43,6
21270006630000;7;5;2;70,9
21270006651000;1;0;1;0,0
21270006722000;5;2;3;39,0
21270006723000;3;2;1;0,0
21270006726000;1;0;1;0,0
21270006728000;4;2;2;0,0
21270006729000;201;88;113;52,0
21270006730000;153;70;83;49,8
21270006731000;34;17;17;38,5
21270006732000;4;2;2;0,0
21270006739000;5;1;4;28,2
21270006740000;48;25;23;45,4
21270006882000;3;1;2;0,0
21270006884000;2;2;0;0,0
21270006950000;2;2;0;0,0
21270006951000;5;2;3;36,0
21270006952000;16;9;7;44,7
21270006953000;21;13;8;39,8
21270006959000;3;2;1;0,0
21270006960000;38;23;15;32,2
21270006971000;2;1;1;0,0
21270006972000;38;19;19;36,4
21270006973000;22;10;12;48,0
21270006974000;4;4;0;0,0
21270006976000;4;2;2;0,0
21270006983000;3;2;1;0,0
21270006984000;1;1;0;0,0
21270006985000;20;11;9;33,3
21270006993000;44;19;25;37,3
21270006994000;47;21;26;37,9
21270006995000;116;66;50;35,0
21270006996000;29;17;12;38,9
21270007001000;20;14;6;40,6
21270007004000;33;18;15;38,8
21270007005000;3;2;1;0,0
21270007006000;16;7;9;52,1
21270007012000;47;23;24;37,5
21270007013000;132;62;70;42,7
21270007015000;38;15;23;39,0
21270007018000;138;68;70;38,2
21270007019000;81;42;39;38,9
21280006483000;6;4;2;67,8
21280006484000;20;11;9;38,7
21280006485000;63;29;34;39,7
21280006486000;40;24;16;36,2
21280006487000;694;349;345;33,5
21280006488000;48;27;21;32,7
21280006489000;73;33;40;33,9
21280006490000;85;42;43;40,0
21280006491000;155;81;74;36,9
21280006492000;456;226;230;35,8
21280006493000;45;28;17;38,6
21280006494000;69;38;31;43,9
21280006495000;87;46;41;39,0
21280006496000;115;57;58;33,6
21280006497000;40;24;16;36,0
21280006498000;92;45;47;36,3
21280006499000;54;32;22;38,9
21280006500000;66;32;34;38,9
21280006501000;294;151;143;25,4
21280006502000;561;276;285;34,0
21280006503000;63;35;28;33,2
21280006504000;6;3;3;30,0
21280006505000;11;5;6;24,5
21280006506000;19;12;7;39,6
21280006507000;1;0;1;0,0
21280006508000;73;35;38;36,1
21280006509000;6;5;1;26,0
21280006513000;18;9;9;31,6
21280006514000;25;12;13;24,8
21280006515000;8;6;2;34,6
21280006516000;1;1;0;0,0
21280006524000;9;4;5;24,1
21280006525000;8;5;3;79,3
21280006539000;1;1;0;0,0
21280006540000;2;0;2;0,0
21280006555000;6;3;3;48,3
21280006559000;71;40;31;43,0
21280006560000;114;55;59;37,9
21280006561000;261;133;128;35,6
21280006562000;6;2;4;40,5
21280006563000;4;1;3;0,0
21280006564000;11;7;4;45,2
21280006570000;1;1;0;0,0
21280006571000;2;0;2;0,0
21280006573000;1;1;0;0,0
21280006576000;83;39;44;46,8
21280006578000;2;2;0;0,0
21280006593000;3;2;1;0,0
21280006594000;51;22;29;53,5
21280006601000;19;11;8;49,0
21280006602000;22;9;13;43,4
21280006603000;15;9;6;56,7
21280006604000;7;3;4;42,7
21280006605000;34;19;15;41,8
21280006606000;10;6;4;38,1
21280006607000;14;6;8;23,9
21280006608000;5;3;2;27,0
21280006609000;6;3;3;57,0
21280006610000;22;10;12;42,7
21280006611000;7;3;4;39,1
21280006621000;1;1;0;0,0
21280006622000;5;3;2;51,2
21280006627000;9;3;6;29,8
21280006628000;33;15;18;50,2
21280006629000;27;11;16;38,8
21280006726000;3;1;2;0,0
21280006727000;4;3;1;0,0
21280006728000;41;22;19;37,6
21280006729000;514;249;265;37,0
21280006730000;434;231;203;41,7
21280006731000;141;76;65;42,7
21280006739000;32;18;14;47,1
21280006740000;23;12;11;40,3
21280006883000;1;1;0;0,0
21280006884000;14;8;6;56,6
21280006889000;1;1;0;0,0
21280006890000;2;1;1;0,0
21280006947000;5;2;3;46,8
21280006951000;8;6;2;35,9
21280006952000;12;6;6;53,2
21280006959000;105;54;51;40,3
21280006960000;15;11;4;34,7
21280006970000;13;7;6;33,5
21280006971000;19;10;9;39,4
21280006974000;2;1;1;0,0
21280006976000;1;0;1;0,0
21280006982000;5;3;2;41,2
21280006983000;13;5;8;50,1
21280006985000;50;27;23;41,2
21280006994000;258;116;142;48,0
21280006995000;140;77;63;41,4
21280006996000;20;9;11;59,0
21280007001000;3;1;2;0,0
21280007002000;17;9;8;50,4
21280007004000;31;14;17;56,8
21280007011000;46;24;22;41,1
21280007012000;128;71;57;37,9
21280007013000;162;82;80;34,6
21280007014000;57;33;24;37,4
21280007015000;26;15;11;45,0
21280007016000;15;6;9;46,3
21280007017000;3;2;1;0,0
21280007019000;80;36;44;35,2
21290006486000;60;33;27;37,8
21290006487000;865;434;431;36,6
21290006488000;155;72;83;40,5
21290006489000;56;31;25;49,3
21290006490000;92;46;46;40,0
21290006491000;58;32;26;42,8
21290006492000;78;38;40;37,1
21290006493000;46;24;22;30,1
21290006494000;8;5;3;30,8
21290006495000;23;10;13;31,5
21290006497000;20;11;9;33,9
21290006498000;22;14;8;44,8
21290006500000;14;7;7;55,1
21290006501000;39;21;18;40,7
21290006502000;716;328;388;46,5
21290006503000;218;108;110;40,2
21290006504000;37;16;21;48,6
21290006505000;11;6;5;35,8
21290006506000;33;17;16;38,1
21290006507000;30;15;15;34,6
21290006508000;32;18;14;32,5
21290006510000;1;0;1;0,0
21290006512000;21;10;11;36,8
21290006513000;51;27;24;34,4
21290006525000;11;5;6;62,9
21290006539000;3;2;1;0,0
21290006540000;6;2;4;40,3
21290006545000;14;8;6;34,7
21290006547000;17;10;7;36,6
21290006555000;1;1;0;0,0
21290006558000;23;11;12;46,3
21290006559000;76;35;41;42,9
21290006560000;4;2;2;0,0
21290006561000;27;13;14;39,0
21290006571000;4;2;2;0,0
21290006574000;19;10;9;50,1
21290006575000;5;2;3;39,8
21290006576000;21;11;10;43,1
21290006577000;18;7;11;63,1
21290006578000;6;4;2;45,3
21290006579000;19;10;9;43,7
21290006580000;20;10;10;42,9
21290006582000;5;2;3;24,0
21290006592000;4;3;1;0,0
21290006593000;12;6;6;35,9
21290006594000;106;54;52;47,8
21290006601000;1;1;0;0,0
21290006602000;17;7;10;29,0
21290006603000;116;61;55;42,1
21290006604000;125;64;61;47,5
21290006605000;19;11;8;39,0
21290006607000;21;10;11;31,4
21290006609000;5;2;3;37,0
21290006610000;2;1;1;0,0
21290006613000;4;2;2;0,0
21290006621000;4;2;2;0,0
21290006622000;6;3;3;57,7
21290006627000;16;11;5;37,7
21290006723000;1;1;0;0,0
21290006724000;6;2;4;45,3
21290006725000;6;4;2;35,7
21290006726000;2;1;1;0,0
21290006729000;25;14;11;42,0
21290006730000;409;199;210;41,7
21290006731000;191;96;95;38,0
21290006732000;11;5;6;47,2
21290006739000;33;17;16;47,7
21290006883000;1;1;0;0,0
21290006884000;13;5;8;35,8
21290006946000;4;3;1;0,0
21290006947000;4;2;2;0,0
21290006958000;8;4;4;58,5
21290006959000;383;177;206;41,6
21290006974000;6;2;4;51,8
21290006976000;3;2;1;0,0
21290006977000;5;3;2;20,2
21290006983000;11;5;6;46,6
21290006984000;1;1;0;0,0
21290006985000;55;29;26;40,4
21290006995000;48;24;24;38,0
21290006996000;21;9;12;34,7
21290006997000;17;8;9;54,8
21290007002000;12;6;6;38,7
21290007004000;19;7;12;40,1
21290007005000;24;12;12;45,6
21290007008000;2;1;1;0,0
21290007009000;24;11;13;52,6
21290007010000;11;7;4;46,7
21290007011000;46;21;25;46,1
21290007012000;31;17;14;36,4
21290007013000;72;33;39;29,6
21290007014000;201;102;99;40,5
21290007015000;306;155;151;46,5
21290007016000;122;39;83;62,1
21290007017000;60;31;29;39,9
21290007018000;41;18;23;41,5
21290007019000;49;24;25;33,1
21300006487000;542;258;284;40,1
21300006488000;1046;505;541;41,5
21300006489000;105;55;50;36,2
21300006490000;7;3;4;38,9
21300006491000;84;44;40;41,0
21300006492000;163;80;83;36,3
21300006493000;34;17;17;44,6
21300006495000;3;1;2;0,0
21300006496000;23;11;12;38,9
21300006497000;37;15;22;39,9
21300006498000;23;12;11;25,6
21300006499000;3;2;1;0,0
21300006500000;40;24;16;51,3
21300006501000;218;103;115;35,7
21300006502000;913;466;447;31,5
21300006503000;158;84;74;41,4
21300006504000;71;31;40;37,5
21300006505000;43;21;22;38,4
21300006506000;54;30;24;35,6
21300006507000;1;0;1;0,0
21300006508000;10;5;5;28,3
21300006510000;41;24;17;40,4
21300006511000;16;7;9;26,5
21300006512000;32;19;13;30,4
21300006513000;8;3;5;47,4
21300006519000;42;23;19;39,1
21300006520000;1;1;0;0,0
21300006524000;2;1;1;0,0
21300006525000;12;5;7;37,3
21300006538000;6;2;4;46,7
21300006539000;1;1;0;0,0
21300006542000;3;2;1;0,0
21300006544000;6;2;4;32,8
21300006545000;2;1;1;0,0
21300006558000;3;1;2;0,0
21300006559000;16;6;10;53,5
21300006575000;11;6;5;56,3
21300006576000;4;2;2;0,0
21300006579000;25;15;10;32,6
21300006580000;18;8;10;41,1
21300006581000;8;3;5;49,1
21300006587000;5;2;3;61,8
21300006592000;7;4;3;53,9
21300006593000;15;6;9;48,1
21300006594000;51;27;24;47,0
21300006595000;2;1;1;0,0
21300006599000;3;2;1;0,0
21300006601000;3;1;2;0,0
21300006602000;135;70;65;48,2
21300006603000;234;115;119;43,1
21300006604000;45;24;21;46,5
21300006605000;11;5;6;43,5
21300006606000;35;19;16;45,8
21300006607000;15;6;9;48,9
21300006608000;4;2;2;0,0
21300006611000;15;8;7;31,1
21300006612000;12;6;6;39,3
21300006622000;2;1;1;0,0
21300006625000;20;10;10;54,4
21300006723000;2;1;1;0,0
21300006724000;46;23;23;42,8
21300006731000;52;27;25;46,6
21300006732000;26;12;14;37,8
21300006739000;2;1;1;0,0
21300006812000;1;0;1;0,0
21300006884000;5;2;3;48,4
21300006944000;22;11;11;55,2
21300006945000;7;3;4;51,3
21300006946000;4;1;3;0,0
21300006958000;30;13;17;37,1
21300006959000;717;351;366;41,7
21300006960000;3;1;2;0,0
21300006975000;9;5;4;41,4
21300006977000;39;21;18;37,9
21300006984000;9;5;4;57,0
21300006985000;25;16;9;43,6
21300006986000;32;19;13;43,8
21300006996000;5;2;3;71,4
21300006997000;3;2;1;0,0
21300006998000;30;14;16;38,5
21300007002000;11;5;6;44,9
21300007005000;32;20;12;40,8
21300007006000;2;1;1;0,0
21300007008000;42;22;20;46,2
21300007014000;8;5;3;47,4
21300007015000;1;0;1;0,0
21300007016000;78;42;36;40,3
21300007017000;76;41;35;41,0
21310006488000;908;452;456;36,7
21310006489000;95;46;49;40,1
21310006490000;815;400;415;33,5
21310006491000;367;192;175;41,2
21310006492000;24;10;14;53,5
21310006493000;186;86;100;46,8
21310006494000;19;10;9;42,6
21310006495000;36;18;18;45,3
21310006496000;34;15;19;45,1
21310006497000;24;12;12;45,4
21310006498000;8;3;5;66,4
21310006499000;124;66;58;42,8
21310006500000;20;11;9;38,3
21310006502000;30;11;19;30,6
21310006503000;37;18;19;44,3
21310006504000;17;8;9;36,8
21310006505000;40;20;20;46,3
21310006506000;24;12;12;36,6
21310006519000;86;48;38;43,3
21310006522000;4;3;1;0,0
21310006524000;4;2;2;0,0
21310006525000;7;3;4;14,6
21310006544000;2;1;1;0,0
21310006545000;12;7;5;36,5
21310006557000;31;18;13;42,5
21310006558000;12;6;6;60,9
21310006575000;3;1;2;0,0
21310006576000;5;3;2;32,6
21310006587000;3;2;1;0,0
21310006588000;14;7;7;46,5
21310006591000;6;3;3;41,7
21310006592000;23;15;8;48,6
21310006593000;3;2;1;0,0
21310006598000;2;2;0;0,0
21310006600000;4;2;2;0,0
21310006601000;74;36;38;41,6
21310006602000;192;89;103;44,0
21310006607000;8;6;2;53,9
21310006609000;3;1;2;0,0
21310006610000;9;5;4;41,4
21310006611000;20;10;10;38,4
21310006623000;3;3;0;0,0
21310006723000;15;7;8;40,0
21310006724000;18;9;9;43,6
21310006732000;29;15;14;31,9
21310006738000;3;2;1;0,0
21310006739000;3;1;2;0,0
21310006774000;4;3;1;0,0
21310006884000;13;8;5;25,5
21310006943000;9;4;5;48,4
21310006944000;5;2;3;59,4
21310006956000;10;5;5;62,0
21310006957000;15;9;6;36,8
21310006958000;53;25;28;40,9
21310006959000;116;62;54;41,1
21310006977000;26;13;13;39,5
21310006978000;4;2;2;0,0
21310006984000;8;3;5;49,8
21310006985000;13;7;6;30,8
21310006986000;14;8;6;44,9
21310006996000;7;4;3;38,9
21310006997000;2;1;1;0,0
21310006998000;6;4;2;55,0
21310006999000;10;4;6;32,2
21310007002000;3;3;0;0,0
21310007003000;3;2;1;0,0
21310007005000;7;4;3;33,6
21310007006000;69;34;35;50,3
21310007007000;21;13;8;28,2
21310007008000;23;13;10;39,1
21310007010000;1;1;0;0,0
21310007011000;29;17;12;39,4
21310007012000;14;6;8;34,9
21310007013000;33;19;14;42,1
21320006487000;5;4;1;22,8
21320006488000;593;304;289;42,2
21320006489000;148;72;76;39,4
21320006490000;46;21;25;38,2
21320006491000;975;498;477;39,8
21320006492000;317;142;175;47,0
21320006493000;908;452;456;39,8
21320006494000;720;350;370;42,3
21320006495000;67;35;32;38,9
21320006496000;1;0;1;0,0
21320006497000;20;11;9;50,5
21320006498000;9;4;5;62,2
21320006499000;35;20;15;40,5
21320006500000;3;2;1;0,0
21320006503000;18;10;8;48,8
21320006504000;14;6;8;32,9
21320006505000;10;5;5;55,9
21320006506000;23;13;10;40,5
21320006508000;8;6;2;41,0
21320006515000;7;4;3;50,4
21320006519000;1;0;1;0,0
21320006522000;2;1;1;0,0
21320006526000;3;2;1;0,0
21320006557000;6;3;3;50,3
21320006597000;4;3;1;0,0
21320006598000;11;5;6;55,7
21320006599000;12;6;6;53,8
21320006600000;64;30;34;32,2
21320006601000;35;16;19;42,5
21320006606000;2;2;0;0,0
21320006607000;30;15;15;36,8
21320006608000;16;9;7;55,6
21320006609000;3;1;2;0,0
21320006622000;10;5;5;49,5
21320006722000;16;9;7;35,5
21320006723000;17;9;8;56,1
21320006732000;18;11;7;46,5
21320006733000;21;11;10;42,5
21320006738000;63;33;30;32,6
21320006739000;23;11;12;42,0
21320006749000;8;4;4;38,5
21320006801000;3;2;1;0,0
21320006802000;1;1;0;0,0
21320006884000;3;1;2;0,0
21320006888000;3;2;1;0,0
21320006942000;7;3;4;57,9
21320006956000;15;7;8;39,7
21320006957000;6;3;3;41,2
21320006958000;28;13;15;48,8
21320006959000;59;31;28;40,8
21320006978000;1;1;0;0,0
21320006984000;4;2;2;0,0
21320006985000;9;4;5;36,1
21320006986000;3;2;1;0,0
21320006987000;9;6;3;40,8
21320006994000;2;1;1;0,0
21320006996000;4;2;2;0,0
21320006997000;54;27;27;37,6
21320006999000;23;12;11;35,5
21320007000000;22;12;10;35,3
21320007002000;8;4;4;16,0
21320007006000;7;3;4;27,4
21320007007000;2;1;1;0,0
21320007010000;35;21;14;33,5
21320007011000;112;55;57;39,6
21320007012000;30;16;14;38,4
21320007013000;18;9;9;52,7
21320007014000;57;34;23;45,5
21320007015000;7;4;3;40,7
21320007018000;35;19;16;51,1
21320007019000;712;354;358;43,2
21320007020000;889;436;453;45,0
21330006489000;6;4;2;42,5
21330006491000;12;7;5;59,4
21330006492000;611;310;301;38,4
21330006493000;338;171;167;35,3
21330006494000;594;298;296;37,4
21330006495000;598;303;295;31,6
21330006496000;18;9;9;45,8
21330006497000;54;23;31;38,1
21330006498000;554;286;268;29,6
21330006499000;27;14;13;35,8
21330006501000;11;6;5;42,7
21330006504000;8;3;5;24,8
21330006505000;10;7;3;60,3
21330006506000;4;3;1;0,0
21330006507000;3;2;1;0,0
21330006516000;2;1;1;0,0
21330006517000;13;8;5;43,2
21330006519000;1;1;0;0,0
21330006522000;6;3;3;43,0
21330006526000;6;5;1;35,2
21330006527000;7;4;3;58,9
21330006606000;6;4;2;38,0
21330006607000;13;6;7;33,5
21330006722000;15;8;7;51,8
21330006723000;2;1;1;0,0
21330006732000;1;0;1;0,0
21330006733000;25;12;13;47,4
21330006734000;21;12;9;34,7
21330006735000;5;2;3;64,4
21330006737000;4;2;2;0,0
21330006738000;248;119;129;50,2
21330006739000;21;12;9;52,3
21330006745000;7;5;2;43,0
21330006746000;5;3;2;56,6
21330006884000;4;2;2;0,0
21330006956000;14;7;7;42,3
21330006957000;16;7;9;48,6
21330006958000;32;17;15;44,1
21330006959000;39;24;15;45,8
21330006975000;2;1;1;0,0
21330006983000;2;1;1;0,0
21330006985000;5;1;4;26,2
21330006987000;5;3;2;60,0
21330006995000;24;14;10;43,7
21330006996000;11;4;7;33,1
21330006997000;18;8;10;27,7
21330006998000;3;2;1;0,0
21330007000000;8;4;4;55,8
21330007002000;12;5;7;53,7
21330007008000;20;11;9;43,0
21330007009000;78;36;42;47,3
21330007010000;19;11;8;27,2
21330007015000;15;8;7;32,1
21330007017000;729;371;358;41,0
21330007018000;2776;1377;1399;45,7
21330007019000;2849;1432;1417;41,4
21330007020000;1698;821;877;41,9
21340006492000;43;20;23;37,8
21340006493000;306;162;144;42,4
21340006494000;307;159;148;40,0
21340006495000;924;447;477;38,9
21340006496000;27;13;14;46,3
21340006497000;169;92;77;41,2
21340006498000;152;78;74;31,3
21340006499000;488;240;248;33,0
21340006500000;28;14;14;38,2
21340006501000;16;9;7;49,9
21340006502000;4;2;2;0,0
21340006503000;2;1;1;0,0
21340006506000;3;1;2;0,0
21340006507000;1;0;1;0,0
21340006509000;12;5;7;37,7
21340006510000;39;20;19;36,6
21340006512000;5;2;3;20,4
21340006514000;2;1;1;0,0
21340006519000;7;4;3;37,4
21340006522000;35;19;16;42,0
21340006529000;9;4;5;52,2
21340006540000;13;8;5;36,5
21340006548000;6;3;3;40,3
21340006607000;5;3;2;64,6
21340006620000;12;7;5;23,9
21340006621000;10;5;5;52,4
21340006624000;2;1;1;0,0
21340006625000;13;6;7;32,0
21340006626000;10;5;5;37,2
21340006627000;3;1;2;0,0
21340006654000;4;2;2;0,0
21340006721000;4;4;0;0,0
21340006734000;22;12;10;34,4
21340006735000;10;4;6;50,1
21340006737000;64;32;32;38,0
21340006738000;56;30;26;46,5
21340006745000;9;5;4;47,1
21340006746000;21;11;10;45,5
21340006883000;1;1;0;0,0
21340006954000;9;5;4;55,6
21340006955000;15;11;4;36,7
21340006958000;5;3;2;38,2
21340006959000;10;5;5;51,2
21340006975000;4;2;2;0,0
21340006983000;1;1;0;0,0
21340006984000;7;5;2;35,1
21340006985000;5;2;3;58,2
21340006987000;8;3;5;55,6
21340006988000;3;2;1;0,0
21340006994000;10;7;3;50,1
21340006998000;14;6;8;35,4
21340007001000;16;9;7;44,3
21340007002000;2;1;1;0,0
21340007008000;94;55;39;42,7
21340007009000;85;41;44;45,7
21340007015000;14;7;7;45,1
21340007016000;9;5;4;30,1
21340007017000;107;63;44;45,6
21340007018000;1846;922;924;43,8
21340007019000;1871;958;913;43,6
21340007020000;58;31;27;48,0
21350006493000;178;98;80;39,5
21350006494000;1112;545;567;45,1
21350006495000;1337;670;667;39,3
21350006496000;1547;755;792;42,8
21350006497000;848;452;396;35,6
21350006498000;249;127;122;37,7
21350006499000;436;219;217;34,1
21350006500000;23;14;9;34,9
21350006501000;31;16;15;43,6
21350006502000;7;2;5;57,3
21350006505000;1;1;0;0,0
21350006508000;5;3;2;62,8
21350006509000;8;6;2;27,8
21350006512000;39;21;18;35,1
21350006517000;1;0;1;0,0
21350006520000;2;1;1;0,0
21350006521000;6;3;3;53,5
21350006522000;23;11;12;45,2
21350006523000;3;1;2;0,0
21350006531000;5;2;3;16,6
21350006532000;3;1;2;0,0
21350006606000;13;8;5;39,5
21350006607000;22;11;11;43,9
21350006608000;39;18;21;44,4
21350006609000;9;6;3;52,4
21350006621000;9;5;4;30,8
21350006623000;9;4;5;51,6
21350006624000;24;13;11;38,0
21350006720000;8;3;5;50,9
21350006721000;10;5;5;57,3
21350006734000;5;2;3;69,0
21350006735000;35;23;12;42,2
21350006736000;15;6;9;57,5
21350006737000;33;16;17;43,2
21350006746000;8;4;4;47,1
21350006812000;1;1;0;0,0
21350006883000;4;2;2;0,0
21350006884000;30;15;15;46,9
21350006941000;4;2;2;0,0
21350006942000;5;3;2;68,4
21350006954000;14;9;5;36,7
21350006976000;12;7;5;32,3
21350006982000;2;1;1;0,0
21350006984000;43;21;22;41,0
21350006985000;3;2;1;0,0
21350006998000;2;1;1;0,0
21350006999000;5;3;2;55,8
21350007002000;13;3;10;37,2
21350007003000;63;31;32;31,7
21350007004000;8;2;6;43,3
21350007008000;39;19;20;46,9
21350007009000;282;137;145;32,8
21350007010000;382;194;188;41,1
21350007011000;5;2;3;17,6
21350007014000;35;20;15;48,7
21350007015000;108;58;50;39,8
21350007016000;1;1;0;0,0
21350007018000;1413;705;708;40,5
21350007019000;540;280;260;43,0
21350007020000;92;48;44;41,5
21360006492000;5;3;2;40,0
21360006493000;47;22;25;30,7
21360006494000;502;260;242;36,1
21360006495000;802;391;411;41,6
21360006496000;1664;820;844;43,2
21360006497000;2141;1101;1040;40,3
21360006498000;1752;849;903;38,0
21360006499000;602;305;297;38,3
21360006500000;19;9;10;48,3
21360006501000;26;13;13;33,1
21360006502000;19;9;10;53,8
21360006503000;5;2;3;33,0
21360006504000;7;4;3;34,6
21360006505000;16;8;8;39,1
21360006506000;1;1;0;0,0
21360006514000;5;3;2;66,6
21360006520000;3;2;1;0,0
21360006522000;17;8;9;48,4
21360006531000;2;1;1;0,0
21360006533000;1;1;0;0,0
21360006534000;6;3;3;52,2
21360006545000;4;2;2;0,0
21360006546000;1;1;0;0,0
21360006574000;1;1;0;0,0
21360006604000;1;1;0;0,0
21360006606000;13;6;7;58,8
21360006607000;5;4;1;60,8
21360006608000;10;6;4;39,7
21360006609000;69;39;30;47,0
21360006610000;7;4;3;29,3
21360006619000;5;3;2;68,4
21360006620000;51;30;21;36,0
21360006621000;69;37;32;42,6
21360006622000;25;12;13;43,6
21360006623000;24;11;13;52,0
21360006655000;44;24;20;36,8
21360006703000;1;1;0;0,0
21360006714000;1;0;1;0,0
21360006720000;3;2;1;0,0
21360006733000;1;1;0;0,0
21360006734000;18;12;6;35,1
21360006735000;2;1;1;0,0
21360006736000;44;27;17;38,0
21360006737000;3;2;1;0,0
21360006746000;7;6;1;53,0
21360006747000;8;3;5;63,0
21360006803000;10;6;4;37,9
21360006804000;15;9;6;41,0
21360006883000;28;15;13;42,5
21360006884000;15;9;6;42,9
21360006941000;2;1;1;0,0
21360006959000;2;1;1;0,0
21360006969000;2;1;1;0,0
21360006976000;2;1;1;0,0
21360006982000;8;5;3;43,1
21360006983000;2;1;1;0,0
21360006988000;3;1;2;0,0
21360006989000;12;7;5;37,6
21360006999000;26;13;13;32,0
21360007002000;20;11;9;35,7
21360007008000;46;24;22;30,1
21360007009000;37;21;16;52,8
21360007015000;201;94;107;35,7
21360007016000;8;3;5;45,4
21360007018000;235;118;117;41,1
21360007019000;760;399;361;38,8
21370006493000;3;1;2;0,0
21370006494000;440;221;219;44,0
21370006495000;633;315;318;38,8
21370006496000;314;159;155;40,4
21370006497000;2232;1032;1200;47,4
21370006498000;1445;692;753;43,5
21370006499000;295;142;153;41,8
21370006500000;39;22;17;27,8
21370006501000;96;52;44;40,3
21370006502000;236;109;127;34,5
21370006503000;30;14;16;25,7
21370006504000;7;4;3;30,4
21370006513000;2;1;1;0,0
21370006522000;16;9;7;38,2
21370006523000;24;12;12;47,3
21370006524000;9;3;6;36,1
21370006525000;7;4;3;28,4
21370006529000;4;2;2;0,0
21370006530000;4;2;2;0,0
21370006606000;11;4;7;46,6
21370006610000;63;37;26;32,9
21370006611000;31;16;15;35,0
21370006613000;10;6;4;51,2
21370006619000;85;39;46;40,7
21370006620000;73;32;41;38,5
21370006621000;32;20;12;40,0
21370006623000;6;3;3;27,8
21370006655000;4;2;2;0,0
21370006714000;6;4;2;61,2
21370006715000;2;1;1;0,0
21370006721000;4;1;3;0,0
21370006734000;6;4;2;44,3
21370006735000;15;6;9;40,6
21370006746000;25;12;13;35,2
21370006747000;2;1;1;0,0
21370006803000;3;2;1;0,0
21370006804000;18;13;5;33,4
21370006855000;1;1;0;0,0
21370006882000;2;1;1;0,0
21370006883000;33;15;18;41,5
21370006884000;2;1;1;0,0
21370006941000;1;1;0;0,0
21370006970000;2;1;1;0,0
21370006979000;15;9;6;56,1
21370006990000;38;19;19;38,2
21370006991000;10;6;4;41,5
21370006997000;7;3;4;25,1
21370006998000;19;8;11;33,6
21370006999000;66;33;33;39,2
21370007000000;4;3;1;0,0
21370007002000;2;1;1;0,0
21370007003000;6;1;5;19,7
21370007005000;4;3;1;0,0
21370007008000;2;1;1;0,0
21370007009000;57;29;28;46,1
21370007010000;16;7;9;39,0
21370007015000;191;102;89;40,0
21370007016000;955;472;483;36,1
21370007017000;84;46;38;41,4
21370007018000;4;1;3;0,0
21370007019000;1230;628;602;31,7
21370007020000;260;131;129;27,2
21380006492000;1;1;0;0,0
21380006493000;5;3;2;41,2
21380006494000;268;129;139;41,7
21380006495000;72;33;39;45,1
21380006496000;192;99;93;40,3
21380006497000;707;347;360;44,9
21380006498000;928;456;472;41,9
21380006499000;11;7;4;36,6
21380006502000;21;9;12;33,7
21380006503000;71;37;34;42,5
21380006504000;11;9;2;40,7
21380006506000;6;3;3;56,3
21380006507000;4;1;3;0,0
21380006512000;2;1;1;0,0
21380006514000;6;3;3;38,0
21380006515000;2;1;1;0,0
21380006522000;15;8;7;54,5
21380006526000;7;5;2;65,0
21380006527000;23;10;13;42,7
21380006528000;31;16;15;35,5
21380006529000;1;1;0;0,0
21380006532000;12;7;5;35,6
21380006582000;2;1;1;0,0
21380006583000;2;1;1;0,0
21380006610000;103;47;56;39,3
21380006611000;401;206;195;42,9
21380006612000;14;8;6;32,9
21380006613000;1;1;0;0,0
21380006618000;35;19;16;45,1
21380006619000;24;13;11;26,3
21380006620000;4;2;2;0,0
21380006621000;1;1;0;0,0
21380006623000;4;2;2;0,0
21380006655000;1;1;0;0,0
21380006683000;5;1;4;37,6
21380006714000;10;4;6;35,4
21380006715000;15;10;5;30,3
21380006727000;1;1;0;0,0
21380006733000;5;4;1;51,2
21380006734000;12;5;7;57,4
21380006746000;16;9;7;38,4
21380006747000;32;12;20;43,2
21380006882000;7;5;2;40,1
21380006883000;27;17;10;48,7
21380006884000;25;13;12;51,7
21380006959000;3;2;1;0,0
21380006973000;10;5;5;44,2
21380006974000;21;12;9;49,0
21380006975000;3;3;0;0,0
21380006979000;3;2;1;0,0
21380006990000;42;18;24;36,7
21380006991000;25;11;14;48,2
21380006997000;2;1;1;0,0
21380006998000;4;3;1;0,0
21380006999000;194;95;99;41,3
21380007000000;2;1;1;0,0
21380007002000;12;8;4;40,8
21380007003000;14;9;5;60,1
21380007004000;17;10;7;44,5
21380007005000;6;3;3;70,7
21380007010000;23;15;8;50,0
21380007015000;15;8;7;49,1
21380007016000;353;170;183;40,1
21380007017000;112;67;45;43,7
21380007018000;19;12;7;32,5
21380007019000;61;31;30;31,8
21380007020000;242;126;116;26,2
21390006494000;3;1;2;0,0
21390006495000;138;68;70;42,8
21390006496000;486;232;254;46,6
21390006497000;412;198;214;41,2
21390006498000;259;138;121;36,0
21390006502000;18;8;10;40,9
21390006503000;55;30;25;38,7
21390006504000;44;25;19;35,0
21390006505000;38;20;18;41,7
21390006506000;62;33;29;39,5
21390006507000;24;14;10;52,4
21390006508000;5;3;2;22,2
21390006514000;3;2;1;0,0
21390006515000;5;2;3;48,6
21390006522000;6;3;3;31,2
21390006523000;13;7;6;43,9
21390006525000;13;8;5;40,3
21390006526000;3;1;2;0,0
21390006527000;2;1;1;0,0
21390006546000;28;17;11;48,3
21390006582000;5;4;1;30,6
21390006604000;2;1;1;0,0
21390006605000;6;2;4;28,5
21390006606000;2;1;1;0,0
21390006609000;5;3;2;21,4
21390006610000;138;63;75;41,4
21390006611000;506;220;286;44,9
21390006612000;61;29;32;44,3
21390006613000;17;7;10;37,2
21390006617000;14;8;6;37,6
21390006618000;8;3;5;53,0
21390006623000;4;2;2;0,0
21390006625000;18;8;10;47,9
21390006655000;85;41;44;43,4
21390006715000;68;36;32;46,0
21390006733000;12;6;6;49,1
21390006734000;20;11;9;34,7
21390006746000;4;3;1;0,0
21390006747000;31;17;14;45,2
21390006882000;7;3;4;43,0
21390006883000;18;8;10;48,8
21390006884000;33;18;15;52,6
21390006971000;2;0;2;0,0
21390006972000;21;12;9;45,0
21390006973000;15;7;8;40,1
21390006974000;51;25;26;44,0
21390006975000;2;1;1;0,0
21390006989000;12;4;8;43,6
21390006990000;1;1;0;0,0
21390006991000;2;0;2;0,0
21390006992000;3;1;2;0,0
21390006994000;9;5;4;34,6
21390006995000;7;2;5;49,1
21390006996000;3;1;2;0,0
21390006999000;2;2;0;0,0
21390007000000;14;8;6;55,6
21390007003000;2;1;1;0,0
21390007010000;48;32;16;40,7
21390007011000;140;80;60;37,1
21390007012000;11;6;5;27,5
21390007013000;20;10;10;36,6
21390007015000;13;7;6;41,2
21390007016000;560;304;256;28,2
21390007017000;117;59;58;42,3
21390007018000;20;12;8;49,0
21390007019000;15;9;6;42,6
21390007020000;2;1;1;0,0
21390007046000;13;2;11;21,2
21400006494000;4;2;2;0,0
21400006495000;62;33;29;46,2
21400006496000;235;118;117;40,1
21400006497000;91;46;45;42,9
21400006498000;170;90;80;43,3
21400006499000;109;50;59;37,0
21400006500000;194;109;85;35,4
21400006501000;36;18;18;42,7
21400006502000;10;4;6;31,5
21400006503000;5;3;2;17,8
21400006504000;53;31;22;40,6
21400006505000;31;17;14;40,5
21400006506000;47;27;20;41,9
21400006507000;17;8;9;53,2
21400006508000;4;3;1;0,0
21400006509000;6;2;4;40,0
21400006510000;5;3;2;19,2
21400006513000;5;4;1;29,4
21400006519000;10;7;3;23,2
21400006522000;15;10;5;50,3
21400006523000;2;1;1;0,0
21400006524000;2;1;1;0,0
21400006525000;12;4;8;63,5
21400006546000;43;24;19;35,8
21400006547000;20;12;8;39,4
21400006580000;7;3;4;45,1
21400006582000;9;4;5;21,4
21400006592000;10;5;5;33,6
21400006604000;2;1;1;0,0
21400006605000;5;2;3;53,2
21400006610000;12;8;4;43,8
21400006611000;127;62;65;49,0
21400006612000;132;64;68;43,5
21400006613000;18;9;9;37,6
21400006614000;4;2;2;0,0
21400006623000;12;6;6;37,3
21400006624000;75;35;40;37,6
21400006625000;9;4;5;59,6
21400006655000;225;118;107;41,7
21400006704000;12;6;6;39,5
21400006715000;22;12;10;44,6
21400006722000;3;2;1;0,0
21400006734000;9;4;5;41,1
21400006746000;7;2;5;52,4
21400006882000;43;23;20;41,2
21400006883000;21;10;11;40,3
21400006923000;3;2;1;0,0
21400006931000;5;3;2;66,6
21400006932000;8;4;4;59,8
21400006933000;1;0;1;0,0
21400006934000;3;2;1;0,0
21400006935000;3;1;2;0,0
21400006958000;2;1;1;0,0
21400006971000;25;11;14;40,9
21400006979000;21;14;7;47,8
21400006991000;4;3;1;0,0
21400006992000;14;7;7;41,6
21400007004000;11;5;6;35,0
21400007005000;21;8;13;25,5
21400007006000;6;2;4;41,3
21400007007000;5;2;3;43,0
21400007008000;11;7;4;34,6
21400007011000;19;9;10;42,9
21400007012000;208;107;101;35,1
21400007013000;106;54;52;39,2
21400007014000;116;56;60;38,2
21400007015000;236;115;121;35,8
21400007016000;163;90;73;41,8
21400007017000;30;17;13;42,1
21400007018000;1;1;0;0,0
21400007046000;29;14;15;37,6
21400007047000;13;6;7;32,5
21400007048000;24;11;13;37,6
21410006494000;71;39;32;39,0
21410006495000;86;37;49;40,6
21410006497000;47;23;24;32,3
21410006498000;211;105;106;43,4
21410006499000;555;294;261;40,2
21410006500000;877;431;446;42,1
21410006501000;688;363;325;38,0
21410006502000;16;8;8;34,4
21410006503000;19;11;8;58,2
21410006504000;16;8;8;54,3
21410006505000;6;3;3;39,2
21410006506000;48;25;23;39,1
21410006507000;2;1;1;0,0
21410006508000;7;5;2;42,3
21410006509000;8;3;5;51,8
21410006510000;4;2;2;0,0
21410006513000;7;3;4;42,9
21410006518000;13;8;5;46,3
21410006519000;38;20;18;39,8
21410006520000;14;8;6;42,3
21410006521000;9;5;4;47,3
21410006526000;12;8;4;42,8
21410006533000;11;4;7;37,2
21410006545000;20;12;8;34,0
21410006546000;4;2;2;0,0
21410006564000;8;5;3;60,6
21410006580000;16;9;7;39,3
21410006581000;10;6;4;30,4
21410006590000;30;14;16;47,0
21410006591000;16;8;8;46,9
21410006604000;6;3;3;45,3
21410006609000;34;17;17;37,4
21410006610000;2;1;1;0,0
21410006611000;2;1;1;0,0
21410006613000;10;4;6;43,3
21410006614000;9;5;4;42,8
21410006615000;8;4;4;39,8
21410006623000;15;9;6;40,0
21410006624000;41;24;17;38,0
21410006625000;22;12;10;47,9
21410006648000;2;1;1;0,0
21410006655000;476;225;251;48,4
21410006704000;30;13;17;40,1
21410006705000;4;2;2;0,0
21410006710000;2;1;1;0,0
21410006715000;12;5;7;50,0
21410006734000;12;6;6;42,4
21410006735000;17;8;9;47,2
21410006740000;1;1;0;0,0
21410006741000;18;9;9;39,2
21410006746000;7;4;3;51,3
21410006763000;1;1;0;0,0
21410006766000;22;14;8;29,7
21410006804000;8;5;3;39,4
21410006857000;2;1;1;0,0
21410006881000;3;1;2;0,0
21410006882000;34;21;13;52,5
21410006883000;2;2;0;0,0
21410006930000;6;3;3;72,3
21410006931000;28;13;15;60,3
21410006932000;1;1;0;0,0
21410006968000;2;1;1;0,0
21410006970000;27;15;12;45,9
21410006971000;5;2;3;32,4
21410006979000;73;36;37;40,2
21410006992000;2;0;2;0,0
21410007001000;22;10;12;38,3
21410007004000;6;2;4;30,2
21410007005000;3;1;2;0,0
21410007006000;22;8;14;42,6
21410007007000;54;29;25;45,7
21410007008000;7;3;4;39,3
21410007009000;4;2;2;0,0
21410007012000;20;10;10;41,3
21410007013000;47;28;19;40,1
21410007014000;217;109;108;45,5
21410007015000;153;83;70;36,9
21410007016000;75;40;35;36,2
21410007045000;10;6;4;41,8
21410007046000;9;4;5;60,7
21410007047000;8;4;4;42,5
21410007048000;3;2;1;0,0
21410007049000;6;3;3;63,0
21410007050000;3;1;2;0,0
21410007052000;1;0;1;0,0
21420006494000;1;1;0;0,0
21420006495000;135;70;65;38,4
21420006496000;15;6;9;33,1
21420006497000;17;10;7;39,4
21420006498000;613;288;325;35,1
21420006499000;377;201;176;35,2
21420006500000;789;391;398;41,0
21420006501000;410;183;227;44,6
21420006502000;1;1;0;0,0
21420006504000;39;23;16;43,6
21420006505000;18;9;9;51,9
21420006506000;10;4;6;51,3
21420006509000;31;17;14;37,0
21420006510000;36;17;19;46,8
21420006511000;5;2;3;49,0
21420006514000;1;0;1;0,0
21420006519000;10;3;7;37,4
21420006520000;176;90;86;32,8
21420006521000;35;20;15;40,5
21420006524000;2;1;1;0,0
21420006527000;2;1;1;0,0
21420006532000;4;2;2;0,0
21420006533000;13;6;7;39,0
21420006565000;2;1;1;0,0
21420006573000;6;3;3;12,3
21420006580000;5;3;2;65,4
21420006589000;2;1;1;0,0
21420006591000;4;2;2;0,0
21420006601000;2;1;1;0,0
21420006603000;4;1;3;0,0
21420006604000;4;2;2;0,0
21420006613000;7;3;4;55,6
21420006614000;2;1;1;0,0
21420006623000;19;10;9;40,6
21420006624000;57;28;29;41,1
21420006647000;8;4;4;43,5
21420006654000;2;1;1;0,0
21420006655000;470;229;241;43,6
21420006702000;2;0;2;0,0
21420006703000;10;6;4;43,5
21420006704000;5;2;3;51,0
21420006713000;1;1;0;0,0
21420006715000;1;1;0;0,0
21420006716000;9;6;3;32,2
21420006735000;29;16;13;54,9
21420006740000;18;9;9;40,2
21420006741000;1;0;1;0,0
21420006747000;18;11;7;42,4
21420006749000;1;0;1;0,0
21420006766000;18;9;9;46,1
21420006773000;4;3;1;0,0
21420006774000;1;1;0;0,0
21420006804000;17;10;7;41,0
21420006822000;1;0;1;0,0
21420006857000;13;5;8;51,5
21420006881000;16;5;11;44,4
21420006882000;36;19;17;45,8
21420006927000;9;4;5;52,6
21420006928000;2;1;1;0,0
21420006968000;1;1;0;0,0
21420006969000;14;7;7;57,1
21420006970000;8;4;4;33,1
21420006979000;80;44;36;46,3
21420006990000;8;4;4;61,6
21420006991000;2;0;2;0,0
21420006992000;1;1;0;0,0
21420007000000;4;3;1;0,0
21420007005000;16;10;6;40,6
21420007007000;4;2;2;0,0
21420007009000;1;1;0;0,0
21420007023000;16;7;9;36,0
21420007045000;5;2;3;41,8
21420007046000;6;4;2;49,7
21420007047000;1;1;0;0,0
21420007049000;4;2;2;0,0
21420007051000;33;16;17;53,0
21420007052000;82;43;39;46,3
21430006495000;31;17;14;46,0
21430006496000;10;7;3;43,7
21430006497000;80;38;42;39,7
21430006498000;116;57;59;38,0
21430006499000;178;90;88;37,6
21430006500000;246;134;112;36,8
21430006501000;158;75;83;39,7
21430006502000;73;34;39;38,0
21430006503000;60;33;27;37,6
21430006504000;13;7;6;39,0
21430006505000;6;4;2;32,8
21430006507000;3;1;2;0,0
21430006509000;2;1;1;0,0
21430006510000;29;11;18;44,3
21430006511000;10;5;5;66,1
21430006514000;132;66;66;34,5
21430006515000;139;65;74;32,4
21430006516000;14;7;7;56,6
21430006517000;10;5;5;60,6
21430006518000;8;3;5;53,0
21430006519000;2;1;1;0,0
21430006523000;7;4;3;42,4
21430006524000;3;2;1;0,0
21430006526000;17;9;8;25,9
21430006528000;2;2;0;0,0
21430006530000;6;3;3;25,3
21430006532000;32;15;17;41,8
21430006533000;18;6;12;23,9
21430006564000;6;4;2;71,5
21430006580000;3;1;2;0,0
21430006589000;3;1;2;0,0
21430006590000;4;1;3;0,0
21430006601000;1;1;0;0,0
21430006602000;6;2;4;56,7
21430006604000;12;6;6;41,0
21430006605000;12;7;5;31,3
21430006608000;7;3;4;57,4
21430006609000;6;3;3;30,0
21430006624000;52;24;28;38,9
21430006625000;13;6;7;35,2
21430006647000;3;1;2;0,0
21430006655000;972;476;496;39,7
21430006690000;1;0;1;0,0
21430006701000;5;3;2;54,0
21430006702000;33;19;14;42,6
21430006703000;17;10;7;30,1
21430006723000;1;0;1;0,0
21430006735000;7;3;4;66,9
21430006736000;17;10;7;36,3
21430006740000;22;10;12;34,5
21430006747000;29;18;11;44,2
21430006748000;12;4;8;47,4
21430006766000;10;5;5;42,7
21430006772000;6;3;3;43,0
21430006773000;9;6;3;44,0
21430006802000;5;3;2;22,4
21430006803000;27;15;12;49,7
21430006804000;14;7;7;38,9
21430006857000;1;1;0;0,0
21430006861000;7;3;4;33,9
21430006881000;24;12;12;40,0
21430006882000;22;8;14;40,4
21430006927000;6;3;3;58,0
21430006979000;43;21;22;40,5
21430006980000;4;2;2;0,0
21430006989000;1;1;0;0,0
21430006991000;14;7;7;30,1
21430006992000;15;10;5;37,7
21430007001000;5;3;2;61,2
21430007005000;15;8;7;39,2
21430007007000;22;10;12;37,5
21430007023000;9;5;4;55,3
21430007024000;2;1;1;0,0
21430007046000;2;1;1;0,0
21430007052000;66;33;33;41,7
21430007053000;42;23;19;51,3
21440006497000;1;1;0;0,0
21440006498000;185;97;88;39,2
21440006499000;133;68;65;37,0
21440006500000;69;32;37;42,1
21440006501000;4;2;2;0,0
21440006502000;69;34;35;38,8
21440006503000;191;95;96;34,0
21440006504000;3;2;1;0,0
21440006507000;5;2;3;32,4
21440006508000;20;8;12;38,6
21440006509000;21;13;8;33,4
21440006510000;45;24;21;37,1
21440006511000;57;30;27;48,8
21440006512000;46;23;23;47,3
21440006513000;112;60;52;43,1
21440006514000;84;47;37;42,2
21440006515000;19;9;10;42,1
21440006516000;22;11;11;35,4
21440006517000;8;5;3;54,4
21440006518000;3;3;0;0,0
21440006519000;4;1;3;0,0
21440006524000;2;1;1;0,0
21440006525000;9;7;2;46,3
21440006526000;29;15;14;41,9
21440006527000;200;105;95;33,1
21440006528000;152;79;73;35,3
21440006529000;12;6;6;42,2
21440006530000;3;1;2;0,0
21440006531000;21;11;10;40,1
21440006533000;22;10;12;44,4
21440006534000;11;8;3;26,8
21440006563000;4;2;2;0,0
21440006564000;5;3;2;44,6
21440006573000;6;4;2;46,0
21440006580000;33;19;14;47,4
21440006581000;22;13;9;39,7
21440006590000;5;2;3;47,4
21440006602000;1;1;0;0,0
21440006603000;1;1;0;0,0
21440006604000;7;3;4;48,3
21440006605000;14;4;10;35,4
21440006607000;10;4;6;27,5
21440006623000;22;12;10;33,8
21440006624000;46;19;27;49,0
21440006625000;18;8;10;51,4
21440006626000;1;0;1;0,0
21440006654000;78;39;39;39,6
21440006655000;426;204;222;46,5
21440006699000;1;0;1;0,0
21440006701000;33;15;18;42,5
21440006702000;2;1;1;0,0
21440006714000;2;1;1;0,0
21440006736000;19;10;9;47,1
21440006737000;9;5;4;55,6
21440006739000;11;6;5;46,6
21440006740000;1;1;0;0,0
21440006746000;33;17;16;34,8
21440006747000;106;47;59;38,0
21440006748000;13;8;5;27,4
21440006765000;1;1;0;0,0
21440006766000;26;13;13;35,6
21440006767000;2;1;1;0,0
21440006771000;4;2;2;0,0
21440006772000;15;9;6;50,1
21440006799000;12;7;5;31,4
21440006800000;14;6;8;38,9
21440006801000;4;2;2;0,0
21440006802000;11;6;5;45,0
21440006803000;24;12;12;37,9
21440006861000;6;3;3;22,5
21440006879000;3;2;1;0,0
21440006880000;13;4;9;36,4
21440006881000;37;20;17;55,4
21440006919000;8;4;4;47,5
21440006924000;2;1;1;0,0
21440006976000;1;1;0;0,0
21440006977000;7;7;0;44,6
21440006979000;157;75;82;43,4
21440006984000;3;2;1;0,0
21440006993000;3;2;1;0,0
21440007001000;13;7;6;61,0
21440007005000;1;1;0;0,0
21440007006000;81;40;41;34,6
21440007007000;8;4;4;28,9
21440007008000;3;2;1;0,0
21440007009000;27;9;18;35,0
21440007022000;10;6;4;50,3
21440007023000;13;6;7;49,6
21440007024000;38;22;16;40,0
21440007044000;7;3;4;44,0
21440007052000;46;25;21;42,2
21440007053000;16;11;5;41,9
21450006498000;20;10;10;49,6
21450006499000;21;9;12;38,5
21450006500000;90;49;41;41,0
21450006501000;16;8;8;47,8
21450006502000;20;12;8;48,7
21450006503000;126;64;62;45,5
21450006504000;4;2;2;0,0
21450006505000;20;10;10;53,3
21450006506000;19;8;11;40,5
21450006507000;55;29;26;39,9
21450006508000;15;8;7;39,0
21450006514000;48;33;15;38,2
21450006515000;29;14;15;32,3
21450006519000;1;1;0;0,0
21450006524000;6;4;2;31,5
21450006525000;7;4;3;55,0
21450006527000;4;2;2;0,0
21450006528000;303;124;179;48,6
21450006529000;56;30;26;35,0
21450006530000;29;15;14;42,4
21450006531000;4;2;2;0,0
21450006532000;5;2;3;34,8
21450006533000;23;11;12;31,3
21450006534000;23;12;11;43,8
21450006535000;2;1;1;0,0
21450006538000;5;2;3;39,8
21450006563000;2;1;1;0,0
21450006564000;8;5;3;45,5
21450006572000;11;7;4;37,4
21450006573000;11;5;6;58,9
21450006574000;5;2;3;63,4
21450006577000;2;1;1;0,0
21450006579000;4;4;0;0,0
21450006581000;17;9;8;33,9
21450006582000;6;3;3;58,2
21450006583000;13;7;6;49,8
21450006584000;5;3;2;23,0
21450006585000;8;6;2;45,6
21450006586000;1;1;0;0,0
21450006591000;1;1;0;0,0
21450006592000;1;1;0;0,0
21450006601000;2;1;1;0,0
21450006604000;6;5;1;53,2
21450006605000;4;3;1;0,0
21450006607000;9;5;4;45,3
21450006624000;33;16;17;48,9
21450006654000;1;0;1;0,0
21450006655000;161;84;77;48,9
21450006669000;2;1;1;0,0
21450006670000;2;1;1;0,0
21450006696000;2;0;2;0,0
21450006697000;4;2;2;0,0
21450006699000;9;7;2;44,6
21450006700000;4;3;1;0,0
21450006723000;4;3;1;0,0
21450006737000;229;104;125;36,2
21450006738000;172;87;85;36,4
21450006739000;1;0;1;0,0
21450006745000;4;1;3;0,0
21450006746000;29;15;14;46,3
21450006747000;36;17;19;45,3
21450006763000;3;2;1;0,0
21450006766000;32;15;17;36,3
21450006767000;14;8;6;43,9
21450006799000;36;21;15;46,3
21450006800000;17;7;10;35,8
21450006802000;2;1;1;0,0
21450006858000;2;1;1;0,0
21450006859000;3;2;1;0,0
21450006861000;7;4;3;61,1
21450006862000;6;4;2;38,5
21450006878000;2;1;1;0,0
21450006879000;26;11;15;46,6
21450006880000;50;26;24;46,1
21450006881000;28;12;16;38,5
21450006919000;8;2;6;50,9
21450006923000;6;3;3;36,7
21450006924000;2;1;1;0,0
21450006975000;18;7;11;37,3
21450006978000;12;6;6;46,7
21450006979000;322;156;166;40,8
21450006980000;20;12;8;45,1
21450006992000;7;5;2;54,4
21450006994000;5;2;3;74,6
21450006995000;2;1;1;0,0
21450007001000;5;1;4;44,2
21450007005000;4;1;3;0,0
21450007006000;36;12;24;60,4
21450007007000;9;4;5;47,7
21450007009000;27;15;12;42,0
21450007010000;2;1;1;0,0
21450007012000;31;15;16;40,4
21450007013000;14;8;6;42,1
21450007015000;6;4;2;29,2
21450007021000;9;4;5;42,3
21450007022000;132;68;64;42,4
21450007023000;32;19;13;44,0
21450007024000;2;1;1;0,0
21450007025000;9;4;5;35,2
21450007044000;3;2;1;0,0
21450007045000;19;8;11;39,6
21450007053000;41;20;21;44,3
21460006500000;16;10;6;34,0
21460006501000;34;16;18;44,9
21460006502000;66;34;32;42,4
21460006503000;46;20;26;41,8
21460006504000;25;11;14;50,1
21460006505000;19;9;10;41,1
21460006506000;1;0;1;0,0
21460006508000;2;1;1;0,0
21460006513000;31;19;12;28,4
21460006514000;240;123;117;39,0
21460006515000;36;20;16;38,1
21460006516000;47;21;26;38,8
21460006517000;3;2;1;0,0
21460006523000;3;2;1;0,0
21460006528000;164;86;78;38,2
21460006531000;1;1;0;0,0
21460006535000;6;4;2;63,3
21460006536000;18;8;10;36,9
21460006537000;1;0;1;0,0
21460006565000;5;2;3;30,2
21460006566000;6;3;3;31,0
21460006572000;16;7;9;44,4
21460006573000;78;43;35;45,5
21460006574000;46;22;24;53,6
21460006575000;9;4;5;37,3
21460006577000;12;6;6;42,1
21460006578000;9;7;2;41,0
21460006581000;5;2;3;32,6
21460006594000;6;3;3;49,3
21460006607000;6;4;2;42,8
21460006624000;19;11;8;44,2
21460006644000;8;5;3;46,4
21460006655000;216;116;100;46,2
21460006668000;4;3;1;0,0
21460006669000;19;12;7;35,9
21460006677000;4;1;3;0,0
21460006697000;15;7;8;50,0
21460006698000;15;8;7;32,3
21460006737000;293;147;146;40,6
21460006738000;268;132;136;45,8
21460006739000;74;41;33;39,4
21460006743000;23;14;9;35,1
21460006744000;29;14;15;35,7
21460006745000;46;25;21;34,8
21460006746000;12;6;6;43,4
21460006763000;2;1;1;0,0
21460006764000;1;1;0;0,0
21460006766000;215;107;108;34,6
21460006767000;58;35;23;41,7
21460006799000;10;6;4;25,5
21460006859000;5;3;2;39,8
21460006860000;22;12;10;55,0
21460006861000;7;4;3;48,9
21460006877000;1;1;0;0,0
21460006878000;71;36;35;39,0
21460006879000;452;236;216;47,0
21460006880000;101;43;58;47,1
21460006919000;15;8;7;35,6
21460006922000;11;6;5;39,7
21460006964000;15;7;8;46,4
21460006975000;11;7;4;51,0
21460006978000;31;13;18;34,7
21460006979000;262;135;127;47,4
21460006980000;78;37;41;44,0
21460006992000;7;4;3;68,1
21460006993000;2;1;1;0,0
21460006995000;11;7;4;50,2
21460006999000;11;5;6;47,5
21460007000000;1;0;1;0,0
21460007004000;8;6;2;38,6
21460007005000;17;7;10;43,7
21460007006000;30;17;13;36,5
21460007007000;17;9;8;51,4
21460007008000;14;7;7;50,9
21460007009000;10;4;6;33,8
21460007011000;15;9;6;47,6
21460007012000;100;47;53;45,2
21460007013000;10;4;6;49,7
21460007014000;13;6;7;45,1
21460007015000;3;2;1;0,0
21460007021000;15;10;5;47,9
21460007022000;18;9;9;55,7
21460007027000;2;1;1;0,0
21460007053000;6;4;2;30,5
21470006501000;5;3;2;46,8
21470006502000;8;4;4;61,8
21470006503000;54;25;29;46,4
21470006505000;84;46;38;39,9
21470006506000;26;14;12;47,3
21470006507000;8;5;3;36,5
21470006508000;21;11;10;41,4
21470006509000;30;16;14;46,1
21470006510000;19;9;10;40,1
21470006511000;16;8;8;35,8
21470006512000;202;95;107;32,2
21470006513000;658;329;329;41,9
21470006514000;928;423;505;48,4
21470006515000;6;3;3;48,5
21470006516000;34;23;11;44,7
21470006517000;10;3;7;48,7
21470006518000;10;5;5;49,4
21470006528000;26;12;14;31,2
21470006530000;8;3;5;38,0
21470006534000;9;5;4;48,7
21470006537000;15;6;9;45,4
21470006565000;1;1;0;0,0
21470006566000;7;4;3;59,6
21470006567000;2;1;1;0,0
21470006570000;1;1;0;0,0
21470006572000;10;5;5;31,4
21470006573000;13;7;6;41,4
21470006593000;2;1;1;0,0
21470006594000;1;1;0;0,0
21470006603000;4;2;2;0,0
21470006605000;2;1;1;0,0
21470006624000;9;6;3;55,6
21470006640000;4;3;1;0,0
21470006655000;116;53;63;33,6
21470006656000;43;23;20;46,4
21470006665000;5;4;1;24,2
21470006668000;25;15;10;47,3
21470006683000;11;6;5;32,8
21470006697000;19;10;9;42,2
21470006737000;81;38;43;33,2
21470006738000;472;251;221;43,1
21470006739000;67;31;36;40,9
21470006740000;5;2;3;37,4
21470006742000;11;8;3;40,7
21470006743000;59;29;30;42,3
21470006744000;23;10;13;44,1
21470006745000;7;4;3;29,3
21470006746000;1;0;1;0,0
21470006765000;9;3;6;57,2
21470006766000;38;22;16;44,7
21470006767000;11;6;5;46,5
21470006798000;10;4;6;29,6
21470006860000;49;30;19;44,0
21470006861000;3;2;1;0,0
21470006877000;24;10;14;38,2
21470006878000;28;17;11;43,9
21470006879000;2;1;1;0,0
21470006919000;2;1;1;0,0
21470006921000;20;9;11;35,1
21470006922000;19;11;8;45,6
21470006961000;1;0;1;0,0
21470006963000;35;19;16;43,7
21470006964000;12;4;8;50,7
21470006965000;8;4;4;48,0
21470006966000;31;18;13;45,2
21470006967000;16;10;6;49,7
21470006968000;31;14;17;43,6
21470006969000;28;12;16;43,0
21470006975000;35;22;13;43,7
21470006979000;140;70;70;38,1
21470006980000;98;47;51;44,4
21470006981000;11;4;7;36,3
21470006992000;9;7;2;43,4
21470006993000;8;4;4;27,4
21470006999000;4;3;1;0,0
21470007000000;4;2;2;0,0
21470007003000;6;2;4;43,3
21470007004000;30;16;14;28,9
21470007005000;6;3;3;31,2
21470007007000;2;1;1;0,0
21470007008000;11;7;4;57,9
21470007010000;22;14;8;46,6
21470007011000;19;8;11;52,7
21470007012000;2;1;1;0,0
21470007015000;24;12;12;55,5
21470007020000;4;1;3;0,0
21470007021000;20;13;7;38,7
21470007026000;30;20;10;36,0
21470007027000;10;6;4;24,3
21470007052000;4;1;3;0,0
21470007053000;4;1;3;0,0
21480006504000;18;8;10;45,0
21480006505000;21;11;10;61,0
21480006506000;48;19;29;63,8
21480006507000;79;46;33;37,4
21480006508000;3;1;2;0,0
21480006510000;8;4;4;50,3
21480006511000;48;21;27;36,8
21480006512000;19;10;9;41,5
21480006513000;43;22;21;46,7
21480006514000;331;166;165;39,3
21480006516000;14;8;6;31,5
21480006517000;84;39;45;38,3
21480006518000;4;2;2;0,0
21480006524000;2;1;1;0,0
21480006525000;1;1;0;0,0
21480006526000;24;11;13;35,8
21480006528000;10;5;5;26,2
21480006529000;17;10;7;38,9
21480006531000;9;5;4;32,1
21480006532000;3;2;1;0,0
21480006541000;5;2;3;41,4
21480006569000;5;2;3;35,0
21480006570000;8;5;3;53,5
21480006571000;2;0;2;0,0
21480006592000;1;1;0;0,0
21480006593000;5;2;3;57,2
21480006603000;2;2;0;0,0
21480006623000;1;1;0;0,0
21480006640000;3;1;2;0,0
21480006642000;2;1;1;0,0
21480006652000;1;1;0;0,0
21480006656000;15;12;3;43,0
21480006657000;40;22;18;37,8
21480006658000;1;0;1;0,0
21480006667000;19;9;10;45,7
21480006668000;5;2;3;48,8
21480006676000;3;2;1;0,0
21480006682000;13;6;7;64,6
21480006683000;1;1;0;0,0
21480006697000;19;7;12;51,4
21480006737000;20;10;10;52,9
21480006738000;350;157;193;50,6
21480006739000;397;183;214;45,5
21480006740000;3;1;2;0,0
21480006741000;7;5;2;42,7
21480006742000;27;12;15;44,9
21480006743000;2;2;0;0,0
21480006752000;1;1;0;0,0
21480006764000;10;9;1;39,8
21480006765000;18;10;8;58,4
21480006766000;18;9;9;34,7
21480006797000;1;1;0;0,0
21480006860000;17;10;7;49,2
21480006861000;22;9;13;48,2
21480006877000;19;7;12;30,7
21480006878000;77;41;36;42,4
21480006879000;14;7;7;41,5
21480006919000;3;2;1;0,0
21480006920000;2;1;1;0,0
21480006921000;27;12;15;36,0
21480006922000;13;7;6;37,8
21480006945000;10;5;5;57,3
21480006965000;18;11;7;44,9
21480006966000;18;9;9;51,7
21480006967000;56;29;27;44,0
21480006968000;36;19;17;42,6
21480006969000;32;17;15;33,8
21480006974000;2;1;1;0,0
21480006975000;8;4;4;31,1
21480006980000;50;27;23;42,0
21480006981000;13;7;6;48,1
21480006992000;33;17;16;41,8
21480006993000;53;25;28;36,2
21480006996000;3;1;2;0,0
21480006997000;97;55;42;41,5
21480006998000;4;4;0;0,0
21480007001000;2;1;1;0,0
21480007008000;36;18;18;39,8
21480007009000;50;26;24;43,7
21480007010000;14;8;6;48,4
21480007011000;33;23;10;42,2
21480007015000;10;4;6;29,1
21480007016000;2;0;2;0,0
21480007020000;1;1;0;0,0
21480007026000;49;24;25;43,4
21480007027000;1;1;0;0,0
21480007053000;5;4;1;41,8
21490006504000;53;32;21;45,9
21490006505000;154;73;81;44,1
21490006506000;330;164;166;45,1
21490006507000;30;17;13;41,6
21490006508000;20;11;9;49,3
21490006509000;1;0;1;0,0
21490006511000;72;37;35;48,7
21490006512000;40;20;20;44,3
21490006513000;12;5;7;47,4
21490006514000;95;47;48;36,4
21490006516000;5;2;3;14,0
21490006517000;42;21;21;40,3
21490006524000;1;0;1;0,0
21490006525000;3;2;1;0,0
21490006526000;1;0;1;0,0
21490006527000;2;1;1;0,0
21490006528000;12;5;7;42,3
21490006530000;2;1;1;0,0
21490006540000;12;5;7;58,8
21490006541000;2;1;1;0,0
21490006567000;24;14;10;38,3
21490006568000;18;9;9;47,6
21490006569000;17;10;7;32,4
21490006605000;7;3;4;37,6
21490006624000;8;4;4;56,6
21490006625000;1;1;0;0,0
21490006640000;13;7;6;41,8
21490006644000;1;1;0;0,0
21490006645000;4;3;1;0,0
21490006654000;28;11;17;38,1
21490006658000;25;13;12;50,7
21490006659000;3;2;1;0,0
21490006665000;5;3;2;46,8
21490006666000;23;11;12;31,8
21490006667000;19;8;11;50,8
21490006681000;6;5;1;34,3
21490006682000;39;19;20;43,7
21490006697000;5;3;2;30,4
21490006737000;7;3;4;41,6
21490006738000;8;3;5;48,6
21490006739000;83;40;43;46,4
21490006740000;9;5;4;60,6
21490006741000;61;31;30;40,1
21490006742000;2;2;0;0,0
21490006764000;20;9;11;32,2
21490006765000;258;132;126;36,7
21490006860000;1;1;0;0,0
21490006861000;34;22;12;35,1
21490006878000;69;32;37;43,9
21490006879000;33;16;17;46,8
21490006919000;6;2;4;42,5
21490006921000;1;1;0;0,0
21490006944000;15;8;7;55,0
21490006945000;14;6;8;39,0
21490006946000;3;2;1;0,0
21490006953000;1;1;0;0,0
21490006954000;2;0;2;0,0
21490006956000;8;4;4;49,1
21490006980000;21;9;12;50,1
21490006981000;37;22;15;49,8
21490006984000;37;18;19;42,5
21490006985000;84;46;38;40,8
21490006988000;12;7;5;38,6
21490006989000;6;6;0;44,5
21490006992000;34;18;16;41,3
21490006993000;80;45;35;42,0
21490006995000;5;3;2;60,0
21490006996000;14;8;6;39,4
21490006997000;19;10;9;41,6
21490007008000;2;1;1;0,0
21490007009000;15;7;8;42,3
21490007020000;10;7;3;48,8
21490007024000;3;2;1;0,0
21490007026000;32;14;18;38,3
21490007027000;78;40;38;43,6
21490007041000;2;2;0;0,0
21490007043000;4;0;4;0,0
21490007054000;14;8;6;37,3
21490007061000;2;1;1;0,0
21490007062000;135;67;68;45,5
21500006505000;34;15;19;43,9
21500006506000;164;74;90;38,1
21500006507000;52;26;26;42,9
21500006508000;15;10;5;37,5
21500006510000;5;3;2;29,8
21500006511000;22;11;11;51,0
21500006512000;1;1;0;0,0
21500006515000;3;3;0;0,0
21500006517000;8;4;4;42,4
21500006518000;8;3;5;50,1
21500006519000;4;1;3;0,0
21500006524000;5;3;2;13,4
21500006527000;12;5;7;44,1
21500006528000;27;16;11;25,5
21500006532000;5;4;1;39,0
21500006533000;4;2;2;0,0
21500006534000;23;9;14;38,7
21500006542000;6;2;4;45,0
21500006567000;20;7;13;42,9
21500006568000;92;50;42;38,5
21500006569000;3;2;1;0,0
21500006605000;13;7;6;42,9
21500006624000;1;1;0;0,0
21500006625000;4;1;3;0,0
21500006639000;2;1;1;0,0
21500006640000;13;4;9;29,8
21500006641000;4;3;1;0,0
21500006659000;137;68;69;42,0
21500006660000;15;9;6;49,2
21500006665000;2;1;1;0,0
21500006666000;139;65;74;47,3
21500006667000;23;12;11;38,5
21500006673000;1;0;1;0,0
21500006674000;1;1;0;0,0
21500006675000;4;2;2;0,0
21500006676000;2;0;2;0,0
21500006681000;8;4;4;49,0
21500006682000;12;6;6;39,3
21500006697000;3;1;2;0,0
21500006740000;93;51;42;38,6
21500006741000;81;44;37;36,9
21500006763000;24;12;12;35,5
21500006764000;383;183;200;40,3
21500006765000;171;91;80;39,8
21500006796000;2;1;1;0,0
21500006850000;5;4;1;23,2
21500006861000;2;1;1;0,0
21500006862000;2;1;1;0,0
21500006878000;43;21;22;46,2
21500006879000;107;49;58;44,6
21500006918000;7;5;2;60,9
21500006919000;1;0;1;0,0
21500006980000;2;1;1;0,0
21500006981000;57;32;25;42,5
21500006983000;11;6;5;53,5
21500006984000;17;10;7;37,0
21500006985000;130;68;62;43,3
21500006986000;23;14;9;43,0
21500006994000;7;5;2;48,0
21500006995000;2;0;2;0,0
21500006996000;5;2;3;66,6
21500007009000;9;4;5;53,4
21500007026000;13;9;4;36,6
21500007027000;101;53;48;51,7
21500007039000;2;1;1;0,0
21500007043000;9;3;6;36,9
21500007061000;100;46;54;40,2
21500007062000;73;34;39;51,9
21510006507000;27;13;14;51,5
21510006508000;57;27;30;44,9
21510006509000;73;34;39;37,0
21510006510000;15;9;6;57,4
21510006511000;23;9;14;52,2
21510006512000;15;7;8;49,5
21510006518000;12;8;4;42,8
21510006519000;117;60;57;38,4
21510006522000;4;3;1;0,0
21510006523000;1;0;1;0,0
21510006524000;5;3;2;21,0
21510006528000;2;1;1;0,0
21510006529000;3;0;3;0,0
21510006530000;10;4;6;16,6
21510006536000;2;1;1;0,0
21510006542000;30;17;13;33,5
21510006543000;43;23;20;45,4
21510006546000;7;2;5;32,6
21510006547000;10;6;4;42,7
21510006567000;27;10;17;37,1
21510006568000;2;1;1;0,0
21510006569000;6;2;4;42,0
21510006604000;10;5;5;61,0
21510006605000;16;8;8;44,0
21510006625000;19;9;10;35,8
21510006627000;1;1;0;0,0
21510006637000;5;4;1;27,4
21510006640000;63;34;29;42,3
21510006641000;4;2;2;0,0
21510006659000;235;111;124;41,5
21510006660000;10;4;6;57,1
21510006665000;8;3;5;69,4
21510006666000;40;21;19;39,9
21510006667000;27;14;13;39,9
21510006668000;28;17;11;43,0
21510006669000;26;16;10;41,9
21510006670000;11;8;3;33,6
21510006671000;5;3;2;52,6
21510006672000;22;12;10;41,0
21510006673000;10;7;3;44,8
21510006674000;19;11;8;49,9
21510006681000;8;3;5;64,0
21510006697000;7;4;3;44,7
21510006739000;9;5;4;38,2
21510006740000;12;5;7;33,1
21510006741000;53;27;26;34,0
21510006742000;13;5;8;32,5
21510006762000;31;14;17;36,6
21510006763000;10;6;4;49,8
21510006764000;56;30;26;38,1
21510006794000;7;4;3;42,1
21510006795000;6;2;4;42,3
21510006863000;10;5;5;48,3
21510006864000;15;10;5;47,5
21510006878000;39;19;20;41,8
21510006879000;44;22;22;52,4
21510006880000;7;5;2;45,6
21510006918000;15;6;9;54,5
21510006981000;73;42;31;29,1
21510006982000;5;3;2;28,0
21510006998000;1;0;1;0,0
21510006999000;27;16;11;39,0
21510007003000;3;1;2;0,0
21510007007000;14;8;6;30,7
21510007009000;5;2;3;22,4
21510007010000;8;4;4;53,5
21510007016000;8;3;5;55,3
21510007020000;13;7;6;45,5
21510007021000;3;2;1;0,0
21510007028000;11;6;5;46,8
21510007039000;21;9;12;48,0
21510007041000;4;2;2;0,0
21510007043000;7;4;3;32,4
21510007056000;40;18;22;42,6
21520006507000;7;4;3;62,3
21520006508000;30;17;13;46,8
21520006509000;28;14;14;38,5
21520006511000;1;1;0;0,0
21520006512000;12;5;7;42,5
21520006513000;7;5;2;62,9
21520006519000;13;8;5;57,5
21520006520000;127;63;64;45,8
21520006521000;61;29;32;37,7
21520006526000;19;11;8;39,6
21520006530000;5;2;3;35,0
21520006536000;1;1;0;0,0
21520006542000;4;1;3;0,0
21520006543000;41;25;16;48,7
21520006544000;64;38;26;36,8
21520006545000;8;2;6;35,3
21520006546000;5;4;1;22,6
21520006567000;10;6;4;45,4
21520006568000;1;1;0;0,0
21520006569000;2;1;1;0,0
21520006603000;15;9;6;43,1
21520006604000;60;34;26;46,9
21520006605000;44;25;19;42,1
21520006606000;5;2;3;18,4
21520006625000;10;6;4;52,3
21520006627000;2;1;1;0,0
21520006636000;4;2;2;0,0
21520006637000;2;1;1;0,0
21520006638000;4;2;2;0,0
21520006639000;24;12;12;63,7
21520006641000;7;4;3;68,7
21520006659000;18;9;9;61,9
21520006665000;32;16;16;31,0
21520006666000;43;25;18;41,9
21520006667000;11;6;5;40,2
21520006672000;7;3;4;41,4
21520006679000;6;3;3;41,2
21520006680000;12;6;6;40,3
21520006697000;3;2;1;0,0
21520006722000;1;1;0;0,0
21520006740000;11;7;4;47,9
21520006741000;70;35;35;41,6
21520006742000;10;4;6;40,0
21520006761000;42;21;21;41,4
21520006762000;1;1;0;0,0
21520006763000;17;9;8;44,4
21520006764000;18;9;9;53,0
21520006793000;19;11;8;48,8
21520006794000;75;34;41;44,0
21520006797000;5;2;3;62,6
21520006865000;14;3;11;34,9
21520006877000;22;10;12;47,8
21520006878000;58;31;27;47,4
21520006879000;38;21;17;42,1
21520006918000;8;5;3;58,5
21520006968000;1;1;0;0,0
21520006981000;34;15;19;55,1
21520006982000;9;2;7;26,8
21520006987000;1;0;1;0,0
21520006989000;2;1;1;0,0
21520006990000;7;4;3;32,4
21520006991000;10;4;6;30,9
21520006995000;2;1;1;0,0
21520006997000;22;12;10;41,5
21520006998000;35;18;17;46,3
21520006999000;21;13;8;49,7
21520007007000;8;4;4;24,8
21520007008000;11;8;3;45,2
21520007009000;10;5;5;37,7
21520007010000;22;11;11;56,6
21520007014000;18;10;8;40,8
21520007015000;8;3;5;49,9
21520007020000;6;3;3;57,2
21520007028000;10;4;6;27,0
21520007040000;30;16;14;43,0
21520007041000;14;7;7;48,9
21520007042000;1;1;0;0,0
21520007050000;10;5;5;30,5
21520007051000;10;6;4;39,2
21520007052000;12;5;7;31,3
21520007055000;26;12;14;32,2
21520007056000;134;67;67;43,1
21530006508000;19;11;8;32,8
21530006509000;59;28;31;40,4
21530006512000;1;1;0;0,0
21530006513000;51;23;28;48,2
21530006514000;1;0;1;0,0
21530006516000;2;1;1;0,0
21530006519000;54;28;26;28,7
21530006520000;70;35;35;37,2
21530006521000;59;38;21;41,8
21530006522000;38;20;18;41,8
21530006523000;11;6;5;64,1
21530006525000;3;2;1;0,0
21530006528000;2;1;1;0,0
21530006531000;2;1;1;0,0
21530006534000;15;5;10;42,9
21530006535000;1;0;1;0,0
21530006536000;1;1;0;0,0
21530006542000;3;1;2;0,0
21530006543000;51;29;22;40,6
21530006544000;17;11;6;39,9
21530006566000;3;1;2;0,0
21530006567000;5;4;1;46,6
21530006576000;2;0;2;0,0
21530006581000;5;3;2;43,0
21530006590000;5;3;2;63,2
21530006601000;3;2;1;0,0
21530006602000;24;11;13;26,1
21530006605000;4;2;2;0,0
21530006624000;2;1;1;0,0
21530006625000;18;10;8;52,2
21530006635000;5;3;2;30,2
21530006637000;2;0;2;0,0
21530006638000;7;5;2;65,9
21530006639000;25;11;14;49,0
21530006658000;2;1;1;0,0
21530006659000;94;45;49;41,2
21530006660000;1;1;0;0,0
21530006664000;6;1;5;52,7
21530006666000;4;3;1;0,0
21530006674000;2;1;1;0,0
21530006675000;20;9;11;51,4
21530006676000;2;1;1;0,0
21530006677000;2;2;0;0,0
21530006678000;7;5;2;33,3
21530006697000;8;6;2;60,4
21530006698000;10;6;4;42,5
21530006718000;18;9;9;35,2
21530006739000;1;1;0;0,0
21530006740000;36;16;20;38,3
21530006741000;9;4;5;51,1
21530006742000;8;2;6;42,9
21530006759000;1;0;1;0,0
21530006760000;7;6;1;35,9
21530006761000;103;53;50;39,4
21530006762000;106;53;53;37,7
21530006763000;42;21;21;42,3
21530006793000;157;89;68;34,5
21530006794000;2;2;0;0,0
21530006796000;19;9;10;49,5
21530006797000;2;1;1;0,0
21530006865000;5;2;3;44,4
21530006877000;35;17;18;43,9
21530006878000;40;17;23;37,0
21530006879000;5;3;2;76,0
21530006918000;8;6;2;29,1
21530006919000;2;1;1;0,0
21530006941000;6;4;2;40,0
21530006980000;7;3;4;39,1
21530006981000;9;3;6;46,6
21530006992000;12;7;5;52,0
21530006994000;3;2;1;0,0
21530006995000;10;6;4;31,3
21530006996000;2;1;1;0,0
21530006997000;4;1;3;0,0
21530007007000;13;8;5;36,8
21530007011000;2;1;1;0,0
21530007012000;11;6;5;57,8
21530007013000;6;4;2;53,2
21530007014000;1;1;0;0,0
21530007021000;2;1;1;0,0
21530007030000;2;2;0;0,0
21530007037000;2;1;1;0,0
21530007038000;4;3;1;0,0
21530007041000;78;28;50;60,6
21530007049000;4;2;2;0,0
21530007051000;21;12;9;46,9
21530007052000;4;1;3;0,0
21530007055000;11;6;5;51,3
21540006509000;6;4;2;46,3
21540006510000;9;4;5;35,0
21540006512000;18;10;8;42,4
21540006513000;121;65;56;35,7
21540006514000;23;10;13;40,1
21540006515000;12;7;5;39,9
21540006516000;10;4;6;21,8
21540006517000;1;1;0;0,0
21540006519000;12;6;6;58,0
21540006521000;11;5;6;26,8
21540006522000;13;7;6;43,6
21540006523000;2;1;1;0,0
21540006524000;3;2;1;0,0
21540006525000;27;15;12;45,0
21540006526000;6;3;3;41,3
21540006527000;6;2;4;28,2
21540006535000;5;2;3;38,8
21540006541000;21;11;10;42,3
21540006542000;32;17;15;35,8
21540006543000;93;53;40;46,0
21540006544000;18;10;8;52,1
21540006566000;6;3;3;41,0
21540006567000;4;2;2;0,0
21540006575000;6;4;2;56,5
21540006576000;3;1;2;0,0
21540006578000;6;3;3;52,3
21540006601000;14;7;7;40,3
21540006602000;71;33;38;42,9
21540006603000;46;24;22;31,9
21540006624000;10;5;5;41,5
21540006625000;21;10;11;45,6
21540006631000;1;1;0;0,0
21540006634000;2;1;1;0,0
21540006635000;14;8;6;34,4
21540006636000;13;8;5;49,8
21540006637000;2;1;1;0,0
21540006638000;37;20;17;41,5
21540006639000;18;9;9;34,9
21540006659000;27;12;15;44,2
21540006660000;2;2;0;0,0
21540006661000;1;0;1;0,0
21540006663000;4;2;2;0,0
21540006664000;4;1;3;0,0
21540006674000;28;17;11;35,8
21540006675000;2;2;0;0,0
21540006697000;19;9;10;51,8
21540006698000;12;7;5;46,1
21540006740000;16;9;7;59,2
21540006742000;46;22;24;46,3
21540006743000;32;17;15;39,2
21540006758000;12;12;0;19,4
21540006760000;7;4;3;58,9
21540006761000;278;143;135;31,3
21540006762000;54;20;34;36,1
21540006793000;102;44;58;48,1
21540006795000;3;1;2;0,0
21540006867000;3;2;1;0,0
21540006868000;10;5;5;28,2
21540006869000;10;4;6;26,0
21540006877000;25;14;11;45,6
21540006878000;24;15;9;45,4
21540006917000;13;7;6;50,6
21540006918000;5;3;2;46,0
21540006980000;52;24;28;46,1
21540006988000;6;4;2;31,2
21540006990000;5;3;2;35,4
21540006991000;1;1;0;0,0
21540006992000;136;68;68;42,8
21540006993000;173;90;83;40,1
21540006994000;320;154;166;45,5
21540006998000;1;1;0;0,0
21540007029000;5;2;3;45,4
21540007030000;3;2;1;0,0
21540007038000;2;0;2;0,0
21540007041000;31;16;15;37,9
21540007048000;6;5;1;54,2
21540007049000;2;1;1;0,0
21540007050000;14;5;9;36,5
21540007051000;15;8;7;36,9
21540007052000;25;12;13;35,7
21540007053000;10;7;3;44,7
21540007054000;2;2;0;0,0
21540007055000;45;24;21;46,5
21550006509000;5;2;3;52,8
21550006510000;93;40;53;44,0
21550006513000;19;10;9;65,7
21550006514000;5;3;2;56,8
21550006515000;2;1;1;0,0
21550006518000;2;1;1;0,0
21550006519000;36;19;17;47,3
21550006520000;3;2;1;0,0
21550006522000;7;4;3;35,7
21550006523000;7;4;3;21,7
21550006524000;44;20;24;37,7
21550006525000;130;72;58;41,0
21550006526000;26;15;11;42,3
21550006532000;5;2;3;56,2
21550006536000;4;2;2;0,0
21550006540000;13;7;6;50,5
21550006541000;154;83;71;42,9
21550006542000;176;93;83;46,8
21550006543000;44;23;21;43,1
21550006544000;24;12;12;29,0
21550006549000;1;1;0;0,0
21550006558000;4;1;3;0,0
21550006565000;2;1;1;0,0
21550006566000;7;3;4;38,6
21550006570000;3;3;0;0,0
21550006571000;2;1;1;0,0
21550006579000;8;5;3;45,3
21550006591000;1;1;0;0,0
21550006597000;3;2;1;0,0
21550006598000;1;0;1;0,0
21550006601000;25;15;10;35,2
21550006602000;11;6;5;37,9
21550006625000;4;2;2;0,0
21550006631000;3;1;2;0,0
21550006632000;10;4;6;39,9
21550006633000;2;1;1;0,0
21550006636000;2;1;1;0,0
21550006660000;7;3;4;59,0
21550006661000;1;1;0;0,0
21550006662000;11;6;5;52,7
21550006663000;3;1;2;0,0
21550006666000;135;53;82;59,0
21550006667000;117;56;61;44,6
21550006670000;1;0;1;0,0
21550006671000;8;4;4;42,1
21550006672000;26;11;15;31,7
21550006673000;12;6;6;33,4
21550006674000;38;19;19;39,4
21550006696000;3;2;1;0,0
21550006697000;66;34;32;43,3
21550006698000;27;18;9;43,2
21550006716000;2;1;1;0,0
21550006719000;7;4;3;37,3
21550006740000;23;10;13;39,9
21550006741000;11;7;4;28,2
21550006742000;62;28;34;45,5
21550006743000;18;9;9;35,1
21550006746000;3;1;2;0,0
21550006758000;17;9;8;39,1
21550006759000;3;0;3;0,0
21550006760000;2;1;1;0,0
21550006761000;35;22;13;51,1
21550006793000;47;25;22;44,3
21550006794000;38;19;19;34,3
21550006869000;9;5;4;44,4
21550006870000;6;3;3;42,7
21550006876000;1;1;0;0,0
21550006877000;17;8;9;45,5
21550006878000;18;11;7;48,2
21550006917000;102;55;47;46,6
21550006918000;19;10;9;45,5
21550006938000;12;5;7;32,3
21550006979000;8;4;4;29,9
21550006980000;11;4;7;53,8
21550006984000;8;3;5;35,8
21550006990000;11;3;8;54,5
21550006991000;14;8;6;33,0
21550006993000;151;73;78;47,3
21550006994000;216;105;111;44,7
21550006995000;26;16;10;45,4
21550006998000;2;2;0;0,0
21550007015000;2;1;1;0,0
21550007017000;4;2;2;0,0
21550007026000;5;2;3;59,8
21550007027000;18;10;8;46,2
21550007028000;10;7;3;52,3
21550007029000;7;4;3;58,3
21550007035000;15;11;4;41,1
21550007041000;4;3;1;0,0
21550007045000;3;2;1;0,0
21550007050000;5;4;1;28,2
21550007052000;16;9;7;36,1
21550007055000;28;12;16;39,9
21560006510000;3;2;1;0,0
21560006513000;13;6;7;57,2
21560006514000;7;4;3;74,4
21560006516000;2;1;1;0,0
21560006518000;10;6;4;43,7
21560006519000;42;20;22;48,0
21560006520000;52;31;21;41,5
21560006523000;7;4;3;66,3
21560006524000;112;60;52;40,8
21560006525000;15;8;7;47,1
21560006527000;29;18;11;43,7
21560006535000;5;2;3;52,4
21560006536000;35;20;15;41,5
21560006539000;3;2;1;0,0
21560006540000;31;12;19;32,4
21560006541000;38;19;19;41,7
21560006542000;111;52;59;41,3
21560006543000;46;22;24;27,3
21560006544000;6;3;3;57,2
21560006565000;22;13;9;43,2
21560006566000;9;6;3;48,9
21560006569000;5;2;3;64,0
21560006571000;22;13;9;53,0
21560006572000;16;7;9;35,7
21560006573000;4;2;2;0,0
21560006574000;13;6;7;34,5
21560006590000;2;1;1;0,0
21560006591000;13;7;6;45,8
21560006597000;2;1;1;0,0
21560006600000;30;20;10;42,6
21560006601000;60;29;31;40,7
21560006625000;19;12;7;51,0
21560006632000;3;1;2;0,0
21560006634000;1;0;1;0,0
21560006660000;6;3;3;40,0
21560006665000;57;23;34;32,5
21560006666000;180;83;97;42,7
21560006667000;37;16;21;43,7
21560006668000;12;4;8;34,4
21560006669000;3;2;1;0,0
21560006670000;35;17;18;52,8
21560006671000;68;32;36;36,1
21560006672000;38;17;21;44,4
21560006673000;4;3;1;0,0
21560006696000;4;2;2;0,0
21560006697000;59;28;31;39,2
21560006698000;22;12;10;36,8
21560006718000;13;10;3;46,4
21560006719000;31;17;14;54,0
21560006741000;77;33;44;42,2
21560006742000;18;8;10;50,7
21560006743000;2;1;1;0,0
21560006758000;15;6;9;39,2
21560006759000;5;4;1;36,4
21560006760000;16;10;6;36,2
21560006793000;17;9;8;36,7
21560006794000;50;23;27;42,6
21560006796000;11;7;4;42,5
21560006870000;15;9;6;46,9
21560006876000;18;8;10;31,1
21560006877000;9;5;4;49,3
21560006878000;36;23;13;36,1
21560006917000;11;7;4;42,2
21560006918000;4;3;1;0,0
21560006979000;3;1;2;0,0
21560006982000;7;4;3;38,3
21560006983000;7;3;4;24,4
21560006987000;11;5;6;53,6
21560006994000;21;11;10;44,9
21560006995000;3;1;2;0,0
21560006999000;8;5;3;59,0
21560007012000;3;2;1;0,0
21560007013000;8;4;4;44,1
21560007015000;10;4;6;57,5
21560007018000;1;0;1;0,0
21560007021000;22;13;9;39,7
21560007022000;6;2;4;40,7
21560007023000;5;4;1;46,2
21560007025000;4;3;1;0,0
21560007026000;25;13;12;38,2
21560007027000;23;13;10;70,7
21560007036000;23;12;11;30,2
21560007041000;20;10;10;39,6
21560007045000;9;3;6;29,0
21560007055000;43;18;25;52,7
21560007056000;47;23;24;43,7
21570006512000;6;3;3;50,8
21570006515000;24;18;6;36,0
21570006516000;42;25;17;42,2
21570006517000;4;2;2;0,0
21570006519000;4;2;2;0,0
21570006520000;46;24;22;51,3
21570006522000;2;1;1;0,0
21570006523000;17;8;9;40,6
21570006524000;99;51;48;41,8
21570006526000;6;4;2;53,0
21570006527000;99;51;48;37,5
21570006528000;176;81;95;41,6
21570006529000;3;1;2;0,0
21570006531000;7;5;2;43,3
21570006532000;108;55;53;39,7
21570006533000;114;60;54;36,1
21570006534000;2;1;1;0,0
21570006535000;64;23;41;62,7
21570006536000;26;14;12;39,2
21570006538000;8;5;3;34,9
21570006539000;34;19;15;42,4
21570006542000;15;7;8;41,1
21570006543000;17;9;8;53,9
21570006565000;32;17;15;33,8
21570006566000;3;2;1;0,0
21570006572000;53;30;23;36,6
21570006573000;31;18;13;30,4
21570006587000;1;1;0;0,0
21570006590000;8;6;2;47,6
21570006591000;39;19;20;33,4
21570006598000;3;2;1;0,0
21570006600000;45;20;25;30,1
21570006601000;28;19;9;32,7
21570006602000;7;2;5;37,0
21570006623000;18;9;9;52,9
21570006624000;96;46;50;47,8
21570006625000;13;7;6;32,8
21570006664000;2;1;1;0,0
21570006667000;6;4;2;29,8
21570006668000;19;10;9;44,3
21570006669000;7;4;3;28,3
21570006670000;18;9;9;57,4
21570006696000;19;9;10;52,7
21570006697000;165;89;76;39,9
21570006698000;2;0;2;0,0
21570006718000;20;11;9;44,4
21570006719000;31;16;15;45,8
21570006741000;171;85;86;46,6
21570006742000;38;20;18;49,0
21570006758000;8;3;5;42,9
21570006759000;2;1;1;0,0
21570006794000;11;5;6;28,2
21570006795000;8;5;3;42,1
21570006796000;9;4;5;41,7
21570006797000;8;3;5;52,0
21570006870000;11;6;5;44,2
21570006871000;15;6;9;38,0
21570006875000;5;3;2;42,8
21570006876000;8;2;6;50,4
21570006877000;8;6;2;35,5
21570006878000;7;4;3;47,1
21570006917000;4;3;1;0,0
21570006918000;20;7;13;37,5
21570006962000;5;2;3;30,0
21570006982000;12;6;6;44,3
21570006987000;11;6;5;42,3
21570006994000;3;1;2;0,0
21570006995000;29;14;15;45,7
21570006999000;6;3;3;60,0
21570007000000;43;21;22;48,3
21570007001000;23;11;12;52,7
21570007011000;31;18;13;36,7
21570007012000;4;3;1;0,0
21570007021000;4;3;1;0,0
21570007024000;4;3;1;0,0
21570007026000;11;7;4;40,8
21570007027000;7;4;3;65,0
21570007029000;1;0;1;0,0
21570007031000;1;0;1;0,0
21570007036000;7;2;5;37,3
21570007042000;3;1;2;0,0
21570007043000;41;22;19;48,1
21570007045000;3;1;2;0,0
21570007050000;2;1;1;0,0
21570007051000;1;0;1;0,0
21570007052000;4;1;3;0,0
21570007053000;2;1;1;0,0
21570007054000;60;34;26;50,2
21570007055000;19;9;10;39,5
21580006515000;70;37;33;38,0
21580006516000;44;19;25;51,6
21580006519000;7;4;3;33,3
21580006520000;13;6;7;46,8
21580006521000;5;4;1;44,8
21580006522000;3;2;1;0,0
21580006523000;50;28;22;42,3
21580006524000;3;2;1;0,0
21580006526000;5;1;4;36,4
21580006527000;6;3;3;60,5
21580006528000;23;10;13;40,4
21580006529000;19;11;8;37,7
21580006530000;40;22;18;38,4
21580006531000;18;9;9;44,8
21580006532000;23;14;9;50,0
21580006533000;142;74;68;43,4
21580006534000;211;100;111;39,4
21580006535000;30;9;21;71,6
21580006536000;50;28;22;43,7
21580006537000;40;23;17;47,8
21580006538000;54;28;26;40,3
21580006539000;18;10;8;47,7
21580006565000;15;6;9;40,3
21580006566000;19;11;8;41,9
21580006567000;1;1;0;0,0
21580006571000;21;13;8;44,2
21580006572000;10;6;4;46,8
21580006590000;2;1;1;0,0
21580006591000;39;21;18;37,7
21580006592000;2;1;1;0,0
21580006598000;10;4;6;33,9
21580006600000;4;2;2;0,0
21580006601000;5;3;2;57,4
21580006602000;44;23;21;33,5
21580006623000;40;21;19;38,2
21580006624000;109;52;57;41,8
21580006625000;100;46;54;33,3
21580006696000;26;15;11;37,8
21580006697000;49;27;22;45,3
21580006718000;9;4;5;51,4
21580006741000;74;43;31;38,3
21580006742000;75;41;34;39,3
21580006756000;4;3;1;0,0
21580006758000;15;9;6;45,3
21580006759000;7;4;3;52,6
21580006797000;23;12;11;40,1
21580006870000;14;7;7;64,6
21580006871000;36;18;18;45,0
21580006875000;31;17;14;44,9
21580006876000;7;4;3;67,6
21580006877000;2;1;1;0,0
21580006916000;10;5;5;35,8
21580006917000;19;11;8;37,3
21580006964000;2;1;1;0,0
21580006976000;12;5;7;49,0
21580006982000;3;2;1;0,0
21580006984000;17;9;8;41,8
21580006985000;16;10;6;46,8
21580006986000;20;11;9;54,7
21580006987000;45;25;20;36,7
21580006995000;34;14;20;35,5
21580007000000;38;22;16;42,6
21580007001000;5;4;1;69,2
21580007002000;11;6;5;44,6
21580007008000;2;1;1;0,0
21580007009000;42;20;22;44,5
21580007010000;17;7;10;34,7
21580007011000;84;40;44;45,5
21580007026000;23;12;11;47,6
21580007027000;7;4;3;31,6
21580007029000;8;5;3;18,9
21580007037000;6;3;3;70,5
21580007043000;36;21;15;40,6
21580007047000;13;7;6;28,9
21580007048000;7;4;3;69,4
21580007049000;13;5;8;27,2
21580007050000;26;16;10;45,6
21580007051000;47;26;21;49,5
21580007052000;68;36;32;37,6
21580007053000;23;13;10;54,1
21590006513000;10;5;5;53,8
21590006514000;59;30;29;52,6
21590006515000;136;75;61;41,6
21590006516000;21;11;10;41,6
21590006517000;1;1;0;0,0
21590006520000;21;10;11;46,4
21590006521000;8;3;5;51,8
21590006523000;40;20;20;42,1
21590006524000;8;4;4;34,4
21590006526000;4;3;1;0,0
21590006527000;14;6;8;45,6
21590006530000;6;3;3;59,8
21590006531000;7;2;5;46,0
21590006532000;5;1;4;50,2
21590006533000;55;25;30;43,0
21590006534000;5;2;3;48,8
21590006535000;14;9;5;43,1
21590006536000;17;10;7;39,1
21590006537000;127;67;60;36,8
21590006538000;11;6;5;50,5
21590006562000;7;4;3;50,4
21590006563000;5;3;2;72,6
21590006564000;9;6;3;23,7
21590006565000;375;182;193;44,3
21590006566000;489;240;249;41,1
21590006567000;37;19;18;32,6
21590006571000;17;8;9;43,5
21590006572000;15;9;6;54,9
21590006590000;2;1;1;0,0
21590006591000;31;15;16;42,5
21590006597000;8;1;7;41,8
21590006598000;9;4;5;45,4
21590006601000;67;37;30;41,4
21590006602000;41;20;21;28,0
21590006603000;6;4;2;50,0
21590006623000;122;61;61;41,3
21590006624000;14;7;7;73,5
21590006625000;9;7;2;27,9
21590006630000;2;1;1;0,0
21590006631000;3;3;0;0,0
21590006659000;8;6;2;60,6
21590006660000;1;0;1;0,0
21590006663000;1;1;0;0,0
21590006696000;32;16;16;46,9
21590006697000;18;9;9;40,2
21590006727000;1;1;0;0,0
21590006741000;30;15;15;25,9
21590006742000;29;16;13;47,0
21590006743000;10;4;6;40,3
21590006757000;21;15;6;48,5
21590006758000;5;2;3;46,2
21590006796000;8;5;3;56,8
21590006797000;16;7;9;43,6
21590006798000;12;7;5;48,6
21590006870000;4;2;2;0,0
21590006871000;42;21;21;48,3
21590006874000;9;5;4;58,8
21590006876000;4;2;2;0,0
21590006915000;9;4;5;30,6
21590006964000;7;5;2;45,1
21590006965000;13;4;9;38,1
21590006975000;1;1;0;0,0
21590006976000;11;4;7;44,3
21590006977000;20;11;9;39,1
21590006984000;36;20;16;39,0
21590006985000;11;6;5;34,0
21590006986000;17;9;8;39,1
21590006987000;19;9;10;52,7
21590006988000;61;34;27;52,0
21590006989000;2;1;1;0,0
21590006994000;24;12;12;42,5
21590006995000;15;10;5;47,6
21590006996000;11;6;5;35,1
21590007011000;43;23;20;35,2
21590007012000;15;8;7;55,6
21590007016000;2;1;1;0,0
21590007017000;6;2;4;62,8
21590007018000;7;2;5;42,3
21590007019000;7;3;4;55,3
21590007025000;2;2;0;0,0
21590007028000;30;16;14;44,6
21590007029000;2;1;1;0,0
21590007044000;59;34;25;34,6
21590007046000;7;4;3;47,1
21590007048000;11;5;6;27,4
21590007051000;10;4;6;55,0
21600006515000;10;6;4;40,6
21600006516000;29;17;12;29,0
21600006517000;10;5;5;49,8
21600006518000;21;10;11;47,2
21600006519000;28;15;13;34,6
21600006520000;44;21;23;42,3
21600006521000;4;2;2;0,0
21600006523000;12;6;6;51,7
21600006524000;2;1;1;0,0
21600006526000;7;1;6;33,0
21600006527000;13;9;4;36,5
21600006530000;6;4;2;30,2
21600006531000;3;0;3;0,0
21600006532000;2;2;0;0,0
21600006533000;2;1;1;0,0
21600006535000;5;2;3;35,6
21600006536000;23;12;11;41,5
21600006537000;84;40;44;39,0
21600006538000;10;6;4;39,2
21600006539000;3;2;1;0,0
21600006549000;28;16;12;38,9
21600006559000;2;0;2;0,0
21600006561000;28;16;12;33,1
21600006562000;45;22;23;40,8
21600006563000;13;7;6;47,2
21600006564000;16;7;9;44,5
21600006565000;211;106;105;33,1
21600006566000;200;85;115;50,2
21600006567000;6;3;3;35,0
21600006570000;1;0;1;0,0
21600006571000;7;4;3;68,0
21600006572000;4;3;1;0,0
21600006587000;12;6;6;43,2
21600006588000;44;26;18;39,3
21600006590000;16;9;7;37,8
21600006591000;4;2;2;0,0
21600006597000;27;16;11;46,6
21600006598000;9;5;4;41,9
21600006600000;9;4;5;39,3
21600006601000;61;32;29;38,3
21600006602000;45;21;24;40,2
21600006603000;82;43;39;44,3
21600006604000;4;2;2;0,0
21600006608000;2;1;1;0,0
21600006623000;9;3;6;44,7
21600006624000;1;1;0;0,0
21600006626000;4;3;1;0,0
21600006629000;5;2;3;39,2
21600006633000;2;1;1;0,0
21600006650000;7;4;3;64,0
21600006651000;3;2;1;0,0
21600006659000;4;2;2;0,0
21600006682000;2;1;1;0,0
21600006695000;1;1;0;0,0
21600006696000;31;16;15;41,6
21600006697000;8;6;2;42,9
21600006699000;1;1;0;0,0
21600006721000;1;1;0;0,0
21600006727000;2;1;1;0,0
21600006741000;10;7;3;40,5
21600006742000;23;12;11;47,5
21600006743000;1;0;1;0,0
21600006752000;7;3;4;41,7
21600006753000;2;2;0;0,0
21600006754000;7;5;2;49,3
21600006757000;19;11;8;59,2
21600006797000;29;13;16;50,1
21600006798000;38;22;16;45,3
21600006871000;16;12;4;54,0
21600006872000;174;98;76;36,6
21600006873000;241;116;125;41,8
21600006874000;4;2;2;0,0
21600006914000;19;9;10;36,5
21600006915000;13;7;6;41,5
21600006965000;12;5;7;46,3
21600006966000;8;4;4;40,5
21600006976000;2;1;1;0,0
21600006983000;2;1;1;0,0
21600006984000;2;0;2;0,0
21600006987000;3;3;0;0,0
21600006988000;10;6;4;20,3
21600006989000;21;8;13;30,9
21600006990000;1;0;1;0,0
21600006992000;3;1;2;0,0
21600006993000;3;2;1;0,0
21600006996000;15;8;7;56,3
21600006997000;33;17;16;34,2
21600007011000;6;4;2;39,7
21600007012000;26;13;13;38,2
21600007013000;13;5;8;48,8
21600007014000;18;6;12;41,1
21600007015000;28;15;13;53,9
21600007016000;3;1;2;0,0
21600007017000;29;16;13;39,8
21600007018000;12;6;6;35,8
21600007026000;7;3;4;27,4
21600007038000;1;0;1;0,0
21600007039000;6;3;3;66,0
21600007044000;2;1;1;0,0
21600007045000;8;3;5;68,3
21600007046000;19;10;9;40,5
21610006519000;2;2;0;0,0
21610006520000;60;26;34;43,7
21610006521000;1;0;1;0,0
21610006523000;46;23;23;39,3
21610006524000;4;1;3;0,0
21610006525000;12;5;7;40,6
21610006526000;5;3;2;65,4
21610006527000;5;3;2;49,4
21610006531000;23;10;13;44,6
21610006537000;10;9;1;42,8
21610006538000;7;3;4;32,3
21610006539000;2;1;1;0,0
21610006548000;3;1;2;0,0
21610006549000;44;21;23;45,8
21610006559000;5;3;2;61,6
21610006560000;3;3;0;0,0
21610006561000;11;6;5;43,5
21610006562000;4;3;1;0,0
21610006566000;40;22;18;40,7
21610006569000;15;11;4;45,8
21610006570000;23;13;10;40,8
21610006587000;34;15;19;39,5
21610006588000;12;7;5;47,5
21610006594000;5;2;3;33,0
21610006596000;8;3;5;57,5
21610006597000;65;34;31;38,6
21610006598000;15;8;7;57,8
21610006599000;24;11;13;36,3
21610006600000;169;87;82;35,5
21610006601000;97;46;51;34,2
21610006602000;47;28;19;38,3
21610006603000;50;27;23;40,4
21610006604000;102;50;52;38,5
21610006605000;43;23;20;34,0
21610006606000;12;6;6;34,7
21610006608000;4;2;2;0,0
21610006621000;15;9;6;34,3
21610006622000;14;9;5;35,3
21610006623000;59;31;28;42,6
21610006629000;7;4;3;51,3
21610006630000;2;1;1;0,0
21610006633000;12;5;7;35,9
21610006636000;2;1;1;0,0
21610006637000;6;4;2;61,3
21610006649000;4;3;1;0,0
21610006659000;6;4;2;29,2
21610006696000;14;8;6;72,4
21610006699000;25;13;12;38,8
21610006715000;1;1;0;0,0
21610006726000;3;1;2;0,0
21610006741000;21;10;11;39,1
21610006742000;14;7;7;46,1
21610006744000;1;1;0;0,0
21610006751000;4;2;2;0,0
21610006752000;12;6;6;43,1
21610006756000;4;1;3;0,0
21610006795000;1;1;0;0,0
21610006797000;2;1;1;0,0
21610006798000;63;31;32;42,6
21610006799000;17;6;11;43,9
21610006872000;324;159;165;45,9
21610006873000;76;42;34;42,6
21610006913000;16;8;8;38,9
21610006914000;15;8;7;45,1
21610006915000;6;4;2;55,0
21610006965000;1;0;1;0,0
21610006966000;9;6;3;51,3
21610006983000;6;3;3;62,3
21610006988000;15;7;8;43,1
21610006989000;1;0;1;0,0
21610006990000;7;2;5;42,9
21610006991000;4;2;2;0,0
21610006992000;6;4;2;53,8
21610006993000;5;1;4;16,0
21610006997000;7;4;3;60,9
21610006998000;1;1;0;0,0
21610007004000;21;12;9;38,8
21610007011000;5;3;2;40,2
21610007013000;12;7;5;55,0
21610007016000;27;11;16;44,3
21610007019000;7;3;4;45,3
21610007025000;11;7;4;42,8
21610007028000;4;3;1;0,0
21620006517000;1;1;0;0,0
21620006519000;9;5;4;42,4
21620006520000;113;57;56;38,1
21620006521000;9;4;5;68,6
21620006522000;4;2;2;0,0
21620006523000;21;14;7;33,1
21620006527000;15;8;7;35,7
21620006528000;5;2;3;48,6
21620006543000;31;14;17;39,4
21620006544000;8;4;4;47,0
21620006546000;20;12;8;44,5
21620006547000;25;10;15;29,6
21620006548000;76;33;43;41,6
21620006549000;70;37;33;36,7
21620006550000;13;7;6;57,5
21620006554000;4;2;2;0,0
21620006559000;8;3;5;47,0
21620006561000;8;5;3;52,1
21620006567000;18;10;8;47,4
21620006568000;22;11;11;41,2
21620006569000;27;11;16;36,9
21620006575000;2;1;1;0,0
21620006587000;61;30;31;37,0
21620006588000;9;3;6;55,4
21620006589000;1;1;0;0,0
21620006593000;17;9;8;44,9
21620006594000;53;29;24;41,7
21620006595000;11;7;4;48,6
21620006596000;19;10;9;45,6
21620006597000;21;9;12;37,8
21620006598000;53;27;26;39,3
21620006599000;81;43;38;44,2
21620006600000;45;22;23;34,4
21620006601000;280;138;142;39,5
21620006602000;196;97;99;40,5
21620006603000;122;57;65;35,8
21620006604000;4;2;2;0,0
21620006605000;43;22;21;40,5
21620006606000;4;3;1;0,0
21620006621000;25;10;15;42,5
21620006622000;18;12;6;32,6
21620006623000;43;24;19;44,3
21620006627000;3;1;2;0,0
21620006629000;1;1;0;0,0
21620006630000;5;3;2;38,0
21620006633000;6;3;3;33,7
21620006636000;2;1;1;0,0
21620006637000;6;4;2;44,5
21620006644000;1;1;0;0,0
21620006645000;1;0;1;0,0
21620006647000;2;1;1;0,0
21620006658000;2;1;1;0,0
21620006695000;5;3;2;20,8
21620006696000;6;4;2;52,8
21620006698000;15;8;7;46,3
21620006726000;1;0;1;0,0
21620006741000;5;2;3;18,4
21620006742000;13;5;8;34,4
21620006743000;1;0;1;0,0
21620006750000;1;0;1;0,0
21620006751000;15;7;8;49,7
21620006756000;1;1;0;0,0
21620006795000;20;13;7;36,9
21620006796000;21;11;10;48,1
21620006797000;23;12;11;46,4
21620006798000;4;1;3;0,0
21620006799000;16;9;7;44,6
21620006872000;88;42;46;33,7
21620006873000;35;13;22;33,5
21620006912000;1;1;0;0,0
21620006913000;5;2;3;23,2
21620006966000;14;9;5;37,9
21620006975000;8;5;3;57,5
21620006984000;2;1;1;0,0
21620006989000;13;6;7;30,3
21620007002000;7;4;3;41,1
21620007004000;21;9;12;40,6
21620007005000;8;4;4;31,0
21620007011000;4;3;1;0,0
21620007016000;122;58;64;46,9
21620007019000;9;5;4;54,6
21620007028000;6;3;3;46,8
21620007031000;4;3;1;0,0
21620007032000;10;5;5;30,7
21630006519000;10;4;6;26,8
21630006520000;6;2;4;45,7
21630006521000;155;79;76;39,4
21630006522000;135;72;63;37,9
21630006523000;20;12;8;44,3
21630006524000;2;1;1;0,0
21630006527000;29;13;16;31,4
21630006529000;5;3;2;36,8
21630006541000;3;2;1;0,0
21630006542000;1;1;0;0,0
21630006544000;12;7;5;58,3
21630006545000;31;13;18;46,3
21630006546000;43;23;20;39,2
21630006547000;41;24;17;36,2
21630006548000;1;1;0;0,0
21630006549000;1;1;0;0,0
21630006550000;57;26;31;42,6
21630006551000;2;1;1;0,0
21630006552000;29;13;16;35,6
21630006560000;10;6;4;49,3
21630006561000;12;5;7;41,0
21630006586000;22;13;9;34,1
21630006587000;122;62;60;36,0
21630006588000;141;67;74;40,7
21630006589000;40;21;19;50,9
21630006590000;17;7;10;34,8
21630006591000;21;10;11;35,7
21630006592000;28;14;14;46,8
21630006593000;24;14;10;45,5
21630006594000;33;19;14;36,8
21630006595000;19;9;10;53,2
21630006596000;1;0;1;0,0
21630006598000;4;1;3;0,0
21630006599000;735;387;348;31,2
21630006600000;685;340;345;39,8
21630006601000;653;305;348;46,9
21630006602000;86;46;40;34,6
21630006603000;44;19;25;46,0
21630006604000;79;37;42;31,4
21630006605000;17;9;8;39,1
21630006610000;1;1;0;0,0
21630006621000;42;25;17;42,0
21630006622000;10;5;5;44,1
21630006623000;6;3;3;57,2
21630006624000;4;1;3;0,0
21630006628000;6;3;3;37,2
21630006630000;25;16;9;37,1
21630006631000;14;7;7;39,4
21630006632000;24;14;10;37,3
21630006633000;9;6;3;36,8
21630006634000;3;2;1;0,0
21630006635000;45;26;19;47,7
21630006636000;11;6;5;28,7
21630006645000;9;6;3;57,6
21630006646000;1;1;0;0,0
21630006649000;4;3;1;0,0
21630006657000;4;3;1;0,0
21630006695000;3;2;1;0,0
21630006697000;12;6;6;36,8
21630006698000;9;4;5;36,9
21630006705000;2;1;1;0,0
21630006707000;16;7;9;33,1
21630006708000;2;1;1;0,0
21630006716000;1;0;1;0,0
21630006726000;2;2;0;0,0
21630006743000;53;28;25;48,2
21630006744000;1;1;0;0,0
21630006750000;18;10;8;41,8
21630006751000;3;1;2;0,0
21630006752000;2;2;0;0,0
21630006755000;3;1;2;0,0
21630006763000;1;1;0;0,0
21630006765000;1;0;1;0,0
21630006795000;5;3;2;19,2
21630006797000;7;4;3;58,0
21630006798000;6;3;3;50,3
21630006873000;47;24;23;43,6
21630006874000;6;4;2;30,8
21630006875000;1;1;0;0,0
21630006912000;16;8;8;46,1
21630006913000;9;5;4;47,0
21630006967000;32;16;16;45,2
21630006968000;59;29;30;33,8
21630006969000;27;17;10;33,3
21630006970000;6;3;3;38,3
21630006971000;42;20;22;50,4
21630006972000;3;2;1;0,0
21630006990000;7;4;3;41,6
21630007003000;38;21;17;41,6
21630007005000;14;6;8;69,4
21630007011000;2;1;1;0,0
21630007012000;9;5;4;48,2
21630007013000;5;3;2;57,8
21630007015000;2;1;1;0,0
21630007016000;102;51;51;46,7
21630007030000;11;6;5;47,7
21630007033000;6;3;3;38,5
21640006518000;21;9;12;50,5
21640006519000;29;17;12;49,5
21640006520000;37;24;13;43,1
21640006521000;149;75;74;36,6
21640006522000;857;418;439;39,8
21640006523000;232;127;105;40,3
21640006524000;13;8;5;36,9
21640006526000;17;9;8;44,1
21640006527000;9;7;2;31,6
21640006528000;3;2;1;0,0
21640006529000;5;4;1;47,4
21640006530000;1;1;0;0,0
21640006542000;3;2;1;0,0
21640006543000;18;10;8;41,1
21640006544000;44;23;21;45,0
21640006545000;17;9;8;38,2
21640006546000;4;1;3;0,0
21640006548000;4;3;1;0,0
21640006549000;6;2;4;42,8
21640006550000;25;13;12;35,1
21640006551000;250;106;144;49,0
21640006552000;28;12;16;34,4
21640006559000;2;1;1;0,0
21640006560000;5;4;1;70,2
21640006561000;4;2;2;0,0
21640006585000;11;5;6;45,5
21640006586000;110;50;60;39,8
21640006587000;577;289;288;42,8
21640006588000;599;283;316;48,2
21640006589000;86;44;42;43,6
21640006590000;28;16;12;48,4
21640006591000;38;21;17;44,0
21640006592000;76;39;37;43,4
21640006593000;22;14;8;42,1
21640006594000;4;2;2;0,0
21640006599000;63;33;30;44,4
21640006600000;453;242;211;38,4
21640006601000;197;96;101;40,1
21640006602000;39;22;17;45,3
21640006603000;79;39;40;42,7
21640006604000;312;158;154;36,6
21640006606000;2;1;1;0,0
21640006607000;10;6;4;45,3
21640006608000;7;2;5;32,1
21640006609000;7;5;2;47,7
21640006619000;1;0;1;0,0
21640006620000;14;7;7;42,8
21640006621000;16;9;7;60,4
21640006622000;24;12;12;52,0
21640006630000;21;10;11;46,9
21640006631000;70;36;34;38,0
21640006632000;92;35;57;55,4
21640006633000;7;5;2;48,1
21640006634000;17;9;8;49,8
21640006635000;33;15;18;39,3
21640006636000;18;10;8;53,8
21640006637000;6;4;2;54,3
21640006638000;6;4;2;52,8
21640006639000;5;3;2;44,6
21640006649000;5;3;2;63,2
21640006650000;4;2;2;0,0
21640006651000;17;10;7;41,4
21640006695000;9;4;5;36,6
21640006696000;160;79;81;40,0
21640006697000;32;14;18;45,7
21640006702000;44;19;25;36,9
21640006713000;3;3;0;0,0
21640006721000;2;1;1;0,0
21640006743000;41;22;19;47,6
21640006744000;4;2;2;0,0
21640006750000;25;14;11;43,7
21640006751000;4;2;2;0,0
21640006752000;11;7;4;57,6
21640006753000;2;1;1;0,0
21640006795000;18;11;7;50,1
21640006796000;12;5;7;45,0
21640006797000;7;3;4;35,4
21640006871000;3;2;1;0,0
21640006873000;42;19;23;41,7
21640006874000;20;11;9;54,5
21640006875000;18;10;8;42,3
21640006912000;42;17;25;46,5
21640006969000;11;4;7;29,1
21640006970000;22;13;9;48,6
21640006971000;45;24;21;38,4
21640007003000;62;31;31;49,6
21640007005000;19;10;9;51,2
21640007012000;76;39;37;47,3
21640007013000;24;14;10;50,9
21640007014000;2;1;1;0,0
21640007016000;23;15;8;30,8
21640007017000;10;7;3;21,5
21640007018000;3;2;1;0,0
21640007019000;5;2;3;72,0
21640007021000;1;1;0;0,0
21640007023000;8;3;5;56,3
21640007024000;5;3;2;59,2
21640007030000;5;4;1;27,8
21640007031000;20;7;13;53,2
21640007032000;1;1;0;0,0
21650006519000;5;3;2;64,6
21650006522000;840;378;462;46,3
21650006523000;908;458;450;44,3
21650006526000;14;6;8;36,1
21650006527000;8;3;5;41,6
21650006528000;7;3;4;31,7
21650006530000;2;1;1;0,0
21650006540000;2;1;1;0,0
21650006543000;18;11;7;42,4
21650006544000;14;7;7;44,4
21650006550000;10;4;6;37,0
21650006551000;32;17;15;38,8
21650006552000;36;18;18;31,9
21650006553000;3;1;2;0,0
21650006559000;3;3;0;0,0
21650006560000;6;3;3;49,7
21650006584000;14;9;5;49,1
21650006585000;16;10;6;54,0
21650006586000;11;3;8;49,6
21650006587000;44;21;23;38,7
21650006588000;46;23;23;43,7
21650006589000;30;15;15;44,6
21650006590000;22;14;8;37,6
21650006591000;16;9;7;48,4
21650006592000;9;4;5;28,6
21650006600000;54;30;24;37,1
21650006601000;36;11;25;33,6
21650006602000;22;12;10;36,1
21650006603000;10;6;4;56,0
21650006608000;2;2;0;0,0
21650006609000;9;4;5;43,8
21650006610000;15;10;5;40,5
21650006620000;51;28;23;42,9
21650006621000;55;30;25;43,3
21650006622000;4;3;1;0,0
21650006630000;15;7;8;34,9
21650006631000;33;19;14;52,2
21650006632000;39;20;19;38,0
21650006635000;4;2;2;0,0
21650006646000;3;1;2;0,0
21650006649000;18;10;8;32,4
21650006650000;21;11;10;46,0
21650006651000;5;3;2;67,8
21650006654000;1;1;0;0,0
21650006655000;4;2;2;0,0
21650006683000;2;1;1;0,0
21650006695000;3;2;1;0,0
21650006696000;257;130;127;43,2
21650006697000;19;8;11;40,3
21650006698000;2;2;0;0,0
21650006702000;18;11;7;34,4
21650006708000;1;1;0;0,0
21650006725000;8;4;4;51,5
21650006743000;50;25;25;39,2
21650006744000;7;4;3;53,9
21650006749000;17;7;10;44,4
21650006750000;28;16;12;52,5
21650006751000;20;8;12;42,7
21650006752000;6;3;3;62,7
21650006755000;1;1;0;0,0
21650006765000;23;10;13;34,4
21650006786000;1;1;0;0,0
21650006793000;6;3;3;28,2
21650006794000;1;1;0;0,0
21650006796000;8;4;4;47,1
21650006798000;6;3;3;54,3
21650006874000;12;7;5;52,5
21650006875000;9;4;5;35,1
21650006911000;9;6;3;41,1
21650006912000;5;1;4;37,4
21650006975000;9;7;2;41,7
21650006991000;1;1;0;0,0
21650006992000;8;5;3;41,0
21650007003000;11;7;4;36,8
21650007004000;49;25;24;42,9
21650007005000;20;10;10;38,2
21650007012000;14;9;5;45,9
21650007016000;10;5;5;36,9
21650007017000;7;4;3;34,4
21650007030000;1;1;0;0,0
21650007031000;30;15;15;45,4
21660006522000;235;114;121;47,1
21660006523000;1033;516;517;46,2
21660006524000;145;72;73;44,9
21660006526000;3;2;1;0,0
21660006529000;7;4;3;60,6
21660006530000;2;1;1;0,0
21660006532000;5;2;3;60,0
21660006537000;2;1;1;0,0
21660006539000;3;2;1;0,0
21660006550000;3;2;1;0,0
21660006551000;1;0;1;0,0
21660006552000;39;24;15;42,1
21660006553000;12;6;6;39,0
21660006554000;3;2;1;0,0
21660006555000;6;3;3;31,3
21660006557000;11;5;6;46,0
21660006558000;5;3;2;69,8
21660006559000;4;2;2;0,0
21660006560000;7;4;3;58,9
21660006582000;4;3;1;0,0
21660006583000;10;5;5;48,3
21660006584000;5;3;2;52,2
21660006587000;5;3;2;74,6
21660006588000;31;15;16;49,6
21660006589000;12;6;6;50,3
21660006590000;6;3;3;46,2
21660006599000;19;9;10;36,6
21660006600000;93;51;42;41,8
21660006601000;52;24;28;39,1
21660006602000;39;23;16;44,0
21660006603000;17;10;7;45,2
21660006604000;9;5;4;49,3
21660006605000;4;3;1;0,0
21660006608000;1;1;0;0,0
21660006609000;9;3;6;42,8
21660006615000;1;1;0;0,0
21660006620000;35;21;14;49,9
21660006621000;60;31;29;37,0
21660006622000;9;4;5;38,8
21660006632000;7;5;2;44,0
21660006640000;3;2;1;0,0
21660006648000;5;4;1;49,6
21660006649000;8;4;4;57,1
21660006650000;10;7;3;53,4
21660006651000;4;2;2;0,0
21660006652000;12;7;5;23,1
21660006653000;11;5;6;37,7
21660006672000;1;0;1;0,0
21660006683000;1;1;0;0,0
21660006684000;3;2;1;0,0
21660006694000;2;1;1;0,0
21660006695000;30;15;15;43,2
21660006696000;69;31;38;40,4
21660006697000;19;12;7;43,6
21660006699000;1;0;1;0,0
21660006700000;18;12;6;53,0
21660006701000;9;7;2;54,4
21660006702000;22;13;9;46,7
21660006725000;9;6;3;32,7
21660006726000;3;2;1;0,0
21660006743000;14;6;8;55,6
21660006744000;59;30;29;47,8
21660006747000;10;5;5;41,1
21660006748000;26;16;10;48,9
21660006749000;64;34;30;43,9
21660006750000;68;43;25;40,6
21660006751000;3;2;1;0,0
21660006765000;17;9;8;47,0
21660006792000;9;4;5;40,7
21660006793000;13;6;7;57,2
21660006794000;22;11;11;61,2
21660006795000;17;7;10;45,7
21660006796000;33;19;14;42,9
21660006807000;19;12;7;44,3
21660006874000;13;8;5;40,9
21660006875000;11;6;5;50,1
21660006911000;9;5;4;29,0
21660006975000;6;3;3;68,5
21660006985000;10;4;6;40,2
21660006986000;15;9;6;48,9
21660006990000;14;5;9;25,9
21660006991000;10;4;6;40,3
21660006996000;4;2;2;0,0
21660007012000;25;13;12;32,6
21660007017000;7;4;3;38,3
21660007023000;3;2;1;0,0
21660007031000;28;17;11;39,5
21660007057000;1;0;1;0,0
21670006525000;1;1;0;0,0
21670006526000;8;4;4;64,3
21670006528000;1;1;0;0,0
21670006529000;1;0;1;0,0
21670006542000;4;1;3;0,0
21670006553000;6;3;3;44,3
21670006554000;14;7;7;45,0
21670006555000;8;4;4;21,3
21670006557000;13;7;6;39,5
21670006558000;5;3;2;31,0
21670006559000;5;3;2;64,8
21670006560000;23;10;13;53,8
21670006561000;34;16;18;33,6
21670006580000;9;3;6;39,6
21670006581000;11;6;5;59,4
21670006582000;6;3;3;26,2
21670006586000;7;4;3;35,6
21670006587000;1;0;1;0,0
21670006588000;6;3;3;32,7
21670006589000;5;3;2;58,0
21670006598000;8;3;5;39,4
21670006599000;28;14;14;45,1
21670006600000;33;16;17;44,4
21670006601000;157;82;75;43,4
21670006602000;73;39;34;33,6
21670006603000;8;5;3;35,4
21670006611000;2;1;1;0,0
21670006612000;1;0;1;0,0
21670006620000;49;25;24;46,9
21670006621000;52;26;26;43,5
21670006622000;11;4;7;51,7
21670006631000;4;2;2;0,0
21670006632000;7;5;2;33,4
21670006640000;1;1;0;0,0
21670006644000;6;3;3;49,7
21670006646000;11;6;5;53,0
21670006647000;10;5;5;39,4
21670006648000;3;2;1;0,0
21670006649000;4;2;2;0,0
21670006650000;2;1;1;0,0
21670006652000;7;5;2;53,3
21670006653000;2;1;1;0,0
21670006654000;4;3;1;0,0
21670006681000;3;2;1;0,0
21670006682000;21;10;11;53,7
21670006683000;2;0;2;0,0
21670006684000;12;6;6;33,8
21670006685000;41;24;17;47,4
21670006686000;4;1;3;0,0
21670006687000;4;2;2;0,0
21670006688000;14;7;7;48,1
21670006689000;24;10;14;48,8
21670006692000;1;0;1;0,0
21670006694000;22;13;9;56,5
21670006695000;45;18;27;44,0
21670006696000;3;1;2;0,0
21670006698000;1;1;0;0,0
21670006699000;2;1;1;0,0
21670006700000;3;2;1;0,0
21670006701000;4;2;2;0,0
21670006723000;2;1;1;0,0
21670006726000;10;5;5;48,5
21670006727000;6;2;4;44,5
21670006743000;13;7;6;45,5
21670006744000;249;122;127;38,7
21670006745000;26;14;12;35,6
21670006746000;32;19;13;41,3
21670006747000;78;38;40;42,6
21670006748000;22;11;11;52,0
21670006749000;1;0;1;0,0
21670006750000;6;3;3;39,0
21670006771000;1;1;0;0,0
21670006792000;35;19;16;41,9
21670006793000;109;60;49;39,5
21670006794000;41;22;19;42,2
21670006795000;27;15;12;46,0
21670006807000;7;4;3;36,6
21670006875000;62;30;32;40,7
21670006876000;9;7;2;38,6
21670006910000;5;2;3;50,2
21670006911000;5;2;3;22,6
21670006968000;7;2;5;29,0
21670006969000;44;21;23;38,0
21670006989000;1;1;0;0,0
21670006994000;15;9;6;34,9
21670006995000;6;3;3;50,0
21670007006000;3;1;2;0,0
21670007010000;4;2;2;0,0
21670007011000;12;6;6;35,2
21670007012000;16;9;7;43,7
21670007017000;11;4;7;56,7
21670007027000;15;6;9;37,7
21670007030000;4;2;2;0,0
21670007031000;15;8;7;38,7
21670007032000;40;23;17;35,3
21670007033000;1;0;1;0,0
21670007054000;6;3;3;74,3
21680006525000;4;2;2;0,0
21680006526000;11;5;6;49,5
21680006527000;17;8;9;38,0
21680006528000;2;1;1;0,0
21680006529000;13;5;8;30,2
21680006533000;2;1;1;0,0
21680006534000;10;5;5;57,3
21680006538000;2;1;1;0,0
21680006539000;9;4;5;40,4
21680006542000;33;19;14;26,4
21680006551000;4;1;3;0,0
21680006552000;7;4;3;34,7
21680006559000;4;2;2;0,0
21680006561000;48;26;22;47,4
21680006562000;5;3;2;54,4
21680006563000;10;7;3;61,2
21680006578000;7;4;3;55,4
21680006579000;1;0;1;0,0
21680006586000;18;8;10;46,6
21680006587000;8;3;5;54,4
21680006588000;14;8;6;63,7
21680006589000;6;3;3;48,8
21680006590000;13;6;7;23,1
21680006594000;6;4;2;54,7
21680006595000;18;11;7;43,9
21680006596000;2;2;0;0,0
21680006597000;232;118;114;39,3
21680006598000;233;116;117;33,4
21680006599000;6;2;4;36,7
21680006600000;23;10;13;39,7
21680006601000;50;23;27;35,7
21680006602000;10;5;5;36,6
21680006609000;3;2;1;0,0
21680006610000;21;9;12;46,2
21680006611000;2;1;1;0,0
21680006612000;6;3;3;45,8
21680006619000;17;7;10;42,4
21680006620000;61;29;32;38,6
21680006621000;145;76;69;39,7
21680006622000;29;12;17;45,8
21680006631000;10;5;5;36,1
21680006632000;23;12;11;48,0
21680006641000;1;1;0;0,0
21680006646000;9;3;6;27,1
21680006647000;6;3;3;34,5
21680006652000;3;1;2;0,0
21680006654000;5;3;2;66,0
21680006678000;1;1;0;0,0
21680006679000;1;1;0;0,0
21680006681000;7;3;4;33,7
21680006682000;11;5;6;45,2
21680006683000;19;11;8;34,9
21680006684000;40;21;19;48,2
21680006685000;69;33;36;41,1
21680006687000;4;3;1;0,0
21680006688000;4;2;2;0,0
21680006689000;1;0;1;0,0
21680006690000;11;5;6;33,8
21680006691000;7;5;2;35,1
21680006692000;31;16;15;53,8
21680006693000;57;31;26;44,1
21680006694000;6;2;4;54,5
21680006695000;16;6;10;37,8
21680006696000;32;14;18;36,3
21680006697000;23;15;8;42,1
21680006698000;11;6;5;33,4
21680006727000;11;7;4;55,4
21680006728000;25;13;12;44,8
21680006743000;7;6;1;41,7
21680006744000;761;366;395;40,0
21680006745000;146;67;79;44,2
21680006746000;28;16;12;45,9
21680006747000;5;2;3;64,8
21680006749000;2;1;1;0,0
21680006761000;2;1;1;0,0
21680006765000;1;1;0;0,0
21680006768000;1;1;0;0,0
21680006791000;2;1;1;0,0
21680006792000;19;9;10;49,6
21680006793000;53;29;24;35,8
21680006794000;38;24;14;39,2
21680006795000;15;7;8;42,1
21680006806000;8;4;4;34,4
21680006807000;4;3;1;0,0
21680006815000;1;0;1;0,0
21680006873000;18;5;13;34,1
21680006874000;25;14;11;39,3
21680006875000;42;23;19;38,9
21680006876000;6;2;4;33,0
21680006909000;5;1;4;38,0
21680006910000;7;3;4;39,0
21680006958000;2;1;1;0,0
21680006960000;4;2;2;0,0
21680006962000;3;2;1;0,0
21680006963000;14;7;7;47,6
21680006964000;143;65;78;37,6
21680006965000;25;11;14;27,5
21680006966000;11;6;5;30,6
21680006973000;87;42;45;44,0
21680006979000;13;7;6;46,8
21680006980000;7;4;3;33,3
21680006988000;6;3;3;46,2
21680006992000;40;23;17;36,9
21680006993000;33;21;12;47,7
21680006994000;11;5;6;70,0
21680007001000;5;2;3;39,0
21680007006000;21;13;8;51,0
21680007007000;8;4;4;35,0
21680007017000;11;5;6;47,3
21680007018000;2;1;1;0,0
21680007020000;6;2;4;29,7
21680007025000;6;3;3;50,3
21680007029000;6;2;4;61,0
21680007030000;27;13;14;46,8
21680007031000;46;25;21;40,8
21680007032000;9;3;6;40,0
21680007053000;2;1;1;0,0
21680007056000;6;3;3;57,0
21680007058000;6;3;3;41,0
21680007077000;9;5;4;62,8
21690006525000;12;5;7;46,2
21690006526000;23;11;12;37,5
21690006528000;11;5;6;50,4
21690006529000;8;5;3;44,0
21690006533000;3;2;1;0,0
21690006534000;3;2;1;0,0
21690006535000;18;9;9;50,4
21690006541000;11;5;6;29,4
21690006542000;48;25;23;43,2
21690006543000;3;2;1;0,0
21690006551000;4;3;1;0,0
21690006552000;12;7;5;45,2
21690006559000;5;3;2;36,0
21690006577000;3;2;1;0,0
21690006586000;16;10;6;41,4
21690006587000;36;19;17;32,0
21690006588000;10;5;5;38,3
21690006589000;13;6;7;47,1
21690006590000;5;3;2;50,0
21690006591000;4;3;1;0,0
21690006593000;15;8;7;54,9
21690006594000;48;27;21;38,4
21690006595000;69;34;35;44,8
21690006596000;22;12;10;52,6
21690006597000;535;236;299;46,8
21690006598000;105;47;58;38,0
21690006599000;50;21;29;36,9
21690006600000;18;8;10;36,8
21690006601000;8;3;5;44,8
21690006608000;16;8;8;43,9
21690006609000;12;6;6;41,7
21690006618000;8;5;3;55,5
21690006619000;5;3;2;39,6
21690006620000;157;75;82;37,9
21690006621000;86;42;44;39,1
21690006622000;39;21;18;42,0
21690006630000;1;1;0;0,0
21690006631000;2;1;1;0,0
21690006632000;3;2;1;0,0
21690006641000;6;3;3;30,8
21690006642000;10;4;6;27,2
21690006643000;1;0;1;0,0
21690006653000;2;2;0;0,0
21690006677000;10;6;4;58,3
21690006678000;4;2;2;0,0
21690006679000;2;1;1;0,0
21690006680000;14;7;7;62,0
21690006681000;17;11;6;33,9
21690006688000;10;7;3;44,2
21690006689000;5;4;1;33,8
21690006690000;11;6;5;35,8
21690006692000;2;1;1;0,0
21690006693000;1;1;0;0,0
21690006696000;9;6;3;56,8
21690006697000;27;15;12;40,3
21690006728000;3;2;1;0,0
21690006744000;300;157;143;41,5
21690006745000;399;190;209;41,6
21690006746000;30;14;16;49,5
21690006747000;20;10;10;45,9
21690006791000;20;10;10;48,4
21690006792000;15;9;6;48,7
21690006793000;7;3;4;53,0
21690006794000;33;19;14;40,7
21690006805000;11;7;4;58,3
21690006873000;36;23;13;42,5
21690006875000;36;19;17;40,0
21690006876000;19;10;9;48,4
21690006908000;10;6;4;49,3
21690006909000;16;8;8;42,0
21690006910000;5;3;2;17,0
21690006963000;8;5;3;41,4
21690006964000;290;146;144;37,4
21690006965000;293;144;149;42,9
21690006972000;15;7;8;47,7
21690006973000;43;26;17;40,5
21690006974000;2;1;1;0,0
21690006977000;42;21;21;49,5
21690006978000;13;8;5;48,8
21690006980000;5;2;3;47,4
21690006981000;2;1;1;0,0
21690006983000;52;26;26;35,9
21690006986000;22;11;11;32,7
21690006988000;11;5;6;32,8
21690006991000;23;11;12;50,1
21690006993000;3;2;1;0,0
21690006997000;7;3;4;58,7
21690006999000;2;1;1;0,0
21690007000000;6;3;3;38,3
21690007001000;1;1;0;0,0
21690007008000;10;5;5;65,3
21690007017000;22;13;9;53,3
21690007018000;4;2;2;0,0
21690007020000;9;5;4;37,4
21690007021000;2;1;1;0,0
21690007023000;5;3;2;44,2
21690007024000;12;5;7;35,5
21690007025000;10;7;3;49,4
21690007026000;8;5;3;56,1
21690007027000;10;7;3;35,0
21690007029000;2;1;1;0,0
21690007030000;4;1;3;0,0
21690007031000;35;21;14;39,1
21690007032000;7;4;3;72,3
21690007052000;5;2;3;31,4
21690007076000;1;0;1;0,0
21690007077000;79;47;32;47,3
21700006525000;2;1;1;0,0
21700006526000;8;3;5;22,0
21700006528000;7;2;5;26,0
21700006529000;2;1;1;0,0
21700006534000;13;7;6;48,6
21700006535000;17;8;9;45,6
21700006536000;7;4;3;67,1
21700006537000;42;21;21;41,9
21700006541000;21;9;12;35,4
21700006542000;139;70;69;44,3
21700006543000;7;5;2;47,1
21700006550000;5;4;1;29,4
21700006552000;4;2;2;0,0
21700006586000;73;43;30;41,2
21700006587000;45;26;19;36,4
21700006588000;7;4;3;48,1
21700006590000;5;3;2;28,8
21700006591000;16;8;8;30,1
21700006592000;9;5;4;58,2
21700006593000;22;12;10;49,5
21700006594000;2;1;1;0,0
21700006595000;15;9;6;33,9
21700006596000;17;8;9;43,7
21700006597000;78;44;34;48,7
21700006598000;54;27;27;42,3
21700006599000;23;14;9;43,4
21700006608000;1;0;1;0,0
21700006616000;10;6;4;38,0
21700006617000;20;10;10;32,7
21700006618000;28;14;14;41,4
21700006619000;131;67;64;46,3
21700006620000;112;59;53;35,5
21700006621000;55;26;29;37,5
21700006622000;28;13;15;29,9
21700006630000;17;10;7;36,2
21700006631000;3;2;1;0,0
21700006674000;2;1;1;0,0
21700006675000;4;1;3;0,0
21700006677000;5;3;2;52,6
21700006678000;1;1;0;0,0
21700006690000;2;1;1;0,0
21700006691000;3;2;1;0,0
21700006692000;4;2;2;0,0
21700006693000;4;1;3;0,0
21700006726000;10;6;4;37,8
21700006727000;12;4;8;36,0
21700006728000;10;4;6;29,6
21700006744000;517;237;280;46,6
21700006745000;331;158;173;39,8
21700006746000;42;22;20;47,5
21700006747000;34;18;16;46,6
21700006791000;12;9;3;51,3
21700006792000;2;1;1;0,0
21700006793000;29;18;11;44,7
21700006794000;20;9;11;52,2
21700006797000;3;1;2;0,0
21700006805000;20;11;9;51,9
21700006873000;31;14;17;47,8
21700006875000;9;5;4;68,7
21700006876000;3;1;2;0,0
21700006906000;9;4;5;29,3
21700006907000;29;16;13;41,0
21700006908000;7;3;4;22,3
21700006964000;52;27;25;37,8
21700006965000;1495;753;742;44,3
21700006966000;80;44;36;34,7
21700006974000;6;2;4;39,3
21700006975000;70;38;32;49,8
21700006976000;100;47;53;41,3
21700006977000;43;24;19;37,6
21700006982000;7;3;4;50,7
21700006983000;31;18;13;37,3
21700006984000;18;11;7;33,1
21700006985000;181;86;95;41,4
21700006986000;45;23;22;32,9
21700006987000;5;3;2;65,2
21700006989000;13;6;7;22,8
21700006990000;15;7;8;39,5
21700006997000;20;9;11;44,8
21700006998000;18;9;9;42,5
21700007002000;8;5;3;27,4
21700007004000;40;25;15;41,5
21700007009000;4;1;3;0,0
21700007017000;13;8;5;44,5
21700007020000;11;4;7;57,4
21700007021000;9;4;5;52,6
21700007036000;12;4;8;48,7
21700007039000;3;2;1;0,0
21700007050000;2;1;1;0,0
21700007051000;4;4;0;0,0
21700007052000;2;1;1;0,0
21700007058000;3;2;1;0,0
21700007059000;1;1;0;0,0
21700007060000;2;1;1;0,0
21700007061000;1;0;1;0,0
21700007077000;11;6;5;38,8
21700007078000;5;3;2;24,6
21710006526000;6;3;3;45,5
21710006527000;5;2;3;47,8
21710006528000;1;1;0;0,0
21710006530000;3;1;2;0,0
21710006534000;8;4;4;61,1
21710006535000;11;4;7;28,0
21710006536000;1;1;0;0,0
21710006537000;3;1;2;0,0
21710006539000;5;3;2;52,2
21710006540000;3;2;1;0,0
21710006541000;171;76;95;40,3
21710006542000;594;294;300;42,5
21710006543000;26;15;11;37,7
21710006551000;7;3;4;42,1
21710006570000;1;0;1;0,0
21710006579000;3;2;1;0,0
21710006584000;8;5;3;45,6
21710006585000;163;87;76;38,5
21710006586000;88;44;44;33,9
21710006590000;3;2;1;0,0
21710006591000;10;6;4;36,7
21710006592000;16;9;7;33,8
21710006593000;3;2;1;0,0
21710006594000;8;3;5;46,3
21710006595000;21;14;7;51,4
21710006596000;52;20;32;47,7
21710006597000;12;6;6;45,9
21710006598000;47;26;21;43,6
21710006599000;13;7;6;29,6
21710006616000;47;26;21;42,2
21710006617000;43;22;21;39,6
21710006618000;98;48;50;38,8
21710006619000;51;26;25;37,6
21710006620000;31;18;13;39,5
21710006621000;44;25;19;37,6
21710006629000;2;1;1;0,0
21710006630000;6;4;2;20,3
21710006631000;1;1;0;0,0
21710006669000;7;4;3;46,4
21710006674000;4;2;2;0,0
21710006675000;3;2;1;0,0
21710006682000;4;3;1;0,0
21710006728000;3;1;2;0,0
21710006729000;48;27;21;44,5
21710006730000;2;1;1;0,0
21710006744000;163;80;83;37,8
21710006746000;26;17;9;51,9
21710006747000;32;17;15;41,4
21710006748000;1;1;0;0,0
21710006756000;2;1;1;0,0
21710006760000;4;3;1;0,0
21710006791000;17;10;7;48,5
21710006792000;4;1;3;0,0
21710006793000;65;37;28;40,0
21710006794000;3;3;0;0,0
21710006796000;1;0;1;0,0
21710006804000;11;5;6;47,1
21710006805000;49;24;25;37,0
21710006806000;3;2;1;0,0
21710006872000;6;2;4;21,5
21710006873000;18;10;8;37,9
21710006875000;11;7;4;45,9
21710006902000;1;1;0;0,0
21710006905000;20;13;7;48,9
21710006906000;41;22;19;45,9
21710006907000;14;5;9;59,8
21710006964000;283;149;134;41,3
21710006965000;883;420;463;47,4
21710006975000;9;6;3;39,6
21710006976000;46;25;21;40,4
21710006989000;118;56;62;35,9
21710006991000;2;1;1;0,0
21710006998000;29;14;15;43,5
21710006999000;1;0;1;0,0
21710007002000;2;1;1;0,0
21710007003000;1;1;0;0,0
21710007004000;15;7;8;47,1
21710007024000;3;2;1;0,0
21710007036000;8;4;4;56,4
21710007039000;23;8;15;37,7
21710007050000;3;1;2;0,0
21710007051000;2;1;1;0,0
21710007061000;77;42;35;55,1
21710007062000;8;3;5;49,5
21710007077000;6;5;1;55,3
21720006526000;1;1;0;0,0
21720006527000;20;8;12;56,1
21720006528000;6;3;3;49,2
21720006531000;1;1;0;0,0
21720006535000;1;0;1;0,0
21720006541000;43;24;19;33,1
21720006542000;133;70;63;43,0
21720006543000;23;15;8;42,5
21720006544000;8;5;3;46,6
21720006545000;40;25;15;37,3
21720006546000;30;16;14;55,2
21720006550000;6;2;4;34,5
21720006557000;12;6;6;48,3
21720006568000;1;1;0;0,0
21720006570000;7;5;2;52,0
21720006582000;1;1;0;0,0
21720006583000;96;50;46;43,9
21720006584000;359;171;188;44,3
21720006585000;211;109;102;39,2
21720006586000;50;28;22;46,7
21720006587000;6;1;5;27,5
21720006588000;9;6;3;56,7
21720006589000;16;10;6;29,9
21720006595000;8;5;3;26,9
21720006596000;12;5;7;45,7
21720006597000;38;16;22;36,2
21720006598000;8;5;3;57,1
21720006614000;25;17;8;41,7
21720006615000;58;33;25;43,4
21720006616000;253;136;117;42,4
21720006617000;46;27;19;43,1
21720006618000;801;373;428;50,2
21720006619000;52;23;29;39,7
21720006627000;2;1;1;0,0
21720006628000;1;0;1;0,0
21720006630000;1;0;1;0,0
21720006633000;2;1;1;0,0
21720006669000;1;1;0;0,0
21720006672000;13;8;5;39,0
21720006673000;9;5;4;28,4
21720006674000;19;9;10;46,3
21720006675000;20;11;9;60,3
21720006681000;2;1;1;0,0
21720006724000;3;2;1;0,0
21720006728000;36;19;17;53,7
21720006729000;78;44;34;47,7
21720006730000;8;5;3;35,8
21720006743000;1;1;0;0,0
21720006744000;138;65;73;41,3
21720006746000;6;3;3;33,7
21720006747000;6;3;3;36,5
21720006748000;1;1;0;0,0
21720006754000;2;1;1;0,0
21720006755000;3;2;1;0,0
21720006756000;2;1;1;0,0
21720006758000;13;9;4;25,3
21720006779000;2;1;1;0,0
21720006782000;3;1;2;0,0
21720006789000;11;6;5;52,5
21720006790000;30;17;13;46,2
21720006791000;11;5;6;29,5
21720006792000;12;6;6;40,8
21720006793000;7;3;4;67,7
21720006796000;10;7;3;38,2
21720006797000;2;1;1;0,0
21720006802000;9;5;4;34,9
21720006803000;25;12;13;28,6
21720006804000;41;21;20;35,3
21720006805000;18;5;13;45,3
21720006806000;1;1;0;0,0
21720006872000;5;4;1;58,8
21720006873000;25;13;12;50,7
21720006875000;19;11;8;47,7
21720006904000;50;27;23;33,4
21720006905000;29;11;18;39,1
21720006964000;490;259;231;38,3
21720006989000;49;26;23;46,5
21720006990000;22;14;8;33,6
21720006991000;32;17;15;32,9
21720006999000;6;2;4;58,3
21720007003000;27;17;10;37,3
21720007004000;2;1;1;0,0
21720007016000;1;0;1;0,0
21720007017000;23;14;9;56,6
21720007020000;6;2;4;40,8
21720007029000;5;2;3;49,8
21720007030000;15;8;7;52,7
21720007032000;8;5;3;47,6
21720007038000;5;3;2;56,6
21720007039000;14;9;5;49,1
21720007050000;10;3;7;56,9
21720007061000;6;3;3;26,5
21720007062000;53;29;24;47,3
21720007077000;5;4;1;54,2
21730006528000;6;3;3;56,2
21730006529000;4;0;4;0,0
21730006530000;30;14;16;37,0
21730006531000;15;8;7;47,4
21730006536000;10;5;5;46,8
21730006539000;2;1;1;0,0
21730006541000;31;19;12;46,1
21730006542000;113;65;48;39,6
21730006543000;20;10;10;45,3
21730006545000;36;20;16;39,0
21730006546000;56;29;27;32,6
21730006547000;9;5;4;37,8
21730006548000;11;7;4;47,3
21730006549000;15;7;8;36,9
21730006550000;24;14;10;47,5
21730006583000;29;17;12;36,9
21730006584000;628;311;317;42,7
21730006585000;459;214;245;45,0
21730006586000;146;76;70;41,2
21730006587000;45;23;22;44,2
21730006588000;2;1;1;0,0
21730006589000;8;4;4;54,1
21730006590000;10;5;5;53,9
21730006593000;5;2;3;40,4
21730006596000;19;9;10;38,6
21730006597000;114;60;54;42,5
21730006598000;150;77;73;48,2
21730006599000;6;4;2;32,7
21730006614000;22;10;12;35,9
21730006615000;45;25;20;43,6
21730006616000;5;1;4;12,6
21730006617000;96;50;46;44,1
21730006618000;61;34;27;44,5
21730006627000;18;10;8;37,4
21730006630000;10;5;5;36,2
21730006669000;10;5;5;45,6
21730006670000;48;23;25;38,9
21730006671000;39;20;19;38,3
21730006672000;13;7;6;54,2
21730006673000;30;17;13;42,8
21730006674000;5;1;4;27,6
21730006675000;1;0;1;0,0
21730006728000;39;26;13;43,2
21730006729000;34;17;17;45,0
21730006730000;3;1;2;0,0
21730006736000;2;1;1;0,0
21730006737000;19;9;10;51,6
21730006738000;3;2;1;0,0
21730006741000;5;2;3;28,6
21730006742000;13;7;6;37,2
21730006743000;176;89;87;42,7
21730006744000;61;32;29;43,4
21730006752000;7;3;4;50,1
21730006757000;1;1;0;0,0
21730006759000;9;5;4;25,4
21730006776000;1;1;0;0,0
21730006789000;15;5;10;37,6
21730006790000;15;9;6;43,9
21730006792000;38;17;21;45,8
21730006797000;8;5;3;26,0
21730006801000;7;3;4;58,3
21730006802000;10;3;7;37,0
21730006803000;2;1;1;0,0
21730006804000;20;9;11;43,4
21730006805000;132;69;63;37,6
21730006835000;3;2;1;0,0
21730006872000;22;10;12;44,7
21730006873000;99;49;50;42,2
21730006875000;11;6;5;58,1
21730006903000;31;21;10;36,5
21730006904000;26;15;11;51,3
21730006963000;58;32;26;37,7
21730006964000;168;90;78;36,4
21730006975000;9;4;5;42,9
21730006986000;3;1;2;0,0
21730006989000;4;2;2;0,0
21730006990000;20;11;9;42,9
21730006991000;2;2;0;0,0
21730007000000;18;8;10;37,4
21730007003000;13;5;8;39,0
21730007012000;1;0;1;0,0
21730007016000;28;17;11;52,6
21730007017000;1;1;0;0,0
21730007018000;22;11;11;36,9
21730007020000;3;2;1;0,0
21730007027000;91;52;39;44,6
21730007028000;27;17;10;40,1
21730007029000;13;8;5;43,0
21730007030000;9;5;4;37,7
21730007031000;7;4;3;25,9
21730007032000;4;2;2;0,0
21730007037000;13;8;5;39,2
21730007038000;24;12;12;35,5
21730007039000;28;15;13;40,2
21730007040000;10;6;4;33,3
21730007058000;1;1;0;0,0
21730007060000;7;5;2;49,6
21730007061000;5;1;4;23,8
21730007062000;1;1;0;0,0
21730007063000;5;3;2;70,2
21730007077000;6;3;3;59,0
21730007078000;37;19;18;32,1
21740006528000;5;1;4;61,6
21740006529000;5;3;2;46,0
21740006530000;25;13;12;33,0
21740006534000;2;1;1;0,0
21740006536000;2;1;1;0,0
21740006539000;17;9;8;59,2
21740006540000;65;40;25;41,2
21740006541000;155;79;76;39,8
21740006542000;23;9;14;31,3
21740006544000;11;4;7;48,6
21740006545000;20;10;10;43,9
21740006546000;9;5;4;36,3
21740006547000;37;23;14;33,1
21740006548000;21;13;8;40,0
21740006560000;5;3;2;46,2
21740006561000;15;7;8;33,9
21740006583000;40;24;16;44,9
21740006584000;255;132;123;41,8
21740006585000;74;43;31;38,0
21740006587000;3;2;1;0,0
21740006594000;1;1;0;0,0
21740006595000;36;20;16;41,1
21740006596000;40;22;18;31,8
21740006597000;158;88;70;36,3
21740006598000;7;4;3;55,6
21740006599000;21;13;8;53,8
21740006600000;10;7;3;68,1
21740006614000;15;9;6;28,5
21740006615000;50;30;20;41,4
21740006616000;155;77;78;42,6
21740006617000;32;12;20;29,5
21740006623000;5;4;1;30,6
21740006625000;12;5;7;39,1
21740006626000;15;6;9;46,1
21740006627000;33;18;15;43,3
21740006636000;6;2;4;70,2
21740006637000;2;2;0;0,0
21740006660000;1;0;1;0,0
21740006668000;5;3;2;41,8
21740006669000;8;5;3;48,5
21740006670000;237;109;128;47,5
21740006671000;25;12;13;50,8
21740006672000;1;1;0;0,0
21740006673000;3;1;2;0,0
21740006674000;7;3;4;40,1
21740006675000;4;1;3;0,0
21740006728000;11;6;5;49,5
21740006729000;17;11;6;49,3
21740006735000;1;1;0;0,0
21740006736000;8;4;4;39,4
21740006737000;3;1;2;0,0
21740006738000;35;19;16;53,3
21740006739000;24;12;12;43,6
21740006740000;12;4;8;31,0
21740006741000;33;18;15;48,2
21740006742000;30;16;14;46,4
21740006743000;57;29;28;39,5
21740006744000;20;13;7;40,5
21740006745000;3;3;0;0,0
21740006757000;1;0;1;0,0
21740006766000;1;1;0;0,0
21740006776000;18;7;11;56,1
21740006778000;2;2;0;0,0
21740006786000;13;6;7;42,9
21740006787000;13;7;6;47,7
21740006788000;4;3;1;0,0
21740006789000;20;8;12;33,2
21740006790000;37;22;15;48,5
21740006791000;36;17;19;42,6
21740006792000;9;5;4;56,2
21740006795000;2;1;1;0,0
21740006796000;4;2;2;0,0
21740006797000;21;11;10;40,7
21740006800000;4;3;1;0,0
21740006801000;13;8;5;43,8
21740006802000;2;1;1;0,0
21740006803000;32;12;20;42,2
21740006804000;166;79;87;42,3
21740006805000;45;27;18;38,6
21740006872000;37;19;18;42,9
21740006873000;73;37;36;48,0
21740006874000;19;9;10;35,6
21740006903000;43;27;16;47,0
21740006904000;19;12;7;42,7
21740006962000;1;0;1;0,0
21740006963000;352;173;179;39,6
21740006974000;10;5;5;47,3
21740006984000;1;1;0;0,0
21740006985000;6;3;3;68,5
21740006986000;2;1;1;0,0
21740006989000;1;1;0;0,0
21740006990000;18;7;11;43,3
21740006991000;44;21;23;39,1
21740006997000;10;3;7;50,5
21740007000000;11;6;5;52,5
21740007004000;4;2;2;0,0
21740007016000;50;34;16;34,3
21740007017000;1;0;1;0,0
21740007018000;10;6;4;28,6
21740007020000;7;2;5;25,6
21740007021000;2;1;1;0,0
21740007026000;3;1;2;0,0
21740007027000;15;6;9;48,7
21740007029000;3;3;0;0,0
21740007030000;4;1;3;0,0
21740007031000;18;7;11;33,7
21740007032000;3;1;2;0,0
21740007038000;17;10;7;55,9
21740007039000;4;2;2;0,0
21740007040000;2;1;1;0,0
21740007049000;3;1;2;0,0
21740007060000;5;1;4;32,0
21740007063000;6;3;3;68,0
21750006530000;25;14;11;42,7
21750006531000;24;13;11;48,1
21750006532000;30;17;13;49,1
21750006533000;37;20;17;39,7
21750006534000;5;2;3;59,2
21750006535000;2;2;0;0,0
21750006536000;4;2;2;0,0
21750006537000;1;1;0;0,0
21750006538000;50;25;25;48,8
21750006539000;281;146;135;39,7
21750006540000;24;14;10;38,1
21750006541000;194;107;87;36,6
21750006542000;577;288;289;36,4
21750006544000;2;1;1;0,0
21750006545000;5;2;3;48,4
21750006546000;4;2;2;0,0
21750006583000;120;60;60;39,2
21750006584000;130;70;60;44,0
21750006585000;2;1;1;0,0
21750006597000;17;8;9;44,6
21750006598000;15;7;8;51,7
21750006599000;10;4;6;55,4
21750006600000;56;31;25;41,6
21750006601000;16;7;9;41,4
21750006605000;1;1;0;0,0
21750006612000;3;1;2;0,0
21750006613000;14;7;7;53,1
21750006614000;28;13;15;37,0
21750006615000;11;7;4;24,4
21750006616000;957;492;465;43,4
21750006617000;509;281;228;38,7
21750006618000;299;154;145;39,9
21750006622000;4;4;0;0,0
21750006623000;14;11;3;40,9
21750006625000;4;1;3;0,0
21750006635000;1;0;1;0,0
21750006636000;27;16;11;51,7
21750006668000;13;6;7;43,5
21750006669000;43;24;19;51,7
21750006670000;41;20;21;41,1
21750006671000;31;18;13;50,8
21750006672000;2;1;1;0,0
21750006728000;7;4;3;37,6
21750006732000;12;6;6;37,3
21750006733000;12;6;6;41,1
21750006734000;14;5;9;38,2
21750006735000;35;18;17;49,1
21750006736000;23;13;10;45,4
21750006737000;27;11;16;48,1
21750006738000;15;10;5;34,5
21750006739000;7;4;3;71,6
21750006743000;5;4;1;58,6
21750006744000;20;11;9;35,6
21750006753000;3;1;2;0,0
21750006777000;7;4;3;66,0
21750006778000;2;1;1;0,0
21750006783000;17;9;8;53,9
21750006784000;7;5;2;45,3
21750006785000;20;9;11;49,9
21750006786000;11;6;5;46,4
21750006787000;78;34;44;39,8
21750006788000;67;30;37;38,2
21750006789000;22;14;8;44,0
21750006790000;3;2;1;0,0
21750006796000;33;16;17;36,2
21750006797000;6;2;4;29,8
21750006798000;4;3;1;0,0
21750006799000;2;1;1;0,0
21750006800000;22;11;11;35,3
21750006801000;37;18;19;44,4
21750006872000;48;27;21;47,8
21750006873000;1;0;1;0,0
21750006874000;2;2;0;0,0
21750006902000;2;1;1;0,0
21750006903000;44;28;16;48,1
21750006904000;4;2;2;0,0
21750006962000;15;9;6;31,6
21750006963000;6;3;3;48,0
21750006973000;13;9;4;30,7
21750006987000;25;12;13;36,6
21750006988000;58;29;29;35,8
21750006989000;5;2;3;39,2
21750006991000;35;19;16;40,5
21750006997000;3;3;0;0,0
21750007000000;4;2;2;0,0
21750007004000;30;15;15;49,4
21750007015000;33;16;17;45,5
21750007016000;29;16;13;50,6
21750007017000;14;7;7;49,1
21750007018000;12;7;5;40,5
21750007025000;15;9;6;49,4
21750007026000;5;4;1;35,8
21750007030000;16;9;7;40,3
21750007031000;164;69;95;48,5
21750007032000;89;37;52;51,4
21750007033000;4;3;1;0,0
21750007050000;17;10;7;31,1
21750007063000;1;1;0;0,0
21750007077000;4;3;1;0,0
21750007078000;6;4;2;34,7
21760006530000;7;4;3;67,7
21760006531000;7;5;2;35,7
21760006533000;15;9;6;41,4
21760006534000;5;2;3;20,4
21760006536000;33;17;16;41,1
21760006537000;65;35;30;41,7
21760006538000;637;311;326;42,5
21760006539000;786;372;414;41,6
21760006540000;71;37;34;39,0
21760006541000;5;2;3;33,6
21760006542000;519;247;272;43,8
21760006543000;142;73;69;37,5
21760006547000;1;1;0;0,0
21760006552000;11;6;5;42,4
21760006553000;1;1;0;0,0
21760006555000;2;1;1;0,0
21760006567000;4;2;2;0,0
21760006568000;27;14;13;31,7
21760006573000;6;4;2;43,0
21760006583000;35;17;18;43,2
21760006584000;37;18;19;40,5
21760006587000;3;0;3;0,0
21760006588000;8;4;4;48,4
21760006589000;4;3;1;0,0
21760006597000;29;16;13;38,9
21760006598000;51;26;25;35,0
21760006599000;31;17;14;35,8
21760006600000;21;10;11;38,4
21760006601000;27;12;15;44,6
21760006605000;11;5;6;48,5
21760006606000;11;4;7;50,6
21760006607000;2;1;1;0,0
21760006608000;7;3;4;47,7
21760006609000;8;4;4;53,9
21760006610000;2;1;1;0,0
21760006611000;22;10;12;50,8
21760006612000;18;11;7;56,4
21760006615000;229;113;116;39,3
21760006616000;1638;797;841;40,6
21760006617000;1126;567;559;39,9
21760006618000;785;389;396;40,1
21760006619000;85;44;41;41,9
21760006620000;109;60;49;37,9
21760006621000;9;3;6;32,1
21760006622000;9;2;7;40,2
21760006623000;8;4;4;43,3
21760006635000;1;1;0;0,0
21760006636000;2;1;1;0,0
21760006668000;13;4;9;31,1
21760006669000;28;13;15;45,9
21760006670000;5;2;3;68,6
21760006728000;30;18;12;40,1
21760006729000;407;189;218;44,5
21760006730000;91;46;45;39,6
21760006731000;64;37;27;35,6
21760006732000;10;6;4;47,2
21760006736000;1;1;0;0,0
21760006753000;11;6;5;54,1
21760006777000;8;5;3;56,9
21760006778000;1;1;0;0,0
21760006781000;3;2;1;0,0
21760006782000;22;13;9;41,7
21760006783000;10;6;4;51,4
21760006784000;17;9;8;48,9
21760006785000;25;15;10;36,8
21760006786000;50;27;23;38,9
21760006787000;231;100;131;50,2
21760006788000;23;13;10;36,1
21760006795000;3;1;2;0,0
21760006796000;4;3;1;0,0
21760006797000;5;3;2;38,6
21760006798000;23;13;10;40,6
21760006799000;40;19;21;44,7
21760006800000;29;17;12;39,0
21760006872000;29;13;16;47,0
21760006902000;4;2;2;0,0
21760006903000;46;26;20;37,1
21760006962000;18;8;10;43,9
21760006983000;4;3;1;0,0
21760006984000;13;6;7;33,7
21760006987000;18;9;9;35,6
21760006991000;18;11;7;54,1
21760006998000;22;11;11;36,4
21760007000000;11;6;5;48,7
21760007003000;9;5;4;27,9
21760007004000;66;38;28;43,5
21760007014000;4;2;2;0,0
21760007015000;88;45;43;42,5
21760007016000;4;2;2;0,0
21760007017000;7;3;4;39,9
21760007018000;15;8;7;39,3
21760007022000;5;4;1;65,4
21760007023000;6;2;4;39,7
21760007024000;3;1;2;0,0
21760007028000;5;3;2;59,2
21760007029000;5;2;3;49,6
21760007030000;19;12;7;52,1
21760007031000;71;35;36;48,8
21760007032000;357;163;194;40,7
21760007033000;44;20;24;39,6
21760007034000;51;26;25;33,3
21760007035000;47;22;25;41,4
21760007037000;2;1;1;0,0
21760007041000;4;2;2;0,0
21760007042000;6;2;4;36,5
21760007063000;5;3;2;46,4
21760007064000;5;3;2;37,6
21760007077000;3;1;2;0,0
21760007078000;11;7;4;43,1
21760007079000;40;22;18;39,7
21760007080000;3;2;1;0,0
21770006530000;4;3;1;0,0
21770006531000;2;0;2;0,0
21770006535000;19;10;9;29,1
21770006536000;76;38;38;51,4
21770006537000;80;43;37;43,3
21770006538000;1407;693;714;48,2
21770006539000;1194;563;631;44,6
21770006540000;195;90;105;47,5
21770006541000;20;8;12;45,6
21770006542000;85;43;42;42,6
21770006543000;119;65;54;38,8
21770006544000;14;6;8;43,6
21770006545000;13;7;6;51,1
21770006553000;17;9;8;35,9
21770006554000;8;4;4;55,1
21770006561000;1;1;0;0,0
21770006563000;2;1;1;0,0
21770006567000;29;16;13;40,8
21770006572000;1;1;0;0,0
21770006573000;6;3;3;48,2
21770006582000;7;4;3;73,4
21770006583000;34;20;14;42,4
21770006584000;23;13;10;42,7
21770006587000;2;2;0;0,0
21770006588000;63;36;27;46,3
21770006589000;38;24;14;47,3
21770006596000;3;2;1;0,0
21770006597000;11;7;4;51,9
21770006598000;20;9;11;28,9
21770006599000;42;24;18;39,8
21770006600000;127;66;61;35,0
21770006601000;32;17;15;47,0
21770006602000;21;9;12;45,4
21770006603000;3;2;1;0,0
21770006604000;9;3;6;38,6
21770006605000;22;9;13;43,2
21770006606000;8;5;3;45,4
21770006607000;8;6;2;35,5
21770006608000;15;9;6;46,5
21770006609000;6;3;3;21,0
21770006610000;5;3;2;35,0
21770006613000;40;20;20;39,6
21770006614000;23;11;12;49,1
21770006615000;446;207;239;40,5
21770006616000;735;359;376;41,5
21770006617000;407;184;223;41,0
21770006618000;1;0;1;0,0
21770006619000;8;6;2;41,9
21770006620000;5;3;2;26,4
21770006621000;69;32;37;39,4
21770006622000;89;41;48;41,6
21770006623000;16;6;10;44,6
21770006629000;2;1;1;0,0
21770006630000;1;0;1;0,0
21770006634000;3;2;1;0,0
21770006635000;9;7;2;39,8
21770006668000;8;4;4;41,0
21770006669000;41;22;19;43,0
21770006670000;17;10;7;42,1
21770006671000;6;3;3;47,0
21770006681000;6;3;3;39,5
21770006727000;2;1;1;0,0
21770006728000;155;76;79;44,5
21770006729000;438;217;221;48,7
21770006730000;359;167;192;42,4
21770006731000;3;3;0;0,0
21770006754000;4;2;2;0,0
21770006768000;2;1;1;0,0
21770006777000;6;2;4;34,8
21770006778000;16;7;9;59,2
21770006781000;24;14;10;33,7
21770006782000;18;8;10;43,8
21770006783000;13;6;7;39,0
21770006784000;11;4;7;42,9
21770006785000;33;16;17;46,3
21770006786000;8;4;4;67,8
21770006787000;8;4;4;40,6
21770006795000;19;8;11;39,0
21770006796000;22;9;13;39,2
21770006797000;25;18;7;45,4
21770006798000;38;18;20;37,6
21770006799000;20;11;9;31,8
21770006873000;8;3;5;31,8
21770006902000;34;19;15;33,9
21770006903000;25;15;10;44,5
21770006961000;15;11;4;31,5
21770006962000;142;73;69;49,5
21770006963000;6;1;5;40,5
21770006982000;2;2;0;0,0
21770006983000;2;1;1;0,0
21770006991000;3;2;1;0,0
21770006992000;7;3;4;40,3
21770006998000;37;21;16;47,0
21770007000000;134;63;71;37,7
21770007004000;4;2;2;0,0
21770007005000;9;4;5;35,0
21770007012000;35;15;20;54,8
21770007013000;17;8;9;51,1
21770007015000;3;1;2;0,0
21770007020000;7;3;4;20,1
21770007026000;4;2;2;0,0
21770007027000;14;8;6;40,8
21770007028000;18;9;9;45,1
21770007029000;2;0;2;0,0
21770007030000;7;4;3;46,3
21770007031000;20;8;12;35,1
21770007033000;4;2;2;0,0
21770007036000;3;2;1;0,0
21770007064000;1;1;0;0,0
21770007065000;3;2;1;0,0
21770007079000;2;1;1;0,0
21780006531000;10;7;3;43,9
21780006532000;3;2;1;0,0
21780006533000;18;10;8;49,2
21780006534000;29;17;12;50,1
21780006535000;21;10;11;40,7
21780006536000;4;2;2;0,0
21780006538000;287;148;139;50,5
21780006539000;549;260;289;47,9
21780006540000;2;1;1;0,0
21780006542000;18;10;8;44,1
21780006543000;45;20;25;44,7
21780006544000;13;6;7;49,4
21780006545000;5;2;3;36,8
21780006548000;1;0;1;0,0
21780006552000;15;10;5;36,2
21780006553000;12;5;7;56,5
21780006562000;18;9;9;48,4
21780006565000;4;2;2;0,0
21780006567000;13;7;6;34,7
21780006571000;2;1;1;0,0
21780006572000;28;15;13;48,2
21780006575000;2;1;1;0,0
21780006577000;1;1;0;0,0
21780006581000;24;12;12;51,6
21780006582000;134;75;59;37,9
21780006583000;31;12;19;48,0
21780006584000;33;18;15;50,5
21780006588000;3;1;2;0,0
21780006591000;6;3;3;51,2
21780006596000;7;3;4;59,3
21780006597000;3;1;2;0,0
21780006598000;3;2;1;0,0
21780006599000;63;35;28;44,1
21780006600000;141;67;74;40,4
21780006602000;8;3;5;56,0
21780006603000;45;29;16;37,4
21780006604000;17;9;8;40,4
21780006605000;21;8;13;51,3
21780006606000;10;6;4;45,7
21780006607000;36;17;19;38,9
21780006608000;6;2;4;53,2
21780006609000;8;4;4;50,3
21780006610000;208;108;100;41,7
21780006611000;79;40;39;50,3
21780006612000;13;7;6;66,1
21780006613000;20;13;7;40,7
21780006614000;6;4;2;49,2
21780006616000;455;224;231;40,3
21780006617000;129;66;63;46,6
21780006621000;2;1;1;0,0
21780006633000;3;2;1;0,0
21780006634000;52;31;21;45,3
21780006668000;8;6;2;51,3
21780006669000;13;7;6;55,0
21780006670000;4;1;3;0,0
21780006722000;9;5;4;37,1
21780006726000;2;1;1;0,0
21780006727000;36;19;17;41,8
21780006728000;230;117;113;40,9
21780006729000;464;236;228;43,0
21780006730000;21;8;13;38,7
21780006777000;23;13;10;32,3
21780006778000;16;8;8;43,6
21780006779000;15;7;8;42,6
21780006780000;49;23;26;39,9
21780006781000;19;7;12;46,4
21780006782000;15;8;7;33,5
21780006783000;19;10;9;43,8
21780006784000;24;14;10;36,6
21780006785000;23;13;10;42,2
21780006790000;9;3;6;37,1
21780006791000;1;1;0;0,0
21780006794000;5;3;2;55,0
21780006795000;38;20;18;34,2
21780006798000;4;2;2;0,0
21780006815000;2;1;1;0,0
21780006871000;19;10;9;45,1
21780006873000;5;2;3;34,4
21780006901000;1;1;0;0,0
21780006902000;30;14;16;26,1
21780006961000;115;62;53;43,2
21780006962000;184;98;86;39,1
21780006980000;6;5;1;46,8
21780006981000;21;9;12;48,8
21780006992000;19;8;11;32,7
21780006998000;75;49;26;45,0
21780006999000;12;7;5;46,2
21780007000000;98;53;45;42,6
21780007005000;3;2;1;0,0
21780007011000;11;7;4;60,7
21780007012000;33;17;16;54,5
21780007014000;1;1;0;0,0
21780007015000;39;18;21;51,0
21780007020000;2;1;1;0,0
21780007024000;5;2;3;34,2
21780007031000;10;6;4;49,4
21780007032000;5;2;3;72,2
21780007036000;7;4;3;48,6
21780007037000;5;3;2;76,6
21780007038000;5;3;2;70,4
21780007044000;3;2;1;0,0
21780007063000;12;8;4;51,6
21780007076000;8;4;4;50,8
21780007080000;2;1;1;0,0
21780007095000;8;3;5;68,8
21780007096000;48;28;20;67,3
21790006535000;11;6;5;51,9
21790006536000;4;2;2;0,0
21790006537000;7;4;3;49,3
21790006539000;2;0;2;0,0
21790006542000;2;1;1;0,0
21790006543000;10;5;5;45,9
21790006545000;3;2;1;0,0
21790006547000;6;2;4;42,8
21790006548000;2;2;0;0,0
21790006549000;4;3;1;0,0
21790006550000;2;1;1;0,0
21790006551000;6;4;2;46,0
21790006562000;2;0;2;0,0
21790006564000;9;3;6;37,6
21790006566000;4;3;1;0,0
21790006567000;25;12;13;48,7
21790006570000;4;2;2;0,0
21790006571000;24;11;13;48,9
21790006572000;27;11;16;41,6
21790006573000;10;6;4;47,7
21790006574000;10;3;7;44,2
21790006575000;12;6;6;28,0
21790006578000;19;9;10;42,5
21790006579000;22;12;10;43,2
21790006580000;34;16;18;34,6
21790006581000;19;11;8;37,4
21790006582000;18;11;7;52,7
21790006583000;2;1;1;0,0
21790006584000;5;3;2;56,0
21790006603000;11;7;4;50,0
21790006604000;45;25;20;43,2
21790006605000;8;4;4;60,6
21790006607000;4;3;1;0,0
21790006608000;28;18;10;40,8
21790006609000;49;27;22;50,0
21790006610000;49;22;27;45,4
21790006611000;15;9;6;41,1
21790006666000;10;5;5;43,4
21790006667000;5;3;2;53,8
21790006668000;3;1;2;0,0
21790006669000;56;31;25;40,2
21790006691000;1;0;1;0,0
21790006701000;1;1;0;0,0
21790006702000;1;1;0;0,0
21790006703000;17;8;9;37,8
21790006704000;4;2;2;0,0
21790006720000;10;6;4;33,3
21790006721000;8;5;3;52,1
21790006722000;6;3;3;41,2
21790006723000;10;6;4;47,7
21790006725000;15;10;5;46,1
21790006726000;18;7;11;54,1
21790006727000;14;6;8;44,3
21790006728000;9;5;4;39,0
21790006729000;2;1;1;0,0
21790006777000;80;43;37;37,7
21790006778000;48;26;22;35,5
21790006779000;26;15;11;41,0
21790006780000;44;22;22;33,7
21790006781000;206;103;103;42,9
21790006782000;60;27;33;40,9
21790006783000;23;10;13;51,7
21790006784000;9;5;4;33,3
21790006789000;9;3;6;34,9
21790006790000;51;26;25;40,9
21790006791000;35;17;18;45,9
21790006794000;85;47;38;40,0
21790006795000;40;21;19;34,7
21790006867000;2;1;1;0,0
21790006871000;19;9;10;36,4
21790006872000;6;4;2;35,5
21790006873000;2;1;1;0,0
21790006901000;5;3;2;49,8
21790006902000;212;94;118;49,7
21790006961000;115;56;59;41,2
21790006962000;44;23;21;43,8
21790006971000;5;3;2;37,4
21790006972000;3;1;2;0,0
21790006979000;11;6;5;48,2
21790006980000;31;19;12;48,4
21790006981000;71;37;34;48,5
21790006992000;8;4;4;26,9
21790006993000;27;15;12;37,0
21790006997000;31;16;15;24,5
21790006998000;183;88;95;43,5
21790006999000;36;19;17;50,0
21790007000000;87;42;45;41,8
21790007006000;16;6;10;42,5
21790007012000;5;4;1;26,4
21790007020000;2;0;2;0,0
21790007022000;4;3;1;0,0
21790007024000;6;2;4;34,7
21790007032000;4;2;2;0,0
21790007036000;18;12;6;42,0
21790007037000;13;7;6;34,5
21790007044000;4;3;1;0,0
21790007045000;2;1;1;0,0
21790007062000;3;1;2;0,0
21790007063000;9;4;5;68,9
21790007064000;9;4;5;20,2
21790007065000;20;11;9;39,1
21790007076000;6;3;3;56,3
21790007080000;39;21;18;40,6
21800006536000;12;9;3;46,3
21800006537000;39;21;18;43,0
21800006539000;4;3;1;0,0
21800006541000;15;9;6;53,1
21800006542000;12;7;5;58,7
21800006543000;11;5;6;40,3
21800006546000;4;2;2;0,0
21800006547000;4;2;2;0,0
21800006548000;7;6;1;33,9
21800006549000;20;11;9;40,2
21800006550000;1;1;0;0,0
21800006561000;9;5;4;47,6
21800006563000;10;6;4;41,3
21800006564000;19;9;10;43,8
21800006566000;7;3;4;59,3
21800006571000;3;1;2;0,0
21800006572000;4;2;2;0,0
21800006573000;1;1;0;0,0
21800006574000;9;5;4;37,3
21800006575000;21;10;11;50,7
21800006576000;45;24;21;39,2
21800006577000;16;9;7;28,4
21800006578000;21;10;11;45,5
21800006579000;29;17;12;49,9
21800006580000;13;6;7;37,9
21800006581000;20;11;9;48,0
21800006582000;5;3;2;43,6
21800006585000;12;6;6;48,9
21800006586000;8;5;3;63,3
21800006662000;1;1;0;0,0
21800006663000;5;3;2;41,2
21800006664000;4;3;1;0,0
21800006665000;14;6;8;40,3
21800006666000;22;14;8;38,7
21800006667000;3;1;2;0,0
21800006668000;18;9;9;48,3
21800006702000;1;0;1;0,0
21800006715000;5;2;3;45,2
21800006717000;5;2;3;30,0
21800006718000;36;18;18;43,2
21800006719000;15;6;9;51,3
21800006720000;9;5;4;58,9
21800006721000;10;5;5;31,1
21800006722000;36;15;21;37,8
21800006723000;16;8;8;45,6
21800006724000;12;5;7;43,5
21800006726000;10;3;7;33,8
21800006758000;1;0;1;0,0
21800006776000;31;16;15;42,5
21800006777000;29;13;16;40,6
21800006778000;4;1;3;0,0
21800006779000;31;15;16;46,3
21800006780000;30;19;11;42,8
21800006781000;39;19;20;41,1
21800006782000;10;7;3;44,9
21800006787000;3;2;1;0,0
21800006788000;10;5;5;28,4
21800006789000;11;4;7;50,0
21800006790000;94;38;56;40,8
21800006791000;3;2;1;0,0
21800006792000;12;7;5;53,8
21800006793000;105;45;60;59,7
21800006794000;8;5;3;29,6
21800006795000;28;16;12;37,8
21800006796000;5;2;3;45,6
21800006846000;2;1;1;0,0
21800006871000;7;3;4;45,4
21800006872000;4;1;3;0,0
21800006873000;2;1;1;0,0
21800006900000;9;5;4;40,1
21800006901000;14;8;6;33,4
21800006902000;73;35;38;40,4
21800006961000;1;1;0;0,0
21800006979000;59;35;24;42,9
21800006980000;42;25;17;46,5
21800006992000;15;8;7;37,1
21800006993000;10;5;5;46,5
21800006994000;23;9;14;35,9
21800006995000;19;14;5;41,4
21800006996000;263;128;135;32,1
21800006997000;783;405;378;39,5
21800006998000;41;20;21;47,8
21800006999000;123;65;58;42,6
21800007000000;45;22;23;36,2
21800007001000;9;6;3;37,7
21800007006000;22;12;10;51,4
21800007020000;21;12;9;50,3
21800007032000;2;1;1;0,0
21800007036000;8;5;3;55,4
21800007037000;21;11;10;42,2
21800007043000;7;3;4;49,4
21800007044000;12;6;6;46,5
21800007076000;3;2;1;0,0
21800007080000;63;32;31;42,2
21810006537000;49;26;23;42,7
21810006538000;3;2;1;0,0
21810006541000;3;1;2;0,0
21810006543000;4;3;1;0,0
21810006544000;22;14;8;36,0
21810006545000;14;9;5;55,4
21810006546000;1;1;0;0,0
21810006547000;2;1;1;0,0
21810006548000;16;6;10;48,1
21810006560000;1;0;1;0,0
21810006563000;3;1;2;0,0
21810006564000;9;3;6;41,0
21810006565000;90;46;44;42,6
21810006566000;7;5;2;38,3
21810006567000;16;7;9;40,0
21810006574000;7;4;3;43,4
21810006575000;3;3;0;0,0
21810006576000;100;53;47;36,8
21810006577000;84;42;42;53,0
21810006578000;18;8;10;44,8
21810006619000;3;2;1;0,0
21810006635000;3;1;2;0,0
21810006646000;1;1;0;0,0
21810006660000;11;6;5;40,7
21810006661000;11;5;6;54,1
21810006662000;9;6;3;64,1
21810006663000;49;29;20;45,4
21810006664000;7;5;2;48,6
21810006665000;16;9;7;34,9
21810006666000;17;8;9;45,5
21810006667000;17;9;8;32,6
21810006668000;10;4;6;42,6
21810006692000;9;3;6;33,3
21810006716000;23;12;11;46,1
21810006717000;34;19;15;40,1
21810006718000;1;1;0;0,0
21810006719000;34;19;15;42,0
21810006721000;9;4;5;44,3
21810006722000;9;5;4;54,2
21810006723000;6;4;2;68,3
21810006724000;13;6;7;41,4
21810006725000;10;5;5;46,2
21810006753000;1;1;0;0,0
21810006757000;9;6;3;55,4
21810006774000;19;10;9;30,3
21810006775000;24;13;11;34,5
21810006776000;27;11;16;44,7
21810006777000;116;57;59;42,5
21810006778000;34;16;18;42,1
21810006779000;34;18;16;44,0
21810006780000;22;10;12;40,6
21810006781000;4;2;2;0,0
21810006783000;3;1;2;0,0
21810006784000;5;3;2;47,6
21810006785000;26;11;15;46,6
21810006786000;40;23;17;48,9
21810006787000;7;4;3;37,6
21810006789000;4;2;2;0,0
21810006790000;28;16;12;31,3
21810006791000;33;15;18;49,5
21810006792000;114;54;60;39,9
21810006793000;107;48;59;52,2
21810006795000;25;13;12;42,9
21810006796000;14;8;6;36,2
21810006867000;1;1;0;0,0
21810006869000;4;2;2;0,0
21810006871000;23;13;10;51,0
21810006872000;3;2;1;0,0
21810006873000;5;4;1;25,2
21810006902000;26;14;12;45,2
21810006960000;12;6;6;41,8
21810006961000;12;5;7;52,7
21810006979000;10;5;5;45,2
21810006993000;25;15;10;42,1
21810006994000;6;2;4;54,3
21810006996000;48;25;23;31,4
21810006997000;513;245;268;41,7
21810006998000;42;21;21;52,1
21810006999000;92;42;50;42,0
21810007000000;48;28;20;55,5
21810007001000;1;1;0;0,0
21810007006000;10;7;3;49,3
21810007007000;5;3;2;21,6
21810007020000;12;7;5;50,6
21810007036000;5;3;2;37,0
21810007037000;2;1;1;0,0
21810007043000;28;15;13;33,1
21810007044000;4;2;2;0,0
21810007052000;1;1;0;0,0
21810007067000;4;3;1;0,0
21810007076000;21;13;8;46,3
21810007080000;63;37;26;38,4
21820006537000;24;13;11;49,3
21820006538000;3;2;1;0,0
21820006539000;1;1;0;0,0
21820006541000;5;1;4;29,0
21820006542000;8;3;5;48,0
21820006543000;1;0;1;0,0
21820006544000;4;2;2;0,0
21820006545000;18;8;10;46,6
21820006546000;11;5;6;43,0
21820006548000;2;2;0;0,0
21820006549000;19;12;7;55,4
21820006563000;4;2;2;0,0
21820006566000;9;7;2;30,8
21820006574000;6;3;3;66,2
21820006575000;12;8;4;48,8
21820006577000;9;4;5;34,0
21820006580000;2;1;1;0,0
21820006633000;6;3;3;33,2
21820006634000;5;4;1;60,8
21820006635000;4;1;3;0,0
21820006656000;3;1;2;0,0
21820006658000;9;5;4;42,0
21820006659000;14;8;6;47,8
21820006660000;5;2;3;59,4
21820006661000;16;7;9;50,5
21820006662000;11;6;5;51,4
21820006663000;122;57;65;40,1
21820006665000;5;2;3;60,6
21820006666000;1;1;0;0,0
21820006691000;4;1;3;0,0
21820006692000;15;10;5;37,5
21820006695000;15;5;10;50,8
21820006696000;9;4;5;41,9
21820006697000;13;6;7;37,5
21820006717000;7;5;2;43,7
21820006718000;5;3;2;53,2
21820006726000;1;1;0;0,0
21820006728000;6;5;1;39,8
21820006757000;1;0;1;0,0
21820006758000;6;3;3;38,7
21820006773000;3;2;1;0,0
21820006774000;36;18;18;40,6
21820006775000;31;20;11;40,7
21820006776000;83;42;41;35,3
21820006777000;3;2;1;0,0
21820006783000;6;4;2;47,5
21820006784000;7;2;5;37,7
21820006785000;14;5;9;37,2
21820006787000;6;5;1;28,3
21820006788000;35;18;17;51,3
21820006789000;38;19;19;42,6
21820006790000;123;55;68;43,8
21820006791000;153;77;76;48,0
21820006794000;10;6;4;40,6
21820006795000;33;17;16;42,3
21820006796000;4;2;2;0,0
21820006869000;19;9;10;42,4
21820006870000;1;1;0;0,0
21820006871000;56;30;26;37,6
21820006872000;24;13;11;53,7
21820006880000;3;2;1;0,0
21820006881000;3;1;2;0,0
21820006900000;12;8;4;23,8
21820006901000;2;1;1;0,0
21820006902000;38;19;19;38,1
21820006960000;14;9;5;40,8
21820006961000;2;1;1;0,0
21820006969000;2;1;1;0,0
21820006978000;22;11;11;36,1
21820006993000;4;2;2;0,0
21820006997000;32;14;18;56,2
21820006998000;376;158;218;54,9
21820006999000;172;84;88;38,4
21820007007000;5;4;1;33,6
21820007023000;7;2;5;46,9
21820007036000;11;5;6;37,5
21820007037000;10;4;6;39,8
21820007043000;14;6;8;44,7
21820007063000;2;1;1;0,0
21820007066000;7;4;3;45,1
21820007067000;4;2;2;0,0
21820007076000;58;31;27;41,3
21820007079000;28;17;11;46,8
21820007080000;69;37;32;42,2
21830006535000;2;1;1;0,0
21830006536000;33;18;15;45,6
21830006537000;15;9;6;31,3
21830006538000;9;5;4;49,7
21830006539000;4;3;1;0,0
21830006540000;8;4;4;63,6
21830006541000;4;3;1;0,0
21830006542000;4;2;2;0,0
21830006543000;1;1;0;0,0
21830006546000;12;8;4;40,4
21830006547000;26;13;13;40,1
21830006549000;4;2;2;0,0
21830006566000;1;1;0;0,0
21830006574000;57;30;27;31,2
21830006575000;106;55;51;28,0
21830006580000;1;0;1;0,0
21830006633000;13;7;6;53,5
21830006635000;9;5;4;54,9
21830006651000;6;3;3;50,3
21830006653000;8;2;6;51,3
21830006655000;6;3;3;51,2
21830006656000;19;9;10;43,2
21830006657000;12;6;6;35,5
21830006658000;16;10;6;47,4
21830006659000;13;8;5;49,2
21830006660000;2;2;0;0,0
21830006661000;4;2;2;0,0
21830006664000;19;11;8;38,3
21830006692000;11;5;6;44,5
21830006694000;27;14;13;51,7
21830006695000;13;7;6;54,5
21830006696000;7;4;3;62,1
21830006717000;11;7;4;58,2
21830006718000;11;7;4;58,7
21830006760000;10;5;5;51,0
21830006773000;6;3;3;20,2
21830006774000;10;7;3;64,6
21830006775000;15;7;8;52,1
21830006776000;2;1;1;0,0
21830006784000;5;2;3;52,2
21830006785000;90;49;41;31,1
21830006786000;58;32;26;48,4
21830006787000;84;41;43;37,8
21830006788000;41;21;20;37,6
21830006789000;39;26;13;39,7
21830006869000;25;12;13;44,9
21830006871000;17;7;10;40,5
21830006872000;4;2;2;0,0
21830006873000;45;21;24;33,2
21830006874000;4;2;2;0,0
21830006880000;13;8;5;52,5
21830006899000;7;6;1;53,3
21830006900000;17;10;7;44,4
21830006901000;7;4;3;38,1
21830006902000;54;24;30;49,4
21830006959000;6;4;2;59,2
21830006960000;20;11;9;46,9
21830006977000;4;2;2;0,0
21830006993000;2;1;1;0,0
21830006994000;5;3;2;61,0
21830006998000;14;8;6;46,2
21830006999000;65;31;34;45,7
21830007023000;11;5;6;59,2
21830007036000;10;7;3;43,7
21830007037000;54;28;26;41,9
21830007038000;5;2;3;38,6
21830007041000;6;5;1;20,3
21830007044000;22;9;13;43,1
21830007052000;2;1;1;0,0
21830007053000;5;3;2;71,4
21830007065000;2;1;1;0,0
21830007066000;22;13;9;31,2
21830007069000;2;1;1;0,0
21830007076000;27;14;13;49,2
21830007078000;2;1;1;0,0
21830007080000;9;7;2;38,4
21830007081000;25;13;12;33,3
21830007098000;21;12;9;39,5
21840006536000;17;6;11;44,2
21840006538000;9;4;5;37,2
21840006540000;5;2;3;36,0
21840006541000;2;1;1;0,0
21840006542000;6;4;2;25,7
21840006543000;1;1;0;0,0
21840006546000;6;3;3;38,7
21840006547000;16;9;7;39,1
21840006548000;5;2;3;34,8
21840006566000;1;0;1;0,0
21840006567000;6;3;3;61,7
21840006573000;19;6;13;51,3
21840006574000;46;25;21;41,3
21840006575000;11;5;6;41,1
21840006579000;46;24;22;35,3
21840006633000;4;3;1;0,0
21840006635000;10;6;4;36,7
21840006650000;10;4;6;58,1
21840006651000;4;3;1;0,0
21840006652000;5;3;2;18,4
21840006653000;5;3;2;63,0
21840006654000;10;3;7;40,1
21840006655000;4;2;2;0,0
21840006656000;9;3;6;47,4
21840006657000;7;4;3;62,6
21840006658000;5;3;2;49,4
21840006659000;8;4;4;38,5
21840006663000;14;8;6;44,2
21840006664000;2;2;0;0,0
21840006690000;3;1;2;0,0
21840006691000;1;1;0;0,0
21840006692000;3;2;1;0,0
21840006693000;4;3;1;0,0
21840006694000;7;4;3;47,7
21840006716000;7;3;4;46,1
21840006718000;9;5;4;52,1
21840006758000;3;2;1;0,0
21840006760000;9;5;4;40,2
21840006761000;1;1;0;0,0
21840006772000;20;10;10;40,7
21840006773000;13;7;6;27,6
21840006774000;16;9;7;50,6
21840006775000;21;12;9;34,9
21840006780000;23;15;8;34,1
21840006783000;5;3;2;55,2
21840006784000;76;40;36;39,4
21840006785000;101;51;50;40,2
21840006787000;42;21;21;40,8
21840006788000;4;3;1;0,0
21840006867000;5;3;2;52,2
21840006868000;5;3;2;43,2
21840006869000;3;2;1;0,0
21840006871000;1;1;0;0,0
21840006872000;16;8;8;36,7
21840006873000;30;20;10;40,4
21840006874000;21;13;8;49,2
21840006878000;9;5;4;46,1
21840006879000;19;9;10;57,3
21840006880000;20;10;10;47,4
21840006881000;19;10;9;31,5
21840006899000;19;9;10;41,4
21840006900000;2;1;1;0,0
21840006901000;26;14;12;45,0
21840006902000;5;3;2;53,8
21840006959000;18;10;8;40,4
21840006960000;6;3;3;43,2
21840006998000;69;36;33;40,4
21840006999000;14;8;6;42,1
21840007007000;2;1;1;0,0
21840007008000;4;3;1;0,0
21840007021000;6;3;3;43,8
21840007037000;20;11;9;37,8
21840007038000;3;1;2;0,0
21840007039000;17;8;9;36,0
21840007040000;42;18;24;40,1
21840007041000;13;6;7;40,5
21840007042000;13;6;7;50,7
21840007043000;3;1;2;0,0
21840007044000;48;25;23;34,5
21840007053000;2;1;1;0,0
21840007065000;4;2;2;0,0
21840007068000;9;5;4;49,3
21840007069000;6;3;3;67,2
21840007076000;19;9;10;39,3
21840007077000;16;9;7;33,7
21840007081000;77;43;34;36,6
21850006540000;1;1;0;0,0
21850006547000;20;9;11;32,1
21850006548000;16;9;7;31,1
21850006549000;2;1;1;0,0
21850006550000;4;3;1;0,0
21850006556000;2;0;2;0,0
21850006557000;3;1;2;0,0
21850006559000;1;0;1;0,0
21850006566000;18;9;9;28,0
21850006567000;43;18;25;37,7
21850006568000;4;2;2;0,0
21850006569000;8;5;3;38,9
21850006570000;5;3;2;57,0
21850006573000;6;4;2;60,8
21850006574000;19;8;11;34,6
21850006575000;11;5;6;30,9
21850006576000;1;1;0;0,0
21850006577000;9;3;6;37,7
21850006578000;53;30;23;40,5
21850006579000;5;3;2;29,8
21850006618000;4;3;1;0,0
21850006631000;1;1;0;0,0
21850006632000;23;14;9;42,6
21850006633000;3;2;1;0,0
21850006634000;3;2;1;0,0
21850006643000;1;0;1;0,0
21850006648000;3;1;2;0,0
21850006649000;14;8;6;41,3
21850006651000;4;1;3;0,0
21850006653000;3;2;1;0,0
21850006654000;10;4;6;33,7
21850006656000;8;4;4;53,4
21850006692000;10;5;5;71,3
21850006693000;28;14;14;53,0
21850006694000;5;2;3;42,4
21850006760000;2;1;1;0,0
21850006761000;30;18;12;36,3
21850006772000;10;5;5;38,1
21850006773000;30;15;15;43,6
21850006774000;42;21;21;40,9
21850006775000;8;4;4;37,1
21850006779000;5;4;1;29,2
21850006780000;35;18;17;44,1
21850006781000;20;12;8;42,5
21850006782000;2;1;1;0,0
21850006783000;81;38;43;40,6
21850006784000;130;65;65;42,7
21850006785000;25;12;13;44,1
21850006798000;2;1;1;0,0
21850006857000;2;1;1;0,0
21850006866000;3;2;1;0,0
21850006873000;24;13;11;43,6
21850006874000;4;2;2;0,0
21850006877000;11;7;4;49,5
21850006878000;9;5;4;40,2
21850006879000;6;4;2;46,5
21850006880000;22;10;12;40,0
21850006899000;14;6;8;50,1
21850006900000;4;3;1;0,0
21850006901000;15;6;9;39,0
21850006958000;10;4;6;39,8
21850006959000;12;6;6;47,8
21850006997000;1;1;0;0,0
21850006998000;14;7;7;49,9
21850007008000;2;2;0;0,0
21850007020000;18;7;11;42,5
21850007021000;10;6;4;36,1
21850007036000;3;2;1;0,0
21850007037000;11;6;5;42,6
21850007038000;1;1;0;0,0
21850007041000;4;2;2;0,0
21850007042000;30;19;11;37,3
21850007044000;5;4;1;27,8
21850007053000;12;4;8;42,7
21850007064000;2;0;2;0,0
21850007065000;15;7;8;39,1
21850007066000;19;10;9;44,5
21850007069000;3;2;1;0,0
21850007070000;3;2;1;0,0
21850007076000;4;3;1;0,0
21850007081000;11;6;5;42,4
21850007082000;6;3;3;23,7
21860006544000;2;1;1;0,0
21860006545000;48;27;21;55,7
21860006546000;7;4;3;46,7
21860006547000;3;2;1;0,0
21860006548000;6;3;3;31,2
21860006549000;57;28;29;40,0
21860006550000;22;12;10;31,8
21860006555000;3;1;2;0,0
21860006556000;6;3;3;36,8
21860006560000;1;0;1;0,0
21860006563000;14;8;6;50,8
21860006566000;9;5;4;26,4
21860006567000;138;69;69;47,7
21860006568000;2;0;2;0,0
21860006570000;12;6;6;50,2
21860006571000;16;10;6;34,3
21860006572000;25;14;11;40,7
21860006573000;46;25;21;40,6
21860006574000;12;8;4;43,0
21860006575000;2;1;1;0,0
21860006576000;98;52;46;46,3
21860006577000;285;151;134;37,9
21860006578000;9;5;4;35,4
21860006586000;5;4;1;58,0
21860006631000;9;4;5;26,1
21860006632000;5;1;4;40,8
21860006633000;2;1;1;0,0
21860006647000;2;1;1;0,0
21860006648000;12;5;7;41,2
21860006649000;13;6;7;48,8
21860006650000;10;6;4;46,7
21860006651000;3;2;1;0,0
21860006654000;1;1;0;0,0
21860006655000;10;5;5;28,6
21860006656000;6;3;3;58,3
21860006691000;2;1;1;0,0
21860006692000;24;15;9;33,1
21860006693000;15;8;7;42,3
21860006714000;4;3;1;0,0
21860006761000;8;3;5;51,5
21860006762000;15;9;6;37,4
21860006772000;5;2;3;63,2
21860006774000;29;12;17;29,1
21860006778000;2;1;1;0,0
21860006779000;20;10;10;46,5
21860006780000;51;26;25;41,0
21860006781000;46;26;20;43,4
21860006782000;26;13;13;38,7
21860006783000;10;6;4;36,4
21860006784000;25;13;12;41,0
21860006857000;5;3;2;64,8
21860006858000;9;4;5;47,0
21860006872000;8;6;2;49,8
21860006874000;55;22;33;40,4
21860006876000;16;8;8;42,4
21860006877000;10;5;5;50,4
21860006897000;2;1;1;0,0
21860006899000;13;10;3;36,0
21860006900000;10;8;2;28,8
21860006958000;12;5;7;34,9
21860006998000;12;4;8;42,8
21860006999000;1;1;0;0,0
21860007037000;12;5;7;42,9
21860007045000;15;7;8;42,5
21860007046000;67;33;34;30,5
21860007047000;3;3;0;0,0
21860007064000;3;1;2;0,0
21860007070000;2;1;1;0,0
21860007076000;8;3;5;58,9
21860007077000;2;0;2;0,0
21860007082000;27;9;18;31,4
21860007083000;18;9;9;58,6
21860007089000;1;1;0;0,0
21870006536000;36;20;16;43,3
21870006537000;15;5;10;29,8
21870006539000;1;1;0;0,0
21870006544000;15;8;7;57,4
21870006545000;109;55;54;44,5
21870006546000;9;4;5;49,7
21870006548000;69;39;30;41,5
21870006549000;224;124;100;38,1
21870006552000;3;2;1;0,0
21870006553000;1;1;0;0,0
21870006554000;24;14;10;37,3
21870006563000;66;30;36;36,8
21870006564000;125;71;54;37,1
21870006565000;24;13;11;49,8
21870006566000;2;1;1;0,0
21870006567000;13;5;8;53,5
21870006568000;9;5;4;38,0
21870006569000;16;8;8;45,6
21870006570000;5;2;3;54,0
21870006571000;27;14;13;40,9
21870006572000;4;2;2;0,0
21870006573000;68;34;34;44,0
21870006574000;193;102;91;45,0
21870006575000;97;48;49;41,2
21870006576000;715;386;329;40,1
21870006577000;201;98;103;37,0
21870006620000;1;1;0;0,0
21870006621000;5;2;3;64,6
21870006622000;5;2;3;16,4
21870006631000;9;5;4;44,0
21870006632000;29;14;15;40,8
21870006633000;21;9;12;39,5
21870006634000;2;1;1;0,0
21870006648000;32;18;14;37,5
21870006649000;63;35;28;35,7
21870006654000;11;6;5;47,2
21870006655000;14;9;5;46,5
21870006656000;3;2;1;0,0
21870006687000;5;3;2;44,0
21870006689000;16;7;9;37,6
21870006690000;2;2;0;0,0
21870006691000;62;21;41;49,9
21870006692000;107;53;54;43,4
21870006693000;5;2;3;42,6
21870006712000;15;8;7;32,5
21870006713000;2;1;1;0,0
21870006714000;10;5;5;65,4
21870006761000;9;2;7;47,9
21870006762000;3;2;1;0,0
21870006772000;23;13;10;39,2
21870006773000;2;2;0;0,0
21870006774000;317;148;169;46,3
21870006775000;111;58;53;43,0
21870006776000;73;38;35;46,0
21870006777000;10;4;6;49,4
21870006778000;10;5;5;45,6
21870006779000;51;26;25;39,3
21870006780000;103;50;53;42,8
21870006781000;5;3;2;61,8
21870006793000;4;1;3;0,0
21870006857000;18;12;6;40,0
21870006858000;27;12;15;35,5
21870006861000;6;3;3;26,3
21870006872000;21;10;11;39,9
21870006873000;6;3;3;50,0
21870006874000;41;20;21;40,5
21870006876000;23;10;13;39,2
21870006877000;5;3;2;58,8
21870006897000;3;1;2;0,0
21870006898000;6;2;4;51,0
21870006899000;13;5;8;45,0
21870006900000;2;0;2;0,0
21870006904000;3;2;1;0,0
21870006957000;3;2;1;0,0
21870006958000;2;1;1;0,0
21870006976000;5;2;3;30,0
21870006998000;4;2;2;0,0
21870006999000;45;25;20;37,4
21870007008000;4;3;1;0,0
21870007021000;5;3;2;39,2
21870007037000;3;2;1;0,0
21870007038000;8;4;4;44,5
21870007046000;36;22;14;42,5
21870007053000;4;3;1;0,0
21870007054000;3;1;2;0,0
21870007068000;3;3;0;0,0
21870007070000;9;4;5;57,8
21870007077000;9;7;2;37,6
21870007083000;16;11;5;39,3
21870007084000;9;5;4;39,6
21870007088000;55;27;28;44,7
21870007089000;17;8;9;36,6
21870007097000;4;4;0;0,0
21870007098000;18;8;10;56,2
21880006537000;12;7;5;65,3
21880006538000;2;1;1;0,0
21880006544000;13;8;5;46,8
21880006545000;5;3;2;70,2
21880006546000;43;24;19;48,1
21880006547000;18;9;9;36,6
21880006548000;24;15;9;43,0
21880006549000;9;4;5;39,6
21880006550000;3;0;3;0,0
21880006554000;15;9;6;50,0
21880006560000;4;2;2;0,0
21880006564000;583;288;295;39,2
21880006565000;189;97;92;50,2
21880006567000;13;9;4;41,8
21880006568000;16;8;8;43,9
21880006569000;16;8;8;37,8
21880006570000;19;11;8;43,3
21880006571000;8;5;3;47,3
21880006572000;30;18;12;46,3
21880006573000;36;19;17;42,3
21880006574000;1057;556;501;39,5
21880006575000;790;422;368;33,5
21880006576000;240;122;118;42,5
21880006577000;205;104;101;44,5
21880006584000;13;9;4;41,3
21880006586000;18;9;9;43,8
21880006600000;2;1;1;0,0
21880006601000;1;1;0;0,0
21880006622000;27;14;13;39,9
21880006623000;4;2;2;0,0
21880006631000;31;11;20;35,3
21880006648000;8;3;5;27,9
21880006649000;180;95;85;43,0
21880006650000;7;4;3;38,3
21880006655000;15;10;5;42,9
21880006682000;3;2;1;0,0
21880006683000;16;8;8;39,3
21880006685000;9;5;4;54,0
21880006687000;6;3;3;51,7
21880006688000;17;11;6;43,8
21880006689000;4;2;2;0,0
21880006690000;7;2;5;38,6
21880006691000;39;21;18;42,2
21880006692000;73;34;39;47,5
21880006693000;5;3;2;38,0
21880006711000;3;1;2;0,0
21880006712000;41;21;20;43,4
21880006763000;5;4;1;52,0
21880006772000;8;4;4;51,1
21880006773000;3;1;2;0,0
21880006774000;278;133;145;48,8
21880006775000;412;202;210;47,6
21880006776000;71;31;40;44,9
21880006777000;54;30;24;42,3
21880006778000;100;44;56;39,0
21880006779000;38;19;19;52,1
21880006780000;40;23;17;44,4
21880006860000;1;1;0;0,0
21880006872000;13;6;7;43,9
21880006873000;3;2;1;0,0
21880006874000;4;2;2;0,0
21880006875000;37;20;17;42,6
21880006876000;36;14;22;47,7
21880006897000;8;3;5;57,3
21880006898000;40;20;20;39,4
21880006899000;27;11;16;38,1
21880006956000;5;3;2;33,0
21880006957000;5;3;2;44,0
21880006999000;22;9;13;45,7
21880007009000;6;4;2;54,8
21880007038000;25;17;8;37,1
21880007046000;2;2;0;0,0
21880007053000;5;3;2;48,2
21880007063000;5;3;2;51,4
21880007070000;16;7;9;47,7
21880007072000;19;11;8;42,3
21880007077000;3;2;1;0,0
21880007078000;2;1;1;0,0
21880007083000;24;14;10;34,5
21880007084000;143;76;67;32,8
21880007086000;52;24;28;33,5
21880007087000;4;1;3;0,0
21880007088000;5;2;3;75,4
21880007089000;43;21;22;38,5
21880007090000;38;20;18;29,5
21880007096000;4;3;1;0,0
21880007097000;109;54;55;50,0
21880007098000;4;2;2;0,0
21890006545000;6;2;4;31,3
21890006546000;1;1;0;0,0
21890006547000;54;31;23;46,1
21890006548000;4;3;1;0,0
21890006549000;20;11;9;49,2
21890006550000;119;49;70;57,7
21890006551000;17;8;9;47,7
21890006554000;12;5;7;34,8
21890006560000;5;2;3;41,8
21890006561000;1;1;0;0,0
21890006563000;186;96;90;39,3
21890006564000;157;78;79;40,7
21890006568000;10;5;5;44,1
21890006569000;1;1;0;0,0
21890006570000;11;7;4;53,8
21890006571000;5;2;3;53,2
21890006573000;23;13;10;42,2
21890006574000;167;80;87;35,6
21890006575000;951;478;473;40,4
21890006576000;1613;753;860;45,2
21890006577000;2649;1209;1440;38,1
21890006578000;171;88;83;45,7
21890006579000;25;12;13;44,6
21890006580000;10;6;4;25,4
21890006581000;46;26;20;34,4
21890006582000;70;37;33;43,5
21890006583000;25;13;12;41,3
21890006584000;28;12;16;38,6
21890006585000;7;6;1;32,0
21890006586000;3;1;2;0,0
21890006597000;13;9;4;37,2
21890006598000;2;1;1;0,0
21890006599000;2;1;1;0,0
21890006602000;2;1;1;0,0
21890006622000;2;2;0;0,0
21890006623000;9;4;5;25,9
21890006630000;4;2;2;0,0
21890006631000;11;5;6;39,4
21890006646000;3;2;1;0,0
21890006647000;10;6;4;36,4
21890006648000;17;8;9;42,0
21890006653000;3;1;2;0,0
21890006655000;10;6;4;54,2
21890006656000;8;5;3;37,4
21890006683000;39;21;18;37,2
21890006684000;33;16;17;35,3
21890006685000;16;8;8;51,4
21890006686000;8;3;5;48,3
21890006687000;8;4;4;43,5
21890006691000;2;1;1;0,0
21890006692000;10;5;5;35,7
21890006693000;1;1;0;0,0
21890006712000;14;9;5;56,6
21890006762000;1;1;0;0,0
21890006771000;3;2;1;0,0
21890006772000;17;9;8;42,3
21890006773000;3;1;2;0,0
21890006774000;451;221;230;44,0
21890006775000;90;42;48;44,5
21890006776000;4;2;2;0,0
21890006778000;17;6;11;31,8
21890006795000;1;1;0;0,0
21890006858000;2;1;1;0,0
21890006872000;5;3;2;44,2
21890006873000;112;51;61;47,3
21890006874000;685;327;358;48,5
21890006875000;107;60;47;37,7
21890006897000;17;11;6;43,2
21890006898000;42;21;21;36,5
21890006899000;4;2;2;0,0
21890006944000;5;1;4;33,4
21890006950000;2;1;1;0,0
21890006955000;6;2;4;28,5
21890006956000;6;2;4;39,0
21890006999000;26;12;14;42,3
21890007009000;7;3;4;41,4
21890007021000;10;7;3;43,9
21890007038000;3;1;2;0,0
21890007054000;4;2;2;0,0
21890007063000;24;11;13;32,3
21890007070000;148;79;69;38,7
21890007072000;32;16;16;42,6
21890007084000;16;9;7;44,4
21890007085000;41;27;14;36,2
21890007086000;9;5;4;45,0
21890007087000;22;15;7;36,6
21890007088000;60;27;33;42,2
21890007089000;65;26;39;47,0
21890007090000;12;6;6;37,5
21890007097000;63;35;28;55,3
21890007098000;1;0;1;0,0
21900006545000;34;19;15;47,0
21900006546000;34;17;17;51,3
21900006547000;54;29;25;48,4
21900006548000;2;1;1;0,0
21900006549000;24;11;13;39,3
21900006550000;27;15;12;37,6
21900006551000;4;2;2;0,0
21900006554000;23;11;12;41,4
21900006556000;5;2;3;31,2
21900006557000;12;6;6;40,2
21900006558000;4;1;3;0,0
21900006559000;29;16;13;36,7
21900006560000;37;21;16;43,1
21900006561000;11;6;5;47,5
21900006566000;131;75;56;44,9
21900006567000;17;9;8;51,9
21900006568000;12;5;7;47,0
21900006572000;28;14;14;38,3
21900006573000;559;280;279;39,8
21900006574000;1202;595;607;37,4
21900006575000;1108;572;536;39,4
21900006576000;1218;603;615;41,6
21900006577000;333;168;165;37,3
21900006578000;143;67;76;41,4
21900006579000;321;162;159;32,0
21900006580000;383;205;178;32,8
21900006581000;87;46;41;41,6
21900006582000;140;74;66;34,3
21900006583000;145;68;77;38,9
21900006584000;31;18;13;49,5
21900006585000;37;21;16;47,8
21900006586000;18;10;8;37,9
21900006587000;4;1;3;0,0
21900006596000;3;3;0;0,0
21900006597000;8;5;3;37,4
21900006602000;2;1;1;0,0
21900006603000;4;2;2;0,0
21900006623000;1;1;0;0,0
21900006631000;3;1;2;0,0
21900006646000;25;13;12;33,4
21900006647000;3;2;1;0,0
21900006650000;31;17;14;46,2
21900006658000;3;2;1;0,0
21900006659000;5;3;2;32,0
21900006660000;8;3;5;33,5
21900006661000;1;0;1;0,0
21900006678000;8;4;4;29,1
21900006679000;20;13;7;42,3
21900006680000;16;8;8;29,4
21900006681000;6;3;3;43,0
21900006683000;14;7;7;33,0
21900006684000;2;1;1;0,0
21900006686000;2;2;0;0,0
21900006690000;4;2;2;0,0
21900006694000;2;1;1;0,0
21900006711000;14;7;7;54,2
21900006712000;16;8;8;47,8
21900006767000;14;8;6;30,7
21900006768000;7;3;4;31,7
21900006771000;6;4;2;39,8
21900006772000;122;66;56;33,6
21900006773000;170;90;80;40,9
21900006774000;330;161;169;45,3
21900006775000;32;15;17;50,2
21900006872000;14;6;8;48,5
21900006873000;52;26;26;55,0
21900006874000;372;180;192;41,9
21900006875000;77;39;38;50,8
21900006895000;13;6;7;37,4
21900006896000;1;1;0;0,0
21900006897000;1;1;0;0,0
21900006898000;15;9;6;47,1
21900006945000;2;1;1;0,0
21900006946000;5;2;3;45,8
21900006954000;8;6;2;38,4
21900006955000;4;1;3;0,0
21900006999000;18;11;7;37,0
21900007006000;3;1;2;0,0
21900007009000;2;1;1;0,0
21900007021000;14;9;5;35,4
21900007022000;4;1;3;0,0
21900007038000;13;5;8;56,5
21900007047000;1;1;0;0,0
21900007063000;3;1;2;0,0
21900007070000;45;24;21;35,3
21900007071000;1;0;1;0,0
21900007072000;24;15;9;41,3
21900007073000;10;5;5;52,4
21900007085000;24;12;12;42,1
21900007088000;39;22;17;39,3
21900007089000;3;1;2;0,0
21910006546000;4;3;1;0,0
21910006547000;2;1;1;0,0
21910006548000;64;28;36;40,2
21910006549000;14;7;7;29,7
21910006550000;17;8;9;36,4
21910006551000;24;12;12;29,7
21910006553000;9;4;5;34,3
21910006554000;9;6;3;48,2
21910006555000;5;3;2;62,2
21910006557000;13;7;6;39,2
21910006558000;9;6;3;42,9
21910006559000;75;41;34;44,0
21910006560000;13;8;5;30,2
21910006566000;35;24;11;45,3
21910006567000;27;17;10;43,0
21910006568000;116;61;55;41,6
21910006569000;559;276;283;40,4
21910006570000;11;6;5;43,8
21910006571000;13;11;2;36,9
21910006572000;335;167;168;40,7
21910006573000;1008;498;510;40,0
21910006574000;587;251;336;43,1
21910006575000;2182;1103;1079;41,2
21910006576000;2570;1232;1338;45,7
21910006577000;725;351;374;39,7
21910006578000;895;444;451;36,7
21910006579000;484;237;247;39,7
21910006580000;92;45;47;42,9
21910006581000;33;18;15;42,8
21910006582000;9;3;6;29,6
21910006584000;5;4;1;28,4
21910006595000;1;1;0;0,0
21910006596000;2;1;1;0,0
21910006630000;16;10;6;43,7
21910006631000;68;38;30;38,8
21910006646000;20;8;12;41,9
21910006647000;10;2;8;42,6
21910006649000;9;4;5;45,2
21910006650000;4;3;1;0,0
21910006651000;9;4;5;44,0
21910006657000;4;3;1;0,0
21910006658000;13;7;6;36,2
21910006659000;16;9;7;43,4
21910006673000;4;2;2;0,0
21910006674000;10;2;8;33,5
21910006675000;17;10;7;45,4
21910006676000;11;5;6;35,8
21910006677000;5;5;0;66,4
21910006678000;20;9;11;47,0
21910006679000;86;42;44;38,8
21910006680000;132;62;70;41,0
21910006691000;2;1;1;0,0
21910006711000;5;3;2;35,8
21910006766000;7;4;3;65,4
21910006767000;19;13;6;50,0
21910006768000;79;40;39;41,2
21910006769000;22;12;10;39,5
21910006770000;8;6;2;42,4
21910006772000;152;72;80;43,5
21910006773000;442;224;218;39,3
21910006774000;1;1;0;0,0
21910006775000;6;2;4;41,3
21910006780000;3;1;2;0,0
21910006853000;3;2;1;0,0
21910006856000;7;2;5;52,3
21910006857000;19;9;10;48,3
21910006858000;9;7;2;62,7
21910006859000;3;2;1;0,0
21910006861000;1;1;0;0,0
21910006872000;5;3;2;16,8
21910006873000;44;23;21;41,2
21910006874000;189;94;95;40,9
21910006875000;16;10;6;43,8
21910006894000;6;3;3;24,3
21910006895000;19;9;10;32,3
21910006896000;1;1;0;0,0
21910006897000;36;16;20;49,1
21910006898000;77;40;37;44,4
21910006954000;9;5;4;51,3
21910006999000;39;19;20;41,0
21910007021000;44;21;23;41,4
21910007035000;5;3;2;29,4
21910007038000;2;1;1;0,0
21910007039000;16;8;8;37,1
21910007047000;15;7;8;55,7
21910007054000;3;2;1;0,0
21910007063000;4;1;3;0,0
21910007071000;13;8;5;45,9
21910007072000;40;23;17;46,2
21910007073000;33;17;16;44,5
21910007077000;98;59;39;35,2
21910007085000;13;8;5;32,0
21910007086000;44;25;19;43,4
21910007087000;2;1;1;0,0
21910007088000;1;0;1;0,0
21910007089000;1;0;1;0,0
21920006548000;2;1;1;0,0
21920006549000;60;29;31;49,3
21920006550000;11;5;6;42,6
21920006551000;33;18;15;38,8
21920006552000;8;5;3;45,8
21920006553000;3;2;1;0,0
21920006555000;29;16;13;41,3
21920006556000;21;12;9;22,0
21920006557000;127;60;67;29,5
21920006558000;16;10;6;42,9
21920006559000;52;27;25;35,6
21920006560000;29;14;15;41,6
21920006566000;8;4;4;44,9
21920006567000;437;231;206;39,7
21920006568000;962;485;477;42,2
21920006569000;1764;838;926;35,6
21920006570000;252;117;135;50,8
21920006571000;144;64;80;50,8
21920006572000;1531;751;780;38,0
21920006573000;2276;1143;1133;39,6
21920006574000;1633;777;856;44,9
21920006575000;2407;1234;1173;42,9
21920006576000;2200;1079;1121;42,4
21920006577000;535;257;278;44,3
21920006578000;174;94;80;35,4
21920006579000;42;22;20;41,3
21920006580000;67;38;29;37,6
21920006581000;42;26;16;45,0
21920006582000;44;24;20;29,6
21920006623000;9;5;4;41,7
21920006627000;2;1;1;0,0
21920006630000;15;8;7;36,3
21920006631000;33;16;17;43,4
21920006645000;2;2;0;0,0
21920006646000;15;8;7;48,2
21920006647000;2;1;1;0,0
21920006648000;3;2;1;0,0
21920006651000;9;4;5;23,6
21920006652000;1;0;1;0,0
21920006653000;2;1;1;0,0
21920006654000;3;2;1;0,0
21920006655000;5;2;3;42,2
21920006657000;1;1;0;0,0
21920006658000;18;10;8;39,8
21920006659000;1;0;1;0,0
21920006660000;7;4;3;61,0
21920006661000;17;10;7;31,9
21920006662000;1;1;0;0,0
21920006671000;8;4;4;34,0
21920006672000;16;5;11;47,1
21920006673000;19;9;10;52,1
21920006674000;50;31;19;41,4
21920006675000;11;6;5;48,1
21920006676000;18;9;9;44,7
21920006677000;28;14;14;45,4
21920006678000;15;9;6;50,4
21920006679000;8;5;3;48,4
21920006711000;6;3;3;35,5
21920006712000;3;1;2;0,0
21920006713000;17;11;6;38,9
21920006761000;7;2;5;21,4
21920006766000;25;11;14;38,8
21920006767000;40;22;18;47,7
21920006768000;29;16;13;34,8
21920006769000;7;5;2;36,3
21920006771000;33;19;14;42,6
21920006772000;111;55;56;46,8
21920006773000;8;6;2;34,6
21920006776000;1;1;0;0,0
21920006852000;3;2;1;0,0
21920006857000;2;1;1;0,0
21920006858000;37;22;15;48,1
21920006859000;3;2;1;0,0
21920006872000;28;13;15;43,1
21920006873000;11;6;5;49,4
21920006874000;29;17;12;48,4
21920006875000;4;2;2;0,0
21920006893000;11;5;6;30,7
21920006894000;7;4;3;44,6
21920006895000;18;7;11;40,6
21920006896000;57;32;25;41,0
21920006897000;7;4;3;61,9
21920006898000;32;18;14;56,8
21920006953000;4;1;3;0,0
21920006954000;14;6;8;39,7
21920006998000;6;3;3;43,7
21920006999000;81;46;35;39,4
21920007000000;6;2;4;47,0
21920007021000;29;12;17;42,6
21920007038000;8;3;5;25,8
21920007039000;23;13;10;50,8
21920007047000;1;0;1;0,0
21920007054000;4;1;3;0,0
21920007064000;11;6;5;46,5
21920007071000;26;13;13;45,1
21920007072000;21;13;8;36,3
21920007073000;68;43;25;40,8
21920007077000;176;88;88;36,4
21920007078000;13;7;6;41,9
21920007086000;10;4;6;38,5
21920007088000;7;4;3;49,7
21930006549000;62;30;32;39,3
21930006550000;1;1;0;0,0
21930006551000;9;4;5;43,4
21930006552000;42;19;23;39,0
21930006553000;42;25;17;41,7
21930006554000;6;5;1;31,0
21930006555000;35;15;20;36,7
21930006556000;40;20;20;46,1
21930006557000;514;279;235;32,8
21930006560000;14;7;7;42,7
21930006561000;38;21;17;40,8
21930006562000;48;24;24;41,0
21930006563000;57;30;27;40,5
21930006564000;1069;543;526;37,3
21930006565000;192;100;92;34,3
21930006566000;1316;679;637;38,7
21930006567000;1837;908;929;45,9
21930006568000;2220;1043;1177;42,0
21930006569000;1635;811;824;40,4
21930006570000;1199;616;583;40,3
21930006571000;446;218;228;39,2
21930006572000;1093;540;553;39,1
21930006573000;734;370;364;40,5
21930006574000;1395;670;725;39,9
21930006575000;1065;543;522;36,5
21930006576000;330;165;165;35,4
21930006577000;58;30;28;40,5
21930006578000;129;65;64;47,9
21930006579000;11;5;6;50,1
21930006580000;10;4;6;50,8
21930006581000;25;10;15;27,6
21930006604000;1;1;0;0,0
21930006630000;10;6;4;39,9
21930006631000;28;17;11;38,0
21930006645000;12;5;7;36,1
21930006646000;17;12;5;52,0
21930006651000;2;1;1;0,0
21930006652000;2;2;0;0,0
21930006653000;21;11;10;51,8
21930006654000;18;8;10;44,4
21930006655000;19;12;7;50,6
21930006658000;7;5;2;29,4
21930006665000;9;6;3;34,1
21930006670000;1;1;0;0,0
21930006671000;22;10;12;43,6
21930006673000;15;7;8;48,7
21930006674000;25;15;10;44,9
21930006712000;1;1;0;0,0
21930006713000;21;12;9;45,1
21930006714000;11;3;8;42,1
21930006767000;51;25;26;44,8
21930006768000;14;8;6;33,6
21930006770000;16;9;7;37,9
21930006771000;19;10;9;40,5
21930006772000;12;7;5;53,1
21930006849000;9;6;3;50,3
21930006850000;31;16;15;48,6
21930006851000;12;6;6;64,8
21930006855000;3;2;1;0,0
21930006857000;5;4;1;28,4
21930006858000;3;2;1;0,0
21930006859000;12;7;5;56,2
21930006871000;15;8;7;44,1
21930006872000;42;22;20;37,5
21930006873000;4;3;1;0,0
21930006874000;6;3;3;39,3
21930006891000;14;7;7;32,5
21930006892000;26;14;12;40,5
21930006893000;1;1;0;0,0
21930006894000;14;7;7;35,6
21930006895000;91;37;54;41,7
21930006896000;448;239;209;43,5
21930006897000;456;224;232;41,2
21930006945000;1;1;0;0,0
21930006952000;1;1;0;0,0
21930006999000;41;22;19;42,3
21930007039000;4;2;2;0,0
21930007047000;10;7;3;21,6
21930007053000;3;1;2;0,0
21930007054000;1;0;1;0,0
21930007064000;2;1;1;0,0
21930007071000;51;31;20;43,0
21930007072000;41;14;27;38,4
21930007073000;59;31;28;38,8
21930007077000;16;9;7;49,6
21930007078000;77;45;32;32,0
21930007084000;3;1;2;0,0
21930007087000;46;24;22;34,1
21930007089000;11;10;1;46,5
21940006550000;6;4;2;37,2
21940006551000;16;9;7;46,9
21940006552000;1;0;1;0,0
21940006553000;29;17;12;43,0
21940006554000;2;1;1;0,0
21940006555000;40;21;19;46,4
21940006556000;258;139;119;40,4
21940006557000;584;291;293;36,2
21940006558000;22;14;8;33,9
21940006560000;138;69;69;38,8
21940006561000;609;311;298;34,9
21940006562000;86;37;49;36,4
21940006563000;806;405;401;37,9
21940006564000;1546;763;783;41,3
21940006565000;1354;628;726;38,5
21940006566000;1287;624;663;40,1
21940006567000;2120;1034;1086;44,6
21940006568000;2099;1030;1069;43,5
21940006569000;1516;750;766;44,4
21940006570000;956;469;487;39,3
21940006571000;1431;673;758;43,1
21940006572000;253;123;130;40,9
21940006573000;28;9;19;42,5
21940006574000;3;1;2;0,0
21940006575000;27;12;15;42,3
21940006576000;277;149;128;38,7
21940006577000;23;14;9;37,1
21940006578000;107;59;48;39,2
21940006579000;49;26;23;37,3
21940006580000;30;15;15;37,6
21940006581000;21;15;6;44,7
21940006586000;5;2;3;43,6
21940006587000;14;8;6;29,6
21940006613000;11;6;5;34,8
21940006630000;25;14;11;43,9
21940006631000;37;20;17;42,0
21940006632000;11;7;4;38,3
21940006639000;4;2;2;0,0
21940006642000;3;1;2;0,0
21940006644000;25;12;13;41,5
21940006645000;9;4;5;40,0
21940006646000;16;6;10;38,9
21940006649000;4;1;3;0,0
21940006651000;4;2;2;0,0
21940006653000;43;17;26;48,2
21940006654000;56;25;31;42,8
21940006656000;4;2;2;0,0
21940006657000;2;2;0;0,0
21940006658000;1;1;0;0,0
21940006659000;5;3;2;35,4
21940006665000;6;4;2;61,7
21940006670000;11;5;6;65,5
21940006671000;3;2;1;0,0
21940006672000;5;3;2;58,8
21940006673000;7;3;4;41,4
21940006711000;10;6;4;45,4
21940006712000;22;13;9;44,5
21940006713000;37;20;17;49,8
21940006714000;9;6;3;46,6
21940006746000;2;1;1;0,0
21940006766000;7;3;4;43,1
21940006767000;33;20;13;40,5
21940006769000;24;11;13;36,4
21940006849000;11;6;5;39,9
21940006850000;2;1;1;0,0
21940006858000;4;2;2;0,0
21940006859000;33;19;14;37,5
21940006864000;2;1;1;0,0
21940006865000;1;1;0;0,0
21940006871000;37;15;22;46,9
21940006872000;47;24;23;37,6
21940006873000;3;1;2;0,0
21940006891000;25;14;11;41,0
21940006892000;44;26;18;49,3
21940006893000;18;10;8;51,6
21940006896000;135;68;67;47,2
21940006897000;83;45;38;40,5
21940006943000;2;1;1;0,0
21940006944000;12;6;6;45,1
21940006945000;3;2;1;0,0
21940006951000;9;5;4;15,2
21940006952000;3;1;2;0,0
21940006999000;36;22;14;32,3
21940007000000;4;3;1;0,0
21940007021000;6;4;2;42,8
21940007047000;3;2;1;0,0
21940007065000;4;2;2;0,0
21940007066000;3;2;1;0,0
21940007071000;29;15;14;30,1
21940007072000;25;11;14;34,8
21940007073000;12;5;7;39,4
21940007077000;40;22;18;26,5
21940007078000;371;186;185;34,3
21940007079000;25;14;11;29,8
21940007081000;1;1;0;0,0
21940007085000;14;7;7;23,7
21940007087000;2;1;1;0,0
21940007088000;74;39;35;36,5
21940007089000;43;23;20;42,3
21950006551000;7;3;4;23,3
21950006552000;24;12;12;45,0
21950006553000;51;29;22;42,2
21950006554000;24;14;10;43,0
21950006555000;24;11;13;39,0
21950006556000;881;418;463;42,8
21950006557000;1011;502;509;43,3
21950006558000;732;375;357;37,2
21950006559000;130;65;65;39,6
21950006560000;851;426;425;39,1
21950006561000;1471;738;733;37,0
21950006562000;1117;571;546;42,6
21950006563000;984;503;481;41,7
21950006564000;1171;573;598;43,6
21950006565000;271;138;133;46,8
21950006566000;350;169;181;38,1
21950006567000;433;220;213;37,6
21950006568000;1285;622;663;41,4
21950006569000;811;396;415;39,2
21950006570000;841;397;444;52,7
21950006571000;50;26;24;33,9
21950006572000;20;11;9;45,8
21950006573000;16;7;9;41,2
21950006574000;59;36;23;40,3
21950006575000;14;7;7;21,6
21950006577000;7;5;2;56,9
21950006578000;13;8;5;43,8
21950006579000;67;42;25;40,1
21950006580000;27;16;11;41,7
21950006581000;12;6;6;37,3
21950006586000;17;7;10;39,6
21950006587000;81;42;39;36,5
21950006588000;12;6;6;28,0
21950006613000;16;10;6;31,4
21950006614000;38;24;14;35,0
21950006615000;7;4;3;47,7
21950006620000;14;7;7;39,4
21950006621000;32;20;12;38,9
21950006622000;278;143;135;39,9
21950006623000;28;11;17;37,0
21950006631000;21;11;10;48,2
21950006632000;7;5;2;32,7
21950006635000;4;3;1;0,0
21950006637000;7;4;3;52,3
21950006638000;8;4;4;41,0
21950006639000;29;18;11;36,6
21950006640000;59;30;29;47,8
21950006641000;16;9;7;42,8
21950006642000;2;1;1;0,0
21950006643000;13;6;7;33,9
21950006644000;3;1;2;0,0
21950006645000;15;9;6;45,4
21950006646000;13;6;7;46,0
21950006649000;5;4;1;43,4
21950006650000;5;4;1;22,6
21950006653000;8;6;2;50,1
21950006656000;3;2;1;0,0
21950006657000;5;2;3;33,2
21950006658000;1;0;1;0,0
21950006663000;1;0;1;0,0
21950006664000;8;3;5;24,1
21950006665000;2;2;0;0,0
21950006670000;17;9;8;34,1
21950006672000;31;16;15;44,4
21950006673000;29;14;15;42,2
21950006674000;18;9;9;49,6
21950006675000;3;2;1;0,0
21950006711000;60;28;32;39,2
21950006712000;168;78;90;44,6
21950006713000;120;59;61;39,7
21950006753000;1;1;0;0,0
21950006757000;19;12;7;40,2
21950006766000;64;32;32;33,0
21950006768000;34;14;20;40,9
21950006769000;2;1;1;0,0
21950006779000;3;1;2;0,0
21950006846000;2;1;1;0,0
21950006858000;13;7;6;47,1
21950006859000;22;13;9;46,0
21950006860000;5;3;2;52,6
21950006865000;2;1;1;0,0
21950006870000;50;25;25;42,2
21950006871000;53;31;22;48,3
21950006872000;34;19;15;47,7
21950006873000;14;8;6;47,9
21950006889000;8;4;4;34,6
21950006890000;26;11;15;42,2
21950006891000;16;6;10;54,3
21950006892000;2;2;0;0,0
21950006946000;8;3;5;45,8
21950006950000;7;3;4;42,9
21950006951000;18;9;9;37,8
21950006999000;23;10;13;34,7
21950007000000;8;4;4;46,0
21950007021000;11;6;5;46,5
21950007022000;2;1;1;0,0
21950007065000;6;2;4;48,3
21950007066000;5;1;4;39,8
21950007067000;7;3;4;55,9
21950007068000;26;12;14;39,8
21950007069000;79;47;32;37,1
21950007070000;16;6;10;46,1
21950007071000;5;2;3;37,6
21950007072000;2;2;0;0,0
21950007073000;51;28;23;37,2
21950007078000;244;109;135;37,4
21950007079000;21;14;7;32,3
21950007080000;237;115;122;34,0
21950007081000;543;261;282;44,3
21950007082000;144;79;65;41,8
21950007083000;45;22;23;43,5
21950007084000;163;78;85;33,9
21950007085000;124;68;56;40,1
21950007086000;109;51;58;35,9
21950007087000;18;7;11;33,4
21950007088000;8;4;4;68,4
21950007089000;29;15;14;31,9
21950007090000;2;1;1;0,0
21960006553000;14;6;8;36,8
21960006554000;925;453;472;36,9
21960006555000;965;484;481;39,7
21960006556000;703;342;361;45,7
21960006557000;357;185;172;46,2
21960006558000;857;441;416;44,6
21960006559000;1;1;0;0,0
21960006560000;168;75;93;43,5
21960006561000;381;198;183;34,8
21960006562000;317;150;167;37,1
21960006563000;480;224;256;47,5
21960006564000;955;473;482;38,1
21960006565000;838;390;448;37,6
21960006566000;429;224;205;34,4
21960006567000;15;6;9;37,1
21960006568000;65;26;39;35,6
21960006569000;265;134;131;38,9
21960006570000;53;26;27;35,6
21960006571000;42;23;19;39,9
21960006572000;64;29;35;40,8
21960006573000;23;10;13;52,3
21960006574000;24;13;11;40,0
21960006580000;2;1;1;0,0
21960006586000;30;17;13;40,5
21960006587000;63;35;28;39,8
21960006588000;20;12;8;37,6
21960006591000;2;1;1;0,0
21960006592000;5;3;2;47,6
21960006614000;29;15;14;33,0
21960006615000;14;8;6;37,2
21960006616000;40;24;16;42,9
21960006617000;1;1;0;0,0
21960006620000;8;5;3;45,5
21960006621000;45;22;23;42,5
21960006622000;173;84;89;49,5
21960006629000;3;2;1;0,0
21960006630000;24;8;16;37,2
21960006631000;10;6;4;48,4
21960006632000;33;19;14;51,8
21960006633000;29;18;11;33,4
21960006634000;8;4;4;28,9
21960006635000;21;11;10;40,8
21960006636000;17;9;8;36,3
21960006637000;21;13;8;55,2
21960006638000;20;11;9;62,6
21960006639000;20;6;14;44,4
21960006640000;245;135;110;39,7
21960006641000;128;68;60;36,6
21960006642000;70;50;20;39,0
21960006643000;22;10;12;42,8
21960006644000;20;8;12;34,0
21960006645000;340;147;193;40,4
21960006646000;237;123;114;36,5
21960006648000;11;6;5;61,2
21960006651000;5;2;3;32,8
21960006652000;2;1;1;0,0
21960006654000;1;1;0;0,0
21960006655000;4;2;2;0,0
21960006657000;9;5;4;33,8
21960006664000;6;3;3;38,2
21960006665000;11;7;4;34,1
21960006668000;11;7;4;51,6
21960006669000;7;3;4;35,1
21960006670000;9;6;3;22,2
21960006671000;1;1;0;0,0
21960006672000;4;3;1;0,0
21960006688000;1;0;1;0,0
21960006689000;37;22;15;29,4
21960006708000;5;4;1;48,6
21960006709000;17;8;9;47,1
21960006710000;5;2;3;51,0
21960006711000;11;6;5;48,5
21960006712000;83;42;41;41,1
21960006757000;9;4;5;44,9
21960006758000;9;5;4;62,3
21960006766000;76;36;40;36,9
21960006767000;119;50;69;46,6
21960006768000;80;42;38;36,5
21960006769000;4;2;2;0,0
21960006781000;1;1;0;0,0
21960006782000;3;1;2;0,0
21960006859000;15;8;7;49,4
21960006860000;29;13;16;46,6
21960006869000;13;8;5;48,2
21960006870000;21;12;9;50,7
21960006871000;8;4;4;39,8
21960006872000;11;5;6;37,8
21960006881000;5;3;2;29,4
21960006887000;2;1;1;0,0
21960006888000;10;3;7;35,0
21960006889000;13;5;8;38,2
21960006890000;22;14;8;46,0
21960006891000;5;3;2;43,0
21960006947000;2;1;1;0,0
21960006949000;14;6;8;42,6
21960006950000;4;2;2;0,0
21960006999000;17;8;9;38,6
21960007000000;19;10;9;48,7
21960007022000;7;5;2;38,4
21960007031000;1;1;0;0,0
21960007045000;3;1;2;0,0
21960007067000;5;2;3;28,0
21960007068000;4;2;2;0,0
21960007070000;8;4;4;46,4
21960007071000;3;2;1;0,0
21960007080000;22;12;10;44,4
21960007082000;17;12;5;39,7
21960007083000;41;23;18;32,5
21960007084000;3;1;2;0,0
21960007085000;27;15;12;34,9
21960007086000;9;6;3;38,9
21970006552000;549;289;260;42,4
21970006553000;745;362;383;40,3
21970006554000;337;165;172;45,5
21970006555000;495;239;256;44,0
21970006557000;184;96;88;46,7
21970006559000;1;1;0;0,0
21970006560000;21;12;9;33,5
21970006561000;183;99;84;35,3
21970006562000;107;59;48;42,0
21970006563000;140;66;74;43,8
21970006564000;187;88;99;40,4
21970006565000;37;19;18;49,8
21970006566000;17;11;6;36,1
21970006568000;7;3;4;39,0
21970006569000;46;19;27;38,4
21970006570000;50;28;22;43,1
21970006571000;30;15;15;52,3
21970006572000;5;4;1;41,2
21970006574000;8;4;4;43,8
21970006575000;17;9;8;39,2
21970006580000;11;6;5;51,7
21970006581000;98;53;45;38,4
21970006584000;40;17;23;51,3
21970006585000;18;9;9;53,7
21970006593000;1;1;0;0,0
21970006614000;12;7;5;57,6
21970006615000;3;2;1;0,0
21970006616000;42;21;21;38,0
21970006617000;12;8;4;40,5
21970006619000;12;7;5;53,7
21970006620000;57;29;28;41,4
21970006621000;74;38;36;41,8
21970006622000;100;50;50;37,1
21970006623000;168;78;90;36,0
21970006624000;663;337;326;37,9
21970006625000;534;275;259;39,7
21970006626000;13;7;6;50,0
21970006627000;472;239;233;45,6
21970006628000;726;390;336;37,9
21970006629000;58;30;28;38,2
21970006630000;56;32;24;43,3
21970006631000;36;19;17;40,5
21970006632000;54;22;32;36,3
21970006634000;2;2;0;0,0
21970006636000;6;3;3;38,0
21970006637000;12;5;7;38,1
21970006638000;6;1;5;43,0
21970006639000;19;11;8;33,2
21970006640000;1;1;0;0,0
21970006641000;6;4;2;40,5
21970006642000;12;6;6;37,8
21970006648000;2;1;1;0,0
21970006649000;4;3;1;0,0
21970006654000;2;1;1;0,0
21970006655000;2;1;1;0,0
21970006656000;7;4;3;50,9
21970006661000;7;5;2;20,6
21970006666000;2;1;1;0,0
21970006668000;12;5;7;35,2
21970006669000;2;2;0;0,0
21970006670000;12;5;7;24,4
21970006685000;2;1;1;0,0
21970006707000;10;7;3;48,0
21970006708000;12;7;5;58,4
21970006709000;3;2;1;0,0
21970006710000;33;16;17;38,7
21970006747000;1;0;1;0,0
21970006756000;13;7;6;55,0
21970006757000;7;6;1;29,7
21970006762000;1;0;1;0,0
21970006766000;224;115;109;41,9
21970006767000;216;106;110;43,5
21970006768000;39;22;17;43,1
21970006769000;1;1;0;0,0
21970006770000;2;1;1;0,0
21970006782000;39;22;17;40,0
21970006859000;15;7;8;48,5
21970006860000;21;9;12;37,3
21970006861000;22;10;12;49,5
21970006867000;25;14;11;25,5
21970006868000;17;8;9;53,6
21970006869000;13;6;7;48,7
21970006870000;6;2;4;39,8
21970006871000;1;0;1;0,0
21970006885000;6;4;2;52,2
21970006887000;10;4;6;45,6
21970006888000;29;14;15;48,8
21970006889000;34;19;15;36,6
21970006890000;21;10;11;28,8
21970006948000;47;26;21;47,9
21970006949000;29;15;14;34,9
21970006965000;3;1;2;0,0
21970007000000;13;7;6;44,3
21970007021000;2;1;1;0,0
21970007022000;53;28;25;42,4
21970007041000;7;4;3;32,3
21970007044000;3;1;2;0,0
21970007045000;6;4;2;45,7
21970007046000;2;1;1;0,0
21970007054000;9;5;4;32,8
21970007069000;3;1;2;0,0
21970007070000;40;20;20;39,8
21970007071000;4;3;1;0,0
21970007085000;46;22;24;40,0
21970007086000;13;5;8;38,8
21980006551000;673;334;339;48,7
21980006552000;817;423;394;42,9
21980006553000;662;322;340;38,7
21980006554000;7;4;3;40,0
21980006556000;5;3;2;61,0
21980006557000;134;73;61;45,9
21980006559000;2;2;0;0,0
21980006560000;14;7;7;43,9
21980006561000;25;13;12;37,0
21980006562000;5;3;2;56,4
21980006564000;3;2;1;0,0
21980006565000;20;10;10;37,5
21980006566000;119;66;53;34,7
21980006567000;35;18;17;46,1
21980006568000;40;21;19;33,3
21980006569000;11;6;5;43,5
21980006570000;7;3;4;36,9
21980006571000;4;2;2;0,0
21980006572000;6;3;3;39,7
21980006573000;14;6;8;33,3
21980006574000;3;1;2;0,0
21980006575000;4;2;2;0,0
21980006581000;55;29;26;36,9
21980006582000;663;336;327;40,3
21980006583000;44;26;18;38,0
21980006584000;221;114;107;37,0
21980006614000;4;2;2;0,0
21980006617000;74;41;33;37,7
21980006618000;50;27;23;37,5
21980006619000;99;44;55;35,9
21980006620000;82;44;38;45,3
21980006621000;374;182;192;37,9
21980006622000;287;139;148;40,1
21980006623000;766;406;360;38,6
21980006624000;660;334;326;39,4
21980006625000;1173;602;571;42,2
21980006626000;1448;716;732;45,1
21980006627000;1805;875;930;46,5
21980006628000;1198;600;598;36,8
21980006629000;135;72;63;44,8
21980006630000;32;15;17;38,2
21980006631000;7;2;5;48,7
21980006638000;7;4;3;53,4
21980006639000;2;1;1;0,0
21980006657000;5;3;2;36,4
21980006658000;1;1;0;0,0
21980006659000;8;3;5;40,9
21980006660000;3;1;2;0,0
21980006661000;4;2;2;0,0
21980006662000;6;4;2;30,5
21980006667000;32;15;17;44,9
21980006668000;22;13;9;54,5
21980006669000;5;4;1;29,6
21980006681000;6;4;2;45,5
21980006682000;25;14;11;35,8
21980006683000;13;7;6;59,8
21980006685000;3;1;2;0,0
21980006708000;6;3;3;43,7
21980006756000;20;13;7;44,0
21980006760000;3;2;1;0,0
21980006761000;24;12;12;33,4
21980006762000;8;3;5;40,9
21980006764000;18;9;9;39,6
21980006765000;23;14;9;51,8
21980006766000;45;26;19;42,2
21980006767000;21;12;9;58,2
21980006769000;1;1;0;0,0
21980006782000;21;14;7;39,6
21980006783000;2;1;1;0,0
21980006859000;23;13;10;51,1
21980006860000;86;41;45;41,3
21980006861000;3;1;2;0,0
21980006865000;4;2;2;0,0
21980006866000;110;64;46;38,0
21980006867000;185;83;102;44,9
21980006868000;10;6;4;46,1
21980006869000;23;11;12;43,5
21980006870000;3;2;1;0,0
21980006871000;4;2;2;0,0
21980006881000;9;3;6;28,6
21980006883000;14;8;6;45,4
21980006884000;13;6;7;58,0
21980006885000;179;89;90;50,5
21980006886000;117;63;54;43,1
21980006887000;83;31;52;65,5
21980006888000;19;12;7;46,7
21980006889000;3;2;1;0,0
21980006951000;3;2;1;0,0
21980006965000;11;5;6;48,4
21980007000000;6;4;2;66,8
21980007001000;12;9;3;46,9
21980007022000;94;48;46;36,3
21980007023000;52;26;26;45,9
21980007028000;1;1;0;0,0
21980007029000;2;1;1;0,0
21980007034000;7;5;2;45,3
21980007044000;5;3;2;54,0
21980007045000;9;6;3;28,7
21980007069000;1;0;1;0,0
21980007070000;24;13;11;32,3
21980007080000;1;1;0;0,0
21980007085000;71;38;33;37,9
21980007086000;15;10;5;26,3
21990006552000;1;1;0;0,0
21990006558000;8;5;3;37,6
21990006559000;9;5;4;24,0
21990006560000;5;3;2;26,0
21990006561000;8;5;3;45,9
21990006562000;3;2;1;0,0
21990006563000;10;5;5;34,1
21990006567000;12;9;3;33,6
21990006568000;24;12;12;44,0
21990006569000;15;8;7;53,0
21990006570000;10;6;4;40,5
21990006571000;2;1;1;0,0
21990006573000;1;1;0;0,0
21990006582000;266;127;139;45,3
21990006583000;58;27;31;48,9
21990006584000;124;62;62;33,6
21990006596000;3;2;1;0,0
21990006598000;1;0;1;0,0
21990006615000;4;3;1;0,0
21990006616000;5;4;1;67,6
21990006617000;34;18;16;27,8
21990006618000;92;45;47;41,1
21990006619000;167;87;80;34,1
21990006620000;24;14;10;43,0
21990006621000;77;34;43;33,7
21990006622000;8;3;5;51,5
21990006623000;1478;703;775;29,9
21990006624000;1397;737;660;38,9
21990006625000;1619;833;786;40,4
21990006626000;2127;1044;1083;42,9
21990006627000;1481;731;750;42,0
21990006628000;344;175;169;36,2
21990006637000;2;1;1;0,0
21990006657000;2;1;1;0,0
21990006659000;4;3;1;0,0
21990006667000;33;17;16;44,2
21990006668000;41;18;23;41,8
21990006669000;16;9;7;50,1
21990006678000;2;1;1;0,0
21990006682000;1;1;0;0,0
21990006683000;1;1;0;0,0
21990006686000;2;1;1;0,0
21990006688000;5;2;3;35,0
21990006707000;2;1;1;0,0
21990006756000;68;34;34;39,3
21990006757000;3;2;1;0,0
21990006760000;18;8;10;34,7
21990006761000;4;2;2;0,0
21990006763000;15;8;7;44,2
21990006764000;16;8;8;53,8
21990006781000;7;4;3;35,4
21990006782000;15;8;7;49,7
21990006829000;2;1;1;0,0
21990006859000;67;37;30;42,4
21990006860000;267;124;143;47,7
21990006865000;41;21;20;35,4
21990006866000;75;44;31;34,8
21990006867000;21;9;12;34,8
21990006868000;30;14;16;39,2
21990006869000;26;16;10;42,8
21990006871000;2;1;1;0,0
21990006880000;3;2;1;0,0
21990006881000;17;10;7;46,4
21990006882000;32;16;16;46,3
21990006883000;19;9;10;51,6
21990006884000;18;8;10;50,8
21990006885000;38;20;18;43,8
21990006886000;54;30;24;44,0
21990006887000;23;13;10;42,3
21990006951000;4;2;2;0,0
21990007001000;30;17;13;43,1
21990007013000;4;2;2;0,0
21990007021000;2;1;1;0,0
21990007022000;4;2;2;0,0
21990007023000;7;3;4;16,7
21990007024000;15;8;7;37,5
21990007026000;3;2;1;0,0
21990007027000;6;4;2;39,2
21990007028000;16;7;9;37,4
21990007029000;38;19;19;43,8
21990007043000;34;16;18;39,1
21990007044000;100;47;53;41,1
21990007046000;4;2;2;0,0
21990007055000;8;4;4;70,4
21990007068000;4;3;1;0,0
21990007069000;20;10;10;40,8
22000006553000;4;2;2;0,0
22000006557000;8;2;6;46,8
22000006558000;2;1;1;0,0
22000006562000;14;9;5;36,0
22000006569000;2;1;1;0,0
22000006570000;14;10;4;57,1
22000006571000;5;3;2;54,0
22000006581000;55;30;25;40,0
22000006582000;42;22;20;49,2
22000006583000;120;62;58;41,1
22000006617000;3;2;1;0,0
22000006618000;90;51;39;33,7
22000006619000;20;10;10;31,2
22000006620000;13;5;8;39,6
22000006621000;300;164;136;41,6
22000006622000;7;5;2;40,6
22000006624000;44;24;20;44,6
22000006625000;373;193;180;38,8
22000006626000;928;480;448;36,1
22000006627000;730;367;363;36,1
22000006628000;7;4;3;39,7
22000006629000;9;6;3;49,4
22000006633000;4;2;2;0,0
22000006635000;8;3;5;38,6
22000006636000;2;0;2;0,0
22000006646000;6;3;3;46,3
22000006647000;3;2;1;0,0
22000006659000;3;1;2;0,0
22000006667000;93;46;47;37,1
22000006668000;73;39;34;46,9
22000006669000;3;1;2;0,0
22000006678000;7;4;3;43,4
22000006682000;5;2;3;39,4
22000006683000;31;12;19;43,5
22000006685000;9;5;4;42,4
22000006687000;8;3;5;39,9
22000006688000;2;1;1;0,0
22000006705000;31;15;16;41,2
22000006706000;21;10;11;41,1
22000006707000;12;9;3;40,3
22000006755000;2;1;1;0,0
22000006756000;87;49;38;46,4
22000006757000;16;7;9;28,4
22000006758000;11;4;7;38,3
22000006759000;17;6;11;44,9
22000006760000;3;2;1;0,0
22000006761000;3;0;3;0,0
22000006762000;5;2;3;55,2
22000006763000;77;32;45;47,2
22000006764000;6;4;2;36,5
22000006781000;30;18;12;45,1
22000006829000;2;1;1;0,0
22000006830000;7;2;5;56,6
22000006858000;24;11;13;36,0
22000006859000;68;30;38;38,4
22000006860000;7;5;2;39,3
22000006864000;2;2;0;0,0
22000006865000;17;8;9;33,6
22000006880000;15;7;8;39,2
22000006881000;8;3;5;42,0
22000006882000;11;4;7;39,8
22000006884000;2;0;2;0,0
22000006885000;10;6;4;50,4
22000006886000;7;4;3;62,0
22000006952000;3;2;1;0,0
22000006963000;6;4;2;54,3
22000007001000;58;30;28;43,8
22000007002000;9;7;2;55,7
22000007014000;1;1;0;0,0
22000007023000;29;17;12;28,8
22000007024000;16;10;6;41,9
22000007025000;49;28;21;43,2
22000007026000;3;2;1;0,0
22000007030000;22;10;12;32,1
22000007036000;6;3;3;55,8
22000007037000;5;2;3;32,6
22000007038000;13;8;5;35,9
22000007040000;2;2;0;0,0
22000007041000;21;11;10;37,0
22000007042000;4;2;2;0,0
22000007043000;15;8;7;50,0
22000007044000;12;3;9;38,8
22000007046000;6;3;3;38,0
22000007047000;1;1;0;0,0
22000007048000;3;2;1;0,0
22000007055000;65;28;37;47,9
22000007056000;10;5;5;36,3
22000007064000;6;3;3;56,8
22000007065000;2;1;1;0,0
22000007066000;166;74;92;29,5
22000007067000;13;7;6;44,6
22000007068000;5;3;2;45,6
22010006552000;7;4;3;48,3
22010006553000;2;2;0;0,0
22010006557000;1;1;0;0,0
22010006559000;2;1;1;0,0
22010006560000;2;1;1;0,0
22010006561000;48;26;22;47,1
22010006562000;7;6;1;59,3
22010006566000;5;2;3;30,0
22010006571000;6;3;3;48,2
22010006572000;4;2;2;0,0
22010006579000;46;23;23;39,6
22010006580000;22;12;10;53,8
22010006581000;14;7;7;47,1
22010006583000;5;2;3;57,0
22010006618000;42;25;17;48,7
22010006619000;14;8;6;38,8
22010006620000;11;6;5;37,0
22010006621000;78;42;36;35,9
22010006625000;12;5;7;53,6
22010006626000;23;14;9;44,6
22010006627000;68;36;32;40,2
22010006628000;4;3;1;0,0
22010006629000;6;4;2;50,5
22010006630000;23;14;9;43,3
22010006631000;6;3;3;60,7
22010006632000;2;1;1;0,0
22010006635000;8;3;5;37,9
22010006636000;11;7;4;27,6
22010006637000;23;12;11;32,3
22010006638000;5;4;1;33,2
22010006647000;3;1;2;0,0
22010006658000;7;4;3;37,4
22010006660000;2;1;1;0,0
22010006667000;37;19;18;40,0
22010006668000;332;138;194;51,0
22010006669000;43;23;20;39,1
22010006680000;4;2;2;0,0
22010006681000;26;12;14;37,2
22010006682000;27;15;12;37,8
22010006683000;29;12;17;42,2
22010006684000;76;30;46;50,2
22010006685000;1;1;0;0,0
22010006686000;27;14;13;46,7
22010006687000;32;22;10;39,1
22010006688000;40;19;21;38,2
22010006689000;15;8;7;58,6
22010006690000;17;7;10;44,2
22010006691000;4;0;4;0,0
22010006693000;1;1;0;0,0
22010006705000;6;2;4;50,5
22010006706000;1;0;1;0,0
22010006731000;3;1;2;0,0
22010006755000;23;12;11;44,4
22010006756000;69;38;31;46,4
22010006758000;2;1;1;0,0
22010006759000;5;2;3;36,0
22010006760000;3;1;2;0,0
22010006761000;6;3;3;47,7
22010006762000;7;3;4;40,1
22010006779000;16;10;6;53,3
22010006780000;15;10;5;37,3
22010006781000;8;5;3;61,9
22010006830000;3;2;1;0,0
22010006831000;8;5;3;46,3
22010006832000;11;5;6;34,4
22010006833000;38;18;20;40,8
22010006857000;12;8;4;62,8
22010006858000;36;21;15;39,1
22010006859000;33;13;20;31,7
22010006864000;15;9;6;46,7
22010006870000;3;1;2;0,0
22010006878000;6;2;4;31,5
22010006879000;18;11;7;38,1
22010006880000;9;6;3;44,3
22010006881000;6;4;2;53,8
22010006952000;2;1;1;0,0
22010007001000;23;14;9;42,7
22010007002000;40;19;21;45,6
22010007003000;2;1;1;0,0
22010007022000;5;3;2;51,4
22010007023000;7;2;5;42,1
22010007024000;1;0;1;0,0
22010007025000;11;6;5;34,3
22010007026000;6;3;3;62,7
22010007030000;19;8;11;44,0
22010007031000;43;21;22;39,5
22010007032000;8;5;3;40,1
22010007039000;36;18;18;30,8
22010007040000;5;3;2;20,8
22010007044000;1;1;0;0,0
22010007045000;3;2;1;0,0
22010007047000;2;1;1;0,0
22010007048000;4;2;2;0,0
22010007049000;5;2;3;77,4
22010007056000;11;8;3;59,6
22010007063000;9;5;4;25,2
22010007064000;6;3;3;57,0
22010007065000;132;63;69;39,5
22010007066000;526;251;275;45,3
22010007067000;225;105;120;42,6
22010007068000;1;1;0;0,0
22010007069000;16;8;8;36,4
22010007070000;2;1;1;0,0
22010007103000;1;1;0;0,0
22020006548000;1;1;0;0,0
22020006555000;9;4;5;46,7
22020006558000;2;1;1;0,0
22020006560000;155;81;74;42,1
22020006561000;265;131;134;44,4
22020006562000;33;20;13;41,3
22020006563000;23;11;12;46,9
22020006564000;11;6;5;26,8
22020006565000;11;5;6;44,3
22020006566000;7;4;3;53,0
22020006567000;13;6;7;44,2
22020006568000;5;3;2;47,0
22020006569000;4;1;3;0,0
22020006572000;5;2;3;54,4
22020006578000;41;21;20;43,3
22020006579000;9;5;4;61,3
22020006580000;7;4;3;42,9
22020006583000;7;5;2;45,9
22020006617000;22;12;10;38,4
22020006618000;34;16;18;31,7
22020006619000;12;7;5;39,0
22020006620000;24;15;9;45,0
22020006621000;46;24;22;39,6
22020006622000;40;20;20;46,2
22020006623000;13;6;7;33,8
22020006624000;4;1;3;0,0
22020006626000;18;7;11;39,6
22020006627000;23;14;9;50,1
22020006628000;10;6;4;36,6
22020006630000;4;2;2;0,0
22020006632000;4;2;2;0,0
22020006634000;3;1;2;0,0
22020006665000;1;1;0;0,0
22020006666000;15;8;7;51,1
22020006667000;27;13;14;42,2
22020006668000;21;9;12;47,0
22020006679000;2;1;1;0,0
22020006680000;17;6;11;46,2
22020006681000;11;6;5;45,1
22020006682000;48;22;26;46,2
22020006683000;240;124;116;40,6
22020006684000;9;4;5;52,7
22020006686000;3;2;1;0,0
22020006687000;5;3;2;64,2
22020006688000;37;19;18;42,8
22020006689000;10;4;6;43,7
22020006691000;8;4;4;36,5
22020006692000;4;2;2;0,0
22020006702000;2;1;1;0,0
22020006703000;3;2;1;0,0
22020006704000;4;2;2;0,0
22020006705000;4;3;1;0,0
22020006706000;51;33;18;42,8
22020006752000;2;1;1;0,0
22020006753000;1;1;0;0,0
22020006754000;17;8;9;46,4
22020006755000;9;5;4;49,6
22020006756000;23;13;10;43,6
22020006757000;4;2;2;0,0
22020006758000;10;3;7;40,6
22020006759000;4;2;2;0,0
22020006761000;4;1;3;0,0
22020006778000;6;5;1;45,5
22020006832000;8;4;4;65,9
22020006833000;49;28;21;43,1
22020006834000;59;29;30;51,4
22020006856000;13;7;6;44,7
22020006857000;38;20;18;37,8
22020006858000;2;1;1;0,0
22020006859000;1;1;0;0,0
22020006863000;2;2;0;0,0
22020006864000;1;1;0;0,0
22020006877000;13;7;6;39,4
22020006878000;50;24;26;47,4
22020006879000;20;9;11;45,7
22020006880000;7;2;5;36,0
22020006900000;4;3;1;0,0
22020006952000;7;3;4;37,9
22020007002000;12;8;4;23,6
22020007003000;29;17;12;46,2
22020007014000;3;2;1;0,0
22020007015000;4;2;2;0,0
22020007025000;10;5;5;53,1
22020007026000;11;6;5;49,9
22020007030000;22;11;11;33,5
22020007031000;454;218;236;43,9
22020007032000;248;132;116;39,3
22020007045000;20;9;11;43,4
22020007048000;3;2;1;0,0
22020007049000;3;1;2;0,0
22020007050000;6;3;3;42,8
22020007056000;33;20;13;32,1
22020007063000;4;2;2;0,0
22020007064000;5;2;3;36,6
22020007066000;7;3;4;55,1
22020007067000;16;10;6;22,5
22020007069000;46;21;25;26,4
22020007070000;178;105;73;37,5
22020007071000;41;27;14;46,7
22030006548000;28;18;10;43,2
22030006555000;2;1;1;0,0
22030006558000;7;5;2;38,4
22030006559000;7;4;3;33,6
22030006560000;87;39;48;40,7
22030006563000;4;1;3;0,0
22030006564000;6;2;4;35,7
22030006568000;1;1;0;0,0
22030006569000;6;2;4;41,3
22030006570000;44;25;19;41,5
22030006571000;66;35;31;38,2
22030006572000;14;10;4;25,0
22030006578000;14;7;7;57,6
22030006579000;11;6;5;19,5
22030006589000;1;1;0;0,0
22030006617000;28;14;14;37,9
22030006618000;13;7;6;57,1
22030006619000;29;17;12;41,7
22030006620000;5;2;3;14,6
22030006623000;31;13;18;38,6
22030006624000;39;21;18;34,6
22030006625000;5;3;2;50,0
22030006627000;5;2;3;52,4
22030006628000;37;22;15;34,0
22030006647000;5;2;3;36,6
22030006651000;4;3;1;0,0
22030006654000;3;2;1;0,0
22030006665000;10;7;3;34,0
22030006666000;27;14;13;46,0
22030006667000;22;15;7;32,5
22030006668000;4;1;3;0,0
22030006669000;32;15;17;45,5
22030006680000;22;12;10;38,1
22030006682000;65;27;38;40,3
22030006688000;12;7;5;44,5
22030006689000;9;4;5;40,6
22030006690000;5;2;3;27,4
22030006692000;1;1;0;0,0
22030006702000;2;1;1;0,0
22030006705000;33;15;18;38,3
22030006706000;24;12;12;44,1
22030006751000;3;2;1;0,0
22030006752000;12;6;6;35,7
22030006753000;27;16;11;32,2
22030006754000;108;59;49;41,9
22030006755000;272;130;142;48,6
22030006756000;3;1;2;0,0
22030006759000;3;2;1;0,0
22030006760000;5;4;1;61,6
22030006761000;2;1;1;0,0
22030006764000;1;1;0;0,0
22030006776000;4;3;1;0,0
22030006777000;4;2;2;0,0
22030006778000;6;4;2;43,8
22030006833000;18;11;7;45,0
22030006834000;39;20;19;51,6
22030006855000;24;13;11;42,0
22030006856000;3;2;1;0,0
22030006857000;8;4;4;43,0
22030006863000;4;1;3;0,0
22030006869000;10;5;5;50,1
22030006877000;50;25;25;50,1
22030006878000;15;9;6;42,7
22030006879000;3;2;1;0,0
22030006952000;1;1;0;0,0
22030006961000;5;3;2;27,8
22030006962000;5;2;3;37,4
22030007003000;16;8;8;46,9
22030007004000;16;9;7;46,2
22030007022000;6;3;3;46,2
22030007030000;54;28;26;36,8
22030007031000;632;296;336;44,9
22030007032000;765;392;373;42,2
22030007033000;336;167;169;37,9
22030007034000;16;7;9;35,8
22030007046000;3;1;2;0,0
22030007049000;1;1;0;0,0
22030007056000;9;3;6;43,3
22030007064000;7;3;4;53,6
22030007065000;8;3;5;28,6
22030007066000;7;3;4;20,6
22030007071000;22;10;12;33,1
22040006547000;88;46;42;48,7
22040006548000;344;177;167;46,9
22040006549000;180;97;83;44,5
22040006550000;235;110;125;51,4
22040006551000;9;4;5;45,4
22040006552000;4;2;2;0,0
22040006554000;44;22;22;39,1
22040006555000;10;6;4;34,6
22040006556000;2;1;1;0,0
22040006557000;5;3;2;59,0
22040006560000;26;12;14;40,7
22040006561000;2;2;0;0,0
22040006569000;5;2;3;22,0
22040006570000;23;11;12;41,2
22040006575000;6;3;3;54,2
22040006576000;3;2;1;0,0
22040006577000;4;2;2;0,0
22040006578000;42;18;24;44,0
22040006579000;9;5;4;26,3
22040006617000;50;28;22;35,3
22040006618000;54;29;25;43,7
22040006619000;33;14;19;48,2
22040006620000;15;8;7;50,7
22040006624000;25;12;13;42,5
22040006625000;39;22;17;31,2
22040006626000;10;5;5;37,1
22040006627000;8;4;4;36,0
22040006628000;14;6;8;49,6
22040006649000;2;1;1;0,0
22040006652000;2;1;1;0,0
22040006654000;9;5;4;39,0
22040006657000;1;1;0;0,0
22040006658000;5;3;2;34,6
22040006664000;10;6;4;32,9
22040006665000;15;7;8;47,2
22040006666000;28;13;15;42,8
22040006667000;15;10;5;40,8
22040006668000;17;9;8;35,3
22040006669000;9;4;5;56,6
22040006680000;17;8;9;35,0
22040006682000;23;10;13;38,5
22040006691000;3;0;3;0,0
22040006692000;4;3;1;0,0
22040006693000;1;1;0;0,0
22040006697000;4;2;2;0,0
22040006701000;2;1;1;0,0
22040006702000;7;4;3;63,0
22040006703000;9;4;5;47,9
22040006704000;16;8;8;33,6
22040006705000;32;18;14;54,6
22040006734000;7;2;5;66,3
22040006750000;4;2;2;0,0
22040006751000;2;1;1;0,0
22040006752000;1;0;1;0,0
22040006753000;4;3;1;0,0
22040006754000;194;97;97;37,8
22040006755000;241;117;124;41,2
22040006776000;3;0;3;0,0
22040006777000;1;1;0;0,0
22040006827000;10;6;4;48,7
22040006828000;2;2;0;0,0
22040006833000;13;9;4;66,9
22040006834000;2;1;1;0,0
22040006835000;39;18;21;52,3
22040006853000;1;1;0;0,0
22040006854000;8;4;4;48,6
22040006855000;17;8;9;56,1
22040006856000;4;1;3;0,0
22040006857000;1;1;0;0,0
22040006862000;9;5;4;36,7
22040006863000;6;4;2;49,7
22040006867000;10;5;5;40,6
22040006868000;29;16;13;51,0
22040006869000;39;18;21;37,4
22040006875000;6;2;4;26,2
22040006876000;10;5;5;58,7
22040006877000;12;8;4;25,3
22040006961000;2;1;1;0,0
22040007003000;14;6;8;27,1
22040007004000;39;19;20;45,4
22040007030000;51;27;24;45,3
22040007031000;144;76;68;40,9
22040007033000;9;4;5;42,4
22040007034000;39;19;20;29,7
22040007035000;11;7;4;38,4
22040007045000;5;3;2;52,2
22040007046000;8;3;5;28,0
22040007056000;8;4;4;53,3
22040007065000;1;1;0;0,0
22040007066000;3;1;2;0,0
22040007067000;5;3;2;56,8
22040007068000;3;2;1;0,0
22040007069000;10;4;6;44,1
22050006547000;39;16;23;52,9
22050006548000;15;10;5;42,9
22050006549000;255;117;138;44,2
22050006550000;459;229;230;42,6
22050006551000;237;107;130;27,4
22050006554000;64;33;31;45,2
22050006556000;6;2;4;36,5
22050006558000;1;0;1;0,0
22050006570000;16;8;8;35,4
22050006575000;3;1;2;0,0
22050006576000;1;1;0;0,0
22050006577000;12;7;5;33,1
22050006584000;6;4;2;37,5
22050006605000;3;2;1;0,0
22050006606000;1;0;1;0,0
22050006612000;7;3;4;27,3
22050006613000;10;6;4;57,0
22050006614000;11;6;5;33,4
22050006615000;17;8;9;44,2
22050006616000;40;21;19;30,2
22050006617000;32;17;15;40,9
22050006618000;17;9;8;28,4
22050006619000;52;28;24;44,5
22050006620000;33;18;15;36,9
22050006625000;12;7;5;44,3
22050006626000;46;16;30;44,6
22050006627000;13;6;7;37,3
22050006628000;9;6;3;43,2
22050006629000;17;6;11;30,5
22050006630000;12;7;5;25,0
22050006650000;1;0;1;0,0
22050006651000;23;13;10;36,4
22050006652000;5;3;2;49,2
22050006659000;2;1;1;0,0
22050006660000;7;4;3;34,6
22050006664000;11;9;2;48,7
22050006665000;32;16;16;43,7
22050006667000;9;4;5;57,3
22050006677000;2;1;1;0,0
22050006678000;20;11;9;44,9
22050006679000;35;17;18;49,0
22050006680000;18;7;11;27,0
22050006682000;10;5;5;55,9
22050006685000;1;0;1;0,0
22050006692000;24;9;15;43,6
22050006702000;1;1;0;0,0
22050006703000;5;4;1;54,8
22050006704000;19;9;10;43,4
22050006733000;1;1;0;0,0
22050006734000;16;6;10;41,3
22050006749000;2;1;1;0,0
22050006750000;5;2;3;32,4
22050006751000;11;5;6;27,2
22050006752000;15;6;9;33,5
22050006753000;3;2;1;0,0
22050006754000;44;24;20;37,9
22050006755000;8;4;4;51,8
22050006775000;6;4;2;32,8
22050006777000;2;1;1;0,0
22050006779000;3;1;2;0,0
22050006780000;3;1;2;0,0
22050006782000;2;1;1;0,0
22050006827000;3;2;1;0,0
22050006833000;6;2;4;42,0
22050006835000;15;8;7;49,2
22050006836000;14;7;7;49,5
22050006837000;2;1;1;0,0
22050006838000;3;2;1;0,0
22050006853000;31;17;14;42,4
22050006854000;59;32;27;50,1
22050006855000;10;6;4;48,8
22050006862000;12;6;6;41,2
22050006863000;16;7;9;39,5
22050006867000;12;5;7;43,0
22050006868000;77;35;42;49,5
22050006869000;138;68;70;46,1
22050006871000;2;1;1;0,0
22050006872000;8;5;3;46,5
22050006873000;2;0;2;0,0
22050006874000;20;9;11;58,0
22050006875000;14;7;7;40,4
22050006876000;4;2;2;0,0
22050006952000;3;1;2;0,0
22050007003000;18;8;10;41,8
22050007004000;98;53;45;40,0
22050007005000;7;4;3;37,7
22050007026000;3;2;1;0,0
22050007031000;11;4;7;36,4
22050007032000;8;3;5;35,9
22050007035000;15;6;9;34,0
22050007036000;5;2;3;58,6
22050007037000;23;12;11;34,3
22050007038000;8;4;4;24,3
22050007045000;6;4;2;46,5
22050007046000;35;19;16;42,2
22050007055000;1;1;0;0,0
22050007057000;1;1;0;0,0
22050007069000;5;3;2;67,2
22050007070000;13;9;4;32,7
22050007071000;17;10;7;45,3
22050007073000;18;9;9;54,2
22050007074000;36;21;15;42,0
22060006548000;15;6;9;36,7
22060006549000;77;41;36;42,3
22060006550000;15;7;8;42,7
22060006551000;6;4;2;45,7
22060006552000;30;12;18;33,2
22060006555000;1;0;1;0,0
22060006559000;10;5;5;46,6
22060006563000;5;3;2;32,6
22060006565000;20;11;9;42,8
22060006566000;14;7;7;46,2
22060006569000;4;1;3;0,0
22060006570000;7;4;3;44,1
22060006571000;3;2;1;0,0
22060006575000;2;1;1;0,0
22060006576000;5;2;3;51,2
22060006577000;11;5;6;45,3
22060006603000;4;2;2;0,0
22060006604000;3;1;2;0,0
22060006607000;9;5;4;36,7
22060006608000;14;9;5;38,8
22060006609000;14;8;6;55,6
22060006610000;5;4;1;34,8
22060006611000;5;3;2;46,4
22060006612000;11;7;4;51,2
22060006613000;39;18;21;35,9
22060006614000;23;9;14;42,8
22060006615000;22;13;9;27,7
22060006616000;12;7;5;42,1
22060006617000;27;13;14;47,4
22060006618000;35;19;16;35,9
22060006619000;15;8;7;36,2
22060006626000;5;4;1;69,8
22060006627000;22;13;9;54,2
22060006628000;2;1;1;0,0
22060006629000;170;94;76;37,8
22060006630000;11;6;5;48,2
22060006650000;33;18;15;40,0
22060006651000;6;4;2;61,2
22060006659000;13;8;5;43,8
22060006660000;5;3;2;62,6
22060006661000;33;16;17;46,1
22060006662000;19;8;11;46,5
22060006663000;134;72;62;39,2
22060006664000;15;8;7;49,3
22060006665000;48;23;25;43,6
22060006679000;51;25;26;39,1
22060006687000;3;1;2;0,0
22060006688000;11;6;5;42,7
22060006689000;11;7;4;48,5
22060006692000;31;19;12;49,6
22060006693000;10;4;6;54,2
22060006694000;7;3;4;38,6
22060006695000;9;6;3;56,6
22060006734000;3;2;1;0,0
22060006750000;12;5;7;37,1
22060006751000;4;2;2;0,0
22060006752000;10;8;2;35,7
22060006759000;1;0;1;0,0
22060006760000;3;2;1;0,0
22060006761000;1;1;0;0,0
22060006762000;6;4;2;39,2
22060006763000;7;5;2;39,9
22060006774000;2;1;1;0,0
22060006775000;9;6;3;32,7
22060006778000;7;2;5;46,1
22060006779000;13;9;4;35,6
22060006780000;19;8;11;34,5
22060006781000;2;1;1;0,0
22060006824000;2;1;1;0,0
22060006835000;4;3;1;0,0
22060006836000;5;3;2;41,8
22060006837000;9;6;3;51,3
22060006838000;8;5;3;57,4
22060006852000;2;1;1;0,0
22060006853000;46;28;18;50,2
22060006854000;22;11;11;38,9
22060006855000;16;9;7;34,5
22060006863000;10;5;5;57,9
22060006866000;3;2;1;0,0
22060006868000;32;15;17;42,7
22060006869000;203;104;99;44,8
22060006870000;143;74;69;38,7
22060006872000;1;1;0;0,0
22060006873000;1;1;0;0,0
22060006903000;5;4;1;25,4
22060006951000;1;1;0;0,0
22060007003000;86;44;42;38,2
22060007004000;62;31;31;47,4
22060007005000;94;46;48;41,6
22060007006000;5;3;2;72,6
22060007032000;15;8;7;34,4
22060007033000;90;51;39;35,5
22060007036000;16;7;9;29,9
22060007037000;5;3;2;37,6
22060007038000;11;7;4;49,3
22060007056000;2;1;1;0,0
22060007057000;67;41;26;46,6
22060007065000;4;1;3;0,0
22060007071000;24;12;12;30,1
22060007072000;25;13;12;34,5
22060007073000;41;25;16;45,3
22060007074000;1;0;1;0,0
22070006547000;2;1;1;0,0
22070006549000;26;14;12;50,6
22070006550000;55;28;27;39,7
22070006551000;27;14;13;51,3
22070006552000;71;42;29;35,3
22070006553000;4;3;1;0,0
22070006559000;9;6;3;52,0
22070006563000;3;2;1;0,0
22070006565000;21;12;9;42,6
22070006566000;12;8;4;39,2
22070006574000;1;0;1;0,0
22070006576000;11;6;5;44,1
22070006584000;6;2;4;30,7
22070006585000;30;18;12;37,2
22070006586000;23;11;12;27,5
22070006607000;12;7;5;42,2
22070006608000;91;55;36;41,8
22070006609000;2;1;1;0,0
22070006610000;16;9;7;53,0
22070006611000;24;10;14;43,0
22070006612000;30;14;16;28,6
22070006613000;10;5;5;65,4
22070006614000;5;4;1;23,0
22070006615000;20;12;8;30,2
22070006616000;3;2;1;0,0
22070006617000;6;4;2;50,0
22070006627000;11;5;6;37,9
22070006628000;67;37;30;41,5
22070006629000;372;200;172;41,3
22070006630000;22;14;8;29,9
22070006649000;11;6;5;42,7
22070006650000;32;18;14;43,7
22070006651000;4;2;2;0,0
22070006658000;24;13;11;45,9
22070006659000;17;11;6;34,6
22070006660000;85;44;41;39,8
22070006661000;47;27;20;30,5
22070006662000;51;28;23;35,5
22070006663000;57;34;23;42,1
22070006664000;41;22;19;41,7
22070006665000;14;8;6;47,8
22070006671000;4;3;1;0,0
22070006676000;22;12;10;48,5
22070006677000;12;6;6;49,2
22070006678000;14;6;8;41,7
22070006679000;36;17;19;57,0
22070006681000;25;11;14;42,9
22070006687000;6;2;4;51,2
22070006688000;3;0;3;0,0
22070006732000;4;2;2;0,0
22070006734000;25;16;9;55,4
22070006749000;13;8;5;33,6
22070006750000;31;16;15;48,1
22070006751000;14;7;7;26,9
22070006752000;7;4;3;61,7
22070006756000;4;2;2;0,0
22070006757000;7;5;2;30,6
22070006760000;4;1;3;0,0
22070006761000;3;2;1;0,0
22070006762000;14;7;7;53,2
22070006763000;1;1;0;0,0
22070006765000;5;3;2;39,6
22070006766000;2;1;1;0,0
22070006772000;7;4;3;46,7
22070006775000;5;2;3;37,0
22070006776000;4;2;2;0,0
22070006777000;5;3;2;58,0
22070006778000;5;5;0;63,0
22070006784000;1;1;0;0,0
22070006835000;4;2;2;0,0
22070006836000;15;9;6;55,1
22070006837000;5;4;1;16,6
22070006838000;5;3;2;32,4
22070006852000;29;13;16;57,2
22070006853000;23;15;8;46,9
22070006854000;2;1;1;0,0
22070006861000;6;4;2;17,2
22070006863000;62;31;31;36,0
22070006868000;12;4;8;45,1
22070006869000;8;5;3;52,8
22070006954000;2;1;1;0,0
22070006956000;10;6;4;40,4
22070006960000;10;4;6;33,4
22070007002000;3;2;1;0,0
22070007003000;23;11;12;27,3
22070007004000;244;108;136;49,5
22070007005000;310;157;153;41,4
22070007006000;42;24;18;38,5
22070007007000;4;2;2;0,0
22070007008000;5;1;4;26,0
22070007032000;2;1;1;0,0
22070007033000;26;15;11;32,9
22070007034000;7;3;4;25,4
22070007039000;5;4;1;35,6
22070007040000;21;11;10;46,7
22070007041000;5;3;2;27,8
22070007053000;3;1;2;0,0
22070007054000;36;18;18;39,7
22070007057000;90;49;41;45,5
22070007058000;54;28;26;42,9
22070007065000;26;14;12;37,5
22070007067000;4;2;2;0,0
22070007068000;2;1;1;0,0
22070007072000;44;21;23;42,1
22070007073000;154;84;70;39,0
22080006548000;64;37;27;35,9
22080006549000;39;19;20;47,9
22080006550000;39;19;20;39,5
22080006551000;10;6;4;58,2
22080006552000;10;5;5;54,4
22080006553000;61;32;29;44,8
22080006557000;6;2;4;45,2
22080006559000;3;1;2;0,0
22080006562000;4;1;3;0,0
22080006563000;66;32;34;35,1
22080006564000;36;20;16;42,0
22080006565000;7;3;4;39,9
22080006566000;4;2;2;0,0
22080006567000;12;8;4;50,8
22080006568000;1;1;0;0,0
22080006569000;6;3;3;64,7
22080006570000;7;3;4;27,4
22080006571000;10;6;4;38,0
22080006572000;2;1;1;0,0
22080006583000;14;7;7;33,8
22080006584000;21;11;10;46,5
22080006585000;121;64;57;36,0
22080006586000;85;41;44;47,0
22080006587000;25;14;11;38,0
22080006596000;1;1;0;0,0
22080006607000;17;8;9;48,0
22080006608000;18;8;10;46,1
22080006609000;12;7;5;41,6
22080006610000;28;15;13;42,1
22080006628000;20;13;7;45,8
22080006629000;4;1;3;0,0
22080006630000;11;6;5;41,6
22080006631000;7;3;4;33,1
22080006635000;73;44;29;29,4
22080006648000;5;3;2;19,2
22080006649000;2;1;1;0,0
22080006650000;32;19;13;38,1
22080006651000;4;2;2;0,0
22080006658000;27;10;17;49,0
22080006659000;36;15;21;39,8
22080006661000;5;2;3;64,0
22080006662000;13;6;7;39,8
22080006663000;2;2;0;0,0
22080006671000;13;5;8;36,8
22080006676000;69;32;37;43,6
22080006678000;11;6;5;43,5
22080006679000;13;7;6;27,5
22080006680000;30;21;9;37,1
22080006681000;16;8;8;45,6
22080006682000;4;2;2;0,0
22080006685000;2;1;1;0,0
22080006686000;8;6;2;46,0
22080006732000;1;0;1;0,0
22080006733000;53;29;24;43,4
22080006734000;7;5;2;46,6
22080006746000;5;3;2;47,6
22080006748000;5;4;1;43,8
22080006749000;37;20;17;42,5
22080006750000;15;9;6;47,7
22080006751000;19;10;9;36,6
22080006752000;3;1;2;0,0
22080006753000;3;2;1;0,0
22080006757000;2;1;1;0,0
22080006758000;6;4;2;52,3
22080006760000;22;11;11;53,1
22080006761000;6;3;3;32,0
22080006762000;24;10;14;29,1
22080006765000;18;9;9;58,7
22080006766000;28;13;15;40,0
22080006768000;9;6;3;47,1
22080006769000;4;2;2;0,0
22080006770000;6;2;4;67,7
22080006771000;21;11;10;40,9
22080006772000;4;1;3;0,0
22080006773000;4;1;3;0,0
22080006774000;14;10;4;42,6
22080006775000;3;3;0;0,0
22080006780000;5;3;2;31,6
22080006783000;4;2;2;0,0
22080006821000;2;1;1;0,0
22080006837000;24;11;13;39,1
22080006838000;4;2;2;0,0
22080006851000;4;2;2;0,0
22080006852000;4;2;2;0,0
22080006861000;44;24;20;48,4
22080006862000;15;9;6;37,5
22080006863000;5;3;2;54,8
22080006867000;7;2;5;33,1
22080006869000;2;1;1;0,0
22080006954000;2;1;1;0,0
22080006955000;7;3;4;28,1
22080006956000;4;3;1;0,0
22080006958000;2;1;1;0,0
22080007003000;18;12;6;41,3
22080007004000;68;28;40;55,4
22080007005000;45;19;26;40,1
22080007006000;17;5;12;34,3
22080007007000;7;5;2;52,3
22080007009000;14;7;7;43,3
22080007032000;13;7;6;53,1
22080007033000;3;2;1;0,0
22080007040000;3;2;1;0,0
22080007042000;1;0;1;0,0
22080007051000;5;3;2;37,4
22080007053000;9;6;3;43,2
22080007054000;22;14;8;38,8
22080007058000;88;47;41;42,4
22080007059000;15;6;9;40,0
22080007060000;11;5;6;46,0
22080007061000;32;19;13;38,6
22080007062000;12;5;7;39,9
22080007063000;17;8;9;43,9
22080007065000;3;2;1;0,0
22080007068000;10;5;5;38,2
22080007069000;5;3;2;42,4
22080007070000;2;1;1;0,0
22080007071000;10;5;5;42,5
22080007072000;1;1;0;0,0
22080007073000;47;26;21;34,0
22080007074000;13;6;7;25,1
22090006547000;13;6;7;51,3
22090006548000;51;23;28;35,3
22090006549000;11;7;4;38,7
22090006550000;27;12;15;37,4
22090006551000;13;7;6;47,9
22090006552000;31;20;11;36,3
22090006553000;30;18;12;39,9
22090006554000;28;14;14;42,8
22090006557000;3;2;1;0,0
22090006558000;5;4;1;58,0
22090006559000;5;4;1;29,4
22090006561000;21;10;11;28,0
22090006562000;24;13;11;31,9
22090006563000;16;8;8;45,4
22090006571000;6;4;2;37,2
22090006572000;1;0;1;0,0
22090006573000;9;3;6;26,1
22090006582000;16;9;7;40,3
22090006583000;36;17;19;41,1
22090006584000;54;30;24;41,5
22090006585000;31;13;18;37,6
22090006586000;8;4;4;69,1
22090006587000;98;59;39;33,1
22090006588000;27;16;11;46,6
22090006589000;7;4;3;43,1
22090006596000;1;1;0;0,0
22090006597000;8;6;2;35,3
22090006598000;8;4;4;44,6
22090006599000;4;1;3;0,0
22090006600000;9;4;5;34,0
22090006607000;27;16;11;45,8
22090006608000;23;11;12;46,6
22090006609000;11;5;6;53,5
22090006627000;9;5;4;56,2
22090006628000;32;20;12;41,6
22090006631000;8;4;4;47,3
22090006632000;31;17;14;46,3
22090006633000;5;2;3;32,8
22090006635000;685;372;313;33,5
22090006636000;507;240;267;27,0
22090006638000;1;1;0;0,0
22090006639000;24;14;10;40,6
22090006640000;9;6;3;52,4
22090006647000;15;8;7;44,9
22090006648000;21;11;10;39,7
22090006649000;9;5;4;57,3
22090006650000;11;6;5;55,7
22090006656000;10;4;6;52,5
22090006657000;17;7;10;46,1
22090006658000;36;18;18;38,9
22090006659000;6;2;4;37,0
22090006676000;96;46;50;37,9
22090006677000;37;21;16;35,6
22090006678000;36;19;17;40,7
22090006679000;28;10;18;42,2
22090006680000;1;1;0;0,0
22090006695000;6;3;3;64,7
22090006697000;5;4;1;42,6
22090006732000;17;9;8;54,9
22090006733000;22;11;11;40,5
22090006734000;2;2;0;0,0
22090006735000;2;1;1;0,0
22090006745000;3;2;1;0,0
22090006746000;5;2;3;70,2
22090006747000;24;16;8;43,3
22090006748000;14;8;6;50,5
22090006749000;1;1;0;0,0
22090006750000;2;1;1;0,0
22090006751000;5;2;3;61,4
22090006752000;19;9;10;46,7
22090006760000;15;8;7;50,3
22090006761000;12;6;6;48,5
22090006762000;220;104;116;46,3
22090006763000;29;14;15;36,2
22090006764000;35;19;16;42,4
22090006765000;21;11;10;48,9
22090006766000;74;36;38;42,6
22090006767000;23;13;10;58,7
22090006768000;13;7;6;55,0
22090006769000;12;6;6;58,3
22090006770000;2;1;1;0,0
22090006771000;6;3;3;46,2
22090006772000;12;4;8;30,8
22090006773000;13;5;8;45,8
22090006774000;5;3;2;30,0
22090006781000;1;0;1;0,0
22090006820000;2;1;1;0,0
22090006821000;4;2;2;0,0
22090006838000;24;11;13;39,2
22090006839000;20;10;10;46,0
22090006840000;5;3;2;32,4
22090006860000;6;3;3;32,3
22090006861000;491;247;244;41,2
22090006862000;51;26;25;39,9
22090006867000;4;2;2;0,0
22090006868000;2;1;1;0,0
22090006873000;1;1;0;0,0
22090006874000;13;8;5;51,0
22090006875000;1;0;1;0,0
22090006950000;11;6;5;44,5
22090006951000;13;8;5;46,3
22090006952000;55;25;30;40,3
22090006953000;21;9;12;41,3
22090007002000;1;0;1;0,0
22090007003000;47;24;23;36,9
22090007008000;6;2;4;27,5
22090007009000;35;19;16;38,3
22090007032000;8;5;3;43,4
22090007033000;10;6;4;44,0
22090007053000;14;8;6;50,5
22090007054000;23;16;7;49,6
22090007058000;7;3;4;42,7
22090007059000;28;15;13;33,8
22090007060000;7;5;2;56,3
22090007062000;17;7;10;29,9
22090007063000;15;10;5;45,3
22090007064000;3;2;1;0,0
22090007068000;1;1;0;0,0
22090007069000;6;4;2;55,8
22090007070000;24;14;10;53,8
22090007071000;36;20;16;47,4
22090007072000;4;1;3;0,0
22090007107000;2;2;0;0,0
22100006547000;5;2;3;15,4
22100006548000;51;25;26;39,3
22100006549000;11;4;7;41,8
22100006550000;48;27;21;42,4
22100006551000;6;4;2;45,0
22100006552000;6;3;3;65,5
22100006553000;35;19;16;33,5
22100006554000;49;31;18;32,9
22100006557000;1;0;1;0,0
22100006558000;6;3;3;57,7
22100006567000;12;7;5;24,8
22100006579000;22;13;9;38,3
22100006580000;17;10;7;37,5
22100006582000;13;6;7;31,9
22100006583000;38;15;23;38,5
22100006584000;20;10;10;29,9
22100006586000;2;1;1;0,0
22100006587000;4;3;1;0,0
22100006588000;25;15;10;35,7
22100006589000;12;7;5;50,3
22100006590000;16;9;7;44,7
22100006596000;2;1;1;0,0
22100006597000;71;38;33;37,7
22100006598000;23;11;12;39,7
22100006599000;2;1;1;0,0
22100006600000;1;0;1;0,0
22100006606000;2;2;0;0,0
22100006607000;14;6;8;41,9
22100006608000;12;7;5;46,2
22100006627000;22;11;11;37,5
22100006629000;41;25;16;38,4
22100006630000;197;91;106;39,9
22100006631000;106;54;52;43,2
22100006632000;376;180;196;37,6
22100006633000;115;63;52;42,4
22100006634000;5;2;3;53,8
22100006635000;57;28;29;37,2
22100006636000;145;72;73;29,5
22100006637000;24;12;12;49,4
22100006638000;22;11;11;41,3
22100006639000;17;11;6;55,0
22100006640000;24;11;13;46,3
22100006641000;22;13;9;35,8
22100006646000;14;8;6;36,1
22100006647000;49;21;28;32,1
22100006648000;29;13;16;41,3
22100006654000;2;1;1;0,0
22100006655000;30;18;12;53,5
22100006656000;35;17;18;49,7
22100006657000;37;19;18;44,4
22100006658000;38;20;18;44,1
22100006659000;2;1;1;0,0
22100006675000;23;11;12;42,3
22100006676000;265;135;130;42,4
22100006677000;158;88;70;42,7
22100006678000;31;17;14;41,0
22100006685000;1;0;1;0,0
22100006686000;4;2;2;0,0
22100006694000;11;4;7;39,2
22100006695000;4;3;1;0,0
22100006697000;2;1;1;0,0
22100006725000;1;1;0;0,0
22100006726000;23;14;9;49,1
22100006727000;10;5;5;43,9
22100006728000;1;1;0;0,0
22100006731000;5;1;4;28,2
22100006732000;52;27;25;44,4
22100006743000;18;10;8;31,8
22100006744000;2;1;1;0,0
22100006747000;17;8;9;42,2
22100006750000;1;1;0;0,0
22100006751000;6;3;3;52,8
22100006752000;10;5;5;43,5
22100006759000;15;6;9;42,2
22100006760000;1;1;0;0,0
22100006761000;8;5;3;61,0
22100006762000;18;11;7;32,8
22100006764000;6;4;2;64,5
22100006774000;8;4;4;57,5
22100006776000;1;0;1;0,0
22100006819000;2;0;2;0,0
22100006820000;1;1;0;0,0
22100006839000;7;4;3;34,1
22100006849000;3;1;2;0,0
22100006850000;15;9;6;60,4
22100006851000;16;11;5;34,1
22100006852000;6;3;3;57,7
22100006860000;27;13;14;45,6
22100006861000;157;76;81;43,2
22100006862000;3;1;2;0,0
22100006866000;5;2;3;60,8
22100006867000;10;6;4;41,5
22100006874000;12;6;6;52,8
22100006906000;5;3;2;54,6
22100006949000;2;1;1;0,0
22100006950000;11;5;6;37,1
22100006951000;10;6;4;63,4
22100006952000;5;3;2;30,2
22100007002000;8;4;4;63,9
22100007003000;6;4;2;36,7
22100007006000;19;8;11;42,4
22100007008000;23;12;11;33,1
22100007009000;36;18;18;37,3
22100007023000;2;1;1;0,0
22100007035000;11;5;6;28,7
22100007053000;12;6;6;51,0
22100007054000;53;28;25;41,6
22100007059000;5;3;2;72,0
22100007060000;10;5;5;56,1
22100007061000;4;2;2;0,0
22100007069000;27;17;10;43,7
22100007070000;9;6;3;34,3
22100007071000;6;3;3;49,0
22100007107000;18;10;8;29,3
22100007108000;14;10;4;48,0
22110006549000;48;26;22;38,6
22110006550000;82;42;40;43,1
22110006551000;59;27;32;40,8
22110006552000;75;36;39;41,3
22110006553000;57;30;27;45,3
22110006554000;82;42;40;44,4
22110006555000;13;6;7;46,5
22110006556000;7;4;3;22,4
22110006557000;30;18;12;31,3
22110006558000;8;4;4;30,0
22110006567000;5;3;2;38,0
22110006568000;7;3;4;41,1
22110006569000;5;1;4;27,8
22110006572000;30;18;12;36,9
22110006573000;10;7;3;37,8
22110006577000;29;15;14;46,6
22110006578000;20;7;13;38,1
22110006579000;14;9;5;54,1
22110006580000;14;6;8;38,6
22110006581000;36;18;18;46,0
22110006582000;122;63;59;40,6
22110006583000;92;51;41;34,6
22110006584000;5;3;2;27,6
22110006589000;27;15;12;38,0
22110006590000;17;9;8;47,6
22110006591000;34;15;19;38,9
22110006592000;14;9;5;44,6
22110006596000;7;4;3;59,9
22110006597000;27;16;11;31,0
22110006606000;20;10;10;45,7
22110006607000;17;11;6;51,1
22110006608000;2;2;0;0,0
22110006625000;2;1;1;0,0
22110006626000;14;9;5;40,9
22110006628000;6;3;3;34,7
22110006629000;13;8;5;37,0
22110006630000;12;7;5;43,4
22110006631000;341;165;176;42,2
22110006632000;617;326;291;43,1
22110006633000;680;351;329;41,2
22110006634000;14;4;10;33,6
22110006635000;30;15;15;40,4
22110006636000;32;18;14;31,1
22110006637000;77;46;31;41,2
22110006638000;16;10;6;42,7
22110006639000;33;17;16;41,5
22110006640000;31;19;12;36,5
22110006641000;8;4;4;40,8
22110006642000;4;3;1;0,0
22110006643000;4;1;3;0,0
22110006644000;14;9;5;39,7
22110006645000;40;21;19;34,7
22110006646000;36;17;19;45,2
22110006647000;33;18;15;50,4
22110006648000;16;9;7;36,1
22110006653000;28;16;12;43,6
22110006654000;32;14;18;41,6
22110006655000;24;14;10;54,7
22110006656000;28;15;13;38,4
22110006657000;22;14;8;31,0
22110006658000;21;13;8;44,6
22110006673000;1;1;0;0,0
22110006675000;5;5;0;42,4
22110006676000;7;7;0;36,0
22110006690000;4;2;2;0,0
22110006692000;2;1;1;0,0
22110006725000;10;5;5;56,5
22110006726000;21;10;11;39,7
22110006727000;15;9;6;40,7
22110006728000;2;1;1;0,0
22110006730000;5;2;3;36,4
22110006731000;31;16;15;43,4
22110006732000;26;16;10;44,0
22110006740000;3;1;2;0,0
22110006741000;20;10;10;52,1
22110006742000;12;8;4;37,3
22110006743000;8;3;5;31,8
22110006744000;12;6;6;22,8
22110006745000;3;2;1;0,0
22110006746000;6;2;4;28,3
22110006747000;4;2;2;0,0
22110006751000;15;10;5;38,5
22110006752000;7;4;3;42,9
22110006761000;5;4;1;30,0
22110006762000;3;1;2;0,0
22110006764000;17;11;6;37,5
22110006772000;1;1;0;0,0
22110006775000;3;2;1;0,0
22110006777000;2;1;1;0,0
22110006838000;5;3;2;17,6
22110006839000;10;6;4;41,1
22110006849000;3;2;1;0,0
22110006850000;125;66;59;39,1
22110006851000;7;5;2;50,6
22110006852000;14;6;8;56,6
22110006853000;15;7;8;53,8
22110006854000;1;1;0;0,0
22110006855000;43;22;21;44,3
22110006856000;13;8;5;43,7
22110006857000;7;4;3;51,0
22110006858000;2;1;1;0,0
22110006859000;43;25;18;37,0
22110006860000;671;314;357;44,3
22110006861000;238;118;120;43,8
22110006862000;7;4;3;31,3
22110006865000;6;3;3;57,7
22110006866000;20;11;9;33,4
22110006867000;7;5;2;29,9
22110006949000;7;4;3;36,4
22110006951000;3;2;1;0,0
22110007001000;18;8;10;47,1
22110007002000;2;1;1;0,0
22110007006000;11;5;6;47,4
22110007007000;3;1;2;0,0
22110007008000;1;0;1;0,0
22110007009000;32;19;13;40,0
22110007034000;7;2;5;30,9
22110007035000;6;2;4;39,0
22110007042000;1;0;1;0,0
22110007049000;1;1;0;0,0
22110007054000;6;5;1;37,5
22110007060000;113;65;48;31,5
22110007061000;108;59;49;37,3
22110007062000;55;28;27;43,9
22110007069000;2;2;0;0,0
22110007070000;14;10;4;45,6
22110007072000;1;1;0;0,0
22120006548000;9;5;4;44,3
22120006549000;120;58;62;38,5
22120006550000;6;4;2;48,3
22120006551000;22;13;9;35,0
22120006552000;2;2;0;0,0
22120006553000;5;4;1;21,0
22120006554000;601;284;317;32,9
22120006555000;253;133;120;30,5
22120006556000;580;294;286;36,4
22120006557000;11;6;5;45,0
22120006558000;21;12;9;42,6
22120006566000;30;13;17;32,3
22120006569000;18;8;10;39,1
22120006571000;54;32;22;41,4
22120006572000;245;109;136;50,5
22120006573000;42;21;21;43,3
22120006574000;14;7;7;25,2
22120006575000;21;13;8;39,3
22120006576000;13;7;6;44,5
22120006578000;15;10;5;43,5
22120006579000;9;3;6;28,3
22120006580000;14;7;7;59,3
22120006582000;31;17;14;29,4
22120006583000;6;4;2;45,5
22120006584000;22;12;10;36,4
22120006585000;2;1;1;0,0
22120006589000;8;4;4;27,0
22120006590000;49;27;22;33,9
22120006591000;3;2;1;0,0
22120006592000;11;6;5;52,7
22120006593000;22;11;11;48,9
22120006594000;14;7;7;42,4
22120006595000;58;32;26;38,4
22120006596000;73;39;34;39,2
22120006597000;43;23;20;39,3
22120006605000;4;2;2;0,0
22120006606000;6;3;3;27,2
22120006607000;25;12;13;37,6
22120006608000;5;2;3;30,8
22120006627000;9;4;5;37,7
22120006631000;7;3;4;42,7
22120006632000;729;369;360;37,8
22120006633000;52;32;20;36,6
22120006634000;50;29;21;40,8
22120006635000;26;17;9;44,3
22120006636000;723;364;359;37,2
22120006637000;1020;508;512;38,6
22120006638000;222;117;105;35,8
22120006639000;41;20;21;45,8
22120006640000;14;7;7;40,4
22120006641000;43;20;23;49,7
22120006642000;14;4;10;41,6
22120006643000;46;22;24;40,5
22120006644000;131;72;59;37,5
22120006645000;91;47;44;40,6
22120006646000;37;17;20;39,0
22120006647000;6;3;3;50,7
22120006648000;6;4;2;43,8
22120006649000;8;2;6;40,9
22120006652000;1;1;0;0,0
22120006653000;41;21;20;38,1
22120006654000;11;5;6;47,0
22120006655000;10;4;6;44,4
22120006663000;2;1;1;0,0
22120006664000;10;6;4;49,5
22120006665000;7;4;3;38,6
22120006666000;2;1;1;0,0
22120006667000;27;14;13;27,7
22120006668000;10;4;6;43,4
22120006670000;7;6;1;21,9
22120006671000;7;5;2;30,4
22120006672000;43;18;25;38,8
22120006673000;9;9;0;47,4
22120006689000;3;2;1;0,0
22120006691000;1;1;0;0,0
22120006692000;3;2;1;0,0
22120006693000;1;1;0;0,0
22120006724000;36;18;18;31,7
22120006725000;12;4;8;41,7
22120006726000;7;3;4;45,9
22120006727000;24;8;16;43,9
22120006728000;33;19;14;42,4
22120006729000;31;17;14;40,8
22120006730000;78;31;47;52,4
22120006731000;26;17;9;41,3
22120006736000;19;12;7;39,3
22120006737000;3;2;1;0,0
22120006738000;8;3;5;38,4
22120006740000;12;6;6;49,1
22120006741000;6;3;3;45,5
22120006744000;2;1;1;0,0
22120006751000;25;13;12;46,0
22120006752000;7;4;3;64,4
22120006759000;10;4;6;41,3
22120006760000;16;8;8;32,3
22120006761000;4;2;2;0,0
22120006764000;4;4;0;0,0
22120006774000;1;1;0;0,0
22120006775000;5;3;2;35,0
22120006777000;16;7;9;42,5
22120006778000;2;1;1;0,0
22120006817000;2;1;1;0,0
22120006838000;7;4;3;56,1
22120006839000;6;1;5;37,5
22120006849000;37;16;21;40,1
22120006850000;7;3;4;46,3
22120006852000;2;1;1;0,0
22120006853000;38;24;14;40,3
22120006854000;15;10;5;34,7
22120006855000;213;108;105;37,1
22120006856000;70;26;44;51,9
22120006857000;22;13;9;55,3
22120006858000;17;7;10;49,4
22120006859000;106;54;52;41,9
22120006860000;419;187;232;47,7
22120006861000;178;98;80;41,1
22120006862000;124;69;55;39,5
22120006863000;70;36;34;35,5
22120006864000;15;9;6;55,0
22120006865000;13;4;9;35,1
22120006866000;9;6;3;37,8
22120006950000;19;9;10;37,4
22120006951000;11;5;6;48,8
22120006952000;6;3;3;45,2
22120007000000;3;2;1;0,0
22120007001000;25;12;13;36,7
22120007006000;4;3;1;0,0
22120007007000;11;5;6;43,9
22120007009000;15;10;5;45,6
22120007010000;1;1;0;0,0
22120007034000;7;4;3;27,9
22120007036000;7;5;2;25,1
22120007037000;6;3;3;46,2
22120007039000;2;1;1;0,0
22120007040000;7;4;3;50,7
22120007041000;7;4;3;60,7
22120007042000;2;1;1;0,0
22120007043000;3;2;1;0,0
22120007045000;4;3;1;0,0
22120007046000;2;1;1;0,0
22120007047000;1;0;1;0,0
22120007049000;2;1;1;0,0
22120007061000;39;25;14;37,3
22120007062000;11;6;5;34,3
22120007108000;2;1;1;0,0
22130006548000;14;6;8;43,9
22130006549000;47;24;23;40,5
22130006550000;281;133;148;41,3
22130006551000;21;13;8;30,9
22130006552000;775;401;374;35,1
22130006553000;56;27;29;37,4
22130006554000;125;67;58;29,3
22130006555000;33;18;15;30,0
22130006556000;1379;682;697;39,2
22130006557000;9;4;5;55,1
22130006558000;38;20;18;46,0
22130006567000;3;1;2;0,0
22130006569000;20;10;10;44,5
22130006570000;56;31;25;42,3
22130006571000;113;60;53;44,1
22130006572000;644;331;313;35,8
22130006573000;29;14;15;39,2
22130006574000;12;6;6;51,4
22130006575000;38;20;18;38,9
22130006576000;4;2;2;0,0
22130006577000;2;1;1;0,0
22130006579000;8;4;4;39,6
22130006590000;2;1;1;0,0
22130006591000;14;7;7;42,5
22130006592000;21;14;7;45,3
22130006593000;9;5;4;29,0
22130006594000;30;14;16;36,4
22130006595000;261;118;143;52,2
22130006596000;57;27;30;45,9
22130006597000;30;17;13;39,4
22130006598000;1;1;0;0,0
22130006605000;14;5;9;47,9
22130006606000;20;9;11;42,5
22130006607000;4;2;2;0,0
22130006624000;1;1;0;0,0
22130006627000;12;6;6;32,0
22130006631000;8;5;3;56,8
22130006632000;273;143;130;35,6
22130006633000;130;67;63;38,7
22130006634000;37;17;20;37,0
22130006635000;510;257;253;41,2
22130006636000;563;268;295;45,3
22130006637000;635;311;324;39,6
22130006638000;107;47;60;31,8
22130006639000;53;28;25;37,6
22130006640000;61;34;27;34,3
22130006641000;80;43;37;40,0
22130006642000;3;1;2;0,0
22130006643000;8;4;4;46,9
22130006644000;104;56;48;38,9
22130006645000;466;247;219;37,7
22130006646000;57;29;28;40,6
22130006647000;5;3;2;46,4
22130006648000;13;8;5;57,9
22130006649000;35;19;16;41,1
22130006650000;33;19;14;39,1
22130006651000;12;7;5;34,4
22130006652000;158;82;76;36,6
22130006653000;34;18;16;43,0
22130006662000;13;9;4;52,2
22130006663000;19;10;9;35,4
22130006664000;9;4;5;46,4
22130006665000;27;16;11;46,7
22130006666000;9;5;4;46,7
22130006667000;2;0;2;0,0
22130006668000;3;1;2;0,0
22130006669000;6;3;3;45,0
22130006670000;6;4;2;38,2
22130006671000;8;2;6;40,0
22130006672000;11;4;7;24,3
22130006673000;6;4;2;59,5
22130006686000;9;3;6;43,4
22130006687000;8;6;2;45,9
22130006723000;8;4;4;56,9
22130006724000;5;4;1;30,2
22130006728000;1;1;0;0,0
22130006735000;30;16;14;36,0
22130006736000;7;4;3;36,4
22130006737000;5;2;3;44,4
22130006738000;6;3;3;37,5
22130006739000;2;1;1;0,0
22130006740000;7;3;4;39,9
22130006751000;5;3;2;36,0
22130006754000;4;1;3;0,0
22130006756000;6;3;3;36,7
22130006758000;6;2;4;59,8
22130006759000;7;3;4;47,9
22130006766000;1;1;0;0,0
22130006771000;1;1;0;0,0
22130006777000;11;6;5;33,0
22130006778000;10;8;2;45,7
22130006816000;7;4;3;67,7
22130006837000;9;5;4;56,7
22130006838000;24;12;12;45,1
22130006847000;7;2;5;48,4
22130006848000;15;9;6;36,5
22130006849000;8;3;5;57,3
22130006857000;8;5;3;44,4
22130006858000;6;3;3;59,8
22130006861000;12;5;7;33,6
22130006862000;18;11;7;25,6
22130006863000;86;47;39;41,0
22130006864000;60;32;28;34,2
22130006865000;9;6;3;42,2
22130006949000;2;1;1;0,0
22130006950000;15;9;6;51,2
22130006952000;13;6;7;45,2
22130007000000;7;4;3;54,0
22130007001000;1;1;0;0,0
22130007006000;5;2;3;18,2
22130007009000;23;14;9;46,0
22130007010000;5;3;2;67,0
22130007013000;4;3;1;0,0
22130007036000;7;5;2;41,1
22130007037000;84;43;41;42,9
22130007055000;12;6;6;47,4
22140006548000;15;9;6;45,9
22140006549000;342;156;186;47,1
22140006550000;1848;908;940;48,0
22140006551000;1254;646;608;42,1
22140006552000;211;97;114;36,0
22140006553000;316;167;149;41,3
22140006554000;291;145;146;43,4
22140006555000;171;90;81;46,9
22140006556000;1784;883;901;43,0
22140006560000;4;2;2;0,0
22140006561000;1;0;1;0,0
22140006568000;10;5;5;42,2
22140006569000;3;2;1;0,0
22140006570000;6;2;4;52,7
22140006571000;70;38;32;40,7
22140006572000;52;28;24;40,2
22140006573000;48;24;24;40,4
22140006574000;13;8;5;35,0
22140006575000;16;9;7;48,4
22140006592000;15;7;8;44,6
22140006593000;51;29;22;42,4
22140006594000;36;18;18;35,0
22140006595000;370;181;189;43,0
22140006596000;25;14;11;44,2
22140006597000;14;8;6;42,3
22140006598000;9;4;5;34,4
22140006599000;10;4;6;27,2
22140006605000;29;16;13;50,1
22140006606000;25;16;9;43,3
22140006621000;10;6;4;43,7
22140006622000;14;7;7;38,7
22140006626000;3;2;1;0,0
22140006632000;36;18;18;36,9
22140006633000;25;12;13;35,4
22140006634000;11;5;6;41,0
22140006635000;147;71;76;39,9
22140006636000;1546;780;766;46,6
22140006637000;1194;572;622;41,0
22140006638000;641;309;332;40,5
22140006639000;287;146;141;41,7
22140006640000;42;18;24;45,3
22140006641000;65;38;27;39,4
22140006642000;43;19;24;41,9
22140006643000;11;6;5;47,8
22140006644000;119;62;57;42,8
22140006645000;118;64;54;38,9
22140006646000;31;15;16;39,6
22140006647000;12;6;6;36,5
22140006648000;9;5;4;21,3
22140006649000;41;26;15;33,7
22140006650000;253;132;121;40,3
22140006651000;70;40;30;39,7
22140006652000;61;36;25;38,0
22140006653000;7;3;4;42,6
22140006654000;4;2;2;0,0
22140006655000;8;5;3;44,4
22140006659000;5;3;2;61,8
22140006660000;16;7;9;51,2
22140006661000;29;15;14;37,3
22140006662000;4;2;2;0,0
22140006663000;9;5;4;25,4
22140006664000;73;41;32;44,2
22140006665000;58;30;28;34,8
22140006666000;27;11;16;39,4
22140006667000;28;15;13;42,5
22140006668000;3;1;2;0,0
22140006669000;3;2;1;0,0
22140006670000;2;1;1;0,0
22140006687000;31;20;11;59,7
22140006688000;16;10;6;38,6
22140006702000;11;6;5;46,6
22140006703000;6;3;3;61,5
22140006704000;18;10;8;41,1
22140006705000;4;3;1;0,0
22140006723000;32;14;18;41,8
22140006734000;15;11;4;31,7
22140006735000;16;7;9;63,8
22140006753000;7;5;2;47,4
22140006755000;46;21;25;34,1
22140006756000;9;6;3;49,8
22140006757000;9;6;3;42,0
22140006758000;6;4;2;23,0
22140006760000;1;1;0;0,0
22140006767000;3;1;2;0,0
22140006769000;5;2;3;51,4
22140006772000;2;1;1;0,0
22140006778000;5;3;2;72,4
22140006786000;2;1;1;0,0
22140006815000;5;2;3;19,6
22140006837000;1;1;0;0,0
22140006838000;23;10;13;39,6
22140006847000;41;24;17;42,0
22140006848000;22;12;10;45,9
22140006849000;1;1;0;0,0
22140006864000;2;1;1;0,0
22140006952000;7;4;3;50,9
22140006953000;16;8;8;38,4
22140006954000;5;2;3;42,2
22140007000000;16;12;4;43,9
22140007001000;10;6;4;50,3
22140007009000;37;19;18;38,4
22140007010000;3;1;2;0,0
22140007011000;6;3;3;52,2
22140007012000;27;15;12;45,5
22140007013000;14;7;7;27,1
22140007035000;1;1;0;0,0
22140007037000;17;10;7;52,5
22140007038000;10;5;5;24,3
22140007046000;1;1;0;0,0
22140007047000;7;5;2;41,9
22140007048000;2;2;0;0,0
22140007050000;18;9;9;40,2
22140007053000;3;2;1;0,0
22150006550000;455;204;251;59,2
22150006551000;136;67;69;64,8
22150006552000;3;1;2;0,0
22150006555000;1262;614;648;46,5
22150006556000;3048;1439;1609;46,4
22150006557000;2062;998;1064;45,3
22150006558000;513;254;259;35,4
22150006559000;8;3;5;29,3
22150006560000;4;3;1;0,0
22150006561000;37;18;19;34,1
22150006562000;3;2;1;0,0
22150006567000;29;18;11;33,8
22150006568000;9;3;6;45,0
22150006569000;36;21;15;43,4
22150006570000;34;18;16;35,0
22150006571000;32;18;14;48,4
22150006572000;5;3;2;19,8
22150006593000;3;2;1;0,0
22150006594000;28;14;14;45,1
22150006595000;21;12;9;33,1
22150006596000;13;8;5;34,6
22150006597000;24;15;9;43,2
22150006598000;3;1;2;0,0
22150006599000;17;11;6;34,9
22150006600000;9;3;6;36,6
22150006604000;17;8;9;39,6
22150006605000;54;28;26;39,5
22150006606000;31;16;15;42,7
22150006620000;33;19;14;38,0
22150006621000;2;1;1;0,0
22150006624000;5;3;2;24,0
22150006632000;44;21;23;39,8
22150006633000;17;9;8;40,4
22150006634000;44;25;19;48,2
22150006635000;566;280;286;41,0
22150006636000;423;232;191;35,9
22150006637000;101;50;51;42,7
22150006638000;134;57;77;24,4
22150006643000;7;5;2;45,6
22150006644000;67;35;32;36,9
22150006645000;27;15;12;38,8
22150006646000;74;39;35;37,5
22150006647000;62;31;31;38,1
22150006648000;81;46;35;41,7
22150006649000;104;56;48;40,0
22150006650000;376;201;175;40,5
22150006651000;439;216;223;37,6
22150006652000;75;44;31;37,4
22150006653000;10;6;4;42,3
22150006654000;23;10;13;39,1
22150006655000;39;20;19;42,2
22150006656000;6;2;4;47,0
22150006658000;8;2;6;25,6
22150006659000;25;14;11;43,6
22150006660000;27;14;13;42,0
22150006661000;41;25;16;43,8
22150006662000;43;24;19;40,5
22150006663000;53;27;26;39,2
22150006664000;2;2;0;0,0
22150006688000;4;1;3;0,0
22150006689000;18;11;7;46,8
22150006696000;1;1;0;0,0
22150006699000;3;2;1;0,0
22150006700000;36;19;17;29,4
22150006701000;2;1;1;0,0
22150006702000;1;0;1;0,0
22150006703000;9;5;4;54,2
22150006723000;20;9;11;55,8
22150006724000;5;3;2;56,0
22150006734000;9;4;5;38,3
22150006735000;10;6;4;33,5
22150006753000;8;5;3;66,5
22150006754000;14;6;8;49,8
22150006755000;46;23;23;43,1
22150006756000;5;2;3;29,0
22150006758000;1;1;0;0,0
22150006772000;1;1;0;0,0
22150006838000;24;13;11;38,0
22150006839000;3;1;2;0,0
22150006847000;7;4;3;55,0
22150006848000;19;10;9;33,6
22150006862000;18;10;8;27,3
22150006873000;3;2;1;0,0
22150006911000;2;1;1;0,0
22150006954000;23;12;11;36,8
22150006955000;3;1;2;0,0
22150006999000;7;4;3;38,3
22150007000000;2;1;1;0,0
22150007009000;13;7;6;40,5
22150007012000;5;2;3;40,2
22150007013000;21;10;11;34,0
22150007021000;5;3;2;69,6
22150007037000;2;1;1;0,0
22150007038000;23;13;10;45,3
22150007048000;14;6;8;50,7
22150007053000;3;3;0;0,0
22150007054000;1;1;0;0,0
22150007055000;7;5;2;23,9
22150007056000;8;5;3;36,4
22150007109000;1;0;1;0,0
22160006553000;2;1;1;0,0
22160006554000;653;336;317;38,1
22160006555000;742;390;352;39,7
22160006556000;2078;1028;1050;39,7
22160006557000;2377;1114;1263;45,1
22160006558000;917;478;439;42,7
22160006559000;782;387;395;36,3
22160006561000;5;3;2;55,4
22160006563000;13;9;4;26,3
22160006564000;9;6;3;34,9
22160006565000;17;10;7;36,9
22160006566000;25;13;12;33,4
22160006567000;26;12;14;42,1
22160006568000;73;37;36;38,2
22160006569000;23;10;13;40,8
22160006570000;6;4;2;28,5
22160006579000;2;1;1;0,0
22160006581000;5;4;1;26,0
22160006582000;2;1;1;0,0
22160006584000;4;3;1;0,0
22160006595000;11;6;5;44,9
22160006596000;7;3;4;41,0
22160006597000;4;2;2;0,0
22160006598000;24;12;12;32,8
22160006599000;28;14;14;46,1
22160006600000;8;4;4;41,3
22160006601000;12;5;7;38,1
22160006602000;2;1;1;0,0
22160006603000;2;1;1;0,0
22160006604000;104;49;55;41,4
22160006605000;118;61;57;40,5
22160006606000;9;4;5;17,7
22160006632000;28;15;13;45,8
22160006633000;59;36;23;47,3
22160006634000;43;26;17;48,7
22160006635000;770;416;354;38,1
22160006636000;98;56;42;40,9
22160006637000;18;9;9;34,8
22160006649000;360;181;179;44,9
22160006650000;881;407;474;46,8
22160006651000;204;92;112;39,5
22160006653000;25;12;13;44,5
22160006654000;59;30;29;42,6
22160006655000;41;23;18;41,3
22160006656000;7;4;3;60,1
22160006657000;8;6;2;33,5
22160006660000;206;102;104;35,8
22160006661000;80;40;40;44,2
22160006662000;4;2;2;0,0
22160006688000;22;12;10;38,1
22160006689000;16;7;9;46,3
22160006690000;5;2;3;40,4
22160006691000;2;1;1;0,0
22160006697000;7;3;4;42,9
22160006699000;17;9;8;41,0
22160006700000;16;10;6;52,7
22160006701000;2;2;0;0,0
22160006723000;3;3;0;0,0
22160006735000;15;7;8;52,1
22160006754000;5;2;3;67,6
22160006755000;20;9;11;41,0
22160006770000;4;2;2;0,0
22160006814000;1;1;0;0,0
22160006833000;1;1;0;0,0
22160006834000;1;1;0;0,0
22160006838000;44;23;21;44,9
22160006839000;9;5;4;46,1
22160006843000;7;3;4;36,7
22160006847000;12;7;5;46,2
22160006848000;7;3;4;42,3
22160006910000;6;4;2;49,2
22160006951000;8;5;3;61,5
22160006954000;35;21;14;39,3
22160006955000;30;14;16;35,6
22160007009000;27;16;11;38,9
22160007011000;8;4;4;63,6
22160007022000;4;3;1;0,0
22160007023000;6;2;4;42,2
22160007040000;1;0;1;0,0
22160007047000;12;8;4;34,4
22160007048000;5;3;2;54,0
22160007055000;21;14;7;32,8
22160007056000;1;1;0;0,0
22170006552000;97;52;45;44,6
22170006553000;1377;681;696;40,2
22170006554000;995;479;516;44,2
22170006555000;653;322;331;41,5
22170006556000;9;3;6;45,6
22170006557000;188;88;100;51,8
22170006558000;14;9;5;42,6
22170006559000;262;146;116;33,3
22170006560000;145;82;63;36,5
22170006561000;13;7;6;58,8
22170006562000;38;21;17;27,9
22170006563000;19;10;9;44,6
22170006564000;23;13;10;41,7
22170006565000;14;8;6;37,3
22170006566000;38;23;15;35,1
22170006567000;36;21;15;39,4
22170006568000;6;4;2;44,3
22170006573000;5;3;2;40,8
22170006574000;16;8;8;47,7
22170006575000;2;1;1;0,0
22170006576000;4;2;2;0,0
22170006578000;3;1;2;0,0
22170006597000;8;4;4;54,4
22170006598000;41;21;20;43,3
22170006599000;3;2;1;0,0
22170006600000;6;3;3;45,2
22170006601000;9;7;2;39,3
22170006602000;103;53;50;45,0
22170006603000;172;93;79;45,2
22170006604000;492;238;254;48,3
22170006605000;247;127;120;40,6
22170006606000;5;3;2;35,0
22170006620000;5;2;3;42,0
22170006621000;5;2;3;24,8
22170006622000;3;2;1;0,0
22170006630000;3;2;1;0,0
22170006632000;32;17;15;45,0
22170006633000;9;4;5;42,3
22170006634000;95;43;52;41,6
22170006635000;822;416;406;36,4
22170006636000;111;61;50;45,4
22170006649000;10;5;5;53,4
22170006650000;76;44;32;28,7
22170006651000;615;316;299;37,4
22170006652000;484;243;241;44,4
22170006653000;11;5;6;43,8
22170006654000;180;90;90;35,1
22170006655000;57;29;28;44,7
22170006657000;3;2;1;0,0
22170006658000;17;8;9;41,9
22170006659000;13;7;6;36,8
22170006660000;19;8;11;46,7
22170006661000;23;13;10;33,2
22170006662000;8;5;3;52,0
22170006688000;11;7;4;62,8
22170006689000;7;1;6;23,1
22170006690000;7;4;3;24,0
22170006700000;1;1;0;0,0
22170006723000;7;2;5;53,4
22170006724000;5;4;1;44,6
22170006735000;19;10;9;41,2
22170006754000;7;5;2;27,3
22170006764000;2;2;0;0,0
22170006773000;3;2;1;0,0
22170006813000;2;1;1;0,0
22170006838000;12;6;6;50,5
22170006847000;1;0;1;0,0
22170006848000;35;22;13;37,7
22170006849000;7;4;3;44,6
22170006850000;1;1;0;0,0
22170006910000;4;2;2;0,0
22170006951000;1;1;0;0,0
22170006952000;3;2;1;0,0
22170006954000;67;34;33;49,4
22170006955000;19;10;9;55,8
22170006956000;1;0;1;0,0
22170006999000;8;3;5;46,0
22170007009000;23;15;8;41,5
22170007011000;6;3;3;41,5
22170007012000;8;4;4;56,3
22170007014000;12;6;6;53,4
22170007023000;2;1;1;0,0
22170007055000;1;1;0;0,0
22170007056000;9;4;5;39,0
22180006552000;2;1;1;0,0
22180006553000;242;123;119;38,6
22180006554000;173;83;90;40,9
22180006555000;1027;509;518;36,7
22180006556000;360;185;175;41,7
22180006557000;8;6;2;46,3
22180006558000;15;8;7;41,0
22180006559000;17;10;7;40,9
22180006560000;320;160;160;35,8
22180006561000;50;27;23;39,4
22180006562000;5;3;2;49,0
22180006563000;1;1;0;0,0
22180006564000;27;15;12;36,3
22180006565000;36;17;19;42,6
22180006566000;8;4;4;37,9
22180006568000;6;3;3;63,3
22180006569000;26;13;13;43,3
22180006570000;23;14;9;30,7
22180006571000;5;3;2;61,4
22180006572000;15;9;6;44,3
22180006573000;29;14;15;34,1
22180006574000;19;11;8;34,7
22180006575000;54;31;23;31,7
22180006576000;29;14;15;41,8
22180006577000;2;2;0;0,0
22180006583000;4;3;1;0,0
22180006584000;12;3;9;27,7
22180006585000;7;4;3;55,7
22180006586000;15;7;8;27,7
22180006587000;28;13;15;42,3
22180006599000;7;3;4;38,3
22180006600000;20;10;10;35,9
22180006601000;29;13;16;44,6
22180006602000;10;4;6;44,0
22180006603000;32;16;16;40,9
22180006604000;47;22;25;41,5
22180006605000;14;6;8;38,9
22180006616000;11;5;6;21,5
22180006617000;14;7;7;43,9
22180006618000;1;1;0;0,0
22180006619000;9;3;6;45,8
22180006620000;31;18;13;41,9
22180006621000;1;1;0;0,0
22180006632000;128;67;61;34,6
22180006633000;816;420;396;37,5
22180006634000;216;112;104;41,5
22180006635000;575;270;305;39,3
22180006636000;174;93;81;39,7
22180006652000;344;169;175;39,7
22180006653000;574;293;281;37,4
22180006654000;336;187;149;39,2
22180006655000;79;39;40;42,2
22180006656000;6;4;2;50,5
22180006657000;15;6;9;43,3
22180006658000;120;60;60;37,6
22180006659000;25;14;11;43,8
22180006660000;28;15;13;55,7
22180006667000;7;2;5;42,7
22180006687000;11;7;4;35,5
22180006688000;87;48;39;35,4
22180006689000;44;22;22;42,6
22180006690000;1;1;0;0,0
22180006724000;5;2;3;36,6
22180006734000;44;25;19;44,3
22180006735000;16;9;7;53,8
22180006754000;1;1;0;0,0
22180006755000;3;2;1;0,0
22180006813000;6;3;3;40,7
22180006814000;4;3;1;0,0
22180006836000;3;2;1;0,0
22180006837000;75;40;35;44,8
22180006838000;33;22;11;42,9
22180006839000;8;5;3;42,3
22180006847000;19;9;10;34,9
22180006848000;597;290;307;42,7
22180006849000;32;17;15;46,4
22180006850000;15;7;8;45,6
22180006851000;6;3;3;42,8
22180006910000;8;3;5;31,5
22180006938000;5;3;2;33,2
22180006951000;9;6;3;40,7
22180006952000;3;2;1;0,0
22180006953000;4;2;2;0,0
22180006954000;48;23;25;38,9
22180006955000;5;3;2;33,2
22180006957000;3;0;3;0,0
22180006999000;17;10;7;43,6
22180007008000;15;8;7;45,7
22180007009000;8;5;3;38,9
22180007012000;13;7;6;41,7
22180007014000;13;4;9;34,9
22180007015000;6;4;2;41,8
22180007023000;5;2;3;38,2
22180007038000;4;2;2;0,0
22180007049000;2;2;0;0,0
22180007056000;6;4;2;48,7
22180007057000;2;1;1;0,0
22180007061000;4;2;2;0,0
22180007062000;11;7;4;52,5
22190006553000;7;4;3;52,9
22190006554000;59;32;27;49,8
22190006555000;138;72;66;36,7
22190006556000;90;52;38;37,2
22190006557000;16;10;6;42,9
22190006558000;11;7;4;37,2
22190006559000;24;14;10;26,6
22190006560000;613;309;304;36,3
22190006561000;58;31;27;38,6
22190006564000;17;9;8;33,3
22190006565000;20;11;9;27,8
22190006567000;8;3;5;27,0
22190006568000;16;8;8;46,1
22190006569000;17;10;7;36,4
22190006570000;9;5;4;33,8
22190006571000;11;5;6;49,1
22190006572000;34;18;16;34,5
22190006573000;66;38;28;38,6
22190006574000;61;32;29;41,7
22190006575000;2;1;1;0,0
22190006580000;10;6;4;38,0
22190006581000;29;11;18;38,0
22190006582000;47;21;26;40,5
22190006583000;45;25;20;37,8
22190006584000;13;6;7;48,5
22190006585000;15;9;6;48,4
22190006586000;9;7;2;52,1
22190006587000;6;2;4;51,7
22190006614000;3;2;1;0,0
22190006616000;29;16;13;42,1
22190006617000;99;54;45;39,7
22190006618000;10;5;5;25,4
22190006632000;30;18;12;35,7
22190006633000;1596;803;793;38,0
22190006634000;1472;675;797;46,7
22190006635000;2051;1035;1016;38,4
22190006636000;994;502;492;35,0
22190006651000;3;0;3;0,0
22190006652000;22;13;9;44,3
22190006653000;129;69;60;40,9
22190006654000;501;262;239;41,5
22190006655000;465;232;233;42,2
22190006656000;58;33;25;43,4
22190006657000;379;188;191;35,1
22190006658000;71;39;32;41,6
22190006659000;22;11;11;41,2
22190006660000;26;11;15;37,3
22190006661000;25;14;11;44,2
22190006662000;27;14;13;38,1
22190006665000;1;1;0;0,0
22190006666000;4;3;1;0,0
22190006667000;7;4;3;28,4
22190006668000;6;4;2;52,5
22190006687000;8;4;4;60,4
22190006688000;185;93;92;48,5
22190006689000;241;123;118;46,2
22190006690000;81;34;47;50,7
22190006733000;7;5;2;43,1
22190006734000;113;57;56;48,4
22190006755000;4;2;2;0,0
22190006757000;1;0;1;0,0
22190006777000;2;1;1;0,0
22190006810000;3;1;2;0,0
22190006812000;13;8;5;56,0
22190006813000;18;10;8;42,0
22190006814000;3;2;1;0,0
22190006837000;29;15;14;42,1
22190006838000;33;19;14;35,7
22190006839000;141;76;65;39,1
22190006840000;30;17;13;33,9
22190006841000;114;53;61;40,4
22190006842000;11;7;4;54,8
22190006843000;19;10;9;44,6
22190006844000;21;11;10;38,7
22190006845000;5;3;2;38,8
22190006848000;160;86;74;44,9
22190006849000;6;3;3;36,8
22190006850000;7;4;3;30,3
22190006853000;16;8;8;46,6
22190006864000;13;6;7;28,9
22190006939000;6;2;4;36,3
22190006951000;10;4;6;37,2
22190006954000;40;24;16;47,5
22190006998000;7;4;3;40,7
22190006999000;2;1;1;0,0
22190007008000;8;3;5;41,3
22190007013000;7;4;3;45,6
22190007015000;8;4;4;38,1
22190007016000;3;2;1;0,0
22190007038000;24;10;14;44,6
22190007069000;34;16;18;38,2
22190007070000;6;3;3;27,0
22190007071000;2;1;1;0,0
22200006551000;6;3;3;18,2
22200006552000;3;2;1;0,0
22200006553000;2;1;1;0,0
22200006554000;104;52;52;52,8
22200006555000;100;55;45;46,5
22200006556000;930;420;510;39,7
22200006557000;19;10;9;40,2
22200006558000;7;3;4;60,1
22200006559000;40;19;21;39,2
22200006560000;40;21;19;33,9
22200006561000;46;24;22;31,5
22200006562000;126;68;58;39,3
22200006563000;38;16;22;42,2
22200006565000;4;2;2;0,0
22200006566000;24;14;10;46,2
22200006567000;30;19;11;53,6
22200006568000;2;1;1;0,0
22200006569000;14;6;8;34,1
22200006570000;4;3;1;0,0
22200006572000;17;9;8;40,8
22200006573000;30;15;15;37,3
22200006575000;27;14;13;30,6
22200006576000;3;1;2;0,0
22200006577000;6;3;3;26,5
22200006578000;14;10;4;36,5
22200006579000;6;4;2;52,0
22200006580000;14;9;5;35,7
22200006581000;42;19;23;42,3
22200006582000;58;28;30;39,9
22200006583000;93;43;50;36,8
22200006584000;25;11;14;37,4
22200006585000;7;3;4;35,6
22200006586000;13;7;6;31,7
22200006587000;38;21;17;39,9
22200006588000;33;14;19;36,7
22200006589000;3;1;2;0,0
22200006603000;4;2;2;0,0
22200006605000;23;13;10;54,1
22200006606000;22;12;10;36,9
22200006608000;6;3;3;42,8
22200006614000;15;7;8;33,6
22200006615000;67;39;28;33,2
22200006616000;53;28;25;41,3
22200006617000;69;37;32;44,1
22200006631000;84;50;34;33,3
22200006632000;1504;746;758;35,0
22200006633000;1394;698;696;41,2
22200006634000;1082;552;530;40,2
22200006635000;1210;600;610;39,5
22200006636000;16;7;9;35,9
22200006653000;8;5;3;54,3
22200006654000;79;41;38;39,7
22200006655000;71;31;40;47,0
22200006656000;97;51;46;41,5
22200006657000;455;219;236;43,3
22200006658000;1032;468;564;49,4
22200006659000;411;191;220;41,4
22200006660000;36;21;15;48,0
22200006661000;10;6;4;51,6
22200006662000;23;14;9;39,7
22200006664000;17;10;7;44,6
22200006665000;10;6;4;32,6
22200006666000;4;3;1;0,0
22200006667000;2;1;1;0,0
22200006668000;4;3;1;0,0
22200006685000;2;1;1;0,0
22200006686000;7;4;3;42,0
22200006687000;123;59;64;41,3
22200006688000;10;5;5;45,0
22200006689000;2;1;1;0,0
22200006690000;9;4;5;37,3
22200006691000;8;2;6;28,0
22200006723000;14;7;7;42,9
22200006724000;1;1;0;0,0
22200006732000;1;0;1;0,0
22200006733000;26;16;10;41,3
22200006734000;1;0;1;0,0
22200006755000;4;2;2;0,0
22200006756000;19;10;9;42,6
22200006757000;16;7;9;43,2
22200006758000;1;0;1;0,0
22200006760000;2;1;1;0,0
22200006776000;2;1;1;0,0
22200006777000;3;3;0;0,0
22200006778000;1;1;0;0,0
22200006810000;5;3;2;40,6
22200006811000;30;16;14;47,9
22200006812000;37;20;17;36,9
22200006813000;4;2;2;0,0
22200006837000;13;8;5;65,4
22200006838000;73;37;36;39,3
22200006839000;16;6;10;50,1
22200006840000;221;108;113;43,3
22200006841000;570;268;302;50,8
22200006842000;25;13;12;40,0
22200006843000;15;7;8;37,7
22200006844000;27;12;15;52,9
22200006845000;20;11;9;53,8
22200006846000;15;8;7;30,0
22200006847000;6;2;4;33,5
22200006848000;46;25;21;45,4
22200006852000;4;1;3;0,0
22200006919000;3;1;2;0,0
22200006937000;7;4;3;32,1
22200006939000;27;15;12;50,5
22200006940000;27;13;14;40,4
22200006941000;2;1;1;0,0
22200006950000;1;0;1;0,0
22200006951000;5;3;2;53,6
22200006952000;11;7;4;42,0
22200006953000;6;2;4;61,7
22200006954000;32;16;16;36,1
22200006955000;36;21;15;42,2
22200006956000;5;3;2;41,0
22200006998000;5;0;5;17,6
22200007008000;7;3;4;38,4
22200007013000;6;4;2;36,0
22200007016000;10;4;6;51,0
22200007023000;1;0;1;0,0
22200007036000;13;8;5;48,1
22200007038000;1;0;1;0,0
22200007039000;2;1;1;0,0
22200007047000;3;2;1;0,0
22210006552000;34;17;17;44,6
22210006553000;33;13;20;41,2
22210006554000;1;0;1;0,0
22210006555000;92;44;48;40,1
22210006556000;337;187;150;39,1
22210006557000;126;65;61;43,2
22210006558000;38;21;17;37,8
22210006559000;18;10;8;45,7
22210006560000;30;16;14;38,3
22210006561000;31;15;16;38,5
22210006562000;15;9;6;49,0
22210006563000;120;72;48;45,3
22210006564000;18;9;9;42,4
22210006565000;8;5;3;31,5
22210006567000;7;3;4;48,3
22210006568000;19;8;11;42,6
22210006569000;31;19;12;40,9
22210006572000;6;3;3;38,0
22210006573000;43;22;21;39,5
22210006574000;3;2;1;0,0
22210006575000;25;15;10;46,8
22210006576000;6;3;3;33,7
22210006577000;1;1;0;0,0
22210006580000;2;1;1;0,0
22210006583000;87;46;41;37,3
22210006584000;9;6;3;63,2
22210006586000;3;2;1;0,0
22210006587000;9;4;5;27,9
22210006588000;38;22;16;29,9
22210006589000;24;13;11;37,4
22210006590000;21;10;11;41,0
22210006599000;10;5;5;27,4
22210006600000;10;6;4;35,2
22210006601000;4;3;1;0,0
22210006602000;21;7;14;36,0
22210006603000;2;1;1;0,0
22210006604000;14;6;8;38,6
22210006605000;33;17;16;41,9
22210006606000;74;46;28;38,2
22210006607000;4;3;1;0,0
22210006608000;27;16;11;40,6
22210006609000;353;163;190;42,5
22210006610000;77;40;37;42,2
22210006611000;71;30;41;34,3
22210006612000;23;11;12;44,6
22210006613000;64;32;32;38,3
22210006614000;31;18;13;49,2
22210006615000;33;18;15;39,6
22210006616000;1;1;0;0,0
22210006617000;5;2;3;49,6
22210006630000;8;4;4;47,6
22210006631000;36;18;18;47,9
22210006632000;62;35;27;36,9
22210006633000;119;66;53;38,6
22210006634000;1509;754;755;37,4
22210006635000;1704;821;883;34,4
22210006656000;20;9;11;38,4
22210006657000;160;78;82;43,9
22210006658000;128;61;67;42,9
22210006659000;557;272;285;40,7
22210006660000;83;45;38;33,3
22210006661000;19;11;8;40,8
22210006662000;45;23;22;48,7
22210006663000;44;18;26;40,3
22210006664000;61;28;33;34,8
22210006665000;53;20;33;42,4
22210006666000;22;11;11;31,9
22210006667000;21;12;9;48,2
22210006684000;8;4;4;28,9
22210006685000;32;18;14;45,2
22210006686000;15;9;6;40,6
22210006687000;39;19;20;46,5
22210006688000;19;6;13;44,5
22210006689000;9;4;5;47,1
22210006690000;4;1;3;0,0
22210006731000;26;17;9;55,2
22210006732000;10;5;5;50,8
22210006733000;10;4;6;39,3
22210006734000;4;3;1;0,0
22210006755000;11;5;6;31,4
22210006756000;33;15;18;45,7
22210006757000;10;3;7;48,5
22210006770000;1;1;0;0,0
22210006775000;1;0;1;0,0
22210006777000;11;3;8;37,3
22210006810000;8;7;1;62,3
22210006811000;14;9;5;44,9
22210006812000;9;6;3;43,9
22210006827000;4;2;2;0,0
22210006831000;2;0;2;0,0
22210006832000;2;2;0;0,0
22210006833000;2;1;1;0,0
22210006837000;14;9;5;34,0
22210006838000;69;33;36;43,8
22210006839000;39;17;22;54,7
22210006840000;762;376;386;43,1
22210006841000;203;104;99;43,4
22210006842000;12;6;6;30,6
22210006844000;4;3;1;0,0
22210006845000;10;5;5;44,9
22210006846000;26;13;13;41,6
22210006847000;29;16;13;41,5
22210006848000;31;13;18;47,3
22210006854000;2;1;1;0,0
22210006855000;2;1;1;0,0
22210006856000;2;1;1;0,0
22210006857000;7;5;2;62,1
22210006858000;5;4;1;28,0
22210006934000;2;1;1;0,0
22210006940000;10;6;4;37,9
22210006941000;14;7;7;45,8
22210006942000;9;5;4;44,3
22210006944000;10;5;5;30,7
22210006945000;2;1;1;0,0
22210006952000;16;6;10;28,2
22210006954000;76;35;41;34,4
22210006955000;54;30;24;42,8
22210006956000;8;4;4;56,4
22210006957000;6;3;3;15,7
22210006967000;3;2;1;0,0
22210007008000;1;1;0;0,0
22210007009000;2;1;1;0,0
22210007017000;5;2;3;44,8
22210007018000;3;3;0;0,0
22210007023000;1;1;0;0,0
22210007035000;10;5;5;44,4
22210007036000;19;13;6;38,5
22210007049000;12;6;6;41,9
22210007052000;2;1;1;0,0
22210007053000;5;4;1;43,2
22210007059000;4;3;1;0,0
22210007070000;8;5;3;51,3
22210007071000;4;2;2;0,0
22220006553000;16;7;9;48,4
22220006555000;2;2;0;0,0
22220006556000;43;25;18;35,2
22220006557000;291;150;141;37,5
22220006558000;20;14;6;49,9
22220006559000;34;18;16;36,0
22220006560000;1;1;0;0,0
22220006561000;15;7;8;41,0
22220006562000;14;10;4;53,7
22220006563000;18;10;8;37,1
22220006564000;102;54;48;31,2
22220006565000;38;16;22;40,2
22220006566000;4;3;1;0,0
22220006567000;9;6;3;48,7
22220006571000;8;4;4;46,3
22220006572000;29;16;13;42,4
22220006573000;497;240;257;38,2
22220006574000;452;237;215;35,5
22220006575000;121;63;58;39,6
22220006576000;16;8;8;33,3
22220006579000;7;4;3;37,1
22220006581000;3;2;1;0,0
22220006582000;33;16;17;27,5
22220006583000;28;15;13;46,9
22220006584000;2;1;1;0,0
22220006586000;5;3;2;59,6
22220006589000;5;3;2;51,2
22220006590000;308;169;139;38,8
22220006591000;26;14;12;32,8
22220006592000;11;7;4;36,5
22220006593000;34;16;18;44,1
22220006594000;12;5;7;48,7
22220006595000;4;3;1;0,0
22220006596000;6;4;2;35,5
22220006597000;10;4;6;43,6
22220006598000;9;6;3;44,1
22220006599000;20;14;6;33,9
22220006600000;6;5;1;32,2
22220006601000;11;5;6;42,5
22220006602000;59;30;29;36,5
22220006603000;39;21;18;34,2
22220006604000;42;21;21;42,3
22220006605000;13;8;5;49,5
22220006606000;21;12;9;37,6
22220006607000;23;12;11;39,7
22220006608000;30;13;17;48,4
22220006609000;413;198;215;45,6
22220006610000;242;123;119;37,4
22220006611000;32;15;17;37,7
22220006612000;13;7;6;55,2
22220006613000;11;6;5;51,1
22220006614000;28;11;17;37,5
22220006615000;7;5;2;40,0
22220006630000;11;7;4;34,6
22220006631000;7;4;3;39,3
22220006633000;2;2;0;0,0
22220006634000;548;288;260;38,7
22220006635000;1652;817;835;41,0
22220006657000;5;2;3;34,0
22220006658000;19;7;12;45,4
22220006659000;19;9;10;46,5
22220006660000;22;10;12;50,2
22220006661000;6;3;3;55,2
22220006662000;40;24;16;38,8
22220006663000;60;30;30;43,7
22220006664000;25;13;12;41,4
22220006665000;32;15;17;41,0
22220006666000;21;12;9;36,6
22220006667000;28;14;14;52,3
22220006668000;12;5;7;26,3
22220006669000;2;2;0;0,0
22220006684000;19;9;10;30,4
22220006685000;19;8;11;29,9
22220006687000;3;2;1;0,0
22220006723000;7;1;6;44,7
22220006724000;8;4;4;52,9
22220006730000;5;2;3;58,4
22220006755000;12;7;5;43,8
22220006756000;29;17;12;38,9
22220006757000;6;5;1;44,2
22220006774000;7;4;3;46,4
22220006775000;8;4;4;53,4
22220006776000;16;7;9;48,4
22220006777000;4;2;2;0,0
22220006808000;5;4;1;63,6
22220006809000;8;4;4;40,0
22220006812000;5;2;3;46,0
22220006829000;15;7;8;40,5
22220006830000;5;4;1;53,6
22220006831000;12;6;6;48,7
22220006836000;18;10;8;42,5
22220006837000;42;24;18;41,6
22220006838000;21;12;9;53,8
22220006839000;176;79;97;45,5
22220006840000;453;235;218;37,5
22220006841000;19;10;9;40,9
22220006908000;2;0;2;0,0
22220006933000;9;4;5;38,8
22220006942000;13;8;5;35,4
22220006943000;18;10;8;49,2
22220006944000;33;13;20;43,8
22220006945000;15;8;7;44,4
22220006946000;6;4;2;42,0
22220006947000;6;1;5;28,5
22220006948000;2;1;1;0,0
22220006952000;20;9;11;35,6
22220006953000;13;7;6;42,2
22220006954000;197;95;102;33,5
22220006955000;17;8;9;37,1
22220006971000;4;2;2;0,0
22220007008000;5;2;3;53,2
22220007016000;2;1;1;0,0
22220007017000;4;2;2;0,0
22220007018000;1;1;0;0,0
22220007048000;3;1;2;0,0
22220007049000;18;11;7;34,3
22220007053000;14;9;5;50,0
22220007056000;1;0;1;0,0
22220007063000;3;2;1;0,0
22220007064000;2;1;1;0,0
22220007070000;11;6;5;39,9
22220007071000;16;8;8;57,8
22230006552000;39;21;18;52,8
22230006553000;114;57;57;49,7
22230006554000;49;28;21;49,1
22230006555000;50;30;20;45,2
22230006556000;65;28;37;47,1
22230006557000;9;6;3;53,7
22230006558000;27;15;12;39,8
22230006559000;18;9;9;46,9
22230006560000;27;17;10;40,9
22230006561000;51;27;24;52,9
22230006562000;55;34;21;47,7
22230006563000;15;7;8;30,5
22230006564000;287;151;136;38,9
22230006565000;342;183;159;39,5
22230006566000;38;22;16;40,1
22230006567000;41;19;22;36,5
22230006568000;29;15;14;46,8
22230006570000;14;6;8;42,1
22230006571000;5;3;2;63,8
22230006572000;38;21;17;32,8
22230006573000;21;10;11;36,0
22230006574000;49;26;23;30,0
22230006575000;13;8;5;28,2
22230006576000;30;17;13;34,0
22230006579000;12;4;8;42,3
22230006580000;49;25;24;40,2
22230006581000;4;3;1;0,0
22230006582000;9;4;5;47,9
22230006583000;61;30;31;44,7
22230006584000;12;7;5;35,6
22230006585000;2;1;1;0,0
22230006587000;7;3;4;40,1
22230006589000;28;11;17;31,6
22230006590000;142;69;73;37,7
22230006591000;73;39;34;40,8
22230006592000;18;11;7;31,0
22230006593000;10;6;4;48,7
22230006594000;31;19;12;37,6
22230006595000;16;8;8;53,6
22230006596000;24;11;13;47,1
22230006597000;109;60;49;37,1
22230006598000;5;3;2;49,8
22230006599000;15;8;7;51,6
22230006601000;10;4;6;31,8
22230006606000;7;3;4;27,4
22230006607000;56;30;26;40,3
22230006608000;41;21;20;43,4
22230006609000;20;12;8;32,7
22230006610000;22;14;8;29,9
22230006611000;11;4;7;44,1
22230006612000;37;21;16;35,2
22230006613000;10;4;6;51,6
22230006614000;6;4;2;41,2
22230006615000;4;4;0;0,0
22230006630000;27;14;13;27,7
22230006631000;36;18;18;41,6
22230006633000;45;23;22;37,9
22230006634000;124;64;60;39,0
22230006635000;1726;844;882;40,3
22230006636000;220;101;119;30,9
22230006660000;42;20;22;41,2
22230006661000;12;6;6;49,6
22230006663000;6;5;1;43,8
22230006664000;18;9;9;41,6
22230006665000;36;20;16;40,8
22230006666000;50;27;23;37,2
22230006667000;25;14;11;45,4
22230006668000;16;8;8;58,7
22230006669000;22;12;10;36,8
22230006684000;10;6;4;36,0
22230006685000;9;7;2;40,9
22230006723000;3;1;2;0,0
22230006724000;14;9;5;26,4
22230006730000;11;7;4;52,5
22230006754000;17;10;7;32,0
22230006755000;10;6;4;35,3
22230006756000;46;26;20;34,9
22230006757000;2;2;0;0,0
22230006776000;16;6;10;39,8
22230006788000;11;7;4;37,1
22230006809000;7;4;3;51,0
22230006829000;8;3;5;37,4
22230006831000;1;1;0;0,0
22230006835000;3;1;2;0,0
22230006836000;11;7;4;40,8
22230006837000;68;41;27;49,0
22230006838000;1;0;1;0,0
22230006839000;157;78;79;44,0
22230006840000;53;30;23;37,5
22230006841000;10;3;7;32,7
22230006842000;4;2;2;0,0
22230006906000;2;1;1;0,0
22230006907000;1;1;0;0,0
22230006943000;8;6;2;31,6
22230006944000;22;9;13;32,1
22230006945000;84;46;38;38,6
22230006946000;3;1;2;0,0
22230006947000;21;12;9;46,8
22230006948000;45;22;23;42,0
22230006949000;11;6;5;34,3
22230006951000;12;5;7;44,4
22230006952000;8;3;5;35,9
22230006953000;80;40;40;40,6
22230006954000;12;6;6;23,5
22230006971000;23;13;10;46,3
22230006972000;7;4;3;24,3
22230007049000;2;0;2;0,0
22230007057000;2;1;1;0,0
22230007070000;1;0;1;0,0
22230007071000;21;13;8;48,9
22230007072000;21;10;11;39,3
22230007073000;9;3;6;41,9
22240006553000;4;3;1;0,0
22240006554000;6;3;3;44,3
22240006555000;13;7;6;36,2
22240006556000;25;13;12;50,4
22240006557000;106;53;53;43,8
22240006558000;460;239;221;34,8
22240006559000;5;3;2;39,4
22240006560000;2;1;1;0,0
22240006561000;32;18;14;39,2
22240006562000;41;24;17;42,6
22240006563000;381;198;183;38,6
22240006564000;2318;1117;1201;38,2
22240006565000;1332;630;702;39,1
22240006566000;1097;554;543;38,0
22240006567000;46;21;25;34,1
22240006568000;61;29;32;43,3
22240006569000;17;10;7;33,1
22240006570000;8;3;5;54,9
22240006571000;7;6;1;23,3
22240006572000;18;11;7;41,3
22240006575000;2;1;1;0,0
22240006576000;10;4;6;47,2
22240006577000;23;12;11;38,0
22240006578000;11;9;2;40,6
22240006579000;33;21;12;43,6
22240006580000;16;10;6;39,6
22240006581000;7;4;3;46,0
22240006582000;22;13;9;35,1
22240006583000;95;51;44;32,2
22240006584000;33;16;17;33,4
22240006585000;294;155;139;35,6
22240006586000;15;9;6;39,1
22240006587000;9;3;6;20,0
22240006588000;44;27;17;43,8
22240006589000;50;23;27;33,8
22240006590000;18;10;8;32,6
22240006591000;12;6;6;42,2
22240006592000;8;5;3;34,3
22240006595000;20;10;10;35,2
22240006596000;12;5;7;42,0
22240006597000;5;3;2;53,4
22240006598000;20;12;8;39,5
22240006600000;6;3;3;46,2
22240006601000;3;1;2;0,0
22240006602000;1;1;0;0,0
22240006603000;8;4;4;32,0
22240006604000;2;1;1;0,0
22240006606000;99;48;51;45,7
22240006607000;425;218;207;41,7
22240006609000;10;5;5;51,9
22240006610000;15;9;6;40,1
22240006611000;21;12;9;32,6
22240006612000;4;1;3;0,0
22240006613000;7;4;3;20,9
22240006630000;2;1;1;0,0
22240006631000;96;57;39;45,6
22240006633000;149;84;65;41,0
22240006634000;98;60;38;37,9
22240006635000;762;397;365;37,0
22240006661000;47;28;19;42,9
22240006662000;25;12;13;40,7
22240006665000;9;4;5;38,4
22240006666000;192;88;104;39,7
22240006667000;192;92;100;48,5
22240006668000;13;9;4;33,2
22240006669000;17;10;7;41,8
22240006673000;1;1;0;0,0
22240006684000;9;4;5;39,0
22240006685000;32;18;14;36,3
22240006723000;2;2;0;0,0
22240006724000;18;10;8;43,8
22240006725000;1;1;0;0,0
22240006726000;5;2;3;45,8
22240006728000;2;1;1;0,0
22240006729000;7;4;3;54,6
22240006730000;2;1;1;0,0
22240006752000;3;2;1;0,0
22240006753000;4;3;1;0,0
22240006754000;28;16;12;26,7
22240006755000;17;12;5;44,4
22240006756000;7;5;2;21,6
22240006757000;5;2;3;40,4
22240006758000;1;1;0;0,0
22240006775000;22;12;10;65,5
22240006776000;1;1;0;0,0
22240006788000;2;2;0;0,0
22240006809000;17;8;9;58,0
22240006810000;7;2;5;29,9
22240006835000;22;14;8;29,4
22240006836000;33;18;15;45,2
22240006837000;105;54;51;38,4
22240006839000;23;11;12;41,6
22240006840000;50;21;29;42,7
22240006841000;35;23;12;26,1
22240006842000;1;1;0;0,0
22240006907000;1;0;1;0,0
22240006944000;14;9;5;35,1
22240006945000;22;10;12;31,0
22240006946000;7;3;4;59,7
22240006947000;10;4;6;43,2
22240006948000;25;12;13;37,9
22240006949000;17;9;8;31,3
22240006950000;22;9;13;41,8
22240006951000;7;4;3;27,4
22240006952000;1;0;1;0,0
22240006953000;41;20;21;38,5
22240006971000;13;7;6;44,9
22240006972000;26;17;9;46,8
22240007008000;3;2;1;0,0
22240007014000;4;2;2;0,0
22240007015000;10;5;5;48,5
22240007016000;8;4;4;51,1
22240007041000;7;5;2;33,6
22240007070000;5;3;2;60,0
22240007071000;7;3;4;54,0
22240007072000;20;8;12;37,5
22240007073000;6;4;2;36,7
22250006554000;56;30;26;45,7
22250006555000;44;27;17;42,4
22250006556000;80;47;33;45,2
22250006557000;31;16;15;46,5
22250006558000;172;89;83;39,5
22250006559000;724;348;376;40,3
22250006560000;622;302;320;38,4
22250006561000;220;113;107;38,3
22250006562000;501;234;267;40,5
22250006563000;788;393;395;35,9
22250006564000;1362;661;701;41,5
22250006565000;2413;1158;1255;42,4
22250006566000;1148;570;578;36,2
22250006567000;131;75;56;34,5
22250006568000;136;70;66;37,0
22250006569000;6;4;2;42,0
22250006571000;4;2;2;0,0
22250006572000;20;10;10;35,5
22250006573000;7;3;4;42,1
22250006574000;18;10;8;41,7
22250006575000;49;27;22;41,1
22250006576000;1;1;0;0,0
22250006577000;45;20;25;42,8
22250006578000;30;19;11;39,7
22250006580000;9;6;3;34,4
22250006581000;15;9;6;37,9
22250006582000;16;7;9;35,9
22250006583000;478;232;246;44,9
22250006584000;624;295;329;45,5
22250006585000;46;25;21;37,5
22250006586000;25;12;13;40,6
22250006587000;8;3;5;32,5
22250006589000;28;14;14;35,8
22250006590000;3;2;1;0,0
22250006591000;37;20;17;39,5
22250006592000;40;19;21;41,4
22250006601000;1;1;0;0,0
22250006602000;5;2;3;43,2
22250006603000;6;2;4;34,0
22250006604000;21;10;11;25,3
22250006606000;21;13;8;43,9
22250006607000;15;9;6;42,9
22250006612000;41;22;19;33,2
22250006616000;3;2;1;0,0
22250006617000;2;2;0;0,0
22250006626000;22;13;9;38,0
22250006627000;4;2;2;0,0
22250006629000;22;13;9;30,1
22250006630000;45;23;22;42,5
22250006631000;125;65;60;40,0
22250006633000;244;122;122;39,5
22250006634000;1318;644;674;42,8
22250006635000;559;268;291;40,5
22250006662000;19;9;10;51,9
22250006666000;15;6;9;41,6
22250006667000;41;22;19;41,1
22250006668000;36;18;18;35,3
22250006670000;7;4;3;26,0
22250006672000;23;10;13;43,4
22250006673000;32;18;14;46,2
22250006674000;7;4;3;37,7
22250006684000;16;7;9;30,4
22250006685000;74;34;40;40,0
22250006686000;9;6;3;62,4
22250006687000;1;1;0;0,0
22250006715000;8;5;3;42,3
22250006723000;6;5;1;36,8
22250006724000;173;87;86;52,3
22250006725000;51;24;27;56,7
22250006726000;33;20;13;46,8
22250006727000;4;3;1;0,0
22250006728000;11;5;6;50,2
22250006729000;6;4;2;72,3
22250006754000;29;15;14;39,3
22250006755000;24;17;7;29,7
22250006756000;10;4;6;48,0
22250006771000;1;1;0;0,0
22250006772000;2;2;0;0,0
22250006774000;11;7;4;49,3
22250006775000;25;13;12;24,1
22250006808000;10;6;4;41,7
22250006809000;22;12;10;44,4
22250006810000;4;2;2;0,0
22250006836000;55;26;29;40,1
22250006837000;26;12;14;38,6
22250006838000;13;7;6;46,8
22250006839000;10;6;4;42,7
22250006840000;3;1;2;0,0
22250006841000;3;1;2;0,0
22250006905000;2;1;1;0,0
22250006906000;4;2;2;0,0
22250006947000;6;4;2;54,3
22250006948000;16;10;6;41,3
22250006949000;33;21;12;40,7
22250006950000;18;9;9;50,2
22250006951000;51;30;21;40,9
22250006952000;85;41;44;40,8
22250006953000;56;29;27;39,9
22250006972000;1;1;0;0,0
22250006973000;22;13;9;50,1
22250007007000;1;1;0;0,0
22250007008000;2;1;1;0,0
22250007015000;9;5;4;48,3
22250007017000;7;1;6;60,9
22250007041000;136;73;63;44,7
22250007042000;19;11;8;41,4
22250007048000;7;4;3;33,4
22250007049000;2;0;2;0,0
22250007051000;4;3;1;0,0
22250007055000;1;1;0;0,0
22250007059000;8;4;4;43,9
22250007070000;3;2;1;0,0
22250007086000;4;2;2;0,0
22250007087000;5;3;2;28,6
22250007089000;3;2;1;0,0
22260006554000;126;63;63;42,0
22260006555000;23;13;10;54,2
22260006556000;3;3;0;0,0
22260006557000;3;1;2;0,0
22260006558000;5;2;3;53,2
22260006559000;83;41;42;46,2
22260006560000;899;450;449;40,0
22260006561000;958;492;466;39,6
22260006562000;1159;540;619;51,8
22260006563000;810;393;417;40,0
22260006564000;4082;1894;2188;50,5
22260006565000;1459;723;736;42,3
22260006566000;2180;1074;1106;37,9
22260006567000;587;297;290;35,9
22260006568000;535;267;268;37,2
22260006569000;420;228;192;32,0
22260006570000;95;54;41;35,5
22260006571000;10;5;5;27,2
22260006572000;4;2;2;0,0
22260006574000;24;14;10;42,6
22260006575000;36;16;20;37,5
22260006576000;7;3;4;33,1
22260006578000;15;6;9;40,5
22260006579000;20;10;10;36,0
22260006580000;14;7;7;35,8
22260006581000;19;12;7;56,7
22260006582000;30;19;11;33,9
22260006583000;486;250;236;35,2
22260006584000;73;42;31;36,7
22260006585000;16;8;8;42,7
22260006589000;9;3;6;27,6
22260006590000;31;16;15;34,7
22260006591000;18;13;5;32,1
22260006592000;61;28;33;29,8
22260006598000;5;3;2;57,2
22260006599000;14;7;7;35,9
22260006600000;2;2;0;0,0
22260006601000;2;1;1;0,0
22260006602000;10;4;6;65,7
22260006603000;11;5;6;47,7
22260006604000;21;15;6;35,0
22260006605000;19;9;10;38,2
22260006606000;55;30;25;42,3
22260006607000;6;5;1;38,3
22260006608000;12;5;7;26,2
22260006609000;16;8;8;45,3
22260006610000;22;13;9;46,6
22260006611000;7;3;4;41,4
22260006612000;16;10;6;34,2
22260006616000;18;10;8;43,3
22260006617000;15;10;5;49,9
22260006626000;41;23;18;39,8
22260006627000;45;26;19;38,0
22260006629000;423;211;212;35,5
22260006630000;1421;710;711;37,0
22260006631000;1519;725;794;33,7
22260006632000;45;23;22;38,2
22260006633000;1524;690;834;48,3
22260006634000;3203;1466;1737;43,1
22260006635000;242;118;124;55,2
22260006641000;9;2;7;33,7
22260006662000;10;6;4;54,5
22260006663000;8;5;3;44,4
22260006667000;1;0;1;0,0
22260006668000;7;5;2;45,4
22260006669000;33;17;16;41,2
22260006670000;120;62;58;40,4
22260006671000;166;80;86;38,7
22260006672000;102;56;46;37,5
22260006673000;57;29;28;37,2
22260006674000;5;2;3;33,0
22260006684000;27;14;13;36,2
22260006685000;37;22;15;47,8
22260006711000;2;2;0;0,0
22260006712000;10;6;4;51,3
22260006713000;10;5;5;42,8
22260006714000;6;4;2;54,2
22260006723000;11;4;7;40,9
22260006724000;6;1;5;49,8
22260006725000;10;6;4;37,1
22260006726000;8;5;3;44,5
22260006727000;3;1;2;0,0
22260006754000;43;20;23;47,8
22260006755000;28;15;13;40,3
22260006756000;1;1;0;0,0
22260006757000;1;0;1;0,0
22260006758000;2;1;1;0,0
22260006767000;10;4;6;53,8
22260006772000;9;3;6;35,6
22260006773000;15;6;9;61,2
22260006774000;15;8;7;40,1
22260006775000;3;2;1;0,0
22260006784000;2;1;1;0,0
22260006807000;2;1;1;0,0
22260006808000;35;24;11;54,2
22260006824000;1;0;1;0,0
22260006835000;4;3;1;0,0
22260006836000;64;29;35;39,3
22260006837000;46;23;23;43,1
22260006838000;9;3;6;38,7
22260006906000;3;2;1;0,0
22260006949000;24;15;9;45,2
22260006950000;594;308;286;35,5
22260006951000;1039;516;523;44,2
22260006952000;287;136;151;38,3
22260006953000;10;4;6;25,6
22260006973000;21;10;11;38,2
22260007007000;6;3;3;44,3
22260007008000;19;9;10;40,3
22260007015000;10;6;4;48,4
22260007016000;2;1;1;0,0
22260007019000;3;1;2;0,0
22260007020000;8;4;4;54,0
22260007021000;2;1;1;0,0
22260007023000;3;2;1;0,0
22260007041000;19;12;7;46,3
22260007042000;1;0;1;0,0
22260007043000;2;1;1;0,0
22260007049000;1;1;0;0,0
22260007051000;1;0;1;0,0
22260007060000;5;3;2;42,2
22260007087000;2;1;1;0,0
22270006560000;224;108;116;45,2
22270006561000;474;242;232;41,5
22270006562000;1630;801;829;40,4
22270006563000;1461;729;732;45,6
22270006564000;1793;890;903;43,2
22270006565000;1243;612;631;39,9
22270006566000;822;417;405;41,0
22270006567000;13;7;6;47,2
22270006568000;21;12;9;27,8
22270006569000;25;12;13;44,3
22270006570000;91;52;39;38,7
22270006571000;236;121;115;35,1
22270006572000;71;37;34;39,8
22270006573000;12;8;4;53,0
22270006575000;37;22;15;47,9
22270006576000;29;13;16;37,1
22270006577000;49;25;24;43,9
22270006578000;25;13;12;45,2
22270006579000;91;46;45;34,7
22270006580000;11;6;5;35,6
22270006581000;67;38;29;36,0
22270006582000;56;28;28;38,1
22270006583000;179;88;91;33,7
22270006584000;2;1;1;0,0
22270006588000;4;3;1;0,0
22270006589000;5;3;2;35,2
22270006590000;6;2;4;32,3
22270006591000;10;6;4;50,8
22270006592000;19;7;12;40,9
22270006593000;67;38;29;39,6
22270006594000;11;6;5;34,8
22270006595000;10;4;6;23,0
22270006596000;5;2;3;19,4
22270006597000;40;21;19;33,2
22270006598000;108;56;52;34,0
22270006599000;16;8;8;43,9
22270006600000;28;15;13;39,9
22270006601000;19;9;10;40,8
22270006602000;72;38;34;34,9
22270006603000;20;11;9;38,4
22270006604000;25;12;13;44,4
22270006605000;42;23;19;40,3
22270006606000;139;68;71;37,6
22270006607000;19;11;8;45,4
22270006608000;15;9;6;40,3
22270006609000;2;1;1;0,0
22270006610000;2;1;1;0,0
22270006611000;4;1;3;0,0
22270006614000;5;3;2;60,6
22270006615000;30;16;14;40,0
22270006616000;14;8;6;40,9
22270006617000;14;5;9;33,9
22270006618000;8;3;5;31,0
22270006625000;6;2;4;31,0
22270006626000;4;2;2;0,0
22270006627000;178;85;93;36,7
22270006628000;1602;793;809;35,4
22270006629000;1216;560;656;46,9
22270006630000;2151;1060;1091;37,9
22270006631000;1192;602;590;37,0
22270006632000;1128;555;573;34,7
22270006633000;1586;792;794;37,9
22270006634000;3531;1638;1893;42,9
22270006635000;43;21;22;63,8
22270006662000;3;1;2;0,0
22270006663000;25;13;12;51,5
22270006669000;27;16;11;52,0
22270006670000;318;167;151;34,6
22270006671000;228;121;107;42,4
22270006672000;29;13;16;35,4
22270006673000;14;8;6;46,0
22270006674000;7;4;3;62,6
22270006684000;25;15;10;50,1
22270006685000;14;6;8;35,4
22270006701000;4;2;2;0,0
22270006703000;7;3;4;18,9
22270006704000;6;3;3;40,0
22270006705000;3;2;1;0,0
22270006707000;7;3;4;37,7
22270006708000;53;30;23;36,5
22270006710000;5;3;2;61,2
22270006711000;19;12;7;52,7
22270006712000;11;6;5;40,5
22270006754000;4;1;3;0,0
22270006755000;20;11;9;45,4
22270006756000;30;13;17;31,5
22270006757000;8;2;6;34,5
22270006758000;1;1;0;0,0
22270006767000;42;25;17;43,8
22270006772000;4;2;2;0,0
22270006773000;20;7;13;45,8
22270006774000;3;2;1;0,0
22270006806000;3;1;2;0,0
22270006835000;32;18;14;41,8
22270006836000;40;21;19;44,2
22270006837000;222;116;106;42,5
22270006838000;84;43;41;42,0
22270006905000;3;1;2;0,0
22270006906000;18;11;7;48,5
22270006907000;5;4;1;51,0
22270006908000;1;1;0;0,0
22270006950000;12;8;4;32,5
22270006951000;864;422;442;44,6
22270006952000;696;318;378;48,4
22270006973000;2;1;1;0,0
22270006974000;8;4;4;44,4
22270007004000;14;9;5;40,7
22270007005000;33;11;22;44,4
22270007006000;33;16;17;42,3
22270007007000;308;163;145;43,4
22270007008000;24;15;9;51,2
22270007009000;33;16;17;25,8
22270007010000;8;4;4;36,0
22270007015000;3;2;1;0,0
22270007016000;5;3;2;32,4
22270007017000;7;3;4;42,3
22270007018000;31;19;12;29,9
22270007019000;17;9;8;47,5
22270007021000;14;7;7;39,7
22270007022000;4;1;3;0,0
22270007026000;2;1;1;0,0
22270007027000;12;6;6;44,2
22270007041000;5;3;2;26,4
22270007042000;3;2;1;0,0
22270007043000;19;10;9;41,1
22270007059000;2;1;1;0,0
22270007062000;6;3;3;68,2
22280006556000;8;3;5;48,4
22280006557000;66;32;34;49,0
22280006558000;42;20;22;46,5
22280006559000;143;78;65;45,2
22280006560000;608;305;303;37,3
22280006561000;171;79;92;41,5
22280006562000;940;444;496;39,0
22280006563000;1407;715;692;39,2
22280006564000;1364;675;689;39,4
22280006565000;493;245;248;36,9
22280006566000;520;264;256;35,9
22280006567000;38;22;16;37,9
22280006569000;48;23;25;39,4
22280006570000;40;28;12;34,4
22280006572000;82;46;36;39,4
22280006573000;47;27;20;39,4
22280006574000;19;11;8;32,2
22280006576000;6;3;3;25,7
22280006577000;3;2;1;0,0
22280006578000;2;1;1;0,0
22280006579000;43;27;16;45,1
22280006580000;12;5;7;40,3
22280006581000;16;9;7;25,4
22280006582000;28;14;14;38,2
22280006583000;11;7;4;42,0
22280006585000;16;7;9;22,4
22280006587000;7;3;4;35,6
22280006588000;40;18;22;34,4
22280006589000;13;5;8;30,5
22280006590000;8;6;2;45,9
22280006592000;29;17;12;35,5
22280006593000;19;10;9;44,4
22280006594000;6;3;3;35,8
22280006595000;133;69;64;38,9
22280006596000;104;52;52;31,0
22280006597000;21;11;10;34,6
22280006598000;34;18;16;27,2
22280006599000;20;13;7;52,5
22280006600000;25;10;15;31,8
22280006601000;33;19;14;31,6
22280006602000;6;4;2;44,5
22280006604000;4;2;2;0,0
22280006605000;74;39;35;34,7
22280006606000;151;80;71;32,4
22280006607000;1;1;0;0,0
22280006613000;74;40;34;39,0
22280006614000;22;14;8;45,0
22280006615000;152;76;76;36,2
22280006616000;42;19;23;37,8
22280006617000;15;7;8;46,1
22280006618000;6;3;3;47,5
22280006625000;4;1;3;0,0
22280006626000;16;9;7;41,0
22280006627000;36;17;19;34,4
22280006628000;65;36;29;34,0
22280006629000;419;210;209;37,5
22280006630000;169;78;91;38,8
22280006631000;279;154;125;34,9
22280006632000;1384;725;659;35,1
22280006633000;2608;1300;1308;37,6
22280006634000;1062;553;509;38,1
22280006635000;1;1;0;0,0
22280006643000;9;6;3;42,7
22280006662000;4;3;1;0,0
22280006663000;31;17;14;48,2
22280006670000;12;7;5;50,3
22280006671000;222;107;115;41,1
22280006672000;188;100;88;40,9
22280006683000;16;8;8;43,2
22280006684000;122;67;55;37,9
22280006685000;18;9;9;40,6
22280006698000;2;1;1;0,0
22280006700000;14;7;7;39,6
22280006701000;7;4;3;42,1
22280006702000;5;3;2;34,0
22280006704000;22;14;8;51,5
22280006705000;21;9;12;46,3
22280006706000;5;3;2;52,4
22280006708000;10;6;4;53,4
22280006709000;7;3;4;39,9
22280006710000;5;3;2;35,8
22280006712000;1;1;0;0,0
22280006713000;4;1;3;0,0
22280006714000;8;4;4;32,0
22280006753000;3;2;1;0,0
22280006754000;5;4;1;51,0
22280006755000;42;26;16;51,5
22280006756000;57;30;27;45,4
22280006757000;34;19;15;40,2
22280006758000;13;8;5;33,5
22280006765000;1;1;0;0,0
22280006766000;26;13;13;41,0
22280006767000;38;22;16;46,5
22280006768000;3;2;1;0,0
22280006772000;7;3;4;47,0
22280006773000;32;15;17;43,6
22280006775000;13;3;10;30,8
22280006776000;1;1;0;0,0
22280006778000;1;0;1;0,0
22280006805000;5;4;1;36,6
22280006806000;6;3;3;64,3
22280006835000;48;24;24;40,4
22280006836000;27;13;14;34,0
22280006837000;187;97;90;34,1
22280006905000;1;0;1;0,0
22280006906000;9;7;2;45,1
22280006907000;6;3;3;41,5
22280006908000;7;4;3;58,4
22280006951000;286;141;145;35,9
22280006952000;532;272;260;40,0
22280006953000;13;6;7;34,5
22280007003000;20;11;9;40,1
22280007004000;11;8;3;51,8
22280007005000;36;17;19;42,0
22280007006000;13;8;5;44,8
22280007007000;18;8;10;32,1
22280007009000;26;12;14;33,5
22280007010000;64;28;36;44,3
22280007011000;20;11;9;39,6
22280007017000;10;5;5;50,8
22280007018000;27;14;13;35,0
22280007019000;12;5;7;38,8
22280007021000;7;5;2;41,6
22280007023000;10;7;3;32,9
22280007024000;7;4;3;54,0
22280007027000;5;3;2;47,4
22280007036000;3;1;2;0,0
22280007037000;12;7;5;43,3
22280007041000;5;1;4;24,4
22280007043000;14;9;5;42,9
22280007062000;1;0;1;0,0
22280007063000;2;1;1;0,0
22280007068000;99;43;56;45,9
22280007069000;1;1;0;0,0
22290006558000;9;5;4;42,0
22290006559000;43;17;26;45,0
22290006560000;9;3;6;35,6
22290006561000;2;1;1;0,0
22290006562000;20;10;10;38,3
22290006563000;980;487;493;37,3
22290006564000;980;485;495;38,0
22290006565000;180;87;93;41,3
22290006566000;39;20;19;43,2
22290006567000;59;32;27;49,8
22290006568000;110;60;50;39,3
22290006569000;20;11;9;39,7
22290006572000;22;15;7;35,2
22290006573000;44;22;22;33,4
22290006574000;77;47;30;33,7
22290006575000;30;16;14;45,2
22290006576000;1;0;1;0,0
22290006577000;3;2;1;0,0
22290006578000;27;12;15;46,7
22290006579000;60;27;33;36,0
22290006580000;502;279;223;34,1
22290006581000;42;30;12;35,8
22290006582000;91;47;44;34,9
22290006583000;13;7;6;47,5
22290006584000;27;19;8;33,2
22290006585000;2;1;1;0,0
22290006587000;14;7;7;39,6
22290006588000;177;88;89;37,2
22290006589000;103;51;52;38,2
22290006590000;108;58;50;37,4
22290006591000;47;26;21;50,0
22290006592000;45;18;27;41,7
22290006593000;11;5;6;39,7
22290006594000;24;12;12;38,5
22290006595000;30;17;13;38,3
22290006596000;109;60;49;43,3
22290006597000;17;9;8;39,8
22290006598000;22;11;11;33,3
22290006599000;31;13;18;31,1
22290006605000;37;20;17;40,5
22290006606000;131;57;74;38,1
22290006607000;3;2;1;0,0
22290006612000;3;2;1;0,0
22290006613000;33;19;14;24,6
22290006614000;469;221;248;52,9
22290006615000;604;258;346;51,9
22290006616000;411;225;186;32,3
22290006617000;113;58;55;36,9
22290006618000;106;54;52;35,2
22290006619000;58;27;31;34,0
22290006620000;3;3;0;0,0
22290006621000;19;12;7;41,9
22290006622000;83;42;41;39,4
22290006623000;31;20;11;42,2
22290006624000;5;4;1;31,8
22290006625000;17;7;10;32,4
22290006626000;45;27;18;37,5
22290006627000;9;4;5;52,0
22290006631000;2042;1042;1000;35,2
22290006632000;1820;932;888;36,1
22290006633000;2754;1296;1458;45,2
22290006634000;526;271;255;38,1
22290006637000;4;2;2;0,0
22290006643000;5;2;3;62,4
22290006644000;3;2;1;0,0
22290006662000;20;9;11;41,5
22290006671000;8;3;5;44,4
22290006672000;6;3;3;37,2
22290006673000;14;7;7;56,4
22290006674000;7;5;2;45,4
22290006683000;37;18;19;37,4
22290006684000;44;23;21;46,5
22290006685000;17;9;8;47,2
22290006686000;2;2;0;0,0
22290006697000;7;3;4;59,9
22290006698000;5;3;2;48,6
22290006699000;13;7;6;47,6
22290006700000;15;9;6;34,1
22290006701000;120;68;52;39,4
22290006702000;2;2;0;0,0
22290006703000;3;3;0;0,0
22290006704000;2;1;1;0,0
22290006706000;12;6;6;33,1
22290006707000;9;5;4;26,8
22290006710000;5;3;2;56,0
22290006711000;3;2;1;0,0
22290006714000;7;4;3;42,7
22290006715000;22;13;9;46,8
22290006716000;16;8;8;56,6
22290006717000;7;3;4;66,4
22290006753000;9;4;5;38,4
22290006754000;33;16;17;40,3
22290006755000;48;27;21;39,0
22290006756000;41;18;23;33,3
22290006757000;30;15;15;46,6
22290006758000;13;5;8;36,6
22290006766000;59;35;24;45,2
22290006767000;10;7;3;41,5
22290006768000;21;11;10;43,7
22290006769000;2;1;1;0,0
22290006773000;21;12;9;36,3
22290006774000;32;15;17;47,3
22290006775000;1;1;0;0,0
22290006805000;5;3;2;51,4
22290006806000;1;1;0;0,0
22290006819000;4;2;2;0,0
22290006834000;15;8;7;28,9
22290006835000;14;7;7;40,4
22290006836000;14;8;6;43,3
22290006837000;53;25;28;38,8
22290006838000;18;10;8;56,6
22290006839000;4;2;2;0,0
22290006903000;5;3;2;54,0
22290006904000;19;10;9;50,4
22290006905000;22;14;8;49,3
22290006906000;9;5;4;40,6
22290006952000;41;22;19;35,3
22290006953000;46;22;24;48,3
22290007003000;28;14;14;48,6
22290007004000;6;5;1;32,3
22290007006000;6;4;2;53,3
22290007008000;3;1;2;0,0
22290007010000;4;2;2;0,0
22290007011000;15;10;5;43,7
22290007012000;11;3;8;30,2
22290007019000;28;17;11;28,1
22290007023000;1;1;0;0,0
22290007024000;2;1;1;0,0
22290007025000;7;5;2;32,0
22290007027000;6;3;3;35,3
22290007028000;33;19;14;31,3
22290007029000;5;3;2;60,4
22290007030000;3;2;1;0,0
22290007037000;7;4;3;57,3
22290007038000;5;3;2;31,6
22290007040000;7;3;4;50,3
22290007043000;2;1;1;0,0
22290007062000;2;1;1;0,0
22290007063000;6;2;4;54,3
22290007068000;62;31;31;42,0
22290007069000;3;1;2;0,0
22300006557000;8;4;4;43,0
22300006558000;26;11;15;38,7
22300006559000;36;22;14;39,6
22300006560000;33;18;15;40,3
22300006561000;35;22;13;40,2
22300006562000;27;12;15;40,0
22300006563000;129;65;64;40,8
22300006564000;259;138;121;42,3
22300006565000;409;207;202;40,5
22300006566000;148;69;79;42,7
22300006567000;1;0;1;0,0
22300006568000;10;5;5;49,0
22300006569000;22;12;10;35,0
22300006570000;17;8;9;39,8
22300006572000;48;27;21;44,9
22300006573000;70;40;30;37,8
22300006574000;734;387;347;39,9
22300006575000;200;108;92;36,4
22300006576000;32;17;15;40,1
22300006577000;27;14;13;39,7
22300006578000;15;8;7;45,3
22300006579000;13;7;6;35,3
22300006580000;35;19;16;42,4
22300006581000;36;17;19;44,6
22300006582000;19;10;9;47,2
22300006583000;2;1;1;0,0
22300006584000;12;4;8;53,8
22300006585000;27;19;8;37,5
22300006586000;10;5;5;56,5
22300006587000;68;33;35;39,0
22300006588000;40;25;15;36,9
22300006589000;75;34;41;40,4
22300006590000;599;284;315;43,9
22300006591000;83;43;40;47,8
22300006592000;105;52;53;37,0
22300006593000;31;13;18;33,5
22300006594000;10;5;5;40,7
22300006595000;29;14;15;45,3
22300006596000;34;17;17;43,8
22300006597000;30;17;13;37,3
22300006598000;17;11;6;37,3
22300006599000;20;11;9;34,4
22300006600000;23;12;11;39,3
22300006601000;19;11;8;38,7
22300006602000;14;8;6;43,7
22300006603000;14;10;4;30,7
22300006604000;6;3;3;59,3
22300006605000;79;45;34;36,8
22300006606000;74;39;35;42,5
22300006611000;136;72;64;35,9
22300006612000;45;21;24;45,8
22300006613000;32;16;16;40,1
22300006614000;242;122;120;37,7
22300006615000;396;215;181;35,2
22300006616000;65;36;29;36,9
22300006617000;20;10;10;40,7
22300006618000;108;52;56;39,9
22300006619000;339;177;162;35,9
22300006620000;169;82;87;34,6
22300006621000;246;125;121;33,6
22300006622000;206;106;100;39,4
22300006623000;81;41;40;35,4
22300006624000;25;12;13;31,9
22300006625000;37;23;14;39,8
22300006626000;31;14;17;43,0
22300006627000;63;33;30;40,0
22300006629000;416;218;198;35,1
22300006630000;2077;1066;1011;40,4
22300006631000;2825;1439;1386;38,6
22300006632000;3739;1842;1897;46,3
22300006633000;643;334;309;39,7
22300006635000;4;1;3;0,0
22300006636000;31;16;15;39,2
22300006637000;16;11;5;50,6
22300006638000;24;13;11;31,8
22300006639000;25;10;15;43,8
22300006640000;157;80;77;32,9
22300006641000;272;123;149;46,9
22300006642000;11;4;7;50,6
22300006643000;6;3;3;62,0
22300006644000;9;4;5;36,0
22300006645000;4;2;2;0,0
22300006653000;1;0;1;0,0
22300006662000;13;6;7;40,4
22300006674000;22;12;10;34,6
22300006675000;44;21;23;46,3
22300006676000;4;2;2;0,0
22300006683000;59;30;29;34,8
22300006684000;28;15;13;37,3
22300006696000;2;1;1;0,0
22300006697000;32;14;18;35,4
22300006698000;10;6;4;40,7
22300006699000;9;5;4;43,4
22300006700000;6;4;2;26,7
22300006708000;11;4;7;37,5
22300006709000;13;9;4;52,0
22300006710000;1;0;1;0,0
22300006716000;2;1;1;0,0
22300006718000;9;5;4;66,7
22300006753000;29;17;12;30,8
22300006754000;39;21;18;37,7
22300006755000;36;18;18;35,5
22300006756000;21;9;12;34,9
22300006757000;16;8;8;52,0
22300006758000;8;3;5;37,4
22300006759000;4;2;2;0,0
22300006760000;3;2;1;0,0
22300006761000;5;3;2;31,2
22300006764000;11;5;6;33,5
22300006765000;7;3;4;43,4
22300006766000;33;16;17;37,2
22300006768000;9;5;4;43,7
22300006769000;12;5;7;48,5
22300006772000;4;3;1;0,0
22300006773000;82;48;34;40,4
22300006774000;30;17;13;48,1
22300006775000;4;2;2;0,0
22300006805000;43;21;22;47,1
22300006806000;7;4;3;40,6
22300006807000;2;2;0;0,0
22300006833000;10;7;3;23,6
22300006834000;26;9;17;42,4
22300006835000;32;17;15;46,4
22300006836000;186;80;106;58,9
22300006837000;42;23;19;42,3
22300006838000;8;3;5;53,1
22300006839000;1;1;0;0,0
22300006840000;6;4;2;52,8
22300006901000;4;2;2;0,0
22300006902000;19;8;11;42,2
22300006903000;1;1;0;0,0
22300006904000;22;11;11;56,6
22300006905000;6;3;3;31,3
22300006906000;14;9;5;40,6
22300006907000;1;1;0;0,0
22300006952000;11;6;5;37,2
22300006953000;30;14;16;41,9
22300006954000;26;14;12;49,3
22300006993000;1;0;1;0,0
22300007002000;14;7;7;25,1
22300007011000;6;4;2;23,0
22300007012000;1;1;0;0,0
22300007013000;9;5;4;62,4
22300007014000;17;8;9;50,6
22300007019000;24;12;12;37,0
22300007021000;22;10;12;32,5
22300007023000;4;3;1;0,0
22300007028000;5;3;2;33,8
22300007029000;13;8;5;57,5
22300007040000;9;4;5;51,4
22300007043000;2;1;1;0,0
22300007057000;5;3;2;54,6
22300007058000;2;1;1;0,0
22300007060000;3;2;1;0,0
22300007061000;1;0;1;0,0
22300007063000;1;0;1;0,0
22300007064000;7;3;4;46,9
22300007069000;34;16;18;52,9
22300007070000;4;2;2;0,0
22300007076000;2;1;1;0,0
22310006559000;2;2;0;0,0
22310006560000;12;5;7;38,8
22310006561000;10;5;5;58,1
22310006564000;15;6;9;44,5
22310006565000;332;171;161;35,7
22310006566000;62;34;28;46,1
22310006567000;38;20;18;42,9
22310006568000;26;13;13;48,3
22310006569000;18;8;10;28,8
22310006570000;34;20;14;35,4
22310006571000;43;24;19;38,2
22310006572000;14;6;8;49,2
22310006573000;321;157;164;35,9
22310006574000;1222;559;663;43,4
22310006575000;19;14;5;36,6
22310006576000;221;124;97;33,6
22310006577000;6;2;4;29,7
22310006578000;30;14;16;35,7
22310006579000;17;11;6;38,7
22310006580000;32;19;13;44,3
22310006581000;26;13;13;43,5
22310006582000;28;13;15;26,3
22310006583000;9;6;3;48,7
22310006584000;12;6;6;30,7
22310006585000;130;74;56;36,7
22310006586000;62;32;30;41,5
22310006587000;17;10;7;42,9
22310006588000;7;3;4;30,9
22310006589000;55;30;25;38,3
22310006590000;974;468;506;38,6
22310006591000;311;142;169;51,2
22310006592000;17;7;10;33,8
22310006593000;6;3;3;66,0
22310006594000;8;4;4;41,3
22310006595000;47;29;18;34,4
22310006596000;84;44;40;42,5
22310006597000;83;53;30;34,6
22310006598000;87;41;46;36,4
22310006599000;69;40;29;32,1
22310006600000;35;21;14;46,3
22310006601000;25;13;12;41,0
22310006602000;31;15;16;37,1
22310006603000;51;27;24;43,5
22310006604000;614;314;300;38,6
22310006605000;900;465;435;40,4
22310006606000;107;52;55;43,4
22310006609000;13;8;5;56,5
22310006610000;64;40;24;40,3
22310006611000;12;7;5;46,9
22310006612000;2;1;1;0,0
22310006613000;227;121;106;38,5
22310006614000;755;361;394;41,2
22310006615000;102;47;55;34,2
22310006616000;62;29;33;36,9
22310006617000;175;94;81;36,3
22310006618000;16;8;8;33,3
22310006619000;44;23;21;34,6
22310006620000;181;94;87;39,7
22310006621000;274;142;132;37,8
22310006622000;46;27;19;43,9
22310006623000;38;20;18;31,9
22310006624000;30;17;13;32,3
22310006625000;36;18;18;39,0
22310006626000;129;65;64;36,0
22310006627000;54;26;28;38,4
22310006628000;355;167;188;33,9
22310006629000;4112;1985;2127;36,0
22310006630000;3112;1577;1535;36,4
22310006631000;897;480;417;34,7
22310006632000;3795;1876;1919;43,9
22310006633000;1216;571;645;44,2
22310006634000;666;338;328;31,1
22310006635000;241;122;119;30,4
22310006636000;40;25;15;40,6
22310006637000;50;25;25;38,1
22310006638000;38;15;23;33,7
22310006639000;95;50;45;39,8
22310006640000;158;80;78;38,0
22310006641000;103;46;57;42,1
22310006642000;32;17;15;37,1
22310006643000;9;4;5;36,7
22310006644000;75;41;34;41,8
22310006645000;64;32;32;38,3
22310006646000;31;15;16;32,8
22310006661000;4;3;1;0,0
22310006662000;2;2;0;0,0
22310006666000;1;1;0;0,0
22310006667000;23;10;13;36,0
22310006668000;143;78;65;43,4
22310006669000;257;138;119;38,6
22310006670000;171;90;81;39,3
22310006671000;6;3;3;63,0
22310006675000;37;18;19;43,4
22310006676000;155;79;76;41,1
22310006682000;18;12;6;39,7
22310006683000;37;23;14;43,4
22310006688000;26;14;12;50,8
22310006689000;19;10;9;38,7
22310006690000;15;7;8;48,9
22310006691000;15;11;4;45,7
22310006692000;9;4;5;39,9
22310006696000;20;10;10;40,1
22310006697000;37;18;19;44,8
22310006752000;4;2;2;0,0
22310006753000;74;33;41;44,7
22310006754000;142;63;79;41,4
22310006755000;459;196;263;51,3
22310006756000;20;13;7;59,4
22310006757000;21;10;11;48,1
22310006758000;1;1;0;0,0
22310006759000;3;2;1;0,0
22310006760000;1;1;0;0,0
22310006761000;22;11;11;51,1
22310006762000;5;3;2;25,8
22310006763000;13;6;7;35,2
22310006764000;36;16;20;49,8
22310006765000;28;13;15;46,1
22310006766000;3;3;0;0,0
22310006769000;2;1;1;0,0
22310006772000;15;8;7;31,1
22310006773000;22;12;10;41,3
22310006774000;4;2;2;0,0
22310006775000;7;4;3;44,3
22310006776000;1;1;0;0,0
22310006804000;2;1;1;0,0
22310006805000;15;8;7;48,3
22310006807000;1;1;0;0,0
22310006830000;10;4;6;32,6
22310006831000;8;5;3;39,6
22310006832000;33;17;16;36,6
22310006833000;6;3;3;34,5
22310006834000;315;167;148;41,6
22310006835000;218;111;107;45,7
22310006836000;42;21;21;49,5
22310006837000;32;20;12;46,9
22310006838000;7;5;2;42,6
22310006839000;29;15;14;40,6
22310006840000;8;5;3;31,8
22310006901000;7;4;3;51,6
22310006902000;3;2;1;0,0
22310006903000;9;5;4;53,0
22310006904000;25;13;12;53,6
22310006951000;5;3;2;31,6
22310006952000;9;5;4;40,2
22310006953000;1;1;0;0,0
22310006954000;32;15;17;41,3
22310006955000;6;5;1;46,0
22310006980000;6;4;2;17,8
22310006993000;2;1;1;0,0
22310007000000;23;14;9;41,9
22310007001000;7;4;3;47,3
22310007002000;39;20;19;42,8
22310007003000;6;2;4;37,2
22310007008000;14;9;5;41,4
22310007010000;11;4;7;29,5
22310007011000;298;157;141;37,1
22310007014000;9;5;4;49,3
22310007018000;2;1;1;0,0
22310007019000;4;2;2;0,0
22310007022000;13;8;5;29,6
22310007023000;5;3;2;37,2
22310007027000;2;1;1;0,0
22310007028000;9;6;3;38,0
22310007029000;11;5;6;46,9
22310007030000;5;4;1;62,4
22310007031000;2;1;1;0,0
22310007043000;5;4;1;53,0
22310007058000;1;1;0;0,0
22310007064000;3;2;1;0,0
22310007065000;4;2;2;0,0
22310007069000;19;10;9;37,8
22310007070000;60;39;21;41,3
22310007071000;18;8;10;43,1
22310007076000;6;2;4;33,3
22310007077000;13;7;6;46,1
22320006563000;15;6;9;60,7
22320006564000;36;20;16;42,1
22320006565000;18;12;6;48,3
22320006566000;4;2;2;0,0
22320006567000;8;4;4;38,5
22320006568000;19;9;10;33,1
22320006569000;50;26;24;44,0
22320006570000;101;55;46;37,7
22320006571000;23;17;6;44,0
22320006572000;133;69;64;36,7
22320006573000;395;190;205;45,2
22320006574000;535;246;289;52,0
22320006575000;240;109;131;34,6
22320006576000;44;20;24;37,4
22320006577000;48;24;24;27,3
22320006578000;107;60;47;33,7
22320006579000;254;124;130;33,9
22320006580000;38;21;17;45,6
22320006581000;49;28;21;42,0
22320006582000;6;2;4;32,7
22320006583000;13;7;6;41,0
22320006584000;54;35;19;36,0
22320006585000;31;19;12;34,3
22320006586000;19;10;9;44,2
22320006587000;58;28;30;42,1
22320006588000;56;24;32;40,4
22320006589000;305;162;143;29,5
22320006590000;18;8;10;45,8
22320006591000;44;28;16;32,7
22320006592000;22;10;12;35,5
22320006593000;18;11;7;44,9
22320006594000;5;2;3;51,6
22320006595000;717;364;353;38,3
22320006596000;167;86;81;43,3
22320006597000;179;98;81;36,5
22320006598000;19;9;10;33,9
22320006599000;21;12;9;38,5
22320006600000;29;16;13;48,2
22320006601000;29;19;10;40,9
22320006602000;2;0;2;0,0
22320006603000;42;21;21;42,2
22320006604000;238;120;118;40,9
22320006605000;133;65;68;34,8
22320006606000;20;9;11;39,7
22320006607000;90;46;44;25,2
22320006608000;12;7;5;51,6
22320006611000;73;36;37;51,2
22320006612000;593;297;296;42,2
22320006613000;484;231;253;35,3
22320006614000;6;3;3;75,0
22320006615000;1;1;0;0,0
22320006616000;4;2;2;0,0
22320006618000;19;10;9;32,8
22320006619000;12;6;6;35,2
22320006620000;22;11;11;29,2
22320006621000;55;30;25;42,2
22320006622000;5;2;3;41,0
22320006623000;53;29;24;40,6
22320006624000;799;408;391;34,8
22320006625000;329;172;157;33,9
22320006626000;86;52;34;39,0
22320006627000;383;208;175;33,1
22320006628000;144;89;55;30,3
22320006630000;2366;1195;1171;41,2
22320006631000;33;23;10;42,9
22320006632000;420;205;215;33,8
22320006633000;1297;644;653;37,7
22320006634000;350;184;166;35,1
22320006635000;238;125;113;40,0
22320006636000;374;189;185;37,4
22320006637000;1029;509;520;35,7
22320006638000;101;52;49;34,8
22320006639000;67;39;28;38,0
22320006640000;55;32;23;37,6
22320006641000;23;14;9;40,9
22320006642000;51;28;23;45,5
22320006643000;141;74;67;36,0
22320006644000;153;83;70;38,4
22320006645000;305;156;149;39,4
22320006646000;274;146;128;36,1
22320006667000;54;30;24;49,6
22320006668000;75;40;35;43,3
22320006669000;96;48;48;41,3
22320006670000;51;26;25;40,6
22320006671000;32;14;18;43,9
22320006672000;4;2;2;0,0
22320006674000;1;0;1;0,0
22320006676000;47;23;24;39,2
22320006677000;38;22;16;39,9
22320006678000;35;19;16;37,4
22320006679000;28;13;15;38,1
22320006680000;18;10;8;45,5
22320006681000;13;7;6;53,4
22320006682000;10;6;4;39,9
22320006683000;28;15;13;47,1
22320006686000;23;13;10;38,6
22320006687000;36;16;20;37,8
22320006688000;19;9;10;57,3
22320006689000;4;2;2;0,0
22320006690000;4;2;2;0,0
22320006691000;21;10;11;38,1
22320006692000;35;16;19;31,3
22320006693000;57;31;26;34,5
22320006694000;20;11;9;42,0
22320006695000;17;9;8;52,2
22320006696000;23;11;12;50,3
22320006697000;12;6;6;40,5
22320006718000;8;3;5;55,5
22320006721000;8;4;4;26,0
22320006750000;1;1;0;0,0
22320006752000;25;14;11;42,2
22320006753000;207;99;108;44,3
22320006754000;978;487;491;42,9
22320006755000;317;142;175;46,6
22320006756000;30;12;18;46,5
22320006757000;2;1;1;0,0
22320006760000;21;11;10;35,7
22320006761000;14;8;6;53,6
22320006762000;4;3;1;0,0
22320006763000;5;3;2;40,2
22320006764000;31;17;14;43,8
22320006768000;10;3;7;29,4
22320006769000;11;7;4;49,9
22320006770000;2;2;0;0,0
22320006771000;36;17;19;35,2
22320006772000;16;7;9;45,8
22320006776000;6;3;3;31,5
22320006802000;11;7;4;65,6
22320006803000;33;19;14;48,8
22320006804000;21;11;10;38,9
22320006829000;2;1;1;0,0
22320006830000;1;1;0;0,0
22320006831000;31;15;16;41,5
22320006832000;35;15;20;50,6
22320006833000;33;18;15;29,5
22320006834000;66;29;37;45,9
22320006835000;44;16;28;48,7
22320006836000;46;24;22;40,2
22320006837000;5;3;2;42,6
22320006901000;18;12;6;41,0
22320006902000;13;6;7;34,6
22320006903000;10;6;4;30,4
22320006904000;2;1;1;0,0
22320006952000;1;1;0;0,0
22320006954000;7;5;2;30,9
22320006955000;45;20;25;39,7
22320006956000;25;12;13;28,4
22320006987000;3;2;1;0,0
22320006988000;4;1;3;0,0
22320006993000;8;4;4;44,6
22320006994000;16;9;7;56,4
22320006995000;2;1;1;0,0
22320006996000;12;6;6;44,7
22320006997000;12;5;7;57,9
22320006998000;18;9;9;53,3
22320006999000;38;20;18;35,6
22320007000000;30;18;12;38,4
22320007001000;174;81;93;44,1
22320007002000;306;150;156;44,1
22320007003000;3;1;2;0,0
22320007005000;6;3;3;30,0
22320007006000;81;41;40;37,5
22320007007000;88;46;42;42,4
22320007008000;178;88;90;46,1
22320007009000;141;67;74;47,0
22320007010000;85;51;34;37,2
22320007011000;3;2;1;0,0
22320007014000;11;4;7;46,2
22320007024000;14;8;6;49,6
22320007026000;3;1;2;0,0
22320007027000;4;2;2;0,0
22320007028000;4;1;3;0,0
22320007029000;13;8;5;39,6
22320007030000;4;2;2;0,0
22320007033000;1;1;0;0,0
22320007063000;5;1;4;69,2
22320007064000;2;1;1;0,0
22320007065000;5;2;3;68,6
22320007071000;18;11;7;42,1
22320007072000;42;25;17;39,5
22320007073000;22;14;8;41,2
22320007074000;10;5;5;51,2
22320007076000;1;1;0;0,0
22320007077000;36;18;18;43,1
22320007082000;8;6;2;57,1
22320007083000;5;3;2;62,0
22330006565000;5;2;3;47,8
22330006566000;37;18;19;46,7
22330006567000;11;3;8;51,9
22330006568000;6;3;3;44,5
22330006569000;44;21;23;44,7
22330006571000;339;177;162;41,5
22330006572000;248;129;119;40,6
22330006573000;350;180;170;39,0
22330006574000;615;327;288;38,8
22330006575000;196;110;86;34,1
22330006577000;3;1;2;0,0
22330006579000;435;230;205;37,4
22330006580000;750;377;373;38,6
22330006581000;27;18;9;40,9
22330006582000;14;6;8;52,8
22330006583000;47;25;22;40,6
22330006585000;5;3;2;40,4
22330006586000;80;42;38;37,8
22330006587000;262;132;130;37,4
22330006589000;2;1;1;0,0
22330006590000;37;20;17;29,1
22330006591000;27;13;14;29,8
22330006592000;36;20;16;35,8
22330006593000;77;38;39;32,7
22330006594000;14;10;4;46,6
22330006595000;20;8;12;46,5
22330006596000;169;83;86;34,9
22330006597000;31;18;13;46,7
22330006598000;21;11;10;34,6
22330006599000;37;21;16;44,9
22330006600000;11;6;5;47,2
22330006601000;40;18;22;41,0
22330006602000;11;8;3;35,8
22330006603000;261;137;124;36,8
22330006604000;695;333;362;45,9
22330006605000;397;191;206;41,0
22330006606000;952;464;488;39,4
22330006607000;104;59;45;43,2
22330006608000;4;2;2;0,0
22330006610000;41;25;16;36,0
22330006611000;397;190;207;35,9
22330006612000;84;40;44;35,3
22330006613000;22;12;10;34,8
22330006621000;8;4;4;42,5
22330006622000;9;4;5;41,6
22330006623000;5;2;3;26,8
22330006624000;23;12;11;44,8
22330006625000;42;21;21;49,5
22330006626000;26;12;14;53,8
22330006627000;764;386;378;31,9
22330006628000;1467;764;703;38,8
22330006629000;1606;783;823;39,4
22330006630000;417;221;196;37,5
22330006633000;812;404;408;36,8
22330006634000;328;200;128;38,9
22330006635000;228;124;104;37,0
22330006636000;322;175;147;41,7
22330006637000;1068;499;569;45,7
22330006638000;90;45;45;37,3
22330006639000;57;28;29;36,6
22330006640000;105;54;51;37,6
22330006641000;19;10;9;38,4
22330006642000;53;28;25;41,4
22330006643000;1;0;1;0,0
22330006644000;58;30;28;45,1
22330006645000;46;26;20;32,1
22330006646000;44;21;23;37,6
22330006647000;63;34;29;41,3
22330006648000;126;69;57;33,2
22330006649000;67;35;32;41,5
22330006660000;5;3;2;30,6
22330006667000;24;12;12;33,0
22330006668000;53;29;24;38,5
22330006669000;127;60;67;48,3
22330006670000;60;26;34;42,2
22330006671000;48;22;26;43,9
22330006672000;23;10;13;46,0
22330006673000;6;1;5;37,7
22330006674000;14;8;6;43,7
22330006675000;26;14;12;58,0
22330006676000;38;20;18;36,4
22330006677000;80;41;39;45,0
22330006678000;12;6;6;39,5
22330006680000;132;73;59;42,7
22330006681000;906;425;481;46,1
22330006682000;649;318;331;36,3
22330006684000;4;3;1;0,0
22330006685000;31;16;15;44,1
22330006686000;6;3;3;40,5
22330006688000;3;1;2;0,0
22330006689000;41;22;19;42,4
22330006690000;105;57;48;40,6
22330006691000;493;231;262;40,8
22330006692000;55;30;25;38,0
22330006693000;31;15;16;43,8
22330006694000;21;12;9;38,7
22330006695000;23;12;11;43,1
22330006696000;43;26;17;42,5
22330006750000;41;23;18;37,4
22330006751000;17;8;9;54,3
22330006752000;13;6;7;56,1
22330006753000;234;109;125;35,7
22330006754000;619;310;309;42,2
22330006755000;67;32;35;42,3
22330006756000;32;16;16;41,3
22330006757000;7;5;2;37,4
22330006761000;6;4;2;45,5
22330006762000;5;3;2;40,8
22330006764000;40;22;18;45,4
22330006765000;31;13;18;38,7
22330006766000;9;3;6;53,8
22330006767000;37;16;21;44,1
22330006768000;16;10;6;51,3
22330006769000;2;1;1;0,0
22330006770000;2;1;1;0,0
22330006771000;6;3;3;37,5
22330006772000;4;2;2;0,0
22330006773000;2;1;1;0,0
22330006776000;3;2;1;0,0
22330006801000;2;1;1;0,0
22330006802000;4;1;3;0,0
22330006803000;22;11;11;47,0
22330006825000;1;1;0;0,0
22330006830000;3;2;1;0,0
22330006831000;12;7;5;41,4
22330006832000;145;67;78;47,0
22330006833000;141;73;68;38,9
22330006834000;36;17;19;41,3
22330006835000;28;12;16;51,4
22330006836000;7;4;3;27,4
22330006900000;5;4;1;21,0
22330006954000;1;1;0;0,0
22330006955000;2;1;1;0,0
22330006956000;8;4;4;44,3
22330006987000;20;11;9;49,3
22330006988000;4;2;2;0,0
22330006993000;9;4;5;35,0
22330006994000;101;53;48;45,2
22330006995000;112;63;49;39,6
22330006996000;11;5;6;36,5
22330006997000;12;6;6;42,0
22330006998000;24;9;15;39,6
22330006999000;14;8;6;33,8
22330007000000;63;32;31;38,4
22330007001000;149;55;94;60,5
22330007002000;9;3;6;42,6
22330007006000;11;3;8;32,6
22330007008000;6;3;3;43,0
22330007009000;14;6;8;46,9
22330007010000;219;108;111;42,2
22330007011000;238;126;112;41,6
22330007012000;112;60;52;36,1
22330007013000;24;13;11;39,8
22330007014000;7;4;3;64,9
22330007015000;2;1;1;0,0
22330007018000;8;4;4;41,0
22330007026000;26;14;12;39,5
22330007027000;8;6;2;37,8
22330007063000;20;12;8;42,2
22330007064000;1;1;0;0,0
22330007065000;11;5;6;52,5
22330007072000;20;11;9;53,3
22330007073000;12;4;8;46,9
22330007074000;1;0;1;0,0
22330007077000;361;186;175;45,0
22330007082000;37;21;16;36,7
22330007083000;30;16;14;45,3
22330007084000;4;2;2;0,0
22340006565000;4;2;2;0,0
22340006566000;47;28;19;43,6
22340006567000;31;16;15;54,3
22340006572000;21;11;10;45,2
22340006573000;131;67;64;43,9
22340006574000;213;94;119;29,4
22340006575000;149;75;74;34,8
22340006576000;143;73;70;36,4
22340006577000;77;46;31;35,4
22340006578000;29;15;14;26,6
22340006579000;55;25;30;36,0
22340006580000;403;206;197;42,1
22340006581000;288;141;147;36,3
22340006582000;12;7;5;38,3
22340006583000;18;12;6;42,3
22340006584000;8;4;4;33,9
22340006585000;28;12;16;43,9
22340006586000;45;27;18;30,6
22340006587000;31;16;15;32,5
22340006588000;21;10;11;41,0
22340006590000;4;1;3;0,0
22340006591000;9;5;4;35,2
22340006592000;2;2;0;0,0
22340006593000;13;6;7;39,8
22340006594000;15;9;6;37,0
22340006595000;16;9;7;36,1
22340006596000;9;4;5;39,0
22340006597000;21;11;10;49,1
22340006598000;11;5;6;37,5
22340006599000;13;6;7;46,8
22340006600000;8;2;6;42,4
22340006601000;13;10;3;45,2
22340006602000;539;271;268;41,6
22340006603000;1887;925;962;41,8
22340006604000;1030;494;536;49,5
22340006605000;146;58;88;46,6
22340006609000;26;14;12;43,9
22340006610000;30;17;13;44,6
22340006611000;15;8;7;53,2
22340006627000;272;137;135;32,5
22340006628000;49;28;21;36,8
22340006632000;103;49;54;34,6
22340006633000;144;80;64;34,5
22340006634000;57;42;15;37,9
22340006635000;32;18;14;42,3
22340006636000;84;47;37;39,6
22340006637000;575;331;244;41,6
22340006638000;517;241;276;45,2
22340006639000;1700;827;873;42,7
22340006640000;942;454;488;43,6
22340006641000;113;65;48;44,6
22340006642000;172;88;84;32,2
22340006643000;98;52;46;38,8
22340006644000;40;25;15;50,8
22340006645000;27;13;14;41,6
22340006646000;7;3;4;47,7
22340006647000;60;32;28;35,6
22340006648000;13;5;8;44,5
22340006649000;39;21;18;35,3
22340006650000;66;37;29;36,1
22340006658000;1;1;0;0,0
22340006659000;10;7;3;43,1
22340006669000;6;4;2;56,7
22340006670000;145;74;71;36,4
22340006671000;86;47;39;44,4
22340006672000;81;46;35;41,3
22340006673000;27;24;3;42,7
22340006674000;32;17;15;43,2
22340006675000;19;8;11;36,7
22340006676000;16;9;7;44,3
22340006677000;32;14;18;46,6
22340006678000;4;3;1;0,0
22340006679000;15;8;7;39,6
22340006680000;478;241;237;42,5
22340006681000;416;193;223;44,2
22340006682000;1;1;0;0,0
22340006684000;3;1;2;0,0
22340006685000;13;8;5;31,5
22340006686000;45;25;20;47,0
22340006687000;84;43;41;47,4
22340006688000;23;12;11;39,8
22340006689000;4;2;2;0,0
22340006690000;2;0;2;0,0
22340006691000;207;100;107;39,9
22340006692000;105;55;50;31,7
22340006693000;7;4;3;38,7
22340006695000;6;4;2;43,8
22340006696000;22;9;13;39,5
22340006719000;2;1;1;0,0
22340006749000;39;22;17;39,8
22340006750000;105;49;56;38,7
22340006751000;17;9;8;30,7
22340006752000;19;9;10;46,6
22340006753000;3;2;1;0,0
22340006754000;4;2;2;0,0
22340006755000;17;9;8;48,8
22340006756000;5;2;3;60,4
22340006769000;20;12;8;38,6
22340006771000;33;17;16;42,0
22340006772000;30;13;17;42,2
22340006774000;3;2;1;0,0
22340006775000;43;20;23;49,8
22340006776000;2;1;1;0,0
22340006794000;1;1;0;0,0
22340006798000;10;5;5;46,4
22340006799000;12;8;4;54,8
22340006800000;6;4;2;46,5
22340006801000;10;6;4;36,8
22340006831000;26;13;13;36,3
22340006832000;56;28;28;31,7
22340006833000;5;4;1;34,0
22340006834000;17;8;9;41,0
22340006835000;10;6;4;33,6
22340006841000;19;11;8;43,5
22340006842000;16;8;8;36,6
22340006843000;25;18;7;38,6
22340006844000;1;1;0;0,0
22340006845000;19;11;8;35,1
22340006846000;4;1;3;0,0
22340006847000;9;5;4;44,8
22340006899000;1;1;0;0,0
22340006901000;3;2;1;0,0
22340006954000;4;1;3;0,0
22340006956000;7;2;5;28,6
22340006958000;6;4;2;46,8
22340006986000;8;2;6;50,1
22340006987000;18;9;9;49,1
22340006988000;15;8;7;39,7
22340006989000;11;6;5;51,7
22340006990000;3;2;1;0,0
22340006991000;10;6;4;30,1
22340006993000;4;2;2;0,0
22340006994000;78;37;41;42,3
22340006995000;129;61;68;45,1
22340006996000;24;13;11;42,4
22340006997000;9;4;5;65,6
22340006998000;13;7;6;39,8
22340007013000;17;6;11;41,8
22340007014000;15;8;7;48,1
22340007015000;34;19;15;40,3
22340007018000;18;9;9;45,4
22340007026000;5;2;3;40,0
22340007027000;8;5;3;57,3
22340007028000;20;15;5;24,6
22340007063000;6;3;3;51,5
22340007064000;14;5;9;40,4
22340007065000;91;46;45;46,2
22340007072000;10;8;2;41,2
22340007075000;11;7;4;32,7
22340007076000;57;25;32;41,9
22340007077000;97;51;46;36,8
22340007081000;13;8;5;56,2
22340007082000;3;2;1;0,0
22340007083000;5;2;3;19,8
22340007084000;24;14;10;42,3
22340007085000;3;2;1;0,0
22350006560000;4;2;2;0,0
22350006561000;12;6;6;31,9
22350006562000;72;39;33;48,2
22350006563000;67;33;34;44,7
22350006564000;3;2;1;0,0
22350006567000;12;6;6;61,0
22350006568000;111;58;53;47,3
22350006569000;96;44;52;37,9
22350006570000;124;65;59;43,5
22350006571000;139;67;72;40,0
22350006572000;25;16;9;37,9
22350006573000;3;2;1;0,0
22350006574000;295;159;136;23,7
22350006575000;80;36;44;31,0
22350006576000;336;164;172;38,3
22350006577000;800;405;395;34,1
22350006578000;719;352;367;39,1
22350006579000;1093;540;553;39,3
22350006580000;38;21;17;42,5
22350006581000;191;113;78;35,3
22350006582000;124;59;65;34,8
22350006583000;64;31;33;43,0
22350006585000;17;7;10;41,6
22350006587000;6;4;2;32,5
22350006588000;36;22;14;35,1
22350006589000;17;9;8;35,5
22350006590000;206;109;97;30,6
22350006591000;30;15;15;41,0
22350006592000;53;28;25;44,8
22350006593000;28;13;15;36,5
22350006594000;16;9;7;45,9
22350006595000;29;15;14;35,0
22350006596000;18;12;6;51,1
22350006597000;11;7;4;37,5
22350006598000;40;21;19;43,7
22350006599000;48;23;25;39,4
22350006600000;14;8;6;28,8
22350006601000;153;83;70;33,7
22350006602000;490;236;254;41,9
22350006603000;605;298;307;43,1
22350006608000;2;1;1;0,0
22350006609000;66;32;34;37,1
22350006610000;10;5;5;46,1
22350006611000;1;0;1;0,0
22350006626000;57;32;25;41,4
22350006627000;29;17;12;42,3
22350006630000;95;46;49;57,4
22350006631000;68;33;35;62,7
22350006632000;331;155;176;38,1
22350006633000;735;358;377;43,0
22350006634000;425;214;211;40,8
22350006635000;516;280;236;40,8
22350006636000;154;78;76;36,1
22350006637000;432;208;224;38,4
22350006639000;5;5;0;53,4
22350006640000;1141;594;547;39,9
22350006641000;1321;652;669;38,5
22350006642000;5;4;1;59,2
22350006643000;41;21;20;35,6
22350006644000;26;13;13;39,4
22350006645000;31;17;14;51,8
22350006646000;15;13;2;44,3
22350006647000;10;6;4;34,0
22350006648000;43;19;24;36,2
22350006649000;92;48;44;41,9
22350006650000;337;174;163;35,6
22350006652000;24;13;11;34,4
22350006653000;58;29;29;42,7
22350006654000;11;8;3;39,7
22350006658000;4;2;2;0,0
22350006666000;9;6;3;43,4
22350006668000;9;4;5;47,2
22350006669000;5;2;3;56,8
22350006670000;29;17;12;39,0
22350006671000;23;9;14;38,5
22350006673000;224;118;106;32,5
22350006674000;236;123;113;35,2
22350006675000;29;15;14;39,5
22350006677000;121;60;61;36,9
22350006678000;416;191;225;37,6
22350006679000;893;419;474;39,3
22350006680000;479;245;234;38,8
22350006681000;166;88;78;36,7
22350006682000;176;86;90;37,6
22350006683000;7;6;1;51,6
22350006684000;20;11;9;36,5
22350006685000;161;86;75;37,2
22350006686000;30;16;14;35,8
22350006692000;3;1;2;0,0
22350006693000;3;2;1;0,0
22350006748000;15;8;7;33,0
22350006749000;70;38;32;39,8
22350006750000;16;10;6;43,1
22350006751000;24;14;10;37,8
22350006752000;4;2;2;0,0
22350006754000;2;1;1;0,0
22350006764000;3;1;2;0,0
22350006765000;17;7;10;34,5
22350006766000;30;19;11;28,5
22350006767000;29;13;16;38,6
22350006768000;78;42;36;48,8
22350006769000;72;33;39;45,7
22350006770000;19;8;11;34,2
22350006772000;22;10;12;47,1
22350006774000;16;8;8;52,9
22350006775000;11;6;5;24,9
22350006797000;7;5;2;29,3
22350006798000;39;21;18;47,1
22350006799000;57;30;27;40,1
22350006800000;22;11;11;44,6
22350006809000;1;1;0;0,0
22350006831000;7;5;2;40,0
22350006832000;55;30;25;40,9
22350006834000;6;4;2;44,0
22350006835000;14;7;7;40,4
22350006840000;13;7;6;43,0
22350006841000;8;4;4;49,5
22350006899000;16;11;5;52,0
22350006900000;11;4;7;47,1
22350006955000;2;0;2;0,0
22350006956000;1;0;1;0,0
22350006958000;1;1;0;0,0
22350006985000;1;1;0;0,0
22350006986000;18;11;7;46,2
22350006988000;6;5;1;46,7
22350006989000;3;2;1;0,0
22350006990000;7;3;4;49,6
22350006991000;10;7;3;45,5
22350006992000;28;18;10;40,9
22350006993000;2;2;0;0,0
22350006994000;62;30;32;40,4
22350006995000;5;2;3;43,6
22350007005000;2;1;1;0,0
22350007008000;5;3;2;41,6
22350007014000;51;28;23;36,7
22350007015000;264;128;136;38,2
22350007016000;31;17;14;36,6
22350007017000;4;3;1;0,0
22350007018000;36;17;19;37,0
22350007019000;1;1;0;0,0
22350007023000;15;8;7;38,1
22350007024000;23;14;9;35,3
22350007026000;3;2;1;0,0
22350007027000;21;8;13;44,5
22350007028000;9;5;4;36,0
22350007029000;13;8;5;34,5
22350007063000;7;3;4;21,7
22350007064000;30;14;16;45,9
22350007065000;29;16;13;40,7
22350007071000;46;23;23;32,0
22350007072000;619;301;318;33,8
22350007073000;309;161;148;46,2
22350007074000;121;56;65;42,3
22350007075000;23;11;12;25,9
22350007076000;47;26;21;42,2
22350007077000;31;16;15;44,3
22350007078000;5;3;2;51,8
22350007081000;18;10;8;46,6
22350007085000;11;6;5;58,0
22360006555000;7;5;2;32,9
22360006556000;68;35;33;46,4
22360006557000;205;98;107;44,7
22360006558000;32;17;15;45,1
22360006559000;5;2;3;62,6
22360006560000;121;62;59;38,2
22360006561000;592;280;312;44,2
22360006562000;846;414;432;45,0
22360006563000;68;40;28;42,6
22360006564000;65;35;30;43,9
22360006565000;62;39;23;39,9
22360006566000;142;75;67;48,0
22360006567000;156;83;73;45,6
22360006568000;135;67;68;45,7
22360006569000;179;91;88;43,8
22360006570000;73;36;37;40,0
22360006571000;255;124;131;33,1
22360006572000;105;58;47;40,5
22360006573000;27;14;13;42,8
22360006574000;27;13;14;48,4
22360006575000;329;159;170;52,3
22360006576000;124;64;60;41,7
22360006577000;275;132;143;46,1
22360006578000;257;136;121;40,1
22360006579000;102;52;50;35,6
22360006580000;6;3;3;17,5
22360006581000;2;1;1;0,0
22360006582000;13;8;5;43,6
22360006583000;20;10;10;39,4
22360006584000;26;13;13;37,9
22360006586000;24;14;10;33,9
22360006587000;22;11;11;39,7
22360006588000;19;10;9;34,5
22360006589000;193;102;91;32,2
22360006590000;100;56;44;45,0
22360006591000;71;31;40;37,5
22360006592000;60;37;23;36,3
22360006593000;6;3;3;66,0
22360006594000;39;20;19;33,4
22360006595000;24;16;8;42,4
22360006596000;14;8;6;30,6
22360006597000;23;15;8;37,3
22360006598000;7;5;2;44,7
22360006599000;22;14;8;41,0
22360006600000;38;19;19;43,8
22360006601000;65;36;29;48,1
22360006606000;38;16;22;37,0
22360006607000;189;85;104;41,8
22360006608000;46;22;24;38,8
22360006609000;48;24;24;49,0
22360006611000;1;1;0;0,0
22360006612000;4;2;2;0,0
22360006625000;7;5;2;33,4
22360006626000;46;28;18;36,6
22360006629000;89;40;49;46,5
22360006630000;625;317;308;42,6
22360006631000;177;92;85;47,6
22360006632000;163;83;80;36,1
22360006633000;8;4;4;33,4
22360006639000;82;46;36;45,6
22360006640000;75;35;40;43,8
22360006641000;108;50;58;36,1
22360006642000;5;4;1;33,0
22360006645000;5;3;2;35,2
22360006646000;10;6;4;44,0
22360006647000;18;9;9;39,9
22360006648000;301;139;162;37,8
22360006649000;229;113;116;37,5
22360006650000;21;12;9;32,1
22360006651000;15;7;8;28,9
22360006652000;13;7;6;36,9
22360006653000;14;7;7;45,7
22360006654000;56;27;29;41,7
22360006655000;13;9;4;33,8
22360006656000;18;10;8;52,0
22360006660000;27;10;17;46,7
22360006661000;68;39;29;48,7
22360006662000;38;22;16;43,0
22360006663000;50;26;24;43,3
22360006664000;33;17;16;37,4
22360006665000;60;29;31;45,9
22360006668000;9;4;5;57,4
22360006669000;167;76;91;37,7
22360006670000;79;35;44;42,4
22360006671000;18;10;8;55,5
22360006672000;11;6;5;40,2
22360006674000;31;13;18;46,3
22360006675000;3;1;2;0,0
22360006676000;26;6;20;33,2
22360006677000;605;299;306;38,2
22360006678000;809;384;425;45,9
22360006679000;1706;850;856;43,9
22360006680000;1422;713;709;43,1
22360006681000;551;254;297;46,3
22360006682000;124;57;67;36,8
22360006683000;47;27;20;49,3
22360006684000;38;21;17;35,6
22360006685000;2;1;1;0,0
22360006686000;45;22;23;39,8
22360006687000;1;1;0;0,0
22360006719000;2;1;1;0,0
22360006720000;7;4;3;27,3
22360006749000;18;11;7;31,3
22360006750000;75;43;32;39,5
22360006754000;6;3;3;36,7
22360006755000;4;2;2;0,0
22360006756000;4;2;2;0,0
22360006764000;2;1;1;0,0
22360006765000;27;14;13;38,9
22360006766000;37;19;18;39,6
22360006767000;48;25;23;34,2
22360006768000;21;11;10;37,8
22360006769000;3;1;2;0,0
22360006772000;6;4;2;40,0
22360006794000;5;2;3;39,8
22360006796000;8;4;4;27,0
22360006797000;8;4;4;22,4
22360006798000;7;3;4;43,6
22360006800000;8;3;5;52,9
22360006807000;1;0;1;0,0
22360006810000;3;2;1;0,0
22360006811000;5;1;4;16,6
22360006832000;10;6;4;46,0
22360006833000;34;17;17;53,0
22360006834000;51;28;23;42,5
22360006835000;7;5;2;46,1
22360006838000;2;1;1;0,0
22360006839000;13;6;7;37,6
22360006840000;8;4;4;50,5
22360006892000;16;8;8;42,2
22360006895000;2;1;1;0,0
22360006899000;4;2;2;0,0
22360006900000;25;13;12;47,5
22360006954000;1;1;0;0,0
22360006957000;2;1;1;0,0
22360006958000;13;6;7;41,5
22360006979000;1;1;0;0,0
22360006980000;11;5;6;31,8
22360006981000;3;2;1;0,0
22360006982000;1;1;0;0,0
22360006983000;2;1;1;0,0
22360006984000;14;7;7;57,0
22360006985000;34;19;15;40,4
22360006991000;3;2;1;0,0
22360006992000;5;3;2;41,8
22360006993000;1;0;1;0,0
22360007007000;1;1;0;0,0
22360007013000;19;9;10;31,4
22360007014000;55;27;28;36,2
22360007015000;36;18;18;35,5
22360007016000;42;21;21;33,5
22360007017000;41;20;21;39,3
22360007018000;170;91;79;40,1
22360007020000;30;13;17;31,5
22360007021000;24;11;13;30,9
22360007022000;24;13;11;37,5
22360007023000;19;10;9;38,0
22360007024000;27;11;16;42,1
22360007025000;8;4;4;49,6
22360007026000;17;9;8;51,8
22360007027000;33;14;19;41,9
22360007029000;4;2;2;0,0
22360007048000;4;3;1;0,0
22360007049000;5;2;3;19,0
22360007064000;23;12;11;44,9
22360007065000;19;12;7;38,3
22360007066000;2;2;0;0,0
22360007071000;27;13;14;34,2
22360007072000;552;263;289;41,0
22360007073000;413;205;208;42,8
22360007074000;42;22;20;44,5
22360007075000;58;30;28;41,3
22360007076000;28;16;12;42,8
22360007077000;33;18;15;36,9
22360007078000;37;18;19;46,5
22360007081000;5;2;3;42,8
22360007085000;18;9;9;42,1
22360007086000;9;3;6;30,2
22360007087000;3;3;0;0,0
22360007088000;14;8;6;36,5
22370006556000;11;5;6;49,5
22370006557000;15;11;4;37,5
22370006558000;34;24;10;40,4
22370006559000;4;2;2;0,0
22370006560000;109;53;56;41,3
22370006561000;381;193;188;43,7
22370006562000;266;130;136;38,7
22370006563000;92;46;46;43,3
22370006564000;324;160;164;40,6
22370006565000;142;65;77;45,1
22370006566000;71;35;36;41,5
22370006567000;149;76;73;43,1
22370006568000;91;44;47;42,2
22370006569000;132;65;67;36,3
22370006570000;109;57;52;37,7
22370006571000;190;101;89;37,0
22370006572000;66;36;30;34,2
22370006573000;181;94;87;40,8
22370006574000;275;126;149;43,9
22370006575000;1052;449;603;47,4
22370006576000;1934;935;999;38,1
22370006577000;626;318;308;40,1
22370006578000;1337;706;631;41,8
22370006579000;33;19;14;50,7
22370006580000;26;13;13;32,3
22370006581000;25;12;13;38,6
22370006584000;726;365;361;35,2
22370006585000;37;20;17;40,0
22370006586000;17;11;6;40,4
22370006587000;2;1;1;0,0
22370006588000;23;10;13;35,3
22370006589000;36;22;14;44,7
22370006590000;30;16;14;40,7
22370006591000;20;12;8;33,2
22370006592000;13;5;8;27,4
22370006593000;18;9;9;45,1
22370006594000;30;15;15;29,7
22370006595000;31;19;12;36,6
22370006596000;184;86;98;36,8
22370006597000;26;14;12;28,2
22370006598000;29;14;15;40,7
22370006599000;6;2;4;45,5
22370006606000;9;4;5;55,7
22370006607000;8;3;5;50,0
22370006608000;48;27;21;39,3
22370006609000;45;23;22;37,6
22370006625000;235;119;116;35,4
22370006626000;76;40;36;45,5
22370006628000;4;2;2;0,0
22370006629000;3;3;0;0,0
22370006630000;861;414;447;36,4
22370006631000;514;275;239;37,1
22370006632000;513;242;271;44,2
22370006633000;9;4;5;60,3
22370006639000;387;201;186;38,3
22370006640000;720;357;363;30,5
22370006641000;158;90;68;35,6
22370006642000;23;13;10;43,2
22370006643000;2;1;1;0,0
22370006647000;33;18;15;44,2
22370006648000;67;35;32;36,1
22370006649000;133;71;62;41,4
22370006651000;2;1;1;0,0
22370006652000;9;6;3;32,7
22370006653000;18;12;6;36,4
22370006654000;7;3;4;54,9
22370006655000;13;6;7;29,5
22370006659000;2;1;1;0,0
22370006660000;47;23;24;40,8
22370006666000;345;183;162;35,2
22370006667000;18;9;9;46,3
22370006668000;38;18;20;37,7
22370006669000;458;199;259;49,0
22370006670000;435;208;227;41,5
22370006671000;96;45;51;45,9
22370006672000;25;12;13;34,2
22370006673000;73;42;31;45,6
22370006674000;62;31;31;48,3
22370006675000;235;117;118;42,1
22370006676000;56;31;25;44,0
22370006677000;207;108;99;42,2
22370006678000;478;248;230;39,5
22370006679000;1490;706;784;44,0
22370006680000;1991;938;1053;43,4
22370006681000;629;317;312;38,7
22370006682000;197;90;107;27,1
22370006683000;89;50;39;44,2
22370006684000;94;56;38;37,9
22370006685000;159;85;74;44,3
22370006686000;10;3;7;56,7
22370006718000;27;10;17;48,0
22370006719000;10;6;4;43,5
22370006748000;17;8;9;31,5
22370006749000;5;4;1;34,0
22370006750000;94;46;48;36,3
22370006754000;33;17;16;27,2
22370006755000;14;9;5;44,0
22370006756000;17;7;10;41,3
22370006764000;29;14;15;38,7
22370006765000;62;32;30;43,3
22370006767000;3;1;2;0,0
22370006772000;7;3;4;43,9
22370006793000;4;1;3;0,0
22370006794000;24;14;10;57,0
22370006795000;15;7;8;39,8
22370006796000;25;14;11;43,3
22370006797000;2;0;2;0,0
22370006803000;5;3;2;56,0
22370006809000;1;1;0;0,0
22370006810000;15;9;6;35,3
22370006832000;2;1;1;0,0
22370006833000;17;13;4;43,5
22370006834000;34;14;20;46,8
22370006835000;6;4;2;35,8
22370006836000;17;10;7;39,8
22370006837000;10;6;4;28,3
22370006838000;40;22;18;37,3
22370006839000;27;11;16;40,2
22370006885000;19;11;8;33,0
22370006895000;11;7;4;30,9
22370006896000;5;2;3;47,4
22370006897000;3;2;1;0,0
22370006899000;8;5;3;43,5
22370006900000;5;2;3;42,0
22370006957000;47;24;23;32,3
22370006958000;29;16;13;46,1
22370006959000;3;2;1;0,0
22370006965000;2;1;1;0,0
22370006979000;49;27;22;49,8
22370006980000;41;21;20;38,9
22370006981000;12;7;5;57,1
22370006982000;96;47;49;49,7
22370006983000;54;28;26;43,2
22370006984000;8;3;5;30,6
22370007015000;10;6;4;45,3
22370007016000;2;2;0;0,0
22370007018000;189;91;98;32,1
22370007019000;62;31;31;41,3
22370007020000;67;36;31;33,5
22370007021000;52;29;23;38,4
22370007022000;18;6;12;44,0
22370007023000;34;17;17;37,9
22370007024000;70;38;32;41,3
22370007025000;69;31;38;42,2
22370007026000;19;11;8;32,5
22370007027000;28;14;14;42,0
22370007030000;7;3;4;33,0
22370007048000;7;3;4;46,4
22370007049000;9;3;6;32,9
22370007051000;2;1;1;0,0
22370007064000;22;10;12;36,5
22370007065000;30;14;16;37,6
22370007067000;23;15;8;39,8
22370007074000;3;1;2;0,0
22370007075000;58;26;32;30,8
22370007076000;28;13;15;45,9
22370007077000;191;94;97;38,7
22370007078000;88;40;48;38,1
22370007079000;14;8;6;55,6
22370007085000;8;4;4;61,9
22370007086000;27;15;12;46,0
22370007087000;72;36;36;37,9
22370007088000;22;9;13;41,3
22370007089000;1;0;1;0,0
22380006556000;21;13;8;58,2
22380006557000;240;121;119;45,1
22380006558000;72;34;38;55,1
22380006559000;33;18;15;55,1
22380006560000;32;16;16;52,5
22380006562000;27;16;11;45,8
22380006563000;11;7;4;59,1
22380006565000;55;29;26;52,5
22380006566000;7;4;3;33,3
22380006567000;242;117;125;40,6
22380006568000;340;169;171;40,1
22380006569000;62;37;25;34,9
22380006570000;26;14;12;49,6
22380006571000;61;31;30;42,9
22380006572000;196;84;112;43,4
22380006573000;186;87;99;50,2
22380006574000;396;206;190;39,1
22380006575000;1098;546;552;38,4
22380006576000;1817;866;951;38,1
22380006577000;1838;873;965;39,6
22380006578000;2647;1360;1287;40,6
22380006579000;2635;1284;1351;44,3
22380006580000;359;176;183;47,3
22380006581000;81;37;44;39,7
22380006582000;147;70;77;34,6
22380006583000;32;19;13;40,5
22380006584000;776;397;379;36,7
22380006585000;114;57;57;34,4
22380006586000;3;2;1;0,0
22380006589000;29;16;13;46,7
22380006590000;15;9;6;51,4
22380006591000;474;241;233;31,1
22380006592000;366;185;181;35,8
22380006593000;38;17;21;40,4
22380006594000;7;2;5;45,1
22380006595000;309;151;158;38,2
22380006596000;311;152;159;41,8
22380006597000;65;31;34;39,0
22380006598000;2;0;2;0,0
22380006608000;87;40;47;40,5
22380006609000;378;195;183;38,2
22380006610000;13;8;5;43,2
22380006612000;6;2;4;32,5
22380006624000;76;38;38;40,7
22380006625000;582;300;282;38,5
22380006626000;2;1;1;0,0
22380006628000;15;8;7;46,7
22380006629000;105;65;40;35,0
22380006630000;42;24;18;40,5
22380006631000;1299;637;662;37,5
22380006632000;766;357;409;37,7
22380006633000;32;19;13;43,5
22380006634000;2;2;0;0,0
22380006635000;2;2;0;0,0
22380006639000;17;7;10;48,9
22380006640000;673;349;324;36,1
22380006641000;151;81;70;41,3
22380006642000;15;8;7;41,7
22380006650000;6;4;2;46,5
22380006658000;15;6;9;52,0
22380006666000;20;11;9;38,1
22380006667000;94;50;44;51,1
22380006668000;321;165;156;42,1
22380006669000;29;18;11;41,7
22380006670000;401;208;193;29,0
22380006671000;431;206;225;35,3
22380006672000;9;4;5;41,1
22380006673000;27;12;15;46,4
22380006674000;12;6;6;53,5
22380006675000;126;65;61;40,7
22380006676000;47;22;25;38,8
22380006677000;9;5;4;48,3
22380006678000;73;35;38;43,4
22380006679000;261;128;133;40,7
22380006680000;360;189;171;48,3
22380006681000;113;61;52;39,3
22380006682000;64;31;33;28,9
22380006685000;22;12;10;44,5
22380006686000;22;14;8;55,5
22380006712000;9;5;4;36,9
22380006716000;2;1;1;0,0
22380006747000;2;1;1;0,0
22380006748000;38;22;16;50,7
22380006750000;139;76;63;37,9
22380006753000;3;1;2;0,0
22380006755000;23;11;12;38,5
22380006756000;14;9;5;51,1
22380006757000;5;2;3;15,0
22380006758000;1;0;1;0,0
22380006764000;6;1;5;32,7
22380006765000;35;19;16;39,8
22380006766000;9;5;4;48,9
22380006774000;4;1;3;0,0
22380006789000;9;6;3;38,9
22380006790000;6;4;2;61,7
22380006791000;4;2;2;0,0
22380006792000;27;13;14;48,3
22380006793000;30;19;11;32,2
22380006794000;150;66;84;54,5
22380006795000;62;28;34;50,0
22380006796000;9;4;5;52,8
22380006802000;38;22;16;37,4
22380006803000;22;13;9;47,7
22380006804000;10;5;5;46,6
22380006809000;1;0;1;0,0
22380006831000;5;2;3;38,2
22380006833000;43;21;22;45,7
22380006834000;92;43;49;38,0
22380006835000;3;3;0;0,0
22380006836000;7;3;4;51,9
22380006837000;4;1;3;0,0
22380006840000;2;1;1;0,0
22380006879000;2;1;1;0,0
22380006885000;1;0;1;0,0
22380006889000;6;3;3;41,0
22380006896000;1;1;0;0,0
22380006897000;5;1;4;41,0
22380006899000;200;103;97;48,3
22380006900000;60;33;27;39,1
22380006957000;13;7;6;33,8
22380006958000;10;5;5;22,1
22380006959000;2;1;1;0,0
22380006965000;12;6;6;43,4
22380006979000;80;45;35;44,6
22380006981000;11;7;4;38,5
22380006982000;8;3;5;40,3
22380007007000;3;1;2;0,0
22380007012000;3;1;2;0,0
22380007017000;26;17;9;35,7
22380007018000;19;14;5;33,7
22380007019000;54;23;31;39,9
22380007020000;48;27;21;37,1
22380007021000;17;12;5;42,8
22380007023000;68;32;36;33,9
22380007024000;92;43;49;32,3
22380007025000;138;72;66;37,2
22380007026000;16;9;7;54,3
22380007027000;75;40;35;41,1
22380007028000;6;3;3;46,2
22380007030000;22;10;12;37,5
22380007049000;4;2;2;0,0
22380007050000;3;2;1;0,0
22380007064000;5;3;2;54,8
22380007065000;39;20;19;51,8
22380007066000;7;3;4;44,6
22380007074000;17;8;9;50,7
22380007075000;213;115;98;38,9
22380007076000;67;31;36;43,1
22380007077000;369;189;180;39,9
22380007078000;18;9;9;57,5
22380007079000;70;34;36;38,6
22380007080000;40;20;20;31,1
22380007081000;29;15;14;41,2
22380007082000;9;6;3;35,3
22380007085000;8;5;3;28,1
22380007086000;17;9;8;40,1
22380007087000;35;19;16;43,6
22380007088000;11;8;3;41,7
22380007089000;36;17;19;36,1
22380007090000;4;1;3;0,0
22390006556000;5;1;4;47,8
22390006557000;113;54;59;49,8
22390006558000;123;54;69;47,6
22390006565000;10;7;3;22,0
22390006566000;37;17;20;40,2
22390006567000;58;26;32;48,7
22390006568000;442;213;229;41,7
22390006569000;342;158;184;34,8
22390006570000;371;184;187;42,6
22390006571000;700;328;372;39,9
22390006572000;447;221;226;41,6
22390006573000;465;229;236;39,5
22390006574000;315;160;155;39,1
22390006575000;679;326;353;44,8
22390006576000;226;118;108;42,1
22390006577000;471;221;250;47,9
22390006578000;1365;650;715;43,1
22390006579000;1772;806;966;38,8
22390006580000;1289;586;703;46,8
22390006581000;1610;833;777;39,9
22390006582000;1850;900;950;38,2
22390006583000;657;318;339;33,9
22390006584000;8;6;2;55,3
22390006585000;114;71;43;45,5
22390006586000;99;53;46;41,2
22390006587000;26;13;13;51,5
22390006588000;15;10;5;40,2
22390006589000;47;26;21;38,2
22390006590000;25;13;12;40,7
22390006591000;567;292;275;34,1
22390006592000;363;176;187;36,4
22390006593000;31;18;13;49,4
22390006594000;42;24;18;36,5
22390006595000;15;6;9;29,8
22390006597000;13;5;8;49,4
22390006598000;4;3;1;0,0
22390006608000;4;2;2;0,0
22390006609000;127;61;66;43,6
22390006610000;517;264;253;43,5
22390006611000;152;73;79;38,0
22390006612000;71;38;33;41,8
22390006613000;11;6;5;39,5
22390006614000;21;12;9;33,0
22390006616000;4;2;2;0,0
22390006617000;33;16;17;58,4
22390006618000;35;18;17;27,9
22390006619000;3;2;1;0,0
22390006621000;12;6;6;47,7
22390006622000;82;42;40;50,1
22390006623000;74;38;36;50,1
22390006624000;56;26;30;46,0
22390006625000;24;12;12;35,2
22390006628000;128;72;56;37,9
22390006629000;543;267;276;33,9
22390006630000;184;93;91;30,5
22390006631000;218;115;103;40,3
22390006632000;110;54;56;42,1
22390006633000;2;1;1;0,0
22390006639000;273;138;135;39,6
22390006640000;318;160;158;39,9
22390006641000;25;12;13;43,1
22390006642000;12;10;2;45,7
22390006643000;7;4;3;50,4
22390006651000;6;3;3;53,8
22390006656000;5;3;2;67,6
22390006657000;26;15;11;43,6
22390006665000;7;4;3;32,1
22390006667000;725;360;365;38,3
22390006668000;4;3;1;0,0
22390006672000;1;1;0;0,0
22390006673000;17;10;7;48,7
22390006674000;74;37;37;41,7
22390006675000;52;27;25;40,4
22390006676000;38;18;20;49,7
22390006677000;85;45;40;40,7
22390006678000;75;34;41;44,4
22390006679000;79;44;35;41,6
22390006680000;14;9;5;44,6
22390006681000;148;77;71;40,4
22390006682000;36;30;6;38,2
22390006683000;33;17;16;41,9
22390006712000;5;2;3;60,6
22390006713000;4;2;2;0,0
22390006714000;7;3;4;48,4
22390006715000;3;0;3;0,0
22390006716000;15;9;6;52,8
22390006717000;4;3;1;0,0
22390006741000;1;1;0;0,0
22390006745000;25;14;11;48,7
22390006746000;54;26;28;45,1
22390006747000;14;6;8;45,3
22390006748000;2;1;1;0,0
22390006750000;135;63;72;40,1
22390006751000;2;2;0;0,0
22390006754000;25;13;12;42,6
22390006755000;1;1;0;0,0
22390006756000;6;4;2;43,2
22390006757000;27;16;11;39,9
22390006765000;10;5;5;42,1
22390006766000;19;10;9;34,4
22390006767000;6;4;2;28,8
22390006787000;4;1;3;0,0
22390006788000;13;6;7;41,5
22390006789000;26;11;15;45,7
22390006790000;15;9;6;46,1
22390006791000;30;16;14;42,6
22390006792000;20;11;9;39,9
22390006793000;47;25;22;44,1
22390006794000;178;86;92;49,8
22390006795000;286;135;151;45,2
22390006796000;6;3;3;31,0
22390006799000;13;7;6;37,8
22390006800000;28;14;14;42,0
22390006801000;27;15;12;38,7
22390006802000;32;15;17;50,7
22390006803000;65;33;32;38,4
22390006804000;40;16;24;41,4
22390006805000;4;2;2;0,0
22390006822000;18;17;1;33,2
22390006831000;2;1;1;0,0
22390006832000;7;3;4;56,6
22390006833000;26;12;14;47,6
22390006834000;28;16;12;45,1
22390006879000;5;2;3;49,0
22390006880000;5;1;4;48,4
22390006881000;10;5;5;38,9
22390006882000;4;1;3;0,0
22390006883000;7;4;3;34,9
22390006884000;9;7;2;42,0
22390006887000;16;6;10;30,9
22390006888000;5;4;1;37,4
22390006897000;6;3;3;33,2
22390006898000;16;7;9;47,8
22390006899000;294;145;149;49,2
22390006900000;21;15;6;51,8
22390006959000;13;6;7;33,5
22390006960000;5;4;1;65,8
22390006961000;6;5;1;42,0
22390006962000;6;2;4;37,0
22390006966000;2;1;1;0,0
22390006977000;6;4;2;30,5
22390006978000;40;24;16;41,1
22390006979000;12;5;7;36,4
22390007006000;9;3;6;51,4
22390007011000;2;2;0;0,0
22390007015000;1;1;0;0,0
22390007017000;12;7;5;38,8
22390007018000;48;28;20;33,9
22390007019000;10;5;5;33,3
22390007023000;17;8;9;40,2
22390007024000;104;60;44;34,8
22390007025000;311;152;159;40,0
22390007026000;49;24;25;37,8
22390007027000;20;10;10;39,8
22390007028000;6;3;3;45,7
22390007030000;25;12;13;40,2
22390007031000;32;15;17;36,9
22390007049000;39;24;15;33,8
22390007051000;10;5;5;48,9
22390007052000;2;1;1;0,0
22390007058000;5;1;4;28,6
22390007060000;14;8;6;46,9
22390007061000;36;15;21;39,2
22390007064000;6;2;4;47,0
22390007065000;3;2;1;0,0
22390007066000;11;6;5;54,5
22390007068000;3;2;1;0,0
22390007074000;10;5;5;30,4
22390007075000;30;19;11;37,5
22390007076000;44;21;23;44,5
22390007077000;3;1;2;0,0
22390007078000;42;23;19;41,0
22390007079000;108;53;55;36,0
22390007080000;109;53;56;32,3
22390007081000;18;9;9;38,2
22390007083000;8;4;4;37,8
22390007086000;15;8;7;54,5
22390007087000;37;24;13;38,3
22390007089000;22;10;12;50,0
22390007090000;24;12;12;42,9
22400006568000;92;47;45;55,0
22400006569000;188;104;84;47,9
22400006570000;398;187;211;41,6
22400006571000;440;218;222;44,3
22400006572000;718;361;357;41,5
22400006573000;933;467;466;42,8
22400006574000;530;270;260;38,2
22400006575000;826;402;424;44,6
22400006576000;361;182;179;46,3
22400006577000;384;191;193;43,6
22400006578000;1435;689;746;39,1
22400006579000;1455;698;757;47,7
22400006580000;609;301;308;44,0
22400006581000;45;23;22;42,5
22400006582000;66;33;33;36,0
22400006583000;322;162;160;32,2
22400006584000;15;8;7;50,1
22400006585000;47;29;18;41,1
22400006586000;25;14;11;32,8
22400006587000;113;50;63;44,1
22400006588000;112;66;46;36,4
22400006589000;136;88;48;31,8
22400006590000;23;13;10;37,5
22400006591000;101;57;44;30,8
22400006592000;17;6;11;40,6
22400006593000;43;20;23;41,0
22400006594000;14;8;6;36,7
22400006595000;17;9;8;45,4
22400006596000;39;25;14;39,4
22400006597000;43;26;17;43,2
22400006598000;9;5;4;47,9
22400006607000;2;1;1;0,0
22400006608000;12;6;6;46,1
22400006609000;2;1;1;0,0
22400006611000;19;7;12;37,6
22400006612000;2;1;1;0,0
22400006614000;6;4;2;47,5
22400006615000;86;46;40;40,5
22400006616000;692;339;353;45,4
22400006617000;989;465;524;41,1
22400006618000;1273;643;630;41,6
22400006619000;226;118;108;36,2
22400006620000;9;5;4;33,3
22400006621000;19;11;8;41,2
22400006622000;49;26;23;44,1
22400006626000;46;21;25;50,9
22400006627000;22;15;7;38,4
22400006628000;28;16;12;37,9
22400006629000;52;28;24;33,6
22400006630000;39;18;21;37,9
22400006631000;249;115;134;48,2
22400006632000;75;45;30;40,1
22400006638000;480;241;239;35,8
22400006639000;453;236;217;36,9
22400006640000;826;423;403;35,1
22400006641000;90;48;42;39,4
22400006642000;19;11;8;37,6
22400006655000;29;16;13;40,1
22400006656000;244;143;101;43,6
22400006657000;4;1;3;0,0
22400006660000;4;2;2;0,0
22400006667000;60;32;28;31,2
22400006668000;24;14;10;49,1
22400006669000;33;21;12;46,5
22400006670000;2;1;1;0,0
22400006671000;1;0;1;0,0
22400006674000;44;23;21;41,8
22400006675000;29;16;13;53,7
22400006676000;10;5;5;34,8
22400006677000;8;4;4;29,1
22400006678000;166;88;78;41,8
22400006679000;275;131;144;39,5
22400006680000;456;222;234;41,0
22400006681000;130;67;63;40,4
22400006682000;29;17;12;37,6
22400006714000;2;0;2;0,0
22400006716000;6;2;4;41,5
22400006718000;19;13;6;41,9
22400006719000;6;3;3;14,3
22400006740000;19;12;7;45,9
22400006741000;57;34;23;45,5
22400006742000;16;10;6;38,3
22400006743000;8;3;5;46,0
22400006745000;7;3;4;37,7
22400006746000;6;4;2;33,0
22400006747000;6;3;3;44,0
22400006748000;2;1;1;0,0
22400006749000;51;26;25;36,9
22400006750000;73;37;36;36,3
22400006751000;7;4;3;42,9
22400006757000;9;4;5;58,4
22400006758000;2;1;1;0,0
22400006765000;26;13;13;39,8
22400006766000;5;2;3;60,0
22400006767000;5;2;3;18,4
22400006779000;1;0;1;0,0
22400006786000;2;1;1;0,0
22400006787000;17;10;7;45,2
22400006788000;27;12;15;35,7
22400006789000;2;1;1;0,0
22400006790000;1;0;1;0,0
22400006791000;8;5;3;44,4
22400006793000;9;4;5;33,0
22400006794000;34;18;16;41,6
22400006795000;4;2;2;0,0
22400006796000;19;10;9;32,3
22400006797000;7;4;3;42,0
22400006798000;2;1;1;0,0
22400006799000;24;12;12;66,4
22400006800000;35;14;21;45,5
22400006801000;70;38;32;34,3
22400006802000;53;26;27;49,0
22400006803000;30;13;17;39,0
22400006804000;67;33;34;41,3
22400006805000;6;2;4;43,3
22400006821000;10;5;5;48,5
22400006822000;7;3;4;43,6
22400006825000;8;5;3;53,4
22400006830000;10;4;6;26,1
22400006831000;3;1;2;0,0
22400006832000;173;88;85;47,8
22400006833000;30;15;15;38,1
22400006834000;8;4;4;44,3
22400006841000;1;1;0;0,0
22400006844000;11;4;7;39,8
22400006845000;4;2;2;0,0
22400006847000;11;3;8;45,2
22400006875000;3;2;1;0,0
22400006891000;1;1;0;0,0
22400006897000;4;3;1;0,0
22400006898000;28;13;15;43,9
22400006899000;5;1;4;55,4
22400006900000;4;2;2;0,0
22400006960000;9;5;4;57,6
22400006961000;8;4;4;56,1
22400006962000;6;3;3;59,2
22400006963000;5;3;2;29,6
22400006977000;7;3;4;49,1
22400006978000;29;14;15;39,4
22400006979000;9;4;5;42,4
22400007015000;2;0;2;0,0
22400007018000;12;6;6;42,8
22400007023000;5;3;2;33,6
22400007024000;12;8;4;36,7
22400007025000;783;353;430;47,4
22400007026000;842;422;420;38,2
22400007027000;144;76;68;40,0
22400007028000;47;25;22;38,3
22400007029000;2;2;0;0,0
22400007030000;151;81;70;32,0
22400007031000;457;226;231;36,0
22400007032000;6;4;2;34,0
22400007049000;31;18;13;36,5
22400007050000;18;9;9;47,9
22400007051000;48;25;23;37,1
22400007052000;77;38;39;43,9
22400007053000;45;24;21;42,1
22400007058000;4;2;2;0,0
22400007059000;2;1;1;0,0
22400007060000;1;1;0;0,0
22400007074000;9;3;6;32,0
22400007075000;27;15;12;41,1
22400007076000;4;2;2;0,0
22400007077000;1;1;0;0,0
22400007079000;2;1;1;0,0
22400007080000;29;14;15;55,0
22400007081000;16;7;9;47,4
22400007082000;1;0;1;0,0
22400007083000;6;1;5;32,3
22400007087000;5;2;3;18,4
22400007089000;14;7;7;37,8
22400007090000;66;29;37;38,7
22400007091000;49;29;20;42,6
22410006571000;6;3;3;46,0
22410006573000;1;1;0;0,0
22410006574000;89;42;47;50,2
22410006575000;816;394;422;40,9
22410006576000;850;426;424;44,6
22410006577000;1042;500;542;40,6
22410006578000;292;130;162;49,8
22410006579000;2061;972;1089;41,3
22410006580000;798;401;397;38,1
22410006581000;192;102;90;35,4
22410006582000;103;51;52;37,7
22410006583000;58;31;27;37,7
22410006584000;33;20;13;44,5
22410006585000;7;5;2;48,1
22410006586000;6;3;3;45,8
22410006587000;1220;607;613;42,8
22410006588000;397;188;209;42,1
22410006589000;30;18;12;30,2
22410006590000;182;94;88;39,0
22410006591000;779;382;397;40,2
22410006593000;13;9;4;32,9
22410006594000;15;8;7;34,3
22410006595000;260;130;130;39,0
22410006596000;645;318;327;40,5
22410006597000;655;322;333;42,4
22410006598000;142;70;72;44,7
22410006607000;6;5;1;29,5
22410006608000;8;5;3;63,5
22410006609000;17;11;6;45,2
22410006610000;45;20;25;45,9
22410006611000;169;87;82;51,0
22410006616000;157;74;83;45,7
22410006617000;446;226;220;47,8
22410006618000;171;89;82;41,4
22410006619000;3;1;2;0,0
22410006625000;32;20;12;43,7
22410006626000;64;33;31;40,1
22410006630000;15;5;10;42,4
22410006631000;702;362;340;36,0
22410006632000;861;418;443;38,7
22410006633000;530;271;259;32,2
22410006634000;29;14;15;29,4
22410006635000;6;4;2;38,3
22410006636000;1;1;0;0,0
22410006637000;6;4;2;51,5
22410006638000;276;144;132;36,7
22410006639000;26;10;16;41,8
22410006640000;1572;764;808;38,5
22410006641000;782;367;415;33,9
22410006642000;58;38;20;39,2
22410006643000;1;1;0;0,0
22410006654000;15;9;6;39,5
22410006655000;48;28;20;47,8
22410006656000;28;18;10;37,6
22410006657000;7;3;4;40,0
22410006669000;9;4;5;48,0
22410006670000;6;2;4;54,5
22410006671000;39;20;19;44,4
22410006672000;20;12;8;39,3
22410006673000;25;11;14;36,8
22410006674000;23;13;10;45,7
22410006675000;98;54;44;42,3
22410006676000;27;11;16;32,9
22410006678000;37;24;13;55,8
22410006679000;602;306;296;38,4
22410006680000;857;434;423;41,3
22410006681000;90;48;42;46,6
22410006682000;106;53;53;33,6
22410006683000;67;31;36;41,5
22410006717000;17;6;11;60,6
22410006718000;43;17;26;45,0
22410006719000;47;24;23;40,9
22410006720000;19;11;8;56,4
22410006721000;12;5;7;35,6
22410006722000;1;1;0;0,0
22410006723000;10;6;4;36,1
22410006724000;6;4;2;46,7
22410006726000;6;4;2;44,8
22410006738000;2;1;1;0,0
22410006739000;19;12;7;45,9
22410006740000;5;3;2;39,2
22410006741000;1;1;0;0,0
22410006743000;3;2;1;0,0
22410006744000;15;8;7;55,2
22410006745000;28;13;15;37,5
22410006746000;141;63;78;38,1
22410006747000;64;33;31;39,2
22410006748000;23;15;8;37,8
22410006749000;53;28;25;43,3
22410006750000;33;18;15;39,3
22410006754000;10;6;4;51,8
22410006758000;5;4;1;34,8
22410006764000;12;5;7;42,1
22410006765000;25;13;12;43,0
22410006766000;9;4;5;45,1
22410006767000;5;3;2;33,6
22410006786000;5;4;1;30,2
22410006787000;28;15;13;33,0
22410006794000;5;3;2;53,4
22410006795000;2;1;1;0,0
22410006796000;7;5;2;44,9
22410006797000;18;9;9;37,3
22410006798000;27;15;12;52,4
22410006799000;9;4;5;45,0
22410006800000;93;58;35;38,4
22410006801000;24;15;9;37,3
22410006802000;31;17;14;44,7
22410006803000;8;4;4;32,6
22410006804000;57;28;29;44,7
22410006805000;11;5;6;54,4
22410006806000;18;11;7;41,8
22410006807000;9;5;4;31,3
22410006818000;2;1;1;0,0
22410006820000;8;3;5;50,5
22410006821000;12;5;7;30,5
22410006824000;10;6;4;38,4
22410006825000;1;1;0;0,0
22410006826000;14;6;8;40,3
22410006827000;3;2;1;0,0
22410006828000;12;8;4;64,4
22410006829000;16;7;9;31,9
22410006830000;14;7;7;38,8
22410006831000;600;269;331;44,5
22410006832000;360;179;181;44,8
22410006833000;2;1;1;0,0
22410006844000;4;2;2;0,0
22410006897000;15;7;8;34,7
22410006898000;85;41;44;46,0
22410006899000;28;15;13;31,8
22410006961000;1;1;0;0,0
22410006962000;16;8;8;41,4
22410006963000;4;2;2;0,0
22410006965000;6;3;3;28,5
22410006966000;1;0;1;0,0
22410006977000;21;10;11;37,7
22410006978000;9;4;5;49,2
22410007004000;1;1;0;0,0
22410007016000;12;6;6;38,5
22410007024000;64;31;33;37,7
22410007025000;82;49;33;33,9
22410007026000;15;8;7;32,3
22410007027000;809;386;423;39,4
22410007028000;753;355;398;43,9
22410007029000;816;386;430;47,0
22410007030000;125;66;59;43,4
22410007032000;3;2;1;0,0
22410007036000;2;1;1;0,0
22410007051000;11;6;5;55,8
22410007052000;52;21;31;38,6
22410007053000;80;39;41;48,3
22410007054000;9;6;3;61,8
22410007058000;6;2;4;64,0
22410007059000;9;3;6;55,3
22410007060000;5;3;2;37,2
22410007074000;139;71;68;44,1
22410007075000;240;126;114;35,7
22410007076000;20;8;12;29,0
22410007080000;12;8;4;49,8
22410007081000;20;13;7;55,1
22410007082000;10;3;7;31,3
22410007083000;9;6;3;41,3
22410007090000;11;6;5;51,5
22410007091000;24;14;10;32,4
22410007092000;10;5;5;61,2
22420006571000;5;3;2;32,8
22420006575000;99;47;52;50,7
22420006576000;109;54;55;43,4
22420006577000;459;228;231;41,6
22420006578000;1141;587;554;38,7
22420006579000;2210;1083;1127;40,0
22420006580000;615;292;323;36,6
22420006581000;1304;645;659;31,3
22420006582000;74;38;36;46,0
22420006583000;53;29;24;41,7
22420006584000;26;12;14;42,2
22420006585000;37;22;15;34,8
22420006586000;67;32;35;41,3
22420006587000;688;335;353;46,5
22420006588000;579;287;292;43,7
22420006590000;13;7;6;50,8
22420006591000;171;92;79;35,6
22420006592000;623;287;336;46,2
22420006593000;1532;753;779;37,8
22420006594000;2461;1205;1256;38,2
22420006595000;2470;1217;1253;40,9
22420006596000;1627;833;794;38,3
22420006597000;314;139;175;47,7
22420006598000;1;1;0;0,0
22420006607000;10;6;4;40,0
22420006608000;5;2;3;48,2
22420006609000;14;8;6;50,6
22420006610000;58;33;25;44,3
22420006611000;71;38;33;51,2
22420006612000;7;4;3;40,6
22420006613000;2;1;1;0,0
22420006615000;1;0;1;0,0
22420006616000;29;18;11;39,2
22420006617000;108;54;54;44,2
22420006619000;3;1;2;0,0
22420006620000;1;0;1;0,0
22420006622000;2;1;1;0,0
22420006623000;4;4;0;0,0
22420006625000;64;33;31;33,3
22420006626000;4;1;3;0,0
22420006630000;6;3;3;31,0
22420006631000;754;387;367;40,6
22420006632000;394;201;193;38,4
22420006633000;47;26;21;28,0
22420006634000;126;71;55;35,7
22420006635000;382;198;184;34,7
22420006636000;5;4;1;39,2
22420006637000;9;6;3;45,0
22420006638000;93;45;48;34,4
22420006639000;1;1;0;0,0
22420006640000;270;140;130;32,5
22420006641000;1354;648;706;38,0
22420006642000;337;173;164;37,6
22420006643000;101;45;56;41,4
22420006644000;9;4;5;29,1
22420006654000;20;10;10;36,5
22420006672000;40;20;20;42,4
22420006673000;42;22;20;39,1
22420006674000;126;66;60;39,2
22420006675000;27;14;13;36,4
22420006678000;15;7;8;56,9
22420006679000;65;33;32;39,0
22420006680000;77;39;38;41,7
22420006681000;54;26;28;42,6
22420006682000;43;25;18;41,0
22420006683000;76;39;37;36,8
22420006685000;81;34;47;38,9
22420006686000;5;2;3;53,4
22420006687000;103;49;54;31,0
22420006693000;10;5;5;32,5
22420006694000;5;3;2;44,0
22420006695000;35;18;17;40,7
22420006696000;2;1;1;0,0
22420006697000;4;2;2;0,0
22420006717000;15;7;8;37,7
22420006718000;10;6;4;50,6
22420006721000;3;2;1;0,0
22420006725000;2;0;2;0,0
22420006726000;17;12;5;33,1
22420006727000;9;4;5;48,9
22420006728000;2;1;1;0,0
22420006737000;13;7;6;50,2
22420006738000;57;26;31;47,8
22420006739000;30;15;15;47,2
22420006741000;11;5;6;42,7
22420006742000;14;7;7;38,4
22420006746000;59;30;29;47,4
22420006747000;17;7;10;40,1
22420006748000;11;7;4;35,7
22420006749000;5;3;2;47,4
22420006750000;36;16;20;32,6
22420006753000;11;6;5;21,0
22420006754000;2;2;0;0,0
22420006758000;30;15;15;35,4
22420006763000;6;2;4;36,2
22420006764000;51;27;24;40,3
22420006765000;21;8;13;55,3
22420006766000;8;4;4;55,3
22420006767000;3;1;2;0,0
22420006786000;8;3;5;43,8
22420006794000;3;2;1;0,0
22420006795000;13;7;6;52,5
22420006796000;47;24;23;37,7
22420006797000;78;38;40;38,1
22420006798000;63;37;26;45,1
22420006799000;50;28;22;36,7
22420006800000;58;30;28;36,5
22420006801000;52;30;22;45,5
22420006802000;27;12;15;44,5
22420006804000;46;28;18;35,0
22420006805000;135;60;75;41,5
22420006806000;17;8;9;42,0
22420006807000;12;6;6;49,3
22420006818000;1;1;0;0,0
22420006819000;3;3;0;0,0
22420006820000;12;9;3;40,4
22420006821000;31;17;14;50,8
22420006822000;40;19;21;30,5
22420006823000;16;7;9;34,4
22420006824000;24;14;10;44,1
22420006825000;27;14;13;34,7
22420006826000;7;2;5;36,7
22420006828000;2;2;0;0,0
22420006829000;9;4;5;60,7
22420006830000;144;72;72;48,0
22420006831000;169;82;87;42,0
22420006832000;58;33;25;39,3
22420006833000;73;34;39;47,7
22420006896000;8;3;5;39,4
22420006897000;22;10;12;49,3
22420006898000;21;12;9;36,0
22420006961000;1;1;0;0,0
22420006962000;2;1;1;0,0
22420006963000;19;10;9;46,7
22420006967000;16;11;5;36,6
22420006968000;3;1;2;0,0
22420006977000;8;4;4;39,6
22420007016000;3;1;2;0,0
22420007017000;2;2;0;0,0
22420007024000;9;4;5;27,7
22420007027000;68;37;31;34,3
22420007028000;115;59;56;37,4
22420007029000;948;502;446;40,8
22420007030000;1761;883;878;39,6
22420007033000;5;3;2;52,4
22420007036000;3;2;1;0,0
22420007048000;5;3;2;39,6
22420007049000;8;4;4;44,1
22420007051000;249;130;119;41,3
22420007052000;157;71;86;49,4
22420007053000;13;6;7;48,4
22420007054000;1;0;1;0,0
22420007056000;10;5;5;63,9
22420007057000;17;10;7;62,4
22420007074000;33;18;15;46,9
22420007075000;16;10;6;53,7
22420007076000;2;1;1;0,0
22420007079000;12;5;7;45,4
22420007080000;18;7;11;39,7
22420007081000;181;95;86;33,5
22420007082000;70;34;36;23,2
22420007083000;35;17;18;34,3
22420007090000;42;22;20;36,1
22420007091000;46;25;21;45,2
22420007092000;37;19;18;28,6
22420007093000;2;1;1;0,0
22430006576000;1;1;0;0,0
22430006577000;180;87;93;34,3
22430006578000;183;92;91;48,7
22430006579000;500;249;251;41,6
22430006580000;693;327;366;37,8
22430006581000;417;204;213;42,0
22430006582000;109;56;53;35,2
22430006583000;314;154;160;35,8
22430006584000;220;118;102;35,8
22430006585000;94;49;45;47,1
22430006586000;197;100;97;40,6
22430006591000;18;8;10;44,6
22430006592000;4;3;1;0,0
22430006593000;1765;878;887;42,1
22430006594000;3716;1828;1888;42,7
22430006595000;2825;1421;1404;45,1
22430006596000;3;2;1;0,0
22430006609000;37;18;19;35,4
22430006610000;77;36;41;35,2
22430006611000;55;24;31;43,1
22430006612000;17;9;8;32,5
22430006616000;130;55;75;44,3
22430006617000;477;241;236;40,4
22430006618000;12;6;6;28,6
22430006620000;12;5;7;39,9
22430006623000;12;6;6;54,5
22430006628000;16;8;8;36,4
22430006629000;13;6;7;38,0
22430006630000;75;45;30;34,4
22430006631000;46;25;21;43,8
22430006632000;28;16;12;32,0
22430006633000;22;9;13;41,6
22430006634000;42;25;17;41,0
22430006635000;595;311;284;34,2
22430006636000;674;315;359;42,9
22430006637000;687;349;338;35,7
22430006638000;30;18;12;34,6
22430006639000;927;437;490;43,1
22430006640000;2792;1419;1373;37,8
22430006641000;1886;923;963;36,6
22430006642000;1969;950;1019;39,8
22430006643000;408;214;194;38,8
22430006644000;17;10;7;43,2
22430006645000;6;4;2;38,2
22430006646000;4;3;1;0,0
22430006647000;1;0;1;0,0
22430006653000;30;18;12;37,6
22430006654000;28;14;14;37,9
22430006674000;13;6;7;63,7
22430006678000;3;2;1;0,0
22430006681000;55;23;32;36,1
22430006682000;86;44;42;43,6
22430006683000;134;55;79;38,5
22430006684000;86;48;38;44,7
22430006685000;693;344;349;37,4
22430006686000;578;289;289;40,8
22430006687000;586;304;282;38,1
22430006688000;230;117;113;38,5
22430006692000;30;14;16;47,7
22430006693000;22;10;12;46,0
22430006694000;1;0;1;0,0
22430006695000;1;0;1;0,0
22430006696000;9;5;4;60,1
22430006697000;13;7;6;60,6
22430006698000;56;35;21;41,6
22430006701000;1;1;0;0,0
22430006717000;16;9;7;34,2
22430006719000;4;3;1;0,0
22430006720000;36;22;14;45,8
22430006721000;24;14;10;40,8
22430006722000;4;2;2;0,0
22430006727000;23;14;9;54,6
22430006736000;5;3;2;40,6
22430006737000;12;6;6;46,5
22430006738000;1;0;1;0,0
22430006740000;20;10;10;50,7
22430006741000;11;5;6;53,6
22430006742000;19;8;11;37,1
22430006743000;31;16;15;37,7
22430006745000;6;3;3;33,0
22430006746000;13;6;7;35,6
22430006747000;23;9;14;47,3
22430006748000;1;1;0;0,0
22430006750000;2;1;1;0,0
22430006752000;13;8;5;39,1
22430006753000;41;18;23;37,7
22430006759000;21;15;6;36,8
22430006760000;24;11;13;36,8
22430006763000;10;5;5;52,1
22430006764000;7;6;1;30,6
22430006765000;10;7;3;47,3
22430006785000;6;4;2;41,5
22430006786000;26;15;11;47,8
22430006795000;3;1;2;0,0
22430006796000;36;18;18;38,2
22430006797000;389;187;202;44,3
22430006798000;346;184;162;39,5
22430006799000;39;18;21;38,6
22430006800000;27;19;8;40,8
22430006801000;5;3;2;55,6
22430006804000;2;1;1;0,0
22430006805000;17;8;9;51,4
22430006806000;18;8;10;44,6
22430006812000;1;1;0;0,0
22430006817000;9;5;4;38,7
22430006818000;1;0;1;0,0
22430006819000;20;10;10;47,0
22430006820000;89;49;40;37,4
22430006821000;54;28;26;42,0
22430006822000;46;25;21;36,5
22430006823000;222;110;112;44,0
22430006824000;5;3;2;50,4
22430006826000;7;4;3;53,4
22430006827000;41;21;20;34,9
22430006828000;14;7;7;51,6
22430006829000;33;18;15;41,1
22430006830000;38;19;19;39,9
22430006831000;8;3;5;51,4
22430006834000;2;1;1;0,0
22430006872000;1;1;0;0,0
22430006897000;8;5;3;64,3
22430006898000;3;2;1;0,0
22430006961000;11;5;6;30,5
22430006962000;5;3;2;36,4
22430006965000;1;1;0;0,0
22430006966000;28;15;13;48,5
22430006967000;26;11;15;37,8
22430006968000;26;11;15;38,5
22430006969000;19;10;9;51,0
22430006970000;12;7;5;50,0
22430006971000;6;3;3;55,0
22430006976000;1;1;0;0,0
22430007006000;15;9;6;43,3
22430007011000;1;1;0;0,0
22430007012000;1;0;1;0,0
22430007030000;32;18;14;28,3
22430007033000;9;5;4;29,0
22430007034000;6;3;3;31,5
22430007036000;9;6;3;55,3
22430007049000;15;8;7;42,7
22430007050000;11;5;6;54,4
22430007051000;73;40;33;40,0
22430007052000;2;1;1;0,0
22430007056000;2;1;1;0,0
22430007065000;43;22;21;52,0
22430007066000;28;14;14;43,3
22430007070000;3;2;1;0,0
22430007075000;45;24;21;38,8
22430007076000;5;2;3;75,4
22430007078000;11;4;7;51,0
22430007079000;5;3;2;20,0
22430007080000;64;32;32;43,7
22430007081000;200;95;105;47,3
22430007083000;3;1;2;0,0
22430007088000;3;3;0;0,0
22430007090000;58;29;29;39,6
22430007091000;139;66;73;41,8
22440006581000;278;139;139;39,6
22440006582000;82;36;46;41,0
22440006583000;45;21;24;42,0
22440006584000;40;18;22;43,9
22440006594000;27;17;10;49,3
22440006595000;70;29;41;49,4
22440006596000;160;80;80;45,8
22440006608000;5;3;2;42,2
22440006609000;39;21;18;32,8
22440006610000;44;26;18;42,2
22440006611000;9;5;4;30,0
22440006612000;2;1;1;0,0
22440006613000;4;2;2;0,0
22440006614000;18;9;9;39,4
22440006615000;55;25;30;38,4
22440006616000;47;28;19;40,1
22440006617000;103;60;43;36,0
22440006618000;68;39;29;34,8
22440006627000;7;4;3;59,9
22440006628000;18;9;9;53,6
22440006629000;88;52;36;35,3
22440006630000;49;23;26;37,7
22440006631000;15;8;7;46,5
22440006632000;30;13;17;36,6
22440006633000;708;366;342;35,6
22440006634000;79;41;38;40,8
22440006635000;755;376;379;34,9
22440006636000;1445;719;726;38,5
22440006637000;494;240;254;38,3
22440006638000;341;173;168;41,4
22440006639000;1482;718;764;36,7
22440006640000;1605;755;850;46,8
22440006641000;1664;833;831;48,3
22440006642000;1129;566;563;41,2
22440006643000;95;40;55;44,5
22440006644000;35;18;17;50,2
22440006647000;43;20;23;50,5
22440006648000;4;1;3;0,0
22440006650000;20;11;9;43,4
22440006651000;6;4;2;41,3
22440006652000;13;5;8;29,5
22440006653000;9;6;3;46,2
22440006654000;20;8;12;37,7
22440006656000;1;0;1;0,0
22440006658000;15;6;9;39,1
22440006660000;4;2;2;0,0
22440006679000;1;1;0;0,0
22440006683000;7;3;4;36,0
22440006684000;69;38;31;43,4
22440006685000;31;18;13;32,1
22440006686000;46;25;21;45,7
22440006687000;799;349;450;51,7
22440006688000;244;119;125;41,4
22440006689000;25;12;13;44,0
22440006698000;1;0;1;0,0
22440006700000;3;1;2;0,0
22440006701000;11;6;5;42,0
22440006702000;3;2;1;0,0
22440006703000;6;4;2;71,5
22440006704000;7;4;3;37,6
22440006710000;1;0;1;0,0
22440006717000;12;6;6;48,6
22440006718000;10;6;4;24,8
22440006720000;6;4;2;64,2
22440006721000;9;4;5;48,0
22440006722000;26;14;12;45,6
22440006723000;81;55;26;39,0
22440006724000;11;6;5;55,5
22440006725000;9;5;4;51,1
22440006728000;12;5;7;56,7
22440006729000;2;1;1;0,0
22440006731000;23;14;9;33,7
22440006732000;24;15;9;39,8
22440006733000;17;10;7;51,8
22440006734000;28;17;11;48,1
22440006735000;10;6;4;65,4
22440006736000;1;1;0;0,0
22440006739000;3;2;1;0,0
22440006740000;1;1;0;0,0
22440006741000;25;12;13;49,8
22440006742000;30;17;13;42,3
22440006743000;1;0;1;0,0
22440006744000;4;3;1;0,0
22440006745000;3;2;1;0,0
22440006746000;32;15;17;49,3
22440006747000;40;19;21;37,8
22440006748000;7;4;3;46,6
22440006753000;70;32;38;44,8
22440006754000;18;8;10;40,9
22440006759000;6;3;3;33,3
22440006760000;6;4;2;32,3
22440006762000;20;13;7;38,1
22440006763000;16;11;5;44,0
22440006764000;11;5;6;43,2
22440006785000;21;13;8;46,7
22440006786000;18;10;8;29,3
22440006795000;14;6;8;47,9
22440006796000;41;24;17;42,8
22440006797000;170;90;80;45,4
22440006798000;10;6;4;40,0
22440006805000;4;1;3;0,0
22440006806000;2;1;1;0,0
22440006814000;7;3;4;28,9
22440006815000;5;2;3;23,8
22440006816000;14;8;6;44,6
22440006818000;10;5;5;24,3
22440006819000;6;2;4;37,5
22440006820000;133;62;71;36,6
22440006821000;74;40;34;40,9
22440006822000;267;126;141;55,5
22440006823000;195;93;102;44,6
22440006824000;9;4;5;51,4
22440006825000;11;5;6;45,2
22440006826000;14;7;7;40,1
22440006827000;30;14;16;39,1
22440006828000;5;3;2;57,6
22440006829000;19;11;8;38,8
22440006871000;8;4;4;59,3
22440006897000;16;9;7;58,9
22440006898000;8;4;4;47,3
22440006962000;2;1;1;0,0
22440006963000;8;5;3;43,9
22440006966000;14;8;6;42,2
22440006967000;8;4;4;47,4
22440006968000;1;1;0;0,0
22440006969000;1;1;0;0,0
22440006971000;4;1;3;0,0
22440006972000;6;4;2;61,8
22440006973000;7;4;3;33,9
22440006976000;20;11;9;36,8
22440006977000;17;8;9;40,6
22440007005000;2;1;1;0,0
22440007006000;1;1;0;0,0
22440007007000;17;11;6;30,6
22440007008000;12;7;5;52,0
22440007009000;11;6;5;30,5
22440007010000;5;2;3;57,0
22440007011000;2;1;1;0,0
22440007012000;5;4;1;64,0
22440007034000;29;14;15;52,7
22440007036000;22;11;11;35,5
22440007045000;14;6;8;48,9
22440007063000;5;3;2;71,4
22440007064000;16;11;5;23,9
22440007065000;116;64;52;44,5
22440007066000;19;9;10;45,0
22440007067000;4;2;2;0,0
22440007068000;35;18;17;42,9
22440007070000;3;1;2;0,0
22440007071000;11;6;5;62,3
22440007072000;4;2;2;0,0
22440007075000;17;9;8;26,9
22440007076000;35;18;17;31,9
22440007078000;27;14;13;41,4
22440007079000;40;17;23;40,6
22440007080000;74;35;39;43,3
22440007081000;837;392;445;47,3
22440007082000;149;83;66;34,3
22440007083000;33;16;17;38,0
22440007087000;11;5;6;27,2
22440007088000;9;5;4;39,2
22440007089000;1;1;0;0,0
22440007090000;32;18;14;43,0
22440007091000;30;15;15;45,7
22450006590000;4;4;0;0,0
22450006608000;1;1;0;0,0
22450006609000;24;10;14;53,2
22450006610000;4;2;2;0,0
22450006611000;3;2;1;0,0
22450006612000;2;1;1;0,0
22450006614000;4;3;1;0,0
22450006615000;1;1;0;0,0
22450006616000;20;11;9;42,2
22450006617000;5;2;3;33,0
22450006618000;23;9;14;49,9
22450006619000;10;6;4;47,2
22450006626000;13;7;6;35,0
22450006627000;81;47;34;39,8
22450006628000;48;25;23;40,6
22450006629000;9;7;2;43,8
22450006630000;21;9;12;35,8
22450006631000;2;1;1;0,0
22450006632000;262;144;118;37,5
22450006633000;1781;908;873;36,3
22450006634000;216;114;102;35,9
22450006635000;393;201;192;35,5
22450006636000;440;215;225;31,4
22450006637000;68;35;33;38,8
22450006638000;546;274;272;33,1
22450006639000;1309;657;652;36,9
22450006640000;2094;1049;1045;39,2
22450006641000;2297;1126;1171;39,5
22450006642000;1847;917;930;36,9
22450006643000;1382;704;678;39,5
22450006644000;892;422;470;36,4
22450006645000;72;37;35;31,1
22450006646000;37;21;16;39,3
22450006647000;60;33;27;34,8
22450006648000;18;6;12;42,7
22450006650000;9;4;5;46,9
22450006651000;462;237;225;39,0
22450006652000;363;203;160;35,2
22450006653000;24;15;9;49,1
22450006674000;1;1;0;0,0
22450006686000;338;165;173;40,9
22450006687000;61;31;30;38,1
22450006692000;16;7;9;36,6
22450006693000;4;2;2;0,0
22450006694000;12;6;6;55,7
22450006695000;4;2;2;0,0
22450006696000;49;24;25;44,3
22450006697000;33;18;15;43,6
22450006704000;19;12;7;36,7
22450006705000;8;4;4;33,0
22450006706000;12;7;5;39,8
22450006707000;1;0;1;0,0
22450006711000;2;1;1;0,0
22450006715000;7;4;3;34,1
22450006716000;5;3;2;60,2
22450006717000;5;3;2;39,8
22450006718000;5;3;2;67,6
22450006725000;17;7;10;45,9
22450006726000;11;7;4;39,3
22450006727000;7;3;4;75,0
22450006728000;8;3;5;30,3
22450006729000;2;1;1;0,0
22450006730000;2;1;1;0,0
22450006731000;8;4;4;42,3
22450006732000;2;1;1;0,0
22450006738000;179;91;88;47,4
22450006739000;25;13;12;42,5
22450006740000;41;22;19;45,1
22450006741000;30;14;16;48,8
22450006742000;20;12;8;46,7
22450006743000;8;5;3;28,1
22450006746000;19;10;9;52,1
22450006747000;4;2;2;0,0
22450006752000;17;7;10;38,6
22450006753000;27;14;13;42,8
22450006759000;12;5;7;43,4
22450006760000;11;5;6;32,5
22450006761000;4;2;2;0,0
22450006762000;5;3;2;16,4
22450006784000;22;11;11;37,1
22450006785000;5;3;2;41,2
22450006786000;3;2;1;0,0
22450006793000;3;2;1;0,0
22450006794000;7;5;2;41,6
22450006795000;33;17;16;43,6
22450006796000;17;6;11;32,5
22450006797000;39;21;18;46,8
22450006798000;14;8;6;51,6
22450006799000;5;1;4;34,0
22450006803000;5;4;1;52,0
22450006804000;10;7;3;54,8
22450006805000;45;24;21;41,1
22450006806000;5;3;2;38,0
22450006813000;9;5;4;43,0
22450006814000;24;15;9;44,3
22450006815000;20;12;8;45,3
22450006816000;46;23;23;46,1
22450006817000;35;15;20;42,4
22450006818000;49;25;24;38,0
22450006819000;60;27;33;44,7
22450006820000;4;3;1;0,0
22450006821000;5;2;3;38,4
22450006822000;13;8;5;59,7
22450006823000;1;0;1;0,0
22450006824000;25;14;11;47,6
22450006826000;3;2;1;0,0
22450006897000;4;3;1;0,0
22450006959000;11;5;6;31,6
22450006962000;10;3;7;28,0
22450006963000;32;14;18;34,0
22450006964000;17;11;6;47,1
22450006967000;5;2;3;24,0
22450006968000;2;2;0;0,0
22450006972000;3;1;2;0,0
22450006973000;1;1;0;0,0
22450006975000;61;30;31;39,4
22450006976000;294;150;144;49,8
22450006977000;206;93;113;51,3
22450007009000;13;6;7;33,0
22450007010000;5;2;3;55,6
22450007023000;3;1;2;0,0
22450007034000;9;5;4;40,7
22450007035000;6;3;3;65,0
22450007036000;22;11;11;42,6
22450007045000;9;5;4;37,7
22450007046000;15;7;8;46,2
22450007047000;8;4;4;47,6
22450007048000;24;13;11;45,7
22450007066000;7;3;4;39,7
22450007067000;14;9;5;51,8
22450007068000;25;10;15;54,9
22450007069000;2;1;1;0,0
22450007070000;10;6;4;44,0
22450007071000;75;36;39;44,9
22450007072000;29;13;16;50,5
22450007076000;9;6;3;61,1
22450007077000;13;7;6;49,7
22450007078000;21;11;10;53,0
22450007079000;1;1;0;0,0
22450007080000;6;4;2;31,5
22450007081000;20;13;7;47,7
22450007082000;10;5;5;28,8
22450007083000;14;8;6;46,1
22450007084000;8;4;4;31,3
22450007089000;26;14;12;44,1
22450007090000;15;8;7;26,8
22450007091000;3;2;1;0,0
22450007093000;4;3;1;0,0
22460006607000;6;4;2;50,2
22460006609000;4;2;2;0,0
22460006610000;11;8;3;44,8
22460006618000;14;8;6;40,1
22460006619000;15;8;7;40,3
22460006620000;9;4;5;47,0
22460006626000;211;105;106;26,1
22460006627000;234;115;119;35,2
22460006628000;66;38;28;42,8
22460006629000;9;5;4;53,1
22460006633000;330;168;162;42,1
22460006634000;1684;828;856;38,0
22460006635000;950;487;463;43,0
22460006636000;1602;821;781;36,4
22460006637000;284;143;141;36,8
22460006638000;1535;765;770;37,5
22460006639000;928;448;480;39,0
22460006640000;378;182;196;43,0
22460006641000;546;262;284;46,1
22460006642000;1336;679;657;39,3
22460006643000;1525;737;788;36,9
22460006644000;944;469;475;37,1
22460006645000;653;308;345;41,8
22460006646000;813;413;400;39,9
22460006647000;224;113;111;41,2
22460006648000;30;18;12;42,6
22460006649000;1103;564;539;36,4
22460006650000;1009;514;495;40,4
22460006651000;513;261;252;38,7
22460006652000;1252;611;641;47,1
22460006653000;22;14;8;42,1
22460006655000;618;318;300;29,7
22460006656000;250;131;119;27,8
22460006657000;36;19;17;39,8
22460006658000;7;4;3;37,3
22460006659000;3;2;1;0,0
22460006664000;7;5;2;40,1
22460006685000;1;1;0;0,0
22460006686000;547;268;279;40,1
22460006687000;424;211;213;39,1
22460006688000;2;1;1;0,0
22460006690000;15;9;6;42,3
22460006691000;16;10;6;45,4
22460006692000;71;40;31;39,4
22460006693000;28;16;12;42,0
22460006694000;19;9;10;36,2
22460006695000;1;1;0;0,0
22460006696000;39;21;18;46,4
22460006697000;224;116;108;35,9
22460006698000;104;55;49;45,1
22460006707000;10;5;5;47,1
22460006708000;3;3;0;0,0
22460006709000;13;7;6;37,0
22460006712000;4;1;3;0,0
22460006713000;2;1;1;0,0
22460006714000;9;6;3;27,7
22460006715000;2;2;0;0,0
22460006718000;4;3;1;0,0
22460006728000;49;28;21;52,8
22460006729000;25;13;12;38,2
22460006730000;30;13;17;48,0
22460006731000;32;17;15;46,0
22460006732000;6;3;3;58,7
22460006733000;47;23;24;38,5
22460006734000;250;125;125;46,0
22460006735000;227;112;115;41,2
22460006736000;123;57;66;40,9
22460006737000;254;128;126;44,9
22460006738000;608;271;337;46,3
22460006739000;160;83;77;38,6
22460006740000;87;43;44;41,6
22460006741000;26;15;11;55,2
22460006746000;23;13;10;33,9
22460006752000;31;23;8;44,2
22460006754000;24;14;10;42,0
22460006759000;2;1;1;0,0
22460006760000;52;19;33;37,1
22460006761000;48;23;25;42,5
22460006762000;2;1;1;0,0
22460006763000;13;5;8;50,9
22460006784000;30;16;14;48,5
22460006785000;27;14;13;46,6
22460006792000;19;10;9;53,1
22460006793000;19;10;9;47,4
22460006794000;12;8;4;55,6
22460006795000;531;278;253;42,0
22460006796000;288;138;150;47,1
22460006797000;126;63;63;36,9
22460006798000;36;19;17;43,9
22460006799000;12;7;5;32,6
22460006802000;1;1;0;0,0
22460006803000;28;15;13;41,6
22460006804000;24;14;10;41,8
22460006805000;57;32;25;42,3
22460006806000;9;4;5;50,7
22460006807000;2;1;1;0,0
22460006809000;4;2;2;0,0
22460006810000;11;8;3;42,4
22460006811000;9;4;5;50,1
22460006812000;29;12;17;38,1
22460006813000;25;13;12;35,9
22460006815000;48;25;23;42,2
22460006816000;14;8;6;33,1
22460006817000;12;9;3;38,4
22460006818000;18;5;13;45,7
22460006824000;37;21;16;39,5
22460006898000;2;2;0;0,0
22460006899000;5;2;3;37,4
22460006900000;1;1;0;0,0
22460006959000;2;1;1;0,0
22460006961000;3;0;3;0,0
22460006962000;18;10;8;44,6
22460006963000;54;26;28;36,5
22460006964000;15;8;7;55,7
22460006972000;1;1;0;0,0
22460006973000;7;4;3;56,0
22460006974000;8;4;4;48,3
22460006975000;228;110;118;35,7
22460006976000;160;83;77;42,9
22460006977000;76;40;36;50,6
22460006978000;4;2;2;0,0
22460006979000;2;1;1;0,0
22460006980000;4;2;2;0,0
22460007006000;8;4;4;49,0
22460007007000;9;4;5;40,3
22460007008000;97;50;47;38,5
22460007009000;20;10;10;45,8
22460007010000;9;3;6;39,4
22460007011000;24;13;11;33,2
22460007024000;4;2;2;0,0
22460007032000;4;2;2;0,0
22460007035000;6;3;3;70,7
22460007036000;36;18;18;39,7
22460007044000;12;6;6;23,9
22460007045000;11;4;7;57,8
22460007046000;29;16;13;50,2
22460007047000;8;4;4;32,9
22460007058000;5;5;0;39,6
22460007059000;4;3;1;0,0
22460007061000;20;11;9;44,9
22460007067000;17;11;6;51,2
22460007068000;7;4;3;48,9
22460007071000;70;36;34;38,6
22460007072000;9;4;5;21,9
22460007077000;58;36;22;37,3
22460007078000;30;15;15;31,0
22460007080000;28;12;16;37,4
22460007081000;25;11;14;33,1
22460007082000;3;2;1;0,0
22460007089000;30;12;18;30,6
22460007090000;5;3;2;30,0
22460007093000;24;14;10;45,0
22460007094000;12;7;5;45,6
22460007095000;2;1;1;0,0
22470006607000;3;2;1;0,0
22470006608000;200;105;95;47,2
22470006621000;7;3;4;46,9
22470006622000;37;21;16;38,4
22470006623000;72;35;37;35,3
22470006624000;1250;628;622;42,7
22470006625000;305;134;171;47,8
22470006626000;685;371;314;36,9
22470006627000;810;427;383;36,7
22470006628000;154;86;68;33,3
22470006629000;213;110;103;39,8
22470006630000;6;2;4;19,2
22470006631000;50;23;27;51,7
22470006632000;963;473;490;36,1
22470006633000;346;174;172;40,5
22470006634000;189;95;94;43,4
22470006635000;867;418;449;46,8
22470006636000;131;72;59;38,4
22470006637000;252;143;109;43,4
22470006638000;111;57;54;51,2
22470006639000;3;1;2;0,0
22470006641000;23;13;10;44,5
22470006642000;133;66;67;39,0
22470006643000;299;136;163;39,8
22470006644000;1814;877;937;39,8
22470006645000;1132;566;566;40,6
22470006646000;2898;1442;1456;38,1
22470006647000;1182;604;578;35,6
22470006648000;1753;859;894;34,8
22470006649000;1468;754;714;36,2
22470006650000;518;256;262;39,4
22470006651000;3555;1707;1848;40,6
22470006652000;2388;1117;1271;43,7
22470006653000;49;28;21;47,2
22470006654000;691;356;335;37,8
22470006655000;1622;841;781;33,7
22470006656000;401;208;193;36,4
22470006657000;91;42;49;44,5
22470006658000;72;34;38;47,1
22470006686000;94;43;51;38,9
22470006687000;114;65;49;27,6
22470006688000;83;42;41;37,4
22470006689000;155;76;79;47,3
22470006690000;4;2;2;0,0
22470006691000;11;7;4;31,5
22470006692000;1;0;1;0,0
22470006693000;13;5;8;31,1
22470006694000;34;16;18;51,3
22470006695000;16;9;7;49,8
22470006696000;28;16;12;46,3
22470006697000;4;2;2;0,0
22470006698000;29;15;14;45,7
22470006699000;15;8;7;46,3
22470006700000;15;6;9;45,9
22470006701000;18;11;7;46,4
22470006702000;7;4;3;40,0
22470006703000;5;3;2;62,8
22470006717000;20;8;12;35,9
22470006718000;16;9;7;27,1
22470006729000;5;2;3;69,0
22470006730000;15;10;5;44,9
22470006731000;30;17;13;56,0
22470006732000;7;2;5;18,9
22470006733000;2;1;1;0,0
22470006734000;24;12;12;49,5
22470006735000;135;78;57;43,9
22470006736000;110;52;58;34,0
22470006737000;46;23;23;48,8
22470006738000;21;8;13;37,0
22470006739000;8;6;2;40,8
22470006740000;4;1;3;0,0
22470006741000;26;15;11;55,2
22470006742000;4;1;3;0,0
22470006746000;10;7;3;37,5
22470006747000;1;1;0;0,0
22470006752000;17;7;10;33,1
22470006759000;72;37;35;48,7
22470006760000;52;24;28;41,4
22470006761000;19;9;10;45,6
22470006764000;12;8;4;47,8
22470006783000;35;17;18;40,7
22470006784000;110;57;53;34,4
22470006788000;1;1;0;0,0
22470006789000;1;1;0;0,0
22470006790000;5;4;1;57,4
22470006791000;7;4;3;43,4
22470006792000;33;16;17;50,7
22470006793000;30;17;13;35,0
22470006794000;51;27;24;42,0
22470006795000;377;197;180;34,1
22470006796000;31;14;17;47,6
22470006797000;46;22;24;39,0
22470006798000;12;4;8;54,8
22470006802000;5;3;2;30,2
22470006803000;9;3;6;33,2
22470006804000;10;6;4;29,6
22470006805000;39;20;19;43,5
22470006806000;10;4;6;51,8
22470006807000;17;7;10;37,8
22470006808000;13;5;8;49,5
22470006809000;3;1;2;0,0
22470006811000;9;4;5;33,9
22470006814000;30;14;16;41,6
22470006815000;26;16;10;38,8
22470006816000;8;4;4;54,0
22470006817000;5;2;3;60,2
22470006824000;26;13;13;52,0
22470006862000;8;4;4;48,3
22470006869000;2;0;2;0,0
22470006898000;2;1;1;0,0
22470006899000;9;5;4;46,2
22470006900000;4;2;2;0,0
22470006901000;10;5;5;32,8
22470006963000;4;2;2;0,0
22470006973000;2;1;1;0,0
22470006974000;15;7;8;38,9
22470006975000;3;3;0;0,0
22470006976000;2;1;1;0,0
22470006979000;1;1;0;0,0
22470006980000;6;3;3;44,7
22470006981000;1;0;1;0,0
22470007005000;8;4;4;19,1
22470007006000;30;13;17;38,8
22470007007000;8;4;4;41,8
22470007008000;52;24;28;47,3
22470007009000;10;5;5;49,0
22470007010000;1;1;0;0,0
22470007011000;18;9;9;32,1
22470007021000;13;6;7;42,7
22470007022000;17;9;8;41,6
22470007023000;29;17;12;36,6
22470007024000;68;37;31;36,4
22470007030000;2;1;1;0,0
22470007033000;12;6;6;43,9
22470007037000;9;8;1;40,8
22470007044000;6;3;3;46,5
22470007054000;14;5;9;27,1
22470007055000;7;5;2;60,6
22470007056000;26;13;13;38,2
22470007057000;45;21;24;42,4
22470007058000;209;109;100;36,9
22470007059000;37;20;17;40,6
22470007061000;12;7;5;28,7
22470007068000;4;2;2;0,0
22470007072000;62;37;25;48,5
22470007077000;70;34;36;39,3
22470007078000;7;2;5;64,1
22470007080000;4;2;2;0,0
22470007081000;8;6;2;23,6
22470007089000;12;7;5;31,3
22470007090000;23;12;11;49,9
22470007091000;6;3;3;60,7
22470007092000;18;8;10;53,6
22470007093000;24;12;12;33,0
22470007094000;67;36;31;50,9
22470007095000;18;8;10;34,8
22480006608000;452;223;229;46,9
22480006609000;144;72;72;43,4
22480006622000;101;52;49;27,3
22480006623000;1247;618;629;37,8
22480006624000;395;187;208;45,4
22480006625000;14;8;6;50,5
22480006627000;82;41;41;53,7
22480006628000;47;20;27;42,2
22480006629000;56;26;30;36,8
22480006632000;9;6;3;44,1
22480006633000;72;36;36;44,3
22480006641000;106;56;50;38,6
22480006642000;135;70;65;45,2
22480006644000;1160;602;558;41,0
22480006645000;1658;835;823;39,7
22480006646000;2072;1050;1022;38,3
22480006647000;2222;1101;1121;39,5
22480006648000;1805;836;969;47,7
22480006649000;1515;718;797;38,8
22480006650000;1769;835;934;45,9
22480006651000;2641;1277;1364;39,2
22480006652000;500;264;236;42,7
22480006653000;2709;1298;1411;37,2
22480006654000;718;371;347;39,8
22480006655000;423;207;216;36,6
22480006656000;12;6;6;38,4
22480006661000;7;2;5;36,1
22480006673000;3;2;1;0,0
22480006686000;2;1;1;0,0
22480006688000;131;67;64;37,4
22480006689000;42;21;21;44,4
22480006691000;23;11;12;37,3
22480006692000;9;6;3;32,4
22480006693000;11;6;5;50,7
22480006694000;12;5;7;50,4
22480006695000;5;2;3;54,6
22480006696000;3;2;1;0,0
22480006697000;14;6;8;45,1
22480006698000;59;31;28;41,7
22480006699000;30;16;14;48,6
22480006700000;13;7;6;59,8
22480006701000;14;6;8;29,5
22480006702000;35;15;20;42,3
22480006703000;29;17;12;52,3
22480006704000;18;9;9;41,2
22480006705000;9;5;4;42,9
22480006714000;2;1;1;0,0
22480006715000;12;5;7;46,5
22480006716000;9;6;3;59,7
22480006717000;4;1;3;0,0
22480006731000;6;4;2;29,2
22480006735000;5;3;2;26,4
22480006736000;5;1;4;22,6
22480006739000;7;3;4;33,4
22480006749000;10;5;5;32,0
22480006759000;44;23;21;38,0
22480006760000;3;2;1;0,0
22480006764000;9;6;3;27,6
22480006782000;17;10;7;36,5
22480006783000;25;14;11;37,9
22480006784000;35;17;18;37,1
22480006788000;19;8;11;49,4
22480006789000;17;6;11;40,9
22480006790000;10;6;4;52,2
22480006791000;26;16;10;39,3
22480006792000;64;32;32;38,1
22480006793000;90;45;45;35,5
22480006794000;34;20;14;43,4
22480006795000;60;23;37;39,4
22480006796000;24;12;12;36,1
22480006797000;13;7;6;49,2
22480006802000;6;3;3;52,8
22480006803000;13;5;8;44,2
22480006804000;8;5;3;39,0
22480006805000;24;13;11;47,7
22480006806000;363;180;183;44,7
22480006807000;433;215;218;44,0
22480006808000;40;24;16;35,1
22480006809000;41;21;20;47,7
22480006810000;49;23;26;45,2
22480006811000;15;6;9;39,5
22480006812000;16;7;9;45,1
22480006813000;8;3;5;28,9
22480006815000;4;1;3;0,0
22480006816000;7;3;4;54,4
22480006823000;17;7;10;38,7
22480006824000;9;6;3;41,9
22480006834000;10;6;4;40,7
22480006860000;1;1;0;0,0
22480006861000;2;1;1;0,0
22480006867000;11;6;5;46,8
22480006868000;3;2;1;0,0
22480006900000;64;30;34;39,6
22480006901000;20;12;8;43,2
22480006973000;5;3;2;23,4
22480006975000;1;0;1;0,0
22480006980000;17;10;7;37,9
22480006981000;10;5;5;41,7
22480007004000;6;3;3;31,7
22480007005000;18;10;8;39,4
22480007007000;33;19;14;44,1
22480007008000;15;8;7;44,1
22480007011000;16;8;8;33,8
22480007012000;10;6;4;46,6
22480007020000;1;0;1;0,0
22480007021000;35;19;16;30,1
22480007022000;51;24;27;35,1
22480007023000;18;9;9;36,3
22480007024000;98;51;47;42,8
22480007025000;37;20;17;35,2
22480007031000;29;16;13;43,3
22480007032000;1;1;0;0,0
22480007033000;72;34;38;37,1
22480007034000;97;46;51;32,0
22480007041000;46;25;21;38,3
22480007042000;5;2;3;33,6
22480007043000;6;3;3;39,3
22480007044000;1;0;1;0,0
22480007051000;18;10;8;44,6
22480007052000;28;15;13;37,3
22480007053000;11;6;5;50,5
22480007054000;26;17;9;27,6
22480007055000;18;10;8;36,4
22480007056000;67;31;36;39,5
22480007057000;70;41;29;34,3
22480007058000;7;4;3;52,3
22480007059000;51;29;22;37,4
22480007060000;109;56;53;38,3
22480007061000;128;71;57;45,4
22480007062000;15;7;8;30,3
22480007072000;3;2;1;0,0
22480007073000;6;4;2;55,2
22480007078000;1;1;0;0,0
22480007089000;3;2;1;0,0
22480007090000;4;2;2;0,0
22480007091000;3;2;1;0,0
22480007092000;18;11;7;42,2
22480007093000;17;8;9;56,7
22480007094000;226;110;116;41,3
22490006595000;2;1;1;0,0
22490006608000;96;50;46;54,9
22490006609000;276;141;135;41,8
22490006610000;171;90;81;33,9
22490006611000;16;9;7;49,1
22490006612000;26;13;13;37,5
22490006623000;333;172;161;37,3
22490006624000;2;2;0;0,0
22490006643000;39;22;17;42,2
22490006644000;998;475;523;39,7
22490006645000;1036;535;501;38,4
22490006646000;791;410;381;35,6
22490006647000;2177;997;1180;49,4
22490006648000;2324;1174;1150;37,6
22490006649000;2113;1052;1061;39,0
22490006650000;960;486;474;37,7
22490006652000;234;115;119;35,6
22490006653000;2743;1352;1391;36,3
22490006654000;936;482;454;37,5
22490006655000;42;21;21;35,8
22490006657000;3;1;2;0,0
22490006688000;38;20;18;44,4
22490006689000;145;73;72;44,3
22490006690000;48;23;25;51,0
22490006691000;3;2;1;0,0
22490006692000;27;13;14;41,3
22490006693000;8;4;4;54,8
22490006694000;8;3;5;27,8
22490006695000;4;1;3;0,0
22490006696000;8;5;3;34,0
22490006697000;3;2;1;0,0
22490006698000;47;25;22;40,7
22490006699000;47;24;23;36,0
22490006700000;21;14;7;39,8
22490006701000;14;10;4;34,0
22490006702000;26;14;12;37,3
22490006703000;131;68;63;36,9
22490006704000;35;19;16;46,5
22490006705000;20;9;11;39,1
22490006706000;3;2;1;0,0
22490006708000;10;3;7;34,5
22490006713000;10;5;5;48,1
22490006714000;56;24;32;46,1
22490006715000;14;8;6;42,5
22490006716000;3;2;1;0,0
22490006735000;6;3;3;32,5
22490006736000;3;1;2;0,0
22490006748000;6;4;2;37,0
22490006749000;18;9;9;44,2
22490006750000;10;4;6;46,4
22490006756000;4;3;1;0,0
22490006757000;11;5;6;30,6
22490006758000;178;81;97;53,9
22490006759000;21;10;11;45,0
22490006760000;10;6;4;51,0
22490006769000;9;5;4;30,8
22490006780000;15;9;6;31,7
22490006783000;1;1;0;0,0
22490006788000;30;15;15;39,4
22490006789000;16;11;5;47,1
22490006790000;69;32;37;38,1
22490006791000;6;2;4;31,2
22490006792000;68;35;33;41,3
22490006793000;45;23;22;42,3
22490006794000;39;22;17;41,2
22490006795000;2;1;1;0,0
22490006802000;6;1;5;28,0
22490006804000;5;3;2;55,0
22490006805000;55;27;28;36,4
22490006806000;63;33;30;53,0
22490006807000;50;28;22;34,0
22490006808000;33;15;18;44,0
22490006809000;9;4;5;48,3
22490006810000;9;5;4;46,2
22490006811000;23;14;9;32,0
22490006812000;17;10;7;40,9
22490006813000;11;6;5;45,2
22490006823000;19;11;8;36,7
22490006864000;3;2;1;0,0
22490006865000;2;0;2;0,0
22490006866000;26;13;13;35,5
22490006901000;12;8;4;46,3
22490006902000;9;4;5;37,8
22490006973000;1;1;0;0,0
22490006979000;9;6;3;39,6
22490006980000;18;8;10;35,5
22490006981000;4;2;2;0,0
22490007004000;2;1;1;0,0
22490007005000;5;3;2;38,8
22490007006000;8;4;4;20,0
22490007007000;6;4;2;31,2
22490007008000;4;3;1;0,0
22490007010000;7;3;4;34,7
22490007012000;12;6;6;31,6
22490007013000;12;6;6;42,0
22490007020000;3;2;1;0,0
22490007021000;3;1;2;0,0
22490007022000;24;16;8;36,5
22490007024000;32;19;13;44,3
22490007025000;36;20;16;44,2
22490007026000;4;3;1;0,0
22490007031000;3;2;1;0,0
22490007032000;16;8;8;44,6
22490007033000;222;116;106;37,4
22490007034000;41;18;23;39,7
22490007042000;3;1;2;0,0
22490007043000;15;9;6;45,6
22490007044000;11;6;5;41,9
22490007051000;89;51;38;30,7
22490007052000;27;16;11;43,4
22490007053000;16;5;11;40,6
22490007057000;23;11;12;31,4
22490007059000;33;17;16;33,6
22490007060000;394;178;216;54,3
22490007061000;380;197;183;35,4
22490007062000;38;18;20;32,7
22490007073000;5;4;1;40,2
22490007089000;1;0;1;0,0
22490007090000;13;8;5;43,1
22490007092000;5;2;3;53,4
22490007093000;22;9;13;36,4
22490007094000;22;13;9;54,3
22490007110000;1;0;1;0,0
22500006595000;6;1;5;37,8
22500006596000;226;106;120;36,6
22500006597000;28;15;13;52,9
22500006609000;101;49;52;46,1
22500006610000;687;348;339;41,3
22500006611000;420;210;210;41,2
22500006612000;91;48;43;40,7
22500006613000;30;15;15;44,8
22500006614000;3;2;1;0,0
22500006619000;4;1;3;0,0
22500006620000;4;2;2;0,0
22500006621000;12;4;8;43,9
22500006622000;49;28;21;43,7
22500006623000;7;4;3;31,9
22500006643000;41;19;22;41,7
22500006644000;191;89;102;32,3
22500006645000;507;264;243;35,1
22500006646000;1;0;1;0,0
22500006647000;263;135;128;37,8
22500006648000;1863;936;927;37,6
22500006649000;1607;789;818;40,4
22500006650000;252;124;128;34,0
22500006651000;8;4;4;39,5
22500006652000;31;15;16;35,7
22500006653000;6;3;3;30,7
22500006654000;1;1;0;0,0
22500006688000;51;26;25;37,2
22500006689000;92;49;43;42,4
22500006690000;51;21;30;36,0
22500006691000;20;13;7;42,6
22500006692000;113;60;53;37,9
22500006693000;118;55;63;38,1
22500006694000;34;15;19;45,3
22500006695000;3;2;1;0,0
22500006696000;23;15;8;38,2
22500006697000;2;2;0;0,0
22500006698000;21;12;9;28,8
22500006699000;58;30;28;38,6
22500006700000;10;5;5;44,3
22500006701000;19;10;9;44,6
22500006702000;30;11;19;49,6
22500006703000;141;74;67;42,1
22500006704000;59;30;29;47,0
22500006705000;52;29;23;45,5
22500006706000;15;8;7;49,5
22500006707000;9;6;3;51,0
22500006708000;94;47;47;36,7
22500006709000;24;13;11;34,8
22500006710000;38;14;24;53,1
22500006711000;13;7;6;40,2
22500006712000;33;16;17;33,3
22500006713000;24;13;11;61,0
22500006714000;12;5;7;54,0
22500006731000;6;3;3;65,2
22500006732000;3;2;1;0,0
22500006734000;4;2;2;0,0
22500006735000;4;3;1;0,0
22500006736000;14;8;6;36,9
22500006737000;8;4;4;60,8
22500006738000;3;1;2;0,0
22500006745000;7;3;4;46,7
22500006749000;2;2;0;0,0
22500006750000;34;19;15;41,1
22500006757000;136;71;65;39,6
22500006758000;54;30;24;42,3
22500006759000;12;7;5;54,1
22500006760000;8;5;3;46,1
22500006769000;22;11;11;49,6
22500006777000;13;6;7;33,8
22500006778000;14;7;7;52,7
22500006779000;52;25;27;30,9
22500006780000;1;1;0;0,0
22500006785000;2;2;0;0,0
22500006787000;41;22;19;33,4
22500006788000;157;83;74;37,8
22500006789000;18;9;9;47,3
22500006790000;30;17;13;41,9
22500006792000;8;4;4;44,9
22500006801000;16;11;5;35,4
22500006803000;18;13;5;45,4
22500006806000;9;4;5;40,9
22500006807000;17;5;12;50,2
22500006808000;9;6;3;57,6
22500006822000;4;3;1;0,0
22500006823000;32;16;16;40,5
22500006900000;5;3;2;43,0
22500006901000;6;3;3;53,2
22500006902000;8;3;5;46,5
22500006944000;1;1;0;0,0
22500006962000;5;3;2;48,0
22500006979000;16;11;5;38,6
22500006980000;4;3;1;0,0
22500006981000;15;7;8;44,7
22500007003000;6;3;3;36,3
22500007004000;4;3;1;0,0
22500007005000;14;5;9;34,6
22500007006000;25;16;9;42,4
22500007008000;5;3;2;32,6
22500007009000;2;1;1;0,0
22500007011000;3;3;0;0,0
22500007013000;2;1;1;0,0
22500007014000;17;10;7;37,6
22500007019000;17;9;8;37,4
22500007020000;62;34;28;39,8
22500007021000;25;12;13;31,6
22500007022000;36;18;18;30,4
22500007023000;29;15;14;32,1
22500007024000;2;1;1;0,0
22500007025000;16;10;6;42,3
22500007026000;9;4;5;50,9
22500007031000;21;12;9;30,8
22500007032000;20;11;9;41,6
22500007033000;38;19;19;40,4
22500007049000;30;18;12;38,9
22500007050000;29;13;16;38,4
22500007051000;45;23;22;42,8
22500007052000;246;120;126;31,3
22500007053000;39;21;18;37,4
22500007054000;4;1;3;0,0
22500007057000;6;4;2;26,2
22500007058000;42;20;22;37,0
22500007060000;204;84;120;49,7
22500007061000;255;125;130;39,2
22500007062000;15;7;8;44,9
22500007079000;21;9;12;43,1
22500007092000;29;14;15;41,0
22500007093000;5;3;2;39,8
22500007094000;9;3;6;38,1
22500007098000;1;1;0;0,0
22500007106000;3;1;2;0,0
22500007108000;2;1;1;0,0
22500007109000;9;5;4;72,8
22500007110000;7;4;3;45,9
22510006596000;687;364;323;38,6
22510006597000;1990;917;1073;45,5
22510006598000;296;129;167;54,4
22510006611000;178;100;78;41,6
22510006612000;7;5;2;33,7
22510006613000;5;3;2;45,0
22510006614000;11;5;6;42,5
22510006616000;1;1;0;0,0
22510006619000;35;17;18;44,3
22510006620000;39;20;19;43,1
22510006621000;46;22;24;41,7
22510006623000;5;3;2;33,0
22510006630000;9;4;5;38,7
22510006631000;2;1;1;0,0
22510006632000;13;7;6;58,5
22510006633000;2;1;1;0,0
22510006644000;2;1;1;0,0
22510006647000;584;260;324;47,6
22510006648000;2402;1227;1175;35,9
22510006649000;2763;1384;1379;36,5
22510006650000;2451;1209;1242;35,4
22510006651000;1519;737;782;42,5
22510006652000;25;13;12;41,8
22510006654000;4;3;1;0,0
22510006655000;2;1;1;0,0
22510006656000;2;1;1;0,0
22510006689000;83;45;38;33,5
22510006690000;57;25;32;41,2
22510006691000;15;9;6;40,9
22510006692000;44;22;22;44,0
22510006693000;37;20;17;44,4
22510006694000;29;18;11;38,2
22510006695000;3;2;1;0,0
22510006696000;17;9;8;46,5
22510006698000;18;11;7;37,8
22510006699000;34;20;14;38,6
22510006700000;48;24;24;38,2
22510006701000;47;27;20;42,8
22510006702000;45;26;19;40,8
22510006703000;23;11;12;56,3
22510006704000;45;24;21;48,4
22510006705000;63;30;33;35,2
22510006706000;149;83;66;38,1
22510006707000;93;45;48;43,3
22510006708000;98;48;50;41,8
22510006709000;9;5;4;52,2
22510006710000;16;8;8;32,2
22510006711000;96;55;41;43,2
22510006712000;13;6;7;40,2
22510006713000;46;22;24;48,3
22510006714000;16;9;7;50,7
22510006715000;18;8;10;49,7
22510006730000;9;6;3;59,8
22510006731000;2;1;1;0,0
22510006733000;5;2;3;14,8
22510006735000;14;8;6;52,6
22510006736000;18;9;9;45,8
22510006737000;28;18;10;36,8
22510006745000;2;1;1;0,0
22510006750000;31;16;15;46,5
22510006752000;1;1;0;0,0
22510006757000;17;10;7;29,4
22510006758000;22;12;10;43,5
22510006759000;33;14;19;47,6
22510006768000;13;5;8;42,8
22510006769000;2;2;0;0,0
22510006776000;1;1;0;0,0
22510006777000;15;7;8;43,0
22510006778000;45;25;20;37,4
22510006779000;10;6;4;55,6
22510006783000;12;8;4;41,7
22510006784000;3;1;2;0,0
22510006785000;21;11;10;30,7
22510006786000;17;10;7;46,3
22510006787000;199;111;88;34,7
22510006788000;290;151;139;39,3
22510006789000;49;27;22;41,3
22510006790000;38;20;18;51,8
22510006791000;7;4;3;62,9
22510006802000;27;16;11;47,3
22510006803000;37;19;18;44,1
22510006822000;27;14;13;40,8
22510006855000;3;3;0;0,0
22510006903000;6;4;2;23,2
22510006959000;10;4;6;28,8
22510006961000;2;1;1;0,0
22510006962000;4;2;2;0,0
22510006981000;14;5;9;37,1
22510006982000;16;10;6;41,2
22510006983000;3;1;2;0,0
22510006984000;1;0;1;0,0
22510007004000;29;14;15;38,5
22510007006000;9;5;4;27,1
22510007008000;5;4;1;20,8
22510007009000;5;1;4;33,2
22510007010000;3;2;1;0,0
22510007012000;6;5;1;43,8
22510007013000;10;4;6;29,5
22510007014000;4;1;3;0,0
22510007015000;9;7;2;47,8
22510007019000;3;2;1;0,0
22510007020000;6;3;3;35,3
22510007021000;20;9;11;48,7
22510007022000;121;62;59;39,1
22510007023000;95;50;45;47,1
22510007024000;87;43;44;35,2
22510007025000;10;6;4;24,1
22510007026000;281;154;127;37,5
22510007027000;58;24;34;37,2
22510007028000;10;6;4;27,8
22510007031000;438;232;206;28,1
22510007032000;17;9;8;47,1
22510007033000;56;32;24;37,7
22510007034000;4;1;3;0,0
22510007050000;66;35;31;35,9
22510007051000;62;34;28;44,2
22510007052000;71;34;37;32,3
22510007053000;47;26;21;34,5
22510007054000;2;1;1;0,0
22510007055000;6;3;3;30,7
22510007058000;26;15;11;40,6
22510007059000;20;10;10;41,4
22510007060000;3;1;2;0,0
22510007061000;65;34;31;38,5
22510007062000;36;22;14;39,4
22510007072000;3;1;2;0,0
22510007073000;6;4;2;43,8
22510007074000;17;7;10;52,4
22510007075000;6;3;3;35,3
22510007079000;26;16;10;44,6
22510007084000;6;2;4;20,5
22510007091000;2;1;1;0,0
22510007092000;47;26;21;42,2
22510007093000;1;0;1;0,0
22510007098000;11;7;4;41,1
22510007099000;4;2;2;0,0
22510007109000;11;6;5;62,0
22510007110000;4;2;2;0,0
22520006584000;1;0;1;0,0
22520006591000;4;2;2;0,0
22520006595000;1206;554;652;48,7
22520006596000;2796;1377;1419;38,0
22520006597000;1914;953;961;38,0
22520006598000;104;60;44;45,9
22520006599000;12;5;7;52,6
22520006600000;1;1;0;0,0
22520006601000;10;5;5;50,2
22520006611000;137;68;69;49,1
22520006612000;219;101;118;51,0
22520006613000;31;15;16;42,5
22520006614000;7;3;4;53,1
22520006615000;3;1;2;0,0
22520006616000;2;2;0;0,0
22520006617000;1;1;0;0,0
22520006618000;1;1;0;0,0
22520006619000;43;24;19;39,6
22520006620000;133;62;71;39,5
22520006621000;6;2;4;54,2
22520006622000;11;6;5;53,8
22520006625000;4;2;2;0,0
22520006626000;17;9;8;48,9
22520006627000;16;9;7;45,8
22520006628000;45;28;17;43,7
22520006629000;214;112;102;38,4
22520006630000;1119;550;569;36,8
22520006631000;239;128;111;38,8
22520006632000;120;60;60;39,8
22520006633000;66;36;30;52,3
22520006634000;92;41;51;44,3
22520006647000;1530;707;823;44,3
22520006648000;2427;1273;1154;37,5
22520006649000;2629;1317;1312;37,2
22520006650000;2475;1226;1249;39,6
22520006651000;1188;606;582;39,1
22520006652000;62;40;22;43,7
22520006653000;27;12;15;30,8
22520006661000;7;4;3;49,3
22520006687000;1;0;1;0,0
22520006689000;9;5;4;40,1
22520006690000;63;30;33;41,5
22520006691000;24;12;12;37,4
22520006692000;9;4;5;46,6
22520006693000;58;34;24;49,3
22520006694000;11;5;6;45,7
22520006695000;18;8;10;47,2
22520006696000;49;23;26;44,9
22520006697000;4;3;1;0,0
22520006698000;18;9;9;40,2
22520006699000;47;26;21;39,4
22520006700000;69;36;33;31,6
22520006701000;60;32;28;38,5
22520006702000;42;17;25;40,1
22520006703000;53;27;26;42,0
22520006704000;25;10;15;33,3
22520006705000;379;184;195;45,1
22520006706000;697;336;361;43,3
22520006707000;41;20;21;46,0
22520006708000;72;33;39;42,9
22520006709000;6;3;3;51,5
22520006710000;11;5;6;46,5
22520006711000;70;34;36;41,0
22520006712000;110;60;50;37,3
22520006713000;24;12;12;38,1
22520006723000;1;1;0;0,0
22520006730000;18;9;9;59,4
22520006733000;10;5;5;44,6
22520006736000;4;2;2;0,0
22520006745000;4;2;2;0,0
22520006749000;17;10;7;41,6
22520006750000;48;24;24;45,5
22520006751000;1;1;0;0,0
22520006752000;10;6;4;60,9
22520006756000;8;2;6;44,1
22520006757000;64;34;30;36,5
22520006759000;1;0;1;0,0
22520006760000;8;6;2;33,0
22520006768000;31;19;12;46,4
22520006776000;184;96;88;35,1
22520006777000;218;109;109;38,1
22520006778000;15;8;7;42,1
22520006779000;33;21;12;48,7
22520006780000;12;5;7;51,1
22520006781000;12;7;5;33,7
22520006782000;21;8;13;48,7
22520006783000;37;22;15;46,6
22520006784000;22;12;10;48,0
22520006785000;42;20;22;42,8
22520006786000;7;2;5;22,3
22520006787000;12;6;6;32,3
22520006788000;105;54;51;44,5
22520006789000;249;136;113;35,0
22520006790000;236;119;117;40,0
22520006791000;49;30;19;46,1
22520006792000;4;2;2;0,0
22520006793000;2;1;1;0,0
22520006800000;22;9;13;46,2
22520006801000;47;24;23;43,2
22520006802000;71;44;27;38,8
22520006803000;41;19;22;45,6
22520006822000;4;2;2;0,0
22520006823000;7;5;2;39,0
22520006902000;6;4;2;42,5
22520006903000;18;9;9;43,7
22520006984000;18;8;10;43,6
22520006985000;9;4;5;43,1
22520006986000;3;2;1;0,0
22520007004000;4;2;2;0,0
22520007005000;3;2;1;0,0
22520007009000;44;22;22;31,6
22520007010000;19;13;6;39,7
22520007011000;3;2;1;0,0
22520007013000;1;1;0;0,0
22520007014000;4;2;2;0,0
22520007015000;4;1;3;0,0
22520007022000;29;19;10;29,6
22520007023000;63;34;29;39,3
22520007024000;72;37;35;35,4
22520007025000;38;21;17;33,6
22520007026000;14;7;7;31,6
22520007027000;46;25;21;44,7
22520007028000;30;18;12;37,2
22520007029000;9;4;5;55,6
22520007030000;32;19;13;48,8
22520007031000;331;163;168;36,9
22520007032000;411;216;195;37,9
22520007033000;32;14;18;32,0
22520007050000;55;30;25;40,1
22520007051000;203;99;104;46,4
22520007052000;138;73;65;42,8
22520007053000;23;12;11;52,6
22520007054000;23;12;11;41,2
22520007055000;15;7;8;35,1
22520007056000;2;2;0;0,0
22520007058000;1;1;0;0,0
22520007059000;18;9;9;36,3
22520007060000;7;4;3;45,0
22520007061000;17;10;7;53,6
22520007062000;100;55;45;38,8
22520007063000;22;11;11;41,6
22520007074000;8;3;5;49,3
22520007079000;31;18;13;45,7
22520007080000;10;4;6;46,3
22520007082000;7;4;3;30,3
22520007083000;22;9;13;45,0
22520007084000;1;1;0;0,0
22520007098000;1;0;1;0,0
22520007099000;10;7;3;58,5
22520007107000;16;7;9;47,0
22520007108000;1;1;0;0,0
22520007109000;4;2;2;0,0
22520007110000;6;5;1;58,8
22530006584000;229;123;106;42,2
22530006585000;259;131;128;40,6
22530006586000;82;42;40;49,8
22530006587000;2;1;1;0,0
22530006588000;2;1;1;0,0
22530006589000;189;95;94;38,9
22530006590000;67;33;34;49,1
22530006591000;415;206;209;44,0
22530006592000;222;111;111;40,4
22530006593000;452;228;224;39,8
22530006594000;723;371;352;47,7
22530006595000;407;212;195;41,6
22530006596000;2778;1398;1380;47,0
22530006597000;924;449;475;42,7
22530006598000;58;29;29;35,4
22530006599000;16;9;7;43,0
22530006600000;34;17;17;47,4
22530006601000;53;25;28;43,9
22530006602000;9;6;3;55,8
22530006620000;8;4;4;62,5
22530006621000;585;283;302;48,4
22530006622000;1003;475;528;49,8
22530006623000;530;266;264;47,2
22530006624000;44;19;25;44,9
22530006625000;3;2;1;0,0
22530006626000;61;33;28;51,0
22530006627000;16;8;8;32,8
22530006628000;46;26;20;40,5
22530006629000;93;46;47;36,9
22530006630000;321;154;167;35,5
22530006631000;293;153;140;41,1
22530006632000;44;21;23;36,7
22530006634000;88;45;43;44,9
22530006635000;152;67;85;39,1
22530006636000;381;199;182;41,0
22530006637000;53;24;29;46,8
22530006639000;4;3;1;0,0
22530006645000;70;34;36;34,3
22530006646000;277;149;128;36,8
22530006647000;64;30;34;51,2
22530006648000;1552;782;770;37,7
22530006649000;2069;994;1075;40,0
22530006650000;3010;1433;1577;47,4
22530006651000;3188;1574;1614;36,8
22530006652000;2422;1173;1249;38,7
22530006653000;564;280;284;38,9
22530006654000;108;65;43;46,0
22530006655000;2;1;1;0,0
22530006661000;17;8;9;53,7
22530006662000;44;26;18;42,1
22530006690000;32;19;13;45,8
22530006691000;85;47;38;39,6
22530006692000;8;4;4;23,8
22530006693000;23;12;11;47,3
22530006694000;46;26;20;40,5
22530006695000;51;27;24;47,0
22530006696000;17;10;7;44,2
22530006697000;97;50;47;40,3
22530006698000;21;10;11;40,6
22530006699000;18;8;10;45,4
22530006700000;107;49;58;38,8
22530006701000;35;19;16;33,0
22530006702000;31;18;13;41,8
22530006703000;66;33;33;46,3
22530006704000;8;5;3;57,0
22530006705000;366;174;192;42,5
22530006706000;278;147;131;36,5
22530006707000;175;86;89;40,6
22530006708000;97;53;44;41,4
22530006709000;14;6;8;35,8
22530006710000;7;4;3;60,3
22530006711000;34;14;20;38,0
22530006712000;14;9;5;45,4
22530006713000;2;1;1;0,0
22530006714000;33;20;13;36,5
22530006715000;15;7;8;41,4
22530006729000;2;1;1;0,0
22530006730000;10;6;4;41,0
22530006731000;3;2;1;0,0
22530006749000;6;3;3;40,0
22530006750000;36;17;19;36,8
22530006751000;6;3;3;55,8
22530006752000;14;8;6;46,5
22530006755000;8;4;4;45,1
22530006757000;25;9;16;51,4
22530006758000;45;20;25;44,9
22530006759000;37;19;18;51,1
22530006760000;24;15;9;41,0
22530006768000;33;19;14;37,3
22530006771000;17;10;7;41,1
22530006774000;14;7;7;32,1
22530006775000;57;26;31;41,5
22530006776000;281;149;132;35,2
22530006777000;50;27;23;50,4
22530006778000;10;6;4;42,9
22530006779000;18;11;7;33,6
22530006780000;15;9;6;51,1
22530006781000;83;37;46;38,7
22530006782000;613;308;305;36,0
22530006783000;205;105;100;41,6
22530006784000;73;41;32;40,1
22530006785000;33;21;12;49,6
22530006786000;20;10;10;35,2
22530006787000;58;30;28;35,3
22530006788000;127;58;69;39,5
22530006789000;68;39;29;42,3
22530006790000;291;152;139;39,3
22530006791000;37;16;21;34,4
22530006792000;36;17;19;47,9
22530006793000;44;21;23;44,3
22530006794000;14;6;8;40,9
22530006799000;9;5;4;45,4
22530006800000;53;27;26;38,8
22530006801000;34;17;17;33,3
22530006802000;48;24;24;45,8
22530006803000;29;16;13;48,1
22530006804000;10;6;4;33,3
22530006866000;2;2;0;0,0
22530006867000;1;1;0;0,0
22530006903000;6;3;3;26,8
22530006904000;1;1;0;0,0
22530006955000;3;1;2;0,0
22530006956000;5;2;3;29,2
22530006984000;22;10;12;33,1
22530006985000;12;6;6;47,8
22530006986000;28;15;13;43,1
22530007005000;5;3;2;65,8
22530007009000;10;5;5;50,6
22530007010000;29;16;13;35,7
22530007011000;23;15;8;49,3
22530007012000;176;83;93;53,4
22530007013000;346;183;163;35,5
22530007014000;6;3;3;30,2
22530007020000;4;2;2;0,0
22530007023000;5;2;3;36,0
22530007026000;6;2;4;41,5
22530007027000;12;6;6;45,2
22530007028000;20;11;9;39,0
22530007029000;39;23;16;41,9
22530007030000;66;32;34;40,4
22530007031000;343;157;186;47,8
22530007032000;157;83;74;45,0
22530007036000;6;3;3;52,5
22530007037000;40;23;17;45,3
22530007038000;12;7;5;41,6
22530007039000;71;41;30;39,0
22530007040000;2;1;1;0,0
22530007049000;2;1;1;0,0
22530007050000;28;15;13;37,4
22530007051000;38;17;21;37,4
22530007052000;31;18;13;49,5
22530007053000;46;23;23;37,5
22530007054000;30;16;14;34,1
22530007055000;1;0;1;0,0
22530007057000;2;0;2;0,0
22530007059000;1;1;0;0,0
22530007061000;6;3;3;67,7
22530007062000;32;12;20;33,4
22530007063000;23;12;11;43,9
22530007064000;2;1;1;0,0
22530007074000;8;4;4;50,5
22530007082000;19;11;8;31,6
22530007083000;1;1;0;0,0
22530007084000;2;1;1;0,0
22530007096000;12;6;6;52,6
22530007097000;4;2;2;0,0
22530007101000;12;5;7;38,6
22530007108000;5;1;4;41,0
22530007109000;1;1;0;0,0
22530007111000;2;1;1;0,0
22530007112000;40;25;15;43,2
22530007113000;15;9;6;26,4
22540006582000;12;6;6;52,3
22540006583000;116;60;56;35,3
22540006584000;556;273;283;42,7
22540006585000;36;19;17;42,6
22540006586000;25;16;9;32,2
22540006587000;2;1;1;0,0
22540006588000;21;11;10;37,7
22540006589000;64;33;31;43,8
22540006590000;179;99;80;39,6
22540006591000;177;93;84;34,1
22540006592000;29;15;14;42,0
22540006593000;683;300;383;47,3
22540006594000;1609;818;791;41,2
22540006595000;3228;1588;1640;38,7
22540006596000;2627;1282;1345;45,2
22540006597000;664;329;335;44,3
22540006598000;161;77;84;35,0
22540006601000;12;6;6;49,1
22540006602000;6;3;3;37,0
22540006603000;12;8;4;37,8
22540006604000;1;1;0;0,0
22540006607000;7;3;4;56,0
22540006608000;6;1;5;43,0
22540006609000;3;2;1;0,0
22540006610000;10;6;4;48,1
22540006612000;1;1;0;0,0
22540006613000;49;22;27;40,9
22540006614000;112;60;52;44,3
22540006615000;3;2;1;0,0
22540006616000;9;4;5;44,2
22540006617000;7;4;3;34,4
22540006618000;7;3;4;64,0
22540006619000;148;72;76;42,2
22540006620000;1359;677;682;38,8
22540006621000;2620;1257;1363;40,1
22540006622000;1593;767;826;45,6
22540006623000;117;58;59;42,5
22540006624000;30;18;12;47,3
22540006625000;7;5;2;50,1
22540006626000;19;12;7;49,2
22540006627000;6;3;3;51,5
22540006628000;31;21;10;29,7
22540006629000;2;1;1;0,0
22540006630000;26;12;14;43,7
22540006631000;256;131;125;39,1
22540006632000;9;4;5;28,4
22540006633000;3;1;2;0,0
22540006635000;3;2;1;0,0
22540006636000;433;219;214;35,1
22540006637000;358;173;185;35,1
22540006638000;52;26;26;42,5
22540006639000;440;233;207;39,9
22540006645000;457;228;229;37,5
22540006646000;1601;805;796;38,1
22540006647000;1647;798;849;36,3
22540006648000;838;413;425;36,8
22540006649000;3305;1654;1651;41,5
22540006650000;2852;1412;1440;36,7
22540006651000;3049;1541;1508;37,2
22540006652000;3095;1512;1583;37,9
22540006653000;2892;1277;1615;45,6
22540006654000;877;422;455;55,2
22540006655000;8;4;4;41,8
22540006656000;5;2;3;36,6
22540006660000;6;3;3;37,7
22540006661000;88;44;44;39,7
22540006662000;19;8;11;47,5
22540006663000;13;6;7;27,4
22540006686000;4;2;2;0,0
22540006687000;13;8;5;39,1
22540006688000;6;3;3;41,7
22540006690000;13;4;9;37,3
22540006691000;183;87;96;39,9
22540006692000;40;21;19;33,3
22540006693000;21;12;9;41,0
22540006694000;58;30;28;36,1
22540006695000;87;49;38;38,2
22540006696000;14;5;9;46,2
22540006697000;39;22;17;35,1
22540006698000;11;6;5;51,7
22540006699000;54;26;28;41,6
22540006700000;214;93;121;40,9
22540006701000;47;22;25;41,2
22540006702000;18;9;9;38,4
22540006703000;85;46;39;41,9
22540006704000;345;172;173;36,6
22540006705000;535;264;271;36,7
22540006706000;37;15;22;50,5
22540006707000;7;5;2;29,9
22540006708000;34;17;17;40,1
22540006709000;3;1;2;0,0
22540006712000;1;1;0;0,0
22540006715000;9;3;6;27,1
22540006716000;44;23;21;35,9
22540006717000;3;2;1;0,0
22540006729000;65;33;32;37,2
22540006730000;21;10;11;42,1
22540006732000;16;9;7;49,9
22540006733000;12;6;6;37,4
22540006734000;19;10;9;43,6
22540006735000;28;15;13;31,8
22540006747000;1;1;0;0,0
22540006749000;12;6;6;25,6
22540006750000;28;16;12;29,4
22540006751000;2;1;1;0,0
22540006752000;7;5;2;40,4
22540006753000;4;3;1;0,0
22540006755000;5;3;2;19,0
22540006757000;7;4;3;35,6
22540006758000;18;11;7;47,6
22540006759000;22;13;9;37,6
22540006767000;9;6;3;23,6
22540006768000;57;33;24;35,4
22540006771000;59;30;29;41,6
22540006772000;59;33;26;43,1
22540006773000;40;19;21;36,5
22540006774000;1;1;0;0,0
22540006782000;368;193;175;38,4
22540006783000;310;147;163;38,8
22540006784000;344;161;183;39,5
22540006785000;863;416;447;42,5
22540006786000;684;306;378;47,7
22540006787000;113;62;51;39,4
22540006793000;28;17;11;45,1
22540006794000;29;20;9;48,0
22540006795000;19;9;10;36,5
22540006796000;11;8;3;39,9
22540006797000;26;11;15;33,8
22540006798000;149;72;77;30,9
22540006799000;33;16;17;33,4
22540006800000;131;68;63;40,5
22540006801000;246;116;130;44,8
22540006802000;76;37;39;39,9
22540006803000;22;11;11;47,0
22540006856000;2;1;1;0,0
22540006866000;1;0;1;0,0
22540006903000;8;4;4;25,5
22540006904000;12;5;7;46,9
22540006954000;12;5;7;46,5
22540006955000;2;1;1;0,0
22540006979000;2;1;1;0,0
22540006980000;4;2;2;0,0
22540006986000;2;1;1;0,0
22540006987000;35;13;22;35,3
22540006997000;6;4;2;35,8
22540007005000;4;1;3;0,0
22540007006000;11;5;6;37,0
22540007011000;3;1;2;0,0
22540007013000;14;8;6;29,9
22540007014000;103;56;47;39,6
22540007015000;38;19;19;44,6
22540007019000;8;3;5;38,8
22540007020000;33;15;18;32,4
22540007021000;4;3;1;0,0
22540007027000;45;23;22;32,4
22540007030000;33;18;15;43,8
22540007031000;6;3;3;35,0
22540007036000;67;38;29;38,5
22540007037000;14;7;7;55,9
22540007038000;19;10;9;52,2
22540007039000;18;7;11;35,8
22540007040000;19;11;8;40,6
22540007050000;24;11;13;28,6
22540007051000;20;10;10;29,3
22540007055000;2;1;1;0,0
22540007058000;5;2;3;21,6
22540007059000;6;3;3;52,7
22540007060000;2;2;0;0,0
22540007061000;23;14;9;47,2
22540007062000;26;14;12;32,6
22540007063000;5;3;2;45,4
22540007064000;22;12;10;46,1
22540007076000;1;1;0;0,0
22540007077000;3;2;1;0,0
22540007097000;3;2;1;0,0
22540007102000;10;4;6;35,0
22540007103000;16;8;8;50,9
22540007111000;8;6;2;52,9
22540007113000;7;3;4;50,1
22550006582000;4;2;2;0,0
22550006583000;220;114;106;40,1
22550006584000;150;74;76;39,7
22550006586000;23;11;12;32,1
22550006587000;6;3;3;47,8
22550006588000;33;15;18;39,5
22550006589000;7;2;5;50,1
22550006590000;137;65;72;36,5
22550006591000;435;222;213;34,2
22550006592000;130;63;67;35,4
22550006593000;1660;838;822;37,3
22550006594000;1957;985;972;37,8
22550006595000;2228;1097;1131;42,1
22550006596000;1826;938;888;39,2
22550006597000;2105;1031;1074;40,8
22550006598000;1571;775;796;37,4
22550006599000;768;410;358;41,8
22550006600000;167;91;76;36,6
22550006601000;8;4;4;38,3
22550006602000;198;103;95;37,3
22550006603000;427;209;218;39,4
22550006604000;300;148;152;45,4
22550006605000;329;158;171;50,1
22550006606000;45;24;21;57,2
22550006607000;48;23;25;53,7
22550006608000;7;4;3;53,7
22550006609000;2;1;1;0,0
22550006610000;8;5;3;37,8
22550006612000;3;2;1;0,0
22550006613000;86;44;42;39,2
22550006614000;98;52;46;43,3
22550006615000;45;27;18;42,5
22550006616000;7;4;3;64,6
22550006617000;9;3;6;57,9
22550006618000;14;6;8;53,6
22550006619000;35;20;15;36,2
22550006620000;120;68;52;37,4
22550006621000;866;399;467;38,7
22550006622000;1623;782;841;37,5
22550006623000;1361;688;673;43,6
22550006624000;1227;608;619;40,0
22550006625000;16;12;4;37,8
22550006626000;50;22;28;44,0
22550006627000;29;19;10;39,8
22550006628000;2;1;1;0,0
22550006630000;11;7;4;46,4
22550006631000;44;21;23;47,6
22550006632000;3;2;1;0,0
22550006633000;6;4;2;36,5
22550006634000;7;3;4;41,7
22550006635000;32;17;15;48,7
22550006636000;75;42;33;43,1
22550006638000;3;2;1;0,0
22550006639000;415;195;220;35,9
22550006640000;1216;580;636;44,0
22550006641000;274;100;174;64,3
22550006645000;5;3;2;46,8
22550006646000;565;277;288;38,2
22550006647000;2515;1243;1272;36,2
22550006648000;697;367;330;33,6
22550006649000;2014;1054;960;35,9
22550006650000;2093;1045;1048;35,9
22550006651000;2695;1344;1351;37,1
22550006652000;2457;1230;1227;36,0
22550006653000;2521;1218;1303;38,0
22550006654000;525;259;266;39,4
22550006655000;238;122;116;40,1
22550006656000;12;8;4;49,7
22550006657000;22;10;12;44,9
22550006658000;22;13;9;45,2
22550006659000;10;5;5;35,9
22550006660000;24;12;12;40,6
22550006661000;41;23;18;54,9
22550006662000;32;14;18;49,5
22550006687000;7;4;3;54,3
22550006688000;5;3;2;51,2
22550006690000;22;14;8;34,9
22550006691000;179;77;102;53,1
22550006692000;235;123;112;44,2
22550006693000;329;155;174;40,1
22550006694000;127;62;65;39,9
22550006695000;67;33;34;35,5
22550006696000;27;15;12;49,7
22550006697000;43;25;18;39,7
22550006698000;57;26;31;41,4
22550006699000;325;146;179;45,7
22550006700000;130;61;69;48,8
22550006701000;17;9;8;53,0
22550006702000;92;46;46;42,1
22550006703000;735;358;377;39,6
22550006704000;338;161;177;42,7
22550006705000;258;130;128;39,0
22550006706000;96;47;49;51,5
22550006707000;23;13;10;35,7
22550006729000;15;7;8;29,7
22550006730000;70;31;39;46,8
22550006731000;34;22;12;40,7
22550006732000;37;19;18;39,1
22550006733000;51;21;30;50,2
22550006749000;3;2;1;0,0
22550006750000;40;19;21;40,2
22550006751000;9;4;5;44,2
22550006752000;17;10;7;37,6
22550006753000;8;3;5;44,6
22550006757000;10;5;5;43,3
22550006758000;117;52;65;39,0
22550006759000;29;16;13;35,6
22550006767000;16;7;9;44,5
22550006768000;28;15;13;40,6
22550006771000;146;76;70;36,0
22550006772000;83;63;20;42,0
22550006775000;7;5;2;45,0
22550006776000;38;21;17;33,9
22550006777000;3;1;2;0,0
22550006778000;34;17;17;43,8
22550006779000;35;17;18;37,5
22550006780000;36;16;20;31,6
22550006781000;36;19;17;48,1
22550006782000;409;191;218;40,3
22550006783000;1648;765;883;42,0
22550006784000;2523;1194;1329;45,3
22550006785000;2175;999;1176;46,8
22550006786000;1856;865;991;40,6
22550006787000;167;90;77;39,6
22550006788000;2;1;1;0,0
22550006794000;4;3;1;0,0
22550006795000;19;11;8;30,2
22550006796000;20;14;6;34,9
22550006797000;153;82;71;39,3
22550006798000;1005;504;501;40,7
22550006799000;259;127;132;43,7
22550006800000;80;39;41;45,7
22550006801000;40;21;19;42,1
22550006802000;6;4;2;41,0
22550006856000;2;2;0;0,0
22550006857000;14;7;7;39,1
22550006866000;2;1;1;0,0
22550006905000;2;2;0;0,0
22550006952000;15;7;8;37,9
22550006954000;7;3;4;60,3
22550006970000;1;1;0;0,0
22550006971000;6;3;3;41,5
22550006973000;1;1;0;0,0
22550006977000;3;2;1;0,0
22550006979000;2;1;1;0,0
22550006980000;2;1;1;0,0
22550006981000;4;2;2;0,0
22550006987000;33;17;16;42,8
22550006988000;140;72;68;35,6
22550006989000;75;36;39;40,5
22550006990000;43;26;17;47,8
22550006991000;23;13;10;36,3
22550006997000;2;1;1;0,0
22550007010000;2;1;1;0,0
22550007011000;6;4;2;28,8
22550007012000;4;4;0;0,0
22550007014000;4;2;2;0,0
22550007015000;19;9;10;42,5
22550007016000;8;3;5;32,9
22550007017000;10;5;5;57,0
22550007018000;4;2;2;0,0
22550007019000;19;10;9;39,6
22550007020000;53;27;26;40,2
22550007021000;6;3;3;48,5
22550007030000;4;3;1;0,0
22550007034000;35;14;21;43,0
22550007035000;30;16;14;50,2
22550007036000;40;21;19;39,5
22550007037000;11;6;5;20,2
22550007038000;13;9;4;35,1
22550007039000;2;2;0;0,0
22550007040000;5;2;3;17,8
22550007041000;26;17;9;42,7
22550007050000;82;48;34;38,6
22550007051000;5;4;1;52,0
22550007056000;15;8;7;46,9
22550007057000;4;3;1;0,0
22550007058000;11;5;6;44,0
22550007059000;9;5;4;43,8
22550007060000;20;14;6;43,5
22550007061000;4;1;3;0,0
22550007062000;25;13;12;44,5
22550007063000;11;7;4;31,0
22550007064000;5;2;3;50,2
22550007065000;15;10;5;31,1
22550007074000;5;3;2;50,6
22550007075000;3;2;1;0,0
22550007078000;6;2;4;50,3
22550007082000;1;1;0;0,0
22550007084000;1;1;0;0,0
22550007097000;3;1;2;0,0
22550007098000;15;9;6;47,7
22550007103000;38;15;23;41,3
22550007104000;4;1;3;0,0
22550007105000;9;7;2;46,6
22550007106000;1;1;0;0,0
22550007110000;26;16;10;47,5
22550007111000;16;6;10;51,7
22560006574000;18;8;10;38,7
22560006575000;82;40;42;44,0
22560006576000;94;44;50;38,3
22560006577000;5;3;2;32,0
22560006578000;25;15;10;45,7
22560006582000;1;0;1;0,0
22560006583000;2;1;1;0,0
22560006584000;40;21;19;49,8
22560006585000;246;122;124;43,0
22560006586000;52;29;23;44,1
22560006587000;23;14;9;46,8
22560006588000;7;3;4;66,0
22560006589000;28;12;16;41,1
22560006590000;24;10;14;44,2
22560006591000;18;8;10;38,2
22560006592000;224;125;99;38,5
22560006593000;18;9;9;34,1
22560006594000;63;35;28;39,5
22560006595000;337;174;163;35,5
22560006596000;342;169;173;34,5
22560006597000;60;32;28;43,0
22560006598000;657;326;331;40,0
22560006599000;802;405;397;35,7
22560006600000;598;301;297;37,8
22560006601000;485;248;237;32,3
22560006602000;370;165;205;42,8
22560006603000;581;294;287;35,9
22560006604000;1388;693;695;34,5
22560006605000;661;327;334;39,3
22560006606000;1195;583;612;43,4
22560006607000;121;63;58;46,4
22560006608000;53;24;29;51,8
22560006609000;27;12;15;33,6
22560006610000;23;12;11;38,7
22560006611000;1;1;0;0,0
22560006612000;5;4;1;51,6
22560006613000;31;19;12;46,5
22560006614000;57;29;28;41,4
22560006615000;13;5;8;48,5
22560006616000;3;2;1;0,0
22560006617000;8;5;3;35,1
22560006618000;18;10;8;45,8
22560006619000;33;21;12;43,1
22560006620000;21;11;10;39,6
22560006621000;40;16;24;39,0
22560006622000;27;14;13;35,4
22560006623000;34;16;18;40,4
22560006624000;328;161;167;35,2
22560006626000;4;3;1;0,0
22560006627000;47;28;19;35,8
22560006628000;21;11;10;39,8
22560006629000;16;10;6;48,1
22560006630000;21;10;11;56,7
22560006631000;39;19;20;34,6
22560006632000;66;31;35;39,0
22560006633000;23;12;11;39,8
22560006634000;6;3;3;40,2
22560006635000;16;7;9;27,1
22560006636000;5;3;2;30,0
22560006637000;35;20;15;34,3
22560006638000;3;3;0;0,0
22560006639000;18;11;7;34,8
22560006640000;46;20;26;43,6
22560006641000;361;179;182;48,5
22560006642000;1207;617;590;40,4
22560006643000;733;351;382;40,9
22560006644000;255;130;125;43,3
22560006648000;39;18;21;36,6
22560006649000;906;457;449;46,3
22560006650000;4358;2100;2258;38,5
22560006651000;3315;1631;1684;43,2
22560006652000;4476;2213;2263;39,7
22560006653000;3798;1858;1940;39,9
22560006654000;3264;1590;1674;36,4
22560006655000;1654;802;852;43,5
22560006656000;476;220;256;46,0
22560006657000;16;11;5;49,3
22560006658000;126;57;69;36,2
22560006659000;19;8;11;42,4
22560006660000;18;8;10;40,0
22560006661000;115;59;56;34,5
22560006662000;12;6;6;45,1
22560006672000;2;1;1;0,0
22560006686000;12;7;5;54,8
22560006687000;7;3;4;35,0
22560006688000;5;2;3;31,0
22560006689000;1;0;1;0,0
22560006690000;16;8;8;46,4
22560006691000;10;8;2;47,2
22560006692000;97;45;52;40,9
22560006693000;168;80;88;47,4
22560006694000;97;47;50;42,8
22560006695000;20;10;10;56,0
22560006696000;17;8;9;60,1
22560006697000;59;29;30;38,9
22560006698000;123;62;61;42,0
22560006699000;436;169;267;52,1
22560006700000;529;251;278;46,1
22560006701000;45;22;23;41,2
22560006702000;288;150;138;41,4
22560006703000;250;125;125;39,3
22560006704000;140;71;69;39,2
22560006705000;102;54;48;43,4
22560006706000;125;59;66;40,7
22560006707000;51;31;20;39,8
22560006708000;11;6;5;43,8
22560006709000;1;1;0;0,0
22560006710000;10;5;5;49,3
22560006711000;3;2;1;0,0
22560006722000;3;2;1;0,0
22560006724000;1;1;0;0,0
22560006733000;13;9;4;49,8
22560006735000;9;4;5;23,9
22560006742000;1;0;1;0,0
22560006749000;21;12;9;41,2
22560006750000;46;25;21;48,0
22560006751000;14;8;6;45,5
22560006753000;26;15;11;35,2
22560006756000;2;1;1;0,0
22560006757000;15;7;8;51,9
22560006758000;23;11;12;38,1
22560006759000;3;1;2;0,0
22560006767000;44;23;21;33,0
22560006768000;4;2;2;0,0
22560006769000;2;1;1;0,0
22560006770000;54;33;21;37,1
22560006771000;29;15;14;43,3
22560006773000;1;1;0;0,0
22560006774000;14;6;8;42,7
22560006775000;50;30;20;50,3
22560006776000;68;32;36;39,6
22560006777000;17;9;8;45,5
22560006779000;11;4;7;50,2
22560006780000;391;199;192;32,5
22560006781000;574;286;288;36,9
22560006782000;2038;986;1052;41,1
22560006783000;1255;607;648;44,0
22560006784000;1022;473;549;41,3
22560006785000;763;379;384;43,0
22560006786000;690;335;355;41,5
22560006787000;137;74;63;45,5
22560006788000;9;5;4;38,8
22560006794000;58;26;32;40,8
22560006795000;74;39;35;45,0
22560006796000;79;40;39;40,3
22560006797000;41;21;20;38,8
22560006798000;76;38;38;35,4
22560006799000;79;39;40;44,3
22560006800000;25;11;14;38,4
22560006857000;12;6;6;50,3
22560006865000;1;1;0;0,0
22560006905000;2;1;1;0,0
22560006949000;28;14;14;40,8
22560006950000;5;2;3;55,0
22560006951000;52;26;26;43,2
22560006952000;4;2;2;0,0
22560006982000;15;6;9;38,3
22560006985000;14;7;7;50,6
22560006986000;55;27;28;36,6
22560006987000;44;25;19;38,6
22560006988000;103;53;50;41,6
22560006989000;111;53;58;47,7
22560006990000;7;4;3;33,7
22560006991000;25;11;14;45,2
22560006992000;18;9;9;30,1
22560007006000;5;3;2;59,6
22560007012000;20;9;11;39,1
22560007013000;5;2;3;52,4
22560007017000;2;1;1;0,0
22560007021000;5;3;2;33,2
22560007022000;3;2;1;0,0
22560007028000;406;207;199;32,7
22560007029000;192;96;96;30,2
22560007030000;102;51;51;36,7
22560007034000;46;22;24;39,7
22560007035000;25;15;10;43,3
22560007036000;20;9;11;33,6
22560007037000;16;7;9;47,6
22560007038000;28;15;13;42,0
22560007040000;10;6;4;45,4
22560007041000;77;42;35;35,4
22560007042000;19;10;9;41,7
22560007050000;36;17;19;25,6
22560007051000;11;4;7;32,5
22560007053000;4;2;2;0,0
22560007054000;2;1;1;0,0
22560007055000;7;5;2;35,6
22560007056000;31;17;14;38,0
22560007057000;52;23;29;36,2
22560007058000;4;3;1;0,0
22560007060000;30;18;12;31,4
22560007062000;5;3;2;61,6
22560007063000;8;5;3;53,9
22560007065000;10;6;4;44,4
22560007074000;1;1;0;0,0
22560007075000;7;5;2;32,7
22560007076000;4;3;1;0,0
22560007078000;2;1;1;0,0
22560007079000;172;87;85;45,7
22560007081000;2;1;1;0,0
22560007083000;3;2;1;0,0
22560007084000;9;4;5;40,8
22560007098000;3;2;1;0,0
22560007099000;5;2;3;30,4
22560007105000;9;5;4;57,1
22560007107000;18;10;8;38,8
22560007108000;5;4;1;57,8
22560007111000;74;39;35;47,0
22560007113000;3;2;1;0,0
22560007114000;4;2;2;0,0
22570006573000;2;1;1;0,0
22570006574000;39;18;21;47,3
22570006575000;564;275;289;43,6
22570006576000;391;205;186;39,2
22570006577000;262;128;134;39,5
22570006578000;184;98;86;47,2
22570006579000;44;23;21;48,2
22570006580000;43;21;22;40,7
22570006582000;18;12;6;43,9
22570006586000;3;2;1;0,0
22570006587000;24;13;11;33,3
22570006588000;42;22;20;44,0
22570006589000;344;179;165;37,2
22570006590000;35;20;15;41,5
22570006591000;131;76;55;34,5
22570006592000;181;93;88;37,9
22570006593000;13;6;7;49,2
22570006597000;24;11;13;30,0
22570006599000;5;3;2;32,0
22570006602000;2;1;1;0,0
22570006603000;55;30;25;36,1
22570006604000;1;1;0;0,0
22570006605000;289;141;148;43,2
22570006606000;697;331;366;38,1
22570006607000;11;7;4;39,5
22570006608000;21;11;10;49,5
22570006609000;57;35;22;39,0
22570006610000;7;5;2;46,3
22570006611000;10;5;5;37,7
22570006612000;53;31;22;44,1
22570006613000;302;151;151;41,2
22570006614000;1762;887;875;33,4
22570006615000;27;15;12;44,8
22570006616000;10;5;5;44,8
22570006617000;7;3;4;61,4
22570006618000;17;10;7;34,8
22570006619000;16;10;6;40,6
22570006620000;49;26;23;43,3
22570006621000;17;7;10;39,6
22570006622000;46;27;19;37,7
22570006623000;19;11;8;34,5
22570006624000;74;43;31;33,3
22570006626000;3;2;1;0,0
22570006628000;34;20;14;33,0
22570006629000;15;7;8;40,7
22570006630000;2;1;1;0,0
22570006631000;13;6;7;42,0
22570006632000;30;14;16;45,5
22570006633000;19;8;11;49,1
22570006634000;78;44;34;35,7
22570006635000;19;11;8;40,7
22570006636000;4;2;2;0,0
22570006637000;125;59;66;43,5
22570006638000;11;3;8;34,9
22570006639000;45;25;20;35,8
22570006640000;189;85;104;45,2
22570006641000;131;68;63;36,6
22570006642000;1160;560;600;34,0
22570006643000;2589;1231;1358;37,7
22570006644000;608;284;324;41,1
22570006647000;17;8;9;52,5
22570006648000;26;17;9;32,2
22570006649000;14;9;5;43,4
22570006650000;3646;1815;1831;38,6
22570006651000;3436;1624;1812;43,0
22570006652000;2382;1171;1211;44,6
22570006653000;4536;2102;2434;37,7
22570006654000;3866;1863;2003;39,2
22570006655000;2176;1085;1091;42,2
22570006656000;1986;988;998;39,0
22570006657000;474;252;222;30,8
22570006660000;2;1;1;0,0
22570006662000;10;5;5;39,5
22570006686000;10;5;5;39,7
22570006687000;6;5;1;27,7
22570006688000;6;3;3;54,5
22570006689000;31;16;15;46,6
22570006690000;50;29;21;45,5
22570006691000;587;310;277;39,4
22570006692000;248;130;118;40,7
22570006693000;79;42;37;46,5
22570006694000;41;18;23;52,1
22570006695000;34;17;17;39,8
22570006696000;76;38;38;44,1
22570006697000;25;12;13;34,1
22570006698000;24;14;10;42,2
22570006699000;96;49;47;38,9
22570006700000;234;109;125;44,9
22570006701000;41;19;22;27,2
22570006702000;83;45;38;39,9
22570006703000;110;62;48;41,4
22570006704000;23;12;11;41,0
22570006705000;49;26;23;41,1
22570006706000;22;12;10;39,0
22570006707000;2;1;1;0,0
22570006708000;20;9;11;40,0
22570006722000;4;2;2;0,0
22570006723000;7;3;4;38,7
22570006724000;23;12;11;38,9
22570006725000;12;7;5;51,4
22570006730000;13;8;5;37,4
22570006731000;7;3;4;48,0
22570006733000;3;2;1;0,0
22570006734000;17;5;12;40,0
22570006735000;26;15;11;38,3
22570006736000;27;13;14;49,8
22570006743000;3;1;2;0,0
22570006744000;3;1;2;0,0
22570006745000;9;4;5;47,3
22570006748000;90;45;45;46,2
22570006749000;54;28;26;45,6
22570006750000;84;44;40;37,7
22570006751000;14;7;7;38,8
22570006757000;5;3;2;71,6
22570006758000;10;5;5;45,4
22570006759000;3;3;0;0,0
22570006764000;4;2;2;0,0
22570006767000;29;16;13;44,6
22570006768000;6;3;3;54,5
22570006769000;8;3;5;31,3
22570006770000;33;13;20;37,5
22570006772000;4;1;3;0,0
22570006773000;10;5;5;42,0
22570006774000;20;14;6;37,3
22570006775000;70;34;36;44,1
22570006776000;7;4;3;37,3
22570006777000;6;4;2;62,8
22570006780000;24;11;13;41,2
22570006781000;201;101;100;35,1
22570006782000;1094;541;553;38,3
22570006783000;45;22;23;41,8
22570006784000;33;15;18;40,1
22570006785000;20;11;9;39,2
22570006786000;117;58;59;35,4
22570006787000;53;26;27;47,5
22570006795000;2;2;0;0,0
22570006798000;11;6;5;48,8
22570006799000;12;6;6;40,7
22570006800000;2;1;1;0,0
22570006858000;6;3;3;40,3
22570006904000;5;2;3;36,8
22570006947000;12;6;6;31,6
22570006948000;9;3;6;24,3
22570006949000;10;7;3;44,2
22570006950000;4;1;3;0,0
22570006977000;1;1;0;0,0
22570006978000;4;2;2;0,0
22570006979000;7;4;3;38,9
22570006982000;5;2;3;16,8
22570006983000;12;5;7;23,8
22570006984000;4;2;2;0,0
22570006985000;16;8;8;33,5
22570006986000;20;11;9;39,4
22570006987000;93;52;41;43,4
22570006988000;26;15;11;38,8
22570006989000;17;10;7;46,4
22570006990000;39;18;21;28,6
22570006992000;1;1;0;0,0
22570007005000;8;4;4;46,1
22570007006000;36;19;17;42,2
22570007010000;4;2;2;0,0
22570007011000;20;8;12;43,3
22570007012000;6;4;2;41,7
22570007016000;12;7;5;35,2
22570007021000;37;19;18;33,7
22570007022000;55;25;30;42,9
22570007023000;4;3;1;0,0
22570007024000;15;5;10;29,6
22570007027000;101;50;51;34,4
22570007028000;405;205;200;30,1
22570007029000;662;340;322;33,1
22570007030000;21;9;12;28,9
22570007033000;34;21;13;42,6
22570007034000;96;47;49;33,9
22570007035000;36;20;16;38,0
22570007036000;29;16;13;39,4
22570007037000;7;4;3;30,4
22570007038000;5;1;4;42,8
22570007039000;10;5;5;43,1
22570007040000;35;15;20;42,5
22570007041000;356;185;171;35,1
22570007042000;18;11;7;44,4
22570007051000;24;12;12;35,1
22570007057000;10;3;7;41,4
22570007062000;4;2;2;0,0
22570007063000;1;0;1;0,0
22570007065000;3;2;1;0,0
22570007066000;22;10;12;50,1
22570007074000;5;0;5;26,6
22570007076000;3;2;1;0,0
22570007077000;14;8;6;43,4
22570007078000;17;8;9;50,5
22570007079000;66;33;33;45,8
22570007080000;33;18;15;53,6
22570007083000;22;9;13;56,5
22570007084000;8;3;5;60,9
22570007097000;6;2;4;65,2
22570007098000;10;5;5;30,0
22570007099000;7;4;3;63,9
22570007100000;3;2;1;0,0
22570007106000;6;2;4;37,5
22570007107000;8;5;3;61,3
22570007108000;2;1;1;0,0
22570007109000;1;1;0;0,0
22570007111000;20;11;9;60,9
22570007112000;9;6;3;57,1
22570007113000;7;3;4;71,9
22580006570000;1;1;0;0,0
22580006575000;33;16;17;35,7
22580006576000;76;42;34;37,9
22580006577000;302;156;146;40,2
22580006578000;58;29;29;43,1
22580006579000;307;154;153;41,9
22580006580000;1016;497;519;41,3
22580006581000;74;38;36;41,7
22580006582000;3;2;1;0,0
22580006583000;10;6;4;35,8
22580006585000;3;2;1;0,0
22580006586000;12;4;8;38,5
22580006587000;28;16;12;36,6
22580006588000;28;16;12;37,8
22580006589000;238;113;125;45,9
22580006590000;964;490;474;44,1
22580006591000;31;13;18;37,1
22580006592000;24;15;9;42,9
22580006594000;3;2;1;0,0
22580006597000;9;5;4;41,9
22580006598000;1;1;0;0,0
22580006599000;4;3;1;0,0
22580006604000;13;6;7;46,7
22580006605000;14;7;7;54,3
22580006606000;3;2;1;0,0
22580006607000;112;60;52;36,5
22580006608000;27;14;13;31,1
22580006609000;9;4;5;52,3
22580006610000;38;23;15;39,1
22580006611000;13;7;6;49,9
22580006612000;8;4;4;43,5
22580006613000;451;220;231;32,1
22580006614000;276;141;135;36,5
22580006615000;29;14;15;41,3
22580006616000;16;9;7;28,3
22580006617000;10;6;4;37,9
22580006618000;17;7;10;27,7
22580006619000;20;9;11;43,8
22580006620000;5;4;1;34,6
22580006621000;111;55;56;37,6
22580006622000;15;8;7;40,3
22580006623000;30;13;17;41,5
22580006624000;174;97;77;34,4
22580006625000;40;22;18;38,1
22580006626000;15;6;9;47,3
22580006628000;22;10;12;41,8
22580006629000;45;22;23;38,9
22580006630000;8;3;5;56,8
22580006631000;119;63;56;37,7
22580006632000;19;8;11;37,2
22580006633000;95;41;54;37,5
22580006634000;186;99;87;41,7
22580006635000;82;44;38;43,3
22580006636000;142;73;69;43,7
22580006637000;201;109;92;37,2
22580006638000;159;84;75;43,0
22580006639000;237;126;111;35,9
22580006640000;1266;606;660;36,6
22580006641000;1550;760;790;35,6
22580006642000;383;185;198;36,6
22580006643000;2;2;0;0,0
22580006647000;406;200;206;41,5
22580006648000;2493;1208;1285;40,6
22580006649000;51;28;23;50,7
22580006650000;2423;1189;1234;39,8
22580006651000;5765;2718;3047;40,5
22580006652000;2724;1296;1428;38,7
22580006653000;3098;1515;1583;34,9
22580006654000;2959;1446;1513;42,0
22580006655000;313;161;152;35,6
22580006656000;584;293;291;32,6
22580006657000;65;36;29;30,8
22580006659000;3;1;2;0,0
22580006661000;1;1;0;0,0
22580006662000;7;4;3;54,1
22580006667000;4;3;1;0,0
22580006686000;8;4;4;37,3
22580006687000;28;13;15;40,3
22580006688000;2;1;1;0,0
22580006689000;1;0;1;0,0
22580006690000;59;28;31;40,8
22580006691000;149;74;75;43,0
22580006692000;65;36;29;49,0
22580006693000;67;31;36;37,8
22580006694000;33;14;19;41,4
22580006695000;23;11;12;45,1
22580006696000;89;48;41;45,2
22580006697000;49;26;23;33,4
22580006698000;33;13;20;40,6
22580006699000;123;59;64;43,7
22580006700000;56;24;32;46,0
22580006701000;69;35;34;42,3
22580006722000;2;1;1;0,0
22580006724000;14;8;6;30,4
22580006725000;5;2;3;21,2
22580006727000;5;3;2;61,8
22580006728000;163;79;84;38,4
22580006729000;184;99;85;40,0
22580006733000;7;4;3;48,6
22580006735000;62;34;28;47,1
22580006736000;41;22;19;49,6
22580006737000;59;32;27;51,2
22580006738000;44;24;20;37,3
22580006739000;10;4;6;33,7
22580006740000;11;5;6;44,9
22580006741000;20;9;11;43,7
22580006742000;4;2;2;0,0
22580006743000;37;19;18;47,0
22580006744000;7;4;3;52,6
22580006745000;5;3;2;57,8
22580006746000;35;18;17;41,0
22580006747000;22;11;11;40,1
22580006748000;124;66;58;40,1
22580006749000;22;11;11;33,6
22580006750000;51;25;26;50,6
22580006751000;21;10;11;36,6
22580006753000;8;3;5;54,1
22580006757000;2;2;0;0,0
22580006758000;38;19;19;45,9
22580006759000;24;10;14;38,0
22580006764000;21;13;8;45,8
22580006765000;11;7;4;46,8
22580006766000;13;8;5;52,5
22580006767000;11;7;4;37,3
22580006768000;14;7;7;48,2
22580006769000;91;44;47;40,5
22580006772000;4;1;3;0,0
22580006773000;5;3;2;32,6
22580006774000;6;3;3;36,5
22580006775000;72;36;36;35,6
22580006776000;9;6;3;45,2
22580006778000;4;3;1;0,0
22580006779000;13;8;5;33,7
22580006780000;25;12;13;49,5
22580006781000;651;308;343;33,2
22580006782000;979;477;502;37,0
22580006783000;9;3;6;44,4
22580006786000;35;19;16;39,2
22580006787000;17;8;9;55,6
22580006795000;6;3;3;59,3
22580006800000;4;2;2;0,0
22580006858000;3;2;1;0,0
22580006904000;8;3;5;29,1
22580006905000;2;1;1;0,0
22580006946000;28;11;17;32,8
22580006947000;18;7;11;40,6
22580006972000;2;1;1;0,0
22580006975000;8;3;5;39,9
22580006976000;4;2;2;0,0
22580006977000;5;1;4;27,2
22580006978000;6;4;2;65,0
22580006979000;8;3;5;29,9
22580006980000;4;2;2;0,0
22580006981000;14;6;8;34,9
22580006982000;21;10;11;43,7
22580006983000;32;17;15;31,9
22580006984000;26;12;14;49,0
22580006985000;23;9;14;48,0
22580006986000;14;7;7;39,9
22580006987000;13;8;5;49,8
22580006990000;15;12;3;44,7
22580006991000;4;3;1;0,0
22580006992000;5;3;2;61,8
22580006993000;20;9;11;34,0
22580006994000;18;10;8;40,9
22580006995000;9;4;5;30,1
22580007005000;21;11;10;45,3
22580007006000;153;81;72;42,7
22580007007000;40;23;17;31,0
22580007008000;13;7;6;36,5
22580007022000;17;9;8;40,1
22580007023000;37;20;17;36,7
22580007024000;107;57;50;37,7
22580007025000;27;13;14;40,7
22580007026000;51;29;22;48,2
22580007027000;22;11;11;45,3
22580007028000;64;30;34;50,1
22580007029000;603;294;309;36,2
22580007033000;153;83;70;38,5
22580007034000;523;234;289;39,8
22580007035000;40;23;17;38,4
22580007036000;87;37;50;36,7
22580007037000;85;40;45;46,3
22580007038000;50;24;26;36,7
22580007039000;26;12;14;42,4
22580007040000;79;42;37;41,5
22580007041000;28;17;11;48,0
22580007042000;64;34;30;48,1
22580007043000;47;27;20;42,2
22580007051000;6;3;3;62,3
22580007052000;24;11;13;36,7
22580007053000;7;2;5;34,9
22580007057000;6;3;3;65,2
22580007060000;1;0;1;0,0
22580007063000;5;2;3;37,0
22580007065000;16;8;8;35,9
22580007066000;27;15;12;45,7
22580007067000;4;2;2;0,0
22580007077000;24;12;12;47,2
22580007078000;22;15;7;36,2
22580007080000;15;6;9;44,3
22580007081000;10;5;5;40,1
22580007084000;5;3;2;60,0
22580007085000;10;4;6;27,9
22580007098000;29;16;13;48,8
22580007100000;16;8;8;46,6
22580007102000;4;1;3;0,0
22580007103000;7;3;4;43,9
22580007105000;3;2;1;0,0
22580007107000;32;17;15;47,6
22580007108000;7;5;2;38,1
22580007109000;2;1;1;0,0
22580007110000;45;21;24;50,6
22580007111000;8;5;3;48,9
22580007112000;15;6;9;51,3
22580007113000;1;1;0;0,0
22580007115000;40;22;18;39,5
22580007126000;2;1;1;0,0
22590006571000;78;39;39;46,1
22590006572000;90;53;37;41,3
22590006575000;36;20;16;56,0
22590006576000;51;26;25;43,0
22590006577000;738;357;381;34,4
22590006578000;445;218;227;38,1
22590006579000;25;13;12;49,6
22590006580000;365;186;179;38,0
22590006581000;559;283;276;37,4
22590006582000;13;6;7;37,9
22590006583000;1;1;0;0,0
22590006585000;45;26;19;40,7
22590006586000;4;2;2;0,0
22590006587000;57;25;32;35,4
22590006588000;115;52;63;45,6
22590006589000;921;454;467;43,4
22590006590000;49;25;24;49,3
22590006591000;60;30;30;43,9
22590006592000;3;2;1;0,0
22590006593000;3;2;1;0,0
22590006598000;12;5;7;43,1
22590006599000;12;6;6;46,9
22590006600000;2;1;1;0,0
22590006603000;4;2;2;0,0
22590006604000;5;1;4;44,2
22590006605000;28;18;10;50,5
22590006606000;52;28;24;39,7
22590006607000;234;116;118;37,8
22590006608000;572;292;280;32,5
22590006609000;18;11;7;42,2
22590006610000;120;68;52;38,8
22590006611000;141;71;70;28,2
22590006612000;24;13;11;40,0
22590006613000;30;18;12;47,3
22590006614000;29;17;12;44,2
22590006615000;348;179;169;39,1
22590006616000;402;213;189;39,4
22590006617000;111;59;52;34,7
22590006618000;10;5;5;38,4
22590006619000;9;5;4;56,3
22590006620000;16;7;9;31,6
22590006621000;121;64;57;35,9
22590006622000;35;22;13;36,4
22590006623000;64;36;28;29,4
22590006624000;61;29;32;38,4
22590006625000;17;8;9;44,6
22590006627000;12;8;4;52,3
22590006628000;50;24;26;41,0
22590006629000;23;12;11;51,3
22590006630000;36;20;16;38,0
22590006631000;106;51;55;43,9
22590006632000;21;9;12;49,2
22590006633000;65;32;33;50,8
22590006634000;96;45;51;47,8
22590006635000;14;6;8;38,7
22590006636000;6;1;5;20,7
22590006637000;19;8;11;35,8
22590006648000;601;285;316;36,8
22590006649000;990;479;511;45,7
22590006650000;7607;3663;3944;41,2
22590006651000;1891;926;965;36,3
22590006652000;3738;1838;1900;37,7
22590006653000;3204;1545;1659;37,9
22590006654000;2646;1273;1373;37,9
22590006655000;296;143;153;38,2
22590006659000;4;1;3;0,0
22590006664000;3;2;1;0,0
22590006671000;2;2;0;0,0
22590006687000;853;419;434;36,3
22590006688000;456;231;225;38,7
22590006690000;19;10;9;56,7
22590006691000;64;31;33;40,4
22590006692000;21;12;9;40,3
22590006693000;58;32;26;42,6
22590006694000;62;34;28;40,9
22590006695000;67;32;35;42,9
22590006718000;4;4;0;0,0
22590006719000;8;5;3;33,4
22590006721000;11;5;6;47,0
22590006722000;28;17;11;45,0
22590006723000;5;2;3;43,2
22590006724000;11;5;6;37,1
22590006725000;12;5;7;32,2
22590006726000;2;1;1;0,0
22590006727000;3;2;1;0,0
22590006728000;122;57;65;42,2
22590006729000;277;138;139;49,4
22590006730000;34;18;16;41,9
22590006731000;4;3;1;0,0
22590006732000;60;31;29;43,1
22590006733000;22;9;13;41,5
22590006734000;2;2;0;0,0
22590006735000;53;27;26;39,5
22590006736000;16;11;5;44,6
22590006737000;66;35;31;45,9
22590006738000;137;75;62;38,2
22590006739000;408;204;204;43,8
22590006740000;89;46;43;38,0
22590006742000;14;8;6;39,4
22590006743000;55;26;29;41,5
22590006744000;38;19;19;44,8
22590006745000;11;6;5;63,2
22590006746000;10;5;5;35,4
22590006747000;8;4;4;56,8
22590006748000;327;158;169;35,8
22590006749000;208;103;105;37,3
22590006750000;51;23;28;44,5
22590006751000;30;19;11;36,0
22590006752000;3;1;2;0,0
22590006753000;18;10;8;25,3
22590006757000;4;1;3;0,0
22590006758000;47;23;24;52,2
22590006759000;9;3;6;45,0
22590006763000;31;17;14;43,8
22590006764000;16;7;9;38,4
22590006765000;18;10;8;32,6
22590006766000;59;30;29;43,6
22590006767000;37;19;18;47,4
22590006768000;2;1;1;0,0
22590006769000;41;23;18;41,2
22590006771000;2;1;1;0,0
22590006772000;65;30;35;38,0
22590006773000;7;4;3;67,7
22590006774000;322;161;161;39,0
22590006775000;80;46;34;36,4
22590006778000;6;2;4;53,5
22590006779000;6;3;3;38,7
22590006780000;24;16;8;39,2
22590006781000;85;45;40;33,3
22590006782000;55;30;25;33,7
22590006783000;2;0;2;0,0
22590006786000;19;9;10;52,1
22590006787000;11;7;4;28,9
22590006795000;3;2;1;0,0
22590006796000;1;1;0;0,0
22590006800000;3;2;1;0,0
22590006858000;1;1;0;0,0
22590006859000;3;1;2;0,0
22590006904000;2;1;1;0,0
22590006909000;10;4;6;32,6
22590006945000;42;21;21;55,9
22590006946000;10;7;3;53,6
22590006947000;3;2;1;0,0
22590006971000;3;2;1;0,0
22590006973000;5;3;2;30,4
22590006974000;1;1;0;0,0
22590006976000;1;0;1;0,0
22590006980000;5;4;1;38,0
22590006981000;24;12;12;47,3
22590006982000;4;3;1;0,0
22590006983000;4;2;2;0,0
22590006991000;7;5;2;19,1
22590006992000;18;10;8;38,1
22590006993000;34;21;13;36,1
22590006994000;6;3;3;40,3
22590006995000;10;3;7;33,7
22590006996000;17;11;6;44,8
22590006997000;24;7;17;36,3
22590007003000;28;17;11;40,9
22590007004000;57;29;28;42,3
22590007005000;101;46;55;35,2
22590007006000;495;251;244;32,4
22590007007000;148;79;69;38,8
22590007008000;51;27;24;38,5
22590007009000;64;33;31;42,3
22590007015000;1;1;0;0,0
22590007023000;108;61;47;34,6
22590007024000;22;12;10;45,4
22590007025000;3;1;2;0,0
22590007026000;24;14;10;31,5
22590007027000;43;19;24;42,7
22590007028000;87;44;43;37,7
22590007029000;344;183;161;40,8
22590007030000;179;87;92;36,9
22590007033000;37;23;14;43,6
22590007034000;40;19;21;38,0
22590007035000;35;16;19;41,8
22590007036000;9;3;6;26,4
22590007041000;1;1;0;0,0
22590007042000;187;97;90;36,4
22590007043000;22;14;8;55,0
22590007044000;7;5;2;22,6
22590007052000;2;1;1;0,0
22590007053000;3;1;2;0,0
22590007057000;2;0;2;0,0
22590007063000;3;2;1;0,0
22590007064000;2;1;1;0,0
22590007066000;17;7;10;37,9
22590007067000;28;14;14;30,1
22590007078000;75;34;41;43,7
22590007084000;24;12;12;37,2
22590007098000;10;7;3;52,4
22590007099000;1;0;1;0,0
22590007100000;7;3;4;53,6
22590007102000;3;1;2;0,0
22590007103000;21;11;10;37,7
22590007107000;1;0;1;0,0
22590007108000;5;3;2;44,0
22590007109000;51;27;24;40,5
22590007110000;59;35;24;43,2
22590007111000;7;3;4;61,7
22590007112000;2;1;1;0,0
22590007126000;1;1;0;0,0
22600006569000;67;36;31;42,5
22600006570000;134;71;63;48,3
22600006571000;33;17;16;41,7
22600006572000;54;31;23;43,8
22600006574000;9;6;3;27,1
22600006575000;29;14;15;36,0
22600006576000;14;9;5;58,5
22600006577000;41;15;26;36,5
22600006578000;10;4;6;52,7
22600006579000;22;13;9;47,7
22600006580000;37;19;18;42,4
22600006581000;21;10;11;42,1
22600006582000;56;22;34;46,1
22600006583000;6;3;3;51,8
22600006584000;6;4;2;37,8
22600006585000;25;13;12;50,4
22600006586000;34;18;16;40,1
22600006587000;33;15;18;32,9
22600006588000;166;85;81;41,5
22600006589000;111;58;53;44,1
22600006590000;14;8;6;52,9
22600006591000;16;8;8;40,1
22600006592000;3;2;1;0,0
22600006593000;2;1;1;0,0
22600006596000;32;20;12;35,2
22600006598000;6;5;1;52,3
22600006599000;230;111;119;36,2
22600006600000;26;11;15;39,5
22600006601000;12;7;5;29,4
22600006604000;11;7;4;47,4
22600006605000;11;6;5;52,8
22600006606000;16;8;8;38,2
22600006607000;34;19;15;43,1
22600006608000;29;16;13;38,1
22600006610000;36;19;17;44,0
22600006611000;1;1;0;0,0
22600006612000;10;5;5;41,9
22600006613000;23;14;9;36,1
22600006614000;2063;993;1070;41,6
22600006615000;1035;518;517;36,1
22600006616000;593;300;293;39,9
22600006617000;17;11;6;27,3
22600006618000;7;4;3;46,3
22600006619000;12;8;4;40,0
22600006620000;123;72;51;32,7
22600006621000;270;137;133;35,5
22600006622000;111;64;47;41,1
22600006623000;42;21;21;28,9
22600006624000;10;5;5;24,4
22600006625000;52;28;24;40,8
22600006626000;59;33;26;30,8
22600006627000;9;6;3;42,3
22600006628000;231;113;118;31,5
22600006629000;256;135;121;41,4
22600006630000;190;94;96;41,8
22600006631000;158;83;75;39,5
22600006632000;21;10;11;47,4
22600006633000;6;4;2;53,3
22600006634000;125;70;55;43,8
22600006635000;40;18;22;40,3
22600006636000;4;2;2;0,0
22600006637000;2;1;1;0,0
22600006648000;1027;571;456;42,2
22600006649000;11242;5645;5597;38,1
22600006650000;14223;6894;7329;39,5
22600006651000;9706;4831;4875;39,8
22600006652000;2283;1068;1215;40,0
22600006653000;1477;721;756;38,9
22600006654000;1968;956;1012;39,8
22600006655000;75;38;37;39,4
22600006680000;2;1;1;0,0
22600006681000;15;7;8;46,7
22600006682000;78;40;38;42,4
22600006683000;25;12;13;50,6
22600006687000;32;13;19;45,6
22600006688000;204;100;104;37,5
22600006689000;63;35;28;37,8
22600006690000;33;15;18;38,0
22600006691000;85;44;41;41,2
22600006692000;82;35;47;34,1
22600006693000;89;50;39;37,6
22600006694000;63;28;35;42,9
22600006710000;4;3;1;0,0
22600006717000;12;5;7;39,5
22600006718000;16;9;7;43,1
22600006719000;26;12;14;43,4
22600006720000;31;18;13;34,9
22600006721000;43;17;26;37,2
22600006722000;20;8;12;48,4
22600006723000;15;8;7;51,3
22600006724000;11;5;6;31,5
22600006726000;9;5;4;46,4
22600006727000;12;6;6;37,2
22600006728000;7;4;3;38,1
22600006729000;6;3;3;20,2
22600006730000;2;1;1;0,0
22600006731000;13;7;6;41,7
22600006732000;19;12;7;33,9
22600006733000;4;2;2;0,0
22600006734000;178;84;94;42,2
22600006735000;440;231;209;41,5
22600006736000;69;36;33;44,2
22600006737000;42;16;26;37,4
22600006738000;495;237;258;35,3
22600006739000;1080;509;571;44,1
22600006740000;717;371;346;38,0
22600006741000;9;4;5;40,6
22600006742000;3;1;2;0,0
22600006743000;2;1;1;0,0
22600006744000;41;24;17;38,6
22600006745000;22;13;9;47,6
22600006747000;16;9;7;34,2
22600006748000;412;213;199;32,6
22600006749000;36;20;16;42,8
22600006750000;54;26;28;34,9
22600006751000;6;2;4;34,8
22600006752000;31;15;16;46,2
22600006753000;13;8;5;39,2
22600006758000;92;52;40;41,8
22600006759000;13;6;7;40,5
22600006763000;7;4;3;51,4
22600006764000;2;1;1;0,0
22600006765000;22;11;11;39,4
22600006766000;93;48;45;41,2
22600006767000;42;18;24;38,0
22600006768000;13;6;7;48,8
22600006769000;5;2;3;42,4
22600006771000;49;26;23;31,5
22600006772000;32;14;18;39,1
22600006773000;182;88;94;42,6
22600006774000;104;50;54;50,4
22600006775000;47;24;23;39,9
22600006776000;9;4;5;25,7
22600006778000;24;12;12;37,8
22600006779000;18;10;8;48,4
22600006780000;3;1;2;0,0
22600006781000;93;50;43;35,9
22600006782000;20;10;10;41,1
22600006786000;11;6;5;49,4
22600006796000;2;1;1;0,0
22600006905000;4;2;2;0,0
22600006909000;7;5;2;61,3
22600006910000;5;4;1;28,6
22600006935000;4;2;2;0,0
22600006942000;3;1;2;0,0
22600006943000;1;1;0;0,0
22600006944000;16;7;9;44,6
22600006945000;64;29;35;42,2
22600006946000;8;4;4;41,6
22600006980000;6;2;4;24,2
22600006981000;5;2;3;44,0
22600006988000;9;3;6;26,0
22600006989000;32;16;16;42,4
22600006990000;8;4;4;22,9
22600006993000;37;19;18;40,6
22600006997000;37;20;17;42,5
22600006998000;149;78;71;40,5
22600007002000;23;10;13;38,8
22600007003000;33;17;16;40,3
22600007004000;51;24;27;43,9
22600007005000;12;8;4;41,5
22600007006000;52;26;26;32,8
22600007007000;30;18;12;41,6
22600007008000;38;24;14;46,9
22600007009000;101;39;62;68,5
22600007010000;16;9;7;38,0
22600007016000;2;1;1;0,0
22600007019000;14;5;9;27,3
22600007020000;19;10;9;34,1
22600007021000;15;7;8;25,5
22600007022000;5;2;3;45,8
22600007023000;75;37;38;33,6
22600007024000;193;94;99;33,6
22600007025000;50;25;25;40,1
22600007026000;13;7;6;41,2
22600007027000;17;9;8;53,9
22600007028000;24;15;9;36,3
22600007029000;18;7;11;23,9
22600007030000;33;16;17;41,9
22600007031000;14;7;7;51,7
22600007033000;33;19;14;38,2
22600007042000;4;1;3;0,0
22600007043000;66;34;32;42,1
22600007044000;134;64;70;37,8
22600007056000;17;9;8;42,5
22600007058000;13;5;8;38,4
22600007059000;10;2;8;24,8
22600007066000;25;16;9;40,1
22600007067000;10;6;4;49,2
22600007068000;5;3;2;38,0
22600007078000;95;52;43;44,7
22600007079000;72;36;36;49,6
22600007084000;7;2;5;52,1
22600007085000;5;2;3;43,6
22600007099000;10;4;6;42,9
22600007100000;10;5;5;66,7
22600007101000;19;9;10;43,6
22600007103000;13;6;7;36,5
22600007104000;1;0;1;0,0
22600007109000;11;5;6;40,7
22600007112000;4;2;2;0,0
22600007128000;5;2;3;30,0
22610006567000;1;1;0;0,0
22610006568000;9;5;4;47,6
22610006569000;546;270;276;39,3
22610006570000;6;3;3;46,2
22610006571000;9;4;5;27,3
22610006572000;24;16;8;33,2
22610006573000;18;8;10;46,9
22610006574000;20;8;12;40,2
22610006575000;40;20;20;44,7
22610006576000;50;27;23;45,2
22610006577000;26;16;10;49,7
22610006578000;60;29;31;46,7
22610006579000;14;8;6;42,0
22610006580000;4;3;1;0,0
22610006581000;1;1;0;0,0
22610006582000;48;24;24;46,2
22610006583000;226;120;106;42,5
22610006584000;50;17;33;38,8
22610006585000;18;10;8;46,2
22610006586000;16;9;7;46,9
22610006587000;24;15;9;46,9
22610006588000;127;66;61;44,3
22610006590000;24;18;6;39,0
22610006591000;2;1;1;0,0
22610006592000;3;2;1;0,0
22610006595000;5;4;1;37,4
22610006596000;17;10;7;40,6
22610006597000;24;15;9;34,9
22610006598000;565;303;262;39,2
22610006599000;556;279;277;29,3
22610006600000;31;16;15;36,7
22610006601000;2;2;0;0,0
22610006602000;4;2;2;0,0
22610006604000;8;4;4;40,9
22610006605000;16;8;8;41,9
22610006606000;6;2;4;32,2
22610006607000;18;9;9;27,7
22610006608000;6;5;1;58,5
22610006609000;28;20;8;41,9
22610006610000;36;22;14;49,3
22610006611000;29;15;14;41,8
22610006612000;23;11;12;36,3
22610006613000;8;5;3;26,4
22610006614000;51;22;29;35,2
22610006615000;100;45;55;30,5
22610006616000;9;4;5;35,9
22610006617000;25;12;13;36,6
22610006618000;2;2;0;0,0
22610006619000;42;18;24;39,8
22610006620000;104;48;56;40,6
22610006621000;583;304;279;29,5
22610006622000;16;9;7;36,0
22610006623000;16;7;9;34,8
22610006624000;52;30;22;38,7
22610006625000;39;21;18;40,0
22610006626000;67;36;31;36,1
22610006627000;18;7;11;43,3
22610006628000;375;203;172;38,5
22610006629000;1609;813;796;37,1
22610006630000;438;229;209;29,7
22610006632000;12;6;6;30,9
22610006634000;74;32;42;41,1
22610006635000;30;13;17;43,8
22610006637000;8;3;5;42,4
22610006638000;11;6;5;43,9
22610006639000;7;4;3;46,3
22610006646000;1;0;1;0,0
22610006648000;53;28;25;49,1
22610006649000;1131;607;524;37,5
22610006650000;17022;8772;8250;34,7
22610006651000;13744;6546;7198;36,3
22610006652000;4290;2258;2032;34,4
22610006653000;2578;1246;1332;34,1
22610006654000;2220;1085;1135;36,2
22610006655000;1731;885;846;25,6
22610006660000;4;1;3;0,0
22610006681000;11;6;5;29,6
22610006682000;131;67;64;39,0
22610006685000;9;5;4;39,2
22610006686000;30;17;13;37,6
22610006690000;19;9;10;44,9
22610006691000;62;34;28;48,6
22610006692000;11;7;4;54,7
22610006715000;1;1;0;0,0
22610006716000;3;2;1;0,0
22610006717000;14;9;5;41,0
22610006718000;11;5;6;43,6
22610006719000;35;22;13;41,6
22610006720000;9;6;3;43,7
22610006721000;1;1;0;0,0
22610006722000;18;9;9;34,4
22610006723000;25;13;12;43,2
22610006724000;16;10;6;41,9
22610006725000;39;17;22;47,7
22610006726000;41;22;19;46,2
22610006727000;38;17;21;49,5
22610006730000;13;6;7;40,2
22610006731000;24;15;9;40,0
22610006732000;50;26;24;34,4
22610006734000;21;8;13;32,1
22610006735000;352;175;177;43,0
22610006736000;36;20;16;34,1
22610006737000;11;4;7;36,5
22610006738000;348;181;167;43,4
22610006739000;1425;702;723;42,1
22610006740000;1301;662;639;42,8
22610006741000;806;416;390;39,8
22610006742000;73;38;35;39,2
22610006743000;238;125;113;39,2
22610006744000;70;37;33;40,9
22610006745000;5;2;3;64,8
22610006746000;21;8;13;37,2
22610006747000;87;47;40;40,7
22610006748000;84;40;44;30,3
22610006749000;8;3;5;36,9
22610006750000;18;9;9;42,7
22610006752000;42;24;18;41,7
22610006753000;13;9;4;44,2
22610006758000;109;50;59;42,6
22610006759000;8;4;4;42,8
22610006762000;7;3;4;49,1
22610006763000;32;15;17;37,9
22610006764000;21;15;6;39,4
22610006765000;41;23;18;47,6
22610006766000;66;36;30;41,5
22610006767000;16;5;11;34,9
22610006768000;2;1;1;0,0
22610006770000;29;16;13;46,1
22610006772000;17;9;8;46,6
22610006773000;31;16;15;36,6
22610006774000;8;5;3;41,3
22610006775000;2;1;1;0,0
22610006776000;12;4;8;44,9
22610006778000;31;16;15;43,6
22610006779000;4;2;2;0,0
22610006780000;4;2;2;0,0
22610006781000;26;12;14;33,5
22610006782000;7;5;2;36,3
22610006858000;6;3;3;50,8
22610006939000;2;2;0;0,0
22610006940000;1;0;1;0,0
22610006942000;1;1;0;0,0
22610006943000;6;4;2;27,5
22610006944000;20;9;11;37,9
22610006945000;2;1;1;0,0
22610006985000;4;1;3;0,0
22610006987000;5;2;3;18,8
22610006989000;12;5;7;39,0
22610006990000;2;1;1;0,0
22610006991000;4;3;1;0,0
22610006992000;1;0;1;0,0
22610006996000;2;2;0;0,0
22610006997000;91;42;49;39,4
22610006998000;838;387;451;43,2
22610006999000;242;116;126;37,6
22610007000000;227;111;116;36,3
22610007001000;25;12;13;33,3
22610007002000;30;15;15;37,4
22610007004000;2;0;2;0,0
22610007008000;33;13;20;29,3
22610007009000;45;25;20;37,9
22610007010000;127;64;63;45,3
22610007011000;16;8;8;30,8
22610007012000;4;2;2;0,0
22610007016000;61;27;34;32,3
22610007017000;103;52;51;34,7
22610007018000;78;38;40;40,8
22610007019000;33;17;16;42,2
22610007020000;55;29;26;40,4
22610007021000;9;5;4;56,9
22610007022000;15;9;6;48,1
22610007023000;45;21;24;29,3
22610007024000;1002;506;496;31,0
22610007025000;964;485;479;37,8
22610007026000;103;57;46;38,7
22610007027000;144;78;66;38,7
22610007028000;56;30;26;28,9
22610007029000;6;3;3;54,5
22610007030000;89;55;34;36,0
22610007031000;25;16;9;39,7
22610007032000;17;10;7;50,3
22610007033000;32;17;15;35,3
22610007044000;20;10;10;61,2
22610007054000;4;2;2;0,0
22610007055000;74;33;41;38,3
22610007056000;235;118;117;38,4
22610007059000;10;6;4;45,6
22610007060000;13;5;8;46,7
22610007064000;4;2;2;0,0
22610007066000;11;5;6;25,9
22610007067000;7;4;3;24,7
22610007068000;5;3;2;55,6
22610007079000;16;9;7;47,9
22610007084000;6;3;3;37,5
22610007085000;8;4;4;42,5
22610007097000;1;0;1;0,0
22610007098000;5;3;2;32,2
22610007100000;30;15;15;55,2
22610007102000;8;5;3;44,6
22610007104000;12;4;8;46,4
22620006556000;24;11;13;51,8
22620006557000;29;15;14;52,8
22620006558000;38;19;19;54,8
22620006559000;69;38;31;51,7
22620006560000;17;10;7;59,9
22620006566000;171;82;89;44,7
22620006567000;212;113;99;43,3
22620006568000;114;55;59;40,3
22620006569000;303;160;143;44,6
22620006570000;140;77;63;40,1
22620006571000;43;17;26;43,2
22620006572000;5;2;3;47,0
22620006573000;7;4;3;48,1
22620006574000;16;7;9;36,4
22620006575000;31;15;16;37,4
22620006576000;31;13;18;47,2
22620006577000;22;11;11;40,0
22620006579000;16;7;9;34,7
22620006580000;3;1;2;0,0
22620006581000;4;2;2;0,0
22620006582000;8;2;6;24,8
22620006583000;2;1;1;0,0
22620006584000;31;12;19;38,6
22620006586000;18;9;9;32,0
22620006587000;75;40;35;44,9
22620006588000;131;68;63;43,7
22620006593000;4;2;2;0,0
22620006594000;4;2;2;0,0
22620006595000;2;1;1;0,0
22620006598000;97;53;44;44,5
22620006599000;302;145;157;42,1
22620006600000;1;0;1;0,0
22620006602000;6;5;1;27,7
22620006603000;6;5;1;49,2
22620006604000;48;27;21;35,9
22620006606000;5;4;1;33,8
22620006608000;37;21;16;37,2
22620006609000;13;8;5;63,3
22620006611000;37;19;18;42,8
22620006612000;159;79;80;25,0
22620006613000;17;10;7;38,5
22620006614000;8;5;3;28,4
22620006615000;16;6;10;42,3
22620006616000;23;14;9;37,7
22620006617000;31;16;15;35,2
22620006618000;29;15;14;34,3
22620006619000;139;65;74;31,8
22620006620000;1165;580;585;39,5
22620006621000;1161;578;583;38,6
22620006622000;309;145;164;35,2
22620006623000;30;15;15;45,1
22620006624000;14;7;7;38,4
22620006625000;146;80;66;32,0
22620006626000;29;13;16;35,2
22620006627000;99;54;45;39,5
22620006628000;2;1;1;0,0
22620006629000;42;24;18;27,5
22620006630000;895;453;442;34,0
22620006631000;370;196;174;29,3
22620006632000;9;3;6;47,4
22620006634000;2;1;1;0,0
22620006635000;25;13;12;34,3
22620006636000;20;11;9;55,5
22620006638000;9;4;5;35,9
22620006639000;20;11;9;41,8
22620006640000;1;1;0;0,0
22620006643000;180;94;86;36,8
22620006644000;364;192;172;37,8
22620006645000;405;194;211;37,4
22620006647000;38;30;8;44,3
22620006648000;1656;912;744;37,7
22620006649000;6658;3844;2814;31,8
22620006650000;16367;8340;8027;33,8
22620006651000;10971;5205;5766;35,9
22620006652000;5024;2435;2589;33,8
22620006653000;3577;1767;1810;37,2
22620006654000;3216;1623;1593;41,2
22620006655000;1430;704;726;38,8
22620006657000;1;0;1;0,0
22620006658000;2;1;1;0,0
22620006659000;2;1;1;0,0
22620006673000;1;1;0;0,0
22620006676000;13;10;3;41,1
22620006677000;20;14;6;37,5
22620006678000;17;9;8;48,4
22620006680000;221;103;118;46,5
22620006681000;629;310;319;42,3
22620006682000;491;262;229;44,5
22620006683000;715;338;377;31,6
22620006684000;14;7;7;47,2
22620006685000;41;22;19;48,1
22620006686000;34;20;14;33,6
22620006694000;4;3;1;0,0
22620006695000;2;1;1;0,0
22620006696000;2;1;1;0,0
22620006715000;4;1;3;0,0
22620006717000;7;3;4;43,7
22620006718000;20;11;9;59,1
22620006719000;5;3;2;31,0
22620006720000;9;6;3;36,8
22620006721000;6;5;1;51,8
22620006722000;5;2;3;46,6
22620006723000;3;1;2;0,0
22620006724000;7;6;1;41,9
22620006726000;15;9;6;46,0
22620006730000;17;12;5;37,8
22620006731000;51;31;20;47,7
22620006732000;33;19;14;44,1
22620006733000;17;9;8;50,6
22620006734000;18;7;11;26,8
22620006735000;90;44;46;39,2
22620006736000;102;50;52;40,1
22620006737000;61;31;30;43,3
22620006738000;53;23;30;39,7
22620006739000;263;125;138;42,9
22620006740000;10;5;5;53,7
22620006741000;67;36;31;43,0
22620006742000;5;3;2;27,2
22620006743000;11;5;6;42,5
22620006744000;11;8;3;29,1
22620006745000;152;79;73;34,8
22620006746000;1068;547;521;38,3
22620006747000;795;418;377;40,5
22620006748000;341;172;169;33,1
22620006749000;25;12;13;45,7
22620006752000;11;7;4;30,3
22620006753000;11;6;5;32,5
22620006755000;6;3;3;51,8
22620006756000;5;4;1;40,0
22620006757000;7;4;3;58,6
22620006758000;59;33;26;50,0
22620006759000;8;3;5;50,1
22620006760000;2;2;0;0,0
22620006761000;4;1;3;0,0
22620006762000;7;2;5;30,1
22620006763000;23;12;11;38,3
22620006764000;217;120;97;34,4
22620006765000;632;295;337;46,8
22620006766000;166;81;85;43,2
22620006767000;16;7;9;32,9
22620006769000;17;10;7;35,8
22620006770000;10;5;5;43,0
22620006771000;5;3;2;43,6
22620006773000;2;1;1;0,0
22620006778000;19;8;11;40,0
22620006779000;20;10;10;45,3
22620006780000;7;3;4;35,7
22620006781000;27;14;13;34,4
22620006782000;16;8;8;44,1
22620006783000;4;2;2;0,0
22620006858000;15;7;8;58,0
22620006859000;4;2;2;0,0
22620006903000;10;6;4;32,6
22620006904000;7;4;3;39,9
22620006926000;1;1;0;0,0
22620006930000;2;0;2;0,0
22620006931000;13;9;4;36,4
22620006932000;1;0;1;0,0
22620006933000;3;2;1;0,0
22620006935000;4;2;2;0,0
22620006936000;5;2;3;31,4
22620006937000;5;3;2;54,4
22620006938000;10;6;4;45,0
22620006978000;6;4;2;45,3
22620006984000;26;14;12;35,9
22620006985000;11;6;5;33,5
22620006986000;29;13;16;37,1
22620006987000;3;1;2;0,0
22620006988000;16;8;8;38,9
22620006997000;44;26;18;34,3
22620006998000;691;360;331;36,6
22620006999000;42;21;21;37,8
22620007001000;9;4;5;45,3
22620007009000;37;23;14;32,9
22620007010000;514;282;232;38,3
22620007011000;183;87;96;48,6
22620007012000;16;8;8;36,6
22620007013000;33;17;16;43,4
22620007014000;9;6;3;44,8
22620007016000;55;33;22;33,8
22620007017000;34;19;15;43,7
22620007018000;73;32;41;34,3
22620007019000;153;78;75;34,2
22620007020000;42;25;17;42,4
22620007021000;30;14;16;41,5
22620007022000;21;9;12;27,9
22620007023000;8;6;2;58,0
22620007024000;37;20;17;38,2
22620007025000;283;136;147;35,0
22620007026000;627;324;303;38,9
22620007027000;222;111;111;39,6
22620007028000;147;73;74;30,6
22620007029000;47;27;20;39,7
22620007030000;42;22;20;44,6
22620007032000;59;29;30;34,9
22620007033000;264;132;132;38,4
22620007034000;157;78;79;36,5
22620007044000;4;4;0;0,0
22620007055000;7;4;3;65,3
22620007056000;451;231;220;43,0
22620007060000;13;7;6;39,2
22620007061000;2;1;1;0,0
22620007068000;9;6;3;48,4
22620007069000;1;1;0;0,0
22620007078000;3;2;1;0,0
22620007097000;15;9;6;61,9
22620007100000;56;26;30;33,8
22620007102000;3;2;1;0,0
22620007103000;3;2;1;0,0
22620007112000;2;1;1;0,0
22620007113000;7;3;4;63,7
22620007119000;11;5;6;46,3
22620007120000;1;1;0;0,0
22630006556000;166;74;92;47,4
22630006557000;80;42;38;50,1
22630006558000;301;151;150;42,6
22630006559000;127;54;73;42,1
22630006560000;33;18;15;62,4
22630006566000;44;21;23;48,4
22630006567000;4;3;1;0,0
22630006568000;119;64;55;42,6
22630006569000;122;68;54;43,1
22630006570000;21;8;13;45,2
22630006571000;30;16;14;44,9
22630006572000;10;6;4;63,0
22630006573000;12;6;6;50,2
22630006574000;34;18;16;37,3
22630006575000;62;35;27;32,7
22630006576000;55;25;30;31,4
22630006577000;33;20;13;37,0
22630006578000;3;2;1;0,0
22630006579000;3;2;1;0,0
22630006582000;5;3;2;49,8
22630006583000;9;5;4;37,6
22630006584000;9;4;5;29,6
22630006585000;18;9;9;44,2
22630006586000;54;28;26;52,8
22630006587000;18;11;7;34,8
22630006588000;7;4;3;37,3
22630006593000;1;1;0;0,0
22630006594000;3;2;1;0,0
22630006595000;32;12;20;30,2
22630006596000;23;11;12;39,3
22630006597000;30;18;12;40,6
22630006598000;8;4;4;43,8
22630006599000;1;1;0;0,0
22630006602000;14;9;5;42,7
22630006603000;26;16;10;36,8
22630006604000;5;3;2;27,0
22630006605000;12;6;6;45,8
22630006607000;6;4;2;26,2
22630006608000;11;6;5;36,5
22630006609000;34;16;18;38,0
22630006610000;14;7;7;40,1
22630006611000;64;34;30;33,5
22630006612000;43;21;22;40,1
22630006613000;15;7;8;26,2
22630006615000;4;2;2;0,0
22630006616000;10;6;4;41,1
22630006617000;1;1;0;0,0
22630006618000;4;2;2;0,0
22630006619000;321;169;152;40,6
22630006620000;1667;814;853;35,5
22630006621000;1570;775;795;43,5
22630006622000;812;415;397;39,6
22630006623000;80;43;37;35,8
22630006624000;22;12;10;52,2
22630006625000;137;78;59;35,1
22630006626000;6;3;3;64,5
22630006627000;967;475;492;42,1
22630006628000;97;57;40;35,0
22630006631000;4;2;2;0,0
22630006632000;17;10;7;37,5
22630006633000;76;40;36;36,2
22630006634000;417;208;209;33,9
22630006636000;9;5;4;48,1
22630006637000;1854;908;946;40,4
22630006638000;1762;888;874;39,2
22630006639000;2482;1205;1277;35,0
22630006640000;2272;1083;1189;39,3
22630006641000;1024;503;521;38,6
22630006642000;605;302;303;46,7
22630006643000;78;42;36;37,2
22630006644000;1087;542;545;39,9
22630006645000;1615;805;810;39,5
22630006646000;1669;853;816;38,7
22630006647000;1038;535;503;38,0
22630006648000;7967;4198;3769;32,4
22630006649000;20031;10796;9235;32,8
22630006650000;20106;10286;9820;33,7
22630006651000;15053;7618;7435;33,6
22630006652000;15992;7791;8201;35,3
22630006653000;4010;1997;2013;36,5
22630006654000;3408;1685;1723;36,6
22630006655000;1017;515;502;36,5
22630006656000;6;3;3;47,2
22630006657000;6;4;2;30,5
22630006658000;20;9;11;34,1
22630006659000;14;6;8;33,0
22630006679000;4;3;1;0,0
22630006680000;29;17;12;39,1
22630006681000;28;10;18;46,6
22630006682000;29;15;14;42,3
22630006683000;130;70;60;33,8
22630006684000;7;5;2;39,1
22630006685000;5;4;1;31,2
22630006721000;2;1;1;0,0
22630006726000;40;19;21;43,1
22630006727000;3;1;2;0,0
22630006728000;7;4;3;37,1
22630006730000;5;3;2;69,6
22630006731000;52;30;22;46,1
22630006732000;193;98;95;40,2
22630006733000;434;200;234;45,8
22630006734000;27;14;13;29,6
22630006735000;20;10;10;50,1
22630006736000;25;14;11;54,0
22630006737000;17;6;11;42,8
22630006738000;12;7;5;33,7
22630006739000;14;8;6;43,3
22630006740000;24;13;11;43,6
22630006741000;15;9;6;49,7
22630006742000;7;4;3;49,3
22630006743000;9;5;4;27,6
22630006744000;312;156;156;31,2
22630006745000;44;24;20;36,8
22630006746000;482;247;235;36,7
22630006747000;402;200;202;34,1
22630006748000;684;328;356;43,3
22630006749000;214;107;107;43,4
22630006750000;3;2;1;0,0
22630006753000;44;22;22;34,6
22630006755000;39;21;18;42,8
22630006757000;16;9;7;38,5
22630006758000;16;8;8;43,6
22630006759000;21;13;8;41,1
22630006760000;39;20;19;43,0
22630006761000;30;16;14;48,5
22630006762000;26;13;13;37,8
22630006763000;7;4;3;38,3
22630006764000;240;122;118;40,8
22630006765000;255;123;132;50,0
22630006766000;4;3;1;0,0
22630006768000;6;4;2;39,8
22630006769000;37;23;14;26,1
22630006770000;18;11;7;28,7
22630006773000;5;1;4;42,0
22630006777000;22;11;11;31,7
22630006778000;67;30;37;39,5
22630006779000;10;3;7;46,7
22630006781000;5;1;4;46,6
22630006858000;4;2;2;0,0
22630006859000;3;2;1;0,0
22630006904000;2;1;1;0,0
22630006927000;2;0;2;0,0
22630006928000;6;3;3;28,3
22630006930000;3;2;1;0,0
22630006932000;1;1;0;0,0
22630006933000;3;2;1;0,0
22630006982000;10;7;3;21,4
22630006983000;7;5;2;46,6
22630006984000;4;2;2;0,0
22630006985000;4;3;1;0,0
22630006987000;23;16;7;35,4
22630006988000;9;4;5;44,3
22630006990000;7;4;3;32,4
22630006995000;1;1;0;0,0
22630006996000;28;13;15;29,5
22630006997000;80;44;36;35,5
22630006998000;5;3;2;39,4
22630007009000;5;3;2;42,0
22630007010000;66;37;29;50,3
22630007011000;245;123;122;36,5
22630007012000;72;38;34;37,8
22630007013000;9;5;4;51,0
22630007014000;8;4;4;43,9
22630007015000;50;25;25;45,0
22630007016000;168;92;76;35,6
22630007017000;15;9;6;45,6
22630007018000;27;12;15;41,0
22630007019000;77;45;32;44,4
22630007020000;366;186;180;38,6
22630007021000;14;7;7;26,3
22630007022000;11;6;5;34,4
22630007023000;161;78;83;37,3
22630007024000;115;53;62;41,6
22630007025000;157;73;84;45,7
22630007026000;933;402;531;55,9
22630007027000;335;171;164;39,0
22630007028000;43;22;21;41,4
22630007029000;35;20;15;28,1
22630007030000;14;10;4;43,6
22630007031000;4;2;2;0,0
22630007032000;59;35;24;38,0
22630007033000;86;48;38;43,8
22630007034000;21;11;10;41,9
22630007037000;6;3;3;47,3
22630007056000;94;47;47;39,6
22630007060000;2;1;1;0,0
22630007061000;14;8;6;49,1
22630007069000;16;7;9;39,1
22630007098000;9;4;5;47,0
22630007100000;7;4;3;38,1
22630007101000;177;83;94;38,2
22630007103000;9;3;6;56,4
22630007104000;6;3;3;62,8
22630007112000;3;3;0;0,0
22630007119000;16;8;8;48,7
22630007121000;4;2;2;0,0
22640006555000;3;2;1;0,0
22640006556000;44;23;21;43,8
22640006557000;46;21;25;35,7
22640006558000;24;13;11;44,1
22640006559000;54;32;22;42,0
22640006567000;20;11;9;38,9
22640006568000;496;254;242;38,5
22640006569000;1433;730;703;36,2
22640006570000;56;28;28;43,8
22640006571000;55;25;30;28,2
22640006574000;7;5;2;55,6
22640006575000;41;22;19;45,1
22640006576000;8;4;4;48,6
22640006577000;10;5;5;38,0
22640006578000;15;6;9;38,5
22640006579000;3;2;1;0,0
22640006581000;19;14;5;37,2
22640006582000;14;9;5;37,9
22640006583000;2;1;1;0,0
22640006584000;6;5;1;59,2
22640006585000;11;4;7;48,1
22640006586000;1149;578;571;44,1
22640006587000;30;16;14;27,7
22640006588000;5;3;2;40,0
22640006594000;8;6;2;56,5
22640006595000;9;5;4;58,8
22640006596000;21;12;9;49,1
22640006597000;10;10;0;44,2
22640006599000;29;17;12;35,4
22640006600000;31;16;15;49,0
22640006601000;2;1;1;0,0
22640006602000;114;65;49;33,6
22640006603000;25;13;12;43,1
22640006604000;25;15;10;29,7
22640006605000;57;29;28;36,3
22640006606000;11;6;5;49,7
22640006608000;25;15;10;43,1
22640006609000;24;13;11;51,7
22640006610000;17;9;8;49,4
22640006611000;11;6;5;47,2
22640006612000;20;12;8;42,3
22640006613000;29;14;15;46,7
22640006614000;5;3;2;60,4
22640006615000;19;11;8;42,4
22640006616000;18;9;9;35,5
22640006617000;8;4;4;44,6
22640006618000;68;30;38;40,9
22640006619000;357;176;181;36,5
22640006620000;155;83;72;32,1
22640006621000;837;410;427;40,2
22640006622000;259;128;131;37,8
22640006623000;85;40;45;33,4
22640006624000;14;8;6;32,3
22640006626000;980;505;475;31,6
22640006627000;2725;1365;1360;37,8
22640006628000;1571;762;809;37,1
22640006629000;3;1;2;0,0
22640006630000;12;7;5;34,8
22640006631000;119;55;64;38,1
22640006632000;1524;779;745;35,8
22640006633000;2382;1151;1231;41,8
22640006634000;1884;978;906;34,6
22640006635000;628;301;327;39,2
22640006636000;1287;640;647;40,2
22640006637000;2468;1173;1295;51,1
22640006638000;1700;835;865;37,7
22640006639000;1911;1030;881;40,3
22640006640000;5160;2527;2633;35,8
22640006641000;3025;1467;1558;39,4
22640006642000;3040;1460;1580;42,3
22640006643000;3256;1594;1662;41,0
22640006644000;4193;1934;2259;45,0
22640006645000;3789;1935;1854;39,8
22640006646000;1938;933;1005;37,8
22640006647000;4726;2384;2342;36,6
22640006648000;9745;4979;4766;35,0
22640006649000;8705;4371;4334;35,4
22640006650000;8321;4081;4240;33,5
22640006651000;11713;6303;5410;33,5
22640006652000;6365;3177;3188;34,6
22640006653000;5398;2683;2715;37,9
22640006654000;3871;1953;1918;36,5
22640006655000;1491;761;730;39,5
22640006656000;4;1;3;0,0
22640006658000;1;1;0;0,0
22640006659000;16;7;9;46,6
22640006660000;81;42;39;39,1
22640006661000;40;23;17;39,1
22640006662000;6;3;3;32,7
22640006708000;3;1;2;0,0
22640006721000;1;1;0;0,0
22640006722000;10;5;5;36,8
22640006724000;3;2;1;0,0
22640006726000;4;3;1;0,0
22640006729000;18;7;11;29,9
22640006730000;54;25;29;39,6
22640006731000;10;5;5;30,2
22640006732000;8;5;3;47,4
22640006733000;199;97;102;46,6
22640006734000;45;21;24;41,4
22640006736000;42;22;20;34,5
22640006737000;30;14;16;48,5
22640006738000;26;15;11;55,3
22640006740000;31;16;15;47,8
22640006741000;41;25;16;37,9
22640006742000;38;21;17;45,8
22640006743000;10;5;5;40,8
22640006744000;841;404;437;35,7
22640006745000;1883;907;976;42,2
22640006746000;582;309;273;42,2
22640006747000;628;299;329;37,7
22640006748000;1614;814;800;39,2
22640006749000;705;341;364;40,8
22640006750000;271;137;134;34,3
22640006751000;102;47;55;30,4
22640006752000;137;72;65;33,2
22640006753000;26;13;13;41,3
22640006754000;58;26;32;44,7
22640006755000;23;13;10;51,7
22640006757000;35;16;19;51,1
22640006758000;106;57;49;37,8
22640006759000;12;6;6;45,1
22640006760000;120;60;60;40,1
22640006761000;50;27;23;50,9
22640006762000;33;17;16;44,0
22640006763000;22;12;10;41,9
22640006767000;17;9;8;44,0
22640006768000;20;10;10;32,0
22640006769000;41;24;17;32,8
22640006770000;34;18;16;45,7
22640006772000;2;1;1;0,0
22640006774000;3;2;1;0,0
22640006775000;29;13;16;46,7
22640006776000;11;7;4;46,5
22640006778000;175;81;94;32,6
22640006779000;40;20;20;40,4
22640006781000;23;15;8;41,3
22640006785000;3;2;1;0,0
22640006789000;3;2;1;0,0
22640006790000;19;7;12;36,2
22640006791000;2;2;0;0,0
22640006858000;5;2;3;44,4
22640006903000;5;1;4;28,8
22640006925000;7;3;4;55,7
22640006926000;3;2;1;0,0
22640006927000;2;1;1;0,0
22640006930000;12;7;5;39,5
22640006944000;8;3;5;18,0
22640006974000;5;3;2;64,2
22640006978000;5;2;3;54,8
22640006979000;3;2;1;0,0
22640006980000;10;5;5;31,5
22640006982000;2;1;1;0,0
22640006983000;31;17;14;38,0
22640006984000;4;1;3;0,0
22640006985000;16;10;6;30,8
22640006986000;20;8;12;39,3
22640006987000;20;10;10;48,6
22640006989000;5;2;3;66,4
22640006995000;6;3;3;43,2
22640006996000;10;6;4;63,6
22640007008000;4;2;2;0,0
22640007009000;23;13;10;47,4
22640007010000;44;26;18;36,2
22640007012000;49;26;23;34,9
22640007013000;55;26;29;34,3
22640007014000;67;34;33;35,2
22640007015000;136;67;69;39,5
22640007016000;356;172;184;38,3
22640007017000;32;18;14;40,0
22640007018000;45;23;22;46,0
22640007019000;14;8;6;46,0
22640007024000;192;99;93;38,9
22640007025000;452;216;236;34,6
22640007026000;150;82;68;37,5
22640007027000;69;38;31;39,9
22640007028000;44;20;24;42,6
22640007029000;21;12;9;40,2
22640007030000;108;52;56;40,0
22640007031000;72;37;35;51,0
22640007032000;26;10;16;40,2
22640007033000;89;45;44;36,9
22640007034000;21;12;9;48,0
22640007038000;21;11;10;36,8
22640007039000;16;10;6;39,2
22640007042000;11;5;6;63,3
22640007043000;5;3;2;34,2
22640007044000;1;1;0;0,0
22640007056000;19;8;11;33,4
22640007062000;1;1;0;0,0
22640007063000;9;4;5;47,3
22640007066000;12;6;6;30,7
22640007067000;2;1;1;0,0
22640007069000;10;6;4;32,0
22640007070000;19;8;11;32,2
22640007078000;4;2;2;0,0
22640007080000;1;1;0;0,0
22640007081000;3;1;2;0,0
22640007097000;3;1;2;0,0
22640007101000;263;132;131;39,6
22640007104000;15;8;7;52,7
22640007119000;5;2;3;36,8
22640007120000;2;1;1;0,0
22640007121000;20;11;9;51,7
22640007122000;57;30;27;39,8
22650006555000;14;5;9;48,8
22650006556000;55;32;23;55,9
22650006557000;43;25;18;40,0
22650006558000;109;50;59;43,4
22650006559000;144;79;65;41,9
22650006560000;16;7;9;45,6
22650006567000;12;7;5;40,0
22650006568000;798;392;406;38,4
22650006569000;340;161;179;42,8
22650006570000;647;342;305;40,2
22650006571000;734;371;363;41,0
22650006572000;289;148;141;44,1
22650006573000;15;7;8;45,6
22650006574000;61;30;31;39,4
22650006575000;19;9;10;45,6
22650006576000;32;17;15;38,3
22650006577000;9;4;5;37,1
22650006578000;12;6;6;46,5
22650006579000;27;16;11;44,3
22650006580000;12;6;6;41,7
22650006581000;32;17;15;50,4
22650006582000;32;15;17;34,2
22650006583000;36;20;16;46,8
22650006584000;49;27;22;36,0
22650006585000;24;11;13;42,3
22650006586000;861;435;426;47,3
22650006587000;44;27;17;39,4
22650006588000;13;6;7;48,8
22650006596000;19;9;10;32,1
22650006597000;74;35;39;45,0
22650006599000;26;12;14;32,9
22650006600000;135;66;69;31,1
22650006601000;91;47;44;33,8
22650006602000;793;402;391;32,8
22650006604000;6;3;3;57,3
22650006605000;24;15;9;44,7
22650006607000;18;9;9;47,4
22650006608000;67;33;34;45,9
22650006609000;462;239;223;38,0
22650006610000;35;19;16;39,5
22650006611000;1;0;1;0,0
22650006612000;2;1;1;0,0
22650006613000;9;5;4;37,6
22650006614000;35;20;15;41,0
22650006615000;2;1;1;0,0
22650006616000;7;4;3;33,1
22650006617000;25;14;11;45,1
22650006618000;157;80;77;37,8
22650006619000;245;142;103;35,7
22650006620000;111;52;59;31,2
22650006621000;7;4;3;43,3
22650006622000;11;7;4;39,5
22650006623000;29;14;15;35,8
22650006624000;3;2;1;0,0
22650006625000;76;39;37;39,0
22650006626000;1636;813;823;39,0
22650006627000;2211;1041;1170;43,0
22650006628000;943;470;473;39,1
22650006629000;34;19;15;39,3
22650006630000;575;291;284;36,9
22650006631000;2405;1242;1163;37,5
22650006632000;1285;654;631;37,1
22650006633000;1169;577;592;35,9
22650006634000;7;2;5;44,0
22650006635000;732;357;375;40,0
22650006636000;2080;1039;1041;37,1
22650006637000;2684;1293;1391;37,0
22650006638000;2438;1199;1239;42,0
22650006639000;1966;970;996;37,9
22650006640000;1581;793;788;36,6
22650006641000;4082;2058;2024;36,5
22650006642000;3210;1601;1609;35,3
22650006643000;4000;1969;2031;37,2
22650006644000;5365;2530;2835;37,8
22650006645000;4333;2023;2310;37,7
22650006646000;4203;2081;2122;36,4
22650006647000;4537;2106;2431;40,5
22650006648000;5239;2588;2651;37,6
22650006649000;2995;1464;1531;35,4
22650006650000;894;420;474;34,5
22650006651000;4915;2567;2348;35,6
22650006652000;5218;2611;2607;35,9
22650006653000;3471;1724;1747;40,7
22650006654000;2546;1218;1328;42,8
22650006655000;809;403;406;38,5
22650006658000;17;8;9;37,3
22650006659000;7;6;1;35,7
22650006660000;12;6;6;31,8
22650006661000;16;8;8;32,1
22650006675000;3;3;0;0,0
22650006710000;6;3;3;55,0
22650006722000;16;9;7;66,2
22650006723000;30;17;13;37,9
22650006724000;35;18;17;40,3
22650006725000;50;23;27;42,7
22650006726000;21;9;12;47,1
22650006727000;12;7;5;54,3
22650006728000;2;1;1;0,0
22650006729000;22;11;11;41,2
22650006730000;43;18;25;54,5
22650006731000;52;26;26;38,8
22650006732000;5;4;1;46,4
22650006733000;17;8;9;44,1
22650006734000;48;24;24;40,3
22650006735000;3;2;1;0,0
22650006736000;28;15;13;46,2
22650006737000;32;16;16;46,8
22650006738000;9;7;2;43,8
22650006740000;23;11;12;46,9
22650006741000;26;15;11;59,4
22650006742000;18;9;9;28,8
22650006743000;40;21;19;46,4
22650006744000;1031;525;506;40,9
22650006745000;1386;687;699;42,4
22650006746000;1912;951;961;40,2
22650006747000;2307;1123;1184;48,7
22650006748000;1425;687;738;42,3
22650006749000;197;96;101;38,2
22650006750000;1;1;0;0,0
22650006753000;13;6;7;36,1
22650006754000;68;32;36;32,7
22650006755000;28;13;15;35,8
22650006756000;43;21;22;48,2
22650006757000;60;36;24;40,7
22650006758000;24;10;14;34,6
22650006761000;2;1;1;0,0
22650006765000;28;16;12;45,7
22650006766000;24;15;9;48,0
22650006767000;22;11;11;45,6
22650006768000;51;29;22;51,0
22650006769000;58;28;30;42,1
22650006770000;2;1;1;0,0
22650006774000;5;2;3;39,4
22650006775000;17;8;9;47,7
22650006777000;19;11;8;37,8
22650006778000;25;15;10;36,5
22650006779000;38;21;17;32,8
22650006780000;5;2;3;37,0
22650006781000;21;10;11;46,5
22650006784000;29;17;12;44,1
22650006785000;2;0;2;0,0
22650006849000;1;1;0;0,0
22650006858000;4;3;1;0,0
22650006893000;1;1;0;0,0
22650006902000;4;2;2;0,0
22650006916000;3;2;1;0,0
22650006926000;16;9;7;39,1
22650006980000;4;1;3;0,0
22650006983000;7;3;4;34,6
22650006986000;4;2;2;0,0
22650006995000;13;7;6;41,0
22650007009000;4;3;1;0,0
22650007013000;13;7;6;49,3
22650007014000;10;5;5;47,7
22650007015000;53;29;24;32,2
22650007016000;9;5;4;26,9
22650007017000;27;13;14;37,8
22650007025000;99;51;48;33,9
22650007026000;656;327;329;32,7
22650007027000;24;12;12;43,3
22650007028000;43;25;18;32,2
22650007029000;25;14;11;43,8
22650007030000;492;239;253;33,8
22650007031000;181;90;91;27,2
22650007032000;24;12;12;38,3
22650007033000;161;84;77;36,6
22650007035000;60;29;31;43,3
22650007036000;11;6;5;46,8
22650007037000;20;10;10;38,4
22650007038000;320;161;159;36,7
22650007039000;55;29;26;43,8
22650007041000;8;3;5;51,6
22650007044000;264;141;123;41,3
22650007056000;9;4;5;41,3
22650007065000;2;1;1;0,0
22650007066000;15;9;6;54,3
22650007067000;8;3;5;40,0
22650007070000;24;13;11;40,0
22650007071000;4;2;2;0,0
22650007078000;2;1;1;0,0
22650007081000;6;4;2;46,5
22650007082000;2;1;1;0,0
22650007086000;1;1;0;0,0
22650007087000;11;5;6;25,6
22650007096000;5;1;4;29,4
22650007097000;9;5;4;63,4
22650007098000;6;3;3;28,8
22650007099000;13;8;5;25,7
22650007100000;4;3;1;0,0
22650007101000;231;109;122;44,1
22650007102000;119;61;58;32,5
22650007103000;6;3;3;44,0
22650007104000;3;1;2;0,0
22650007105000;8;4;4;34,6
22650007121000;2;1;1;0,0
22650007122000;20;11;9;35,3
22650007123000;14;7;7;49,0
22650007124000;14;9;5;39,5
22660006553000;47;29;18;46,5
22660006554000;3;2;1;0,0
22660006555000;14;7;7;46,9
22660006556000;35;21;14;47,7
22660006557000;111;60;51;46,3
22660006558000;152;83;69;35,4
22660006559000;131;67;64;40,1
22660006560000;1;1;0;0,0
22660006562000;1;1;0;0,0
22660006564000;8;3;5;62,4
22660006565000;10;2;8;26,5
22660006566000;3;3;0;0,0
22660006567000;15;9;6;29,4
22660006568000;462;223;239;34,7
22660006569000;1208;586;622;43,0
22660006570000;597;299;298;40,6
22660006571000;1755;835;920;41,7
22660006572000;1779;874;905;44,2
22660006573000;192;85;107;44,8
22660006574000;185;99;86;39,4
22660006575000;40;23;17;32,7
22660006576000;104;57;47;38,0
22660006577000;59;30;29;49,3
22660006578000;40;19;21;29,4
22660006579000;48;27;21;40,0
22660006580000;28;14;14;47,8
22660006581000;16;8;8;41,9
22660006582000;2;1;1;0,0
22660006583000;27;13;14;31,6
22660006584000;6;4;2;50,0
22660006585000;37;18;19;45,8
22660006586000;144;79;65;44,8
22660006587000;8;3;5;51,6
22660006589000;6;3;3;44,2
22660006596000;2;1;1;0,0
22660006597000;1;1;0;0,0
22660006600000;73;38;35;29,8
22660006601000;140;63;77;50,1
22660006602000;122;67;55;43,4
22660006606000;1;1;0;0,0
22660006607000;2;1;1;0,0
22660006608000;42;22;20;43,8
22660006609000;6;4;2;38,7
22660006610000;50;31;19;44,0
22660006611000;20;11;9;50,1
22660006612000;6;2;4;61,7
22660006613000;10;6;4;38,3
22660006614000;2;1;1;0,0
22660006615000;5;2;3;30,4
22660006616000;15;11;4;28,1
22660006617000;16;7;9;27,6
22660006618000;54;32;22;42,5
22660006619000;2;1;1;0,0
22660006620000;24;12;12;32,3
22660006621000;12;7;5;27,5
22660006622000;7;4;3;29,4
22660006623000;7;4;3;27,3
22660006624000;17;5;12;43,2
22660006625000;413;201;212;37,3
22660006626000;1220;604;616;41,2
22660006627000;1651;801;850;43,3
22660006628000;312;157;155;38,2
22660006629000;35;16;19;41,9
22660006630000;1086;560;526;42,9
22660006631000;2407;1169;1238;40,8
22660006632000;1338;646;692;32,2
22660006636000;23;16;7;38,0
22660006637000;1;1;0;0,0
22660006638000;1923;978;945;34,3
22660006639000;4508;2254;2254;30,1
22660006640000;1698;876;822;31,4
22660006641000;4096;2057;2039;32,2
22660006642000;2734;1359;1375;36,7
22660006643000;4300;2059;2241;37,5
22660006644000;3483;1608;1875;41,8
22660006645000;2046;1025;1021;36,3
22660006646000;917;448;469;37,0
22660006647000;3591;1733;1858;38,3
22660006648000;2084;1059;1025;37,7
22660006649000;3831;1949;1882;37,1
22660006650000;657;346;311;36,4
22660006651000;4080;2088;1992;35,7
22660006652000;5530;2752;2778;37,7
22660006653000;3337;1601;1736;35,9
22660006655000;2;1;1;0,0
22660006656000;176;85;91;39,6
22660006660000;4;1;3;0,0
22660006661000;92;49;43;41,7
22660006662000;163;78;85;42,8
22660006663000;66;37;29;40,5
22660006672000;4;2;2;0,0
22660006673000;45;26;19;48,6
22660006674000;23;8;15;34,2
22660006709000;7;3;4;41,1
22660006723000;48;22;26;37,3
22660006724000;62;33;29;39,9
22660006725000;96;53;43;41,8
22660006726000;57;31;26;45,4
22660006727000;52;31;21;35,7
22660006728000;74;38;36;37,6
22660006729000;116;61;55;41,5
22660006730000;159;87;72;39,2
22660006731000;111;57;54;45,5
22660006732000;27;15;12;41,7
22660006734000;29;14;15;37,6
22660006735000;1;1;0;0,0
22660006736000;51;24;27;41,4
22660006737000;30;18;12;42,6
22660006738000;13;6;7;30,5
22660006739000;3;1;2;0,0
22660006740000;10;5;5;47,8
22660006741000;6;3;3;49,7
22660006742000;4;2;2;0,0
22660006743000;76;39;37;42,5
22660006744000;243;119;124;30,3
22660006745000;518;242;276;37,4
22660006746000;277;134;143;51,5
22660006750000;9;5;4;37,0
22660006751000;6;3;3;39,5
22660006754000;2;2;0;0,0
22660006755000;62;31;31;33,9
22660006756000;71;37;34;41,0
22660006757000;7;3;4;54,4
22660006761000;23;13;10;37,7
22660006762000;438;202;236;49,6
22660006763000;304;154;150;41,9
22660006764000;83;42;41;45,0
22660006765000;60;40;20;44,7
22660006766000;39;20;19;35,6
22660006767000;25;15;10;45,2
22660006768000;23;11;12;44,9
22660006769000;18;9;9;38,5
22660006770000;4;2;2;0,0
22660006774000;11;5;6;26,2
22660006775000;3;2;1;0,0
22660006777000;18;9;9;33,8
22660006778000;33;19;14;47,4
22660006783000;35;18;17;30,6
22660006784000;50;24;26;38,4
22660006786000;2;1;1;0,0
22660006838000;1;1;0;0,0
22660006893000;11;7;4;52,3
22660006902000;7;5;2;51,7
22660006916000;1;1;0;0,0
22660006983000;19;9;10;43,1
22660006995000;11;7;4;50,2
22660006996000;4;3;1;0,0
22660007014000;26;15;11;38,5
22660007015000;72;43;29;36,3
22660007016000;79;45;34;33,0
22660007017000;25;13;12;31,1
22660007026000;226;117;109;28,2
22660007027000;100;56;44;36,3
22660007028000;78;40;38;35,5
22660007029000;37;19;18;43,1
22660007030000;106;59;47;35,3
22660007031000;35;16;19;46,8
22660007032000;3374;1605;1769;38,0
22660007033000;2812;1448;1364;36,9
22660007034000;109;58;51;39,9
22660007035000;514;253;261;38,8
22660007036000;1725;881;844;34,7
22660007037000;1662;838;824;35,6
22660007038000;1450;733;717;34,5
22660007039000;925;480;445;35,4
22660007043000;5;2;3;23,0
22660007044000;256;137;119;37,0
22660007056000;10;7;3;34,1
22660007066000;7;3;4;32,9
22660007067000;2;1;1;0,0
22660007071000;34;20;14;41,1
22660007072000;2;1;1;0,0
22660007081000;3;2;1;0,0
22660007095000;2;1;1;0,0
22660007096000;1;1;0;0,0
22660007099000;2;1;1;0,0
22660007100000;8;4;4;52,3
22660007101000;328;175;153;47,5
22660007102000;121;52;69;48,6
22660007105000;33;18;15;38,7
22660007106000;13;9;4;47,3
22660007117000;11;9;2;47,0
22660007121000;3;2;1;0,0
22660007122000;10;6;4;46,0
22660007123000;15;8;7;41,4
22660007127000;9;4;5;37,7
22670006551000;97;51;46;49,7
22670006552000;14;8;6;62,2
22670006553000;65;35;30;38,3
22670006554000;133;71;62;32,6
22670006555000;535;259;276;40,7
22670006556000;19;9;10;46,0
22670006557000;49;26;23;52,4
22670006558000;59;31;28;47,3
22670006561000;1;0;1;0,0
22670006562000;88;45;43;47,8
22670006563000;236;119;117;41,0
22670006564000;127;70;57;32,8
22670006565000;269;138;131;32,6
22670006566000;446;236;210;34,7
22670006567000;452;225;227;36,0
22670006568000;391;179;212;44,3
22670006569000;1118;524;594;43,6
22670006570000;1272;655;617;40,4
22670006571000;2449;1239;1210;42,4
22670006572000;2531;1224;1307;40,1
22670006573000;1574;767;807;39,5
22670006574000;1344;678;666;33,0
22670006575000;593;301;292;34,5
22670006576000;14;9;5;52,6
22670006577000;9;5;4;36,6
22670006578000;6;3;3;39,8
22670006580000;5;2;3;33,6
22670006581000;19;9;10;36,8
22670006582000;40;22;18;40,7
22670006583000;28;16;12;39,0
22670006584000;9;3;6;40,2
22670006585000;110;62;48;38,5
22670006586000;1;1;0;0,0
22670006587000;10;7;3;34,9
22670006589000;3;2;1;0,0
22670006593000;1;0;1;0,0
22670006594000;3;2;1;0,0
22670006596000;2;1;1;0,0
22670006597000;6;4;2;39,5
22670006598000;7;2;5;40,0
22670006599000;3;1;2;0,0
22670006600000;16;8;8;36,4
22670006601000;31;18;13;44,2
22670006602000;3;3;0;0,0
22670006603000;42;20;22;46,3
22670006608000;10;4;6;47,1
22670006609000;5;2;3;33,4
22670006610000;22;12;10;42,8
22670006611000;17;7;10;37,2
22670006612000;15;8;7;39,1
22670006613000;11;4;7;28,6
22670006615000;17;7;10;55,5
22670006616000;18;11;7;31,3
22670006617000;10;5;5;26,4
22670006618000;3;1;2;0,0
22670006619000;22;13;9;44,2
22670006620000;26;13;13;29,4
22670006621000;39;17;22;34,8
22670006622000;85;51;34;32,9
22670006623000;129;63;66;32,0
22670006624000;43;25;18;43,1
22670006625000;24;10;14;40,3
22670006626000;24;15;9;46,6
22670006627000;508;257;251;35,5
22670006628000;160;70;90;57,4
22670006629000;26;15;11;40,8
22670006630000;16;8;8;46,4
22670006631000;687;355;332;35,7
22670006632000;1942;972;970;31,7
22670006634000;5;3;2;39,4
22670006638000;146;80;66;36,2
22670006639000;189;95;94;34,6
22670006640000;355;194;161;33,0
22670006641000;1052;535;517;36,8
22670006642000;472;253;219;38,8
22670006643000;535;260;275;38,1
22670006644000;2852;1343;1509;42,2
22670006645000;6009;2842;3167;38,0
22670006646000;4636;2300;2336;38,9
22670006647000;8833;4136;4697;38,0
22670006648000;3237;1612;1625;38,5
22670006649000;4313;1997;2316;43,2
22670006650000;396;249;147;39,8
22670006651000;688;340;348;36,5
22670006652000;5229;2565;2664;35,1
22670006653000;609;291;318;37,4
22670006663000;8;3;5;39,9
22670006667000;2;1;1;0,0
22670006672000;72;37;35;45,6
22670006673000;424;205;219;38,5
22670006674000;6;3;3;80,3
22670006721000;8;4;4;39,6
22670006722000;6;3;3;70,0
22670006723000;72;36;36;44,7
22670006724000;31;18;13;37,6
22670006725000;11;6;5;58,7
22670006726000;64;39;25;43,3
22670006727000;19;9;10;54,1
22670006728000;33;18;15;37,7
22670006729000;17;10;7;31,5
22670006730000;162;74;88;38,7
22670006731000;463;224;239;41,5
22670006732000;15;9;6;31,5
22670006733000;1;1;0;0,0
22670006734000;7;2;5;42,1
22670006735000;19;13;6;39,4
22670006736000;63;29;34;49,2
22670006737000;23;12;11;39,7
22670006738000;54;30;24;38,4
22670006739000;7;5;2;60,3
22670006740000;37;23;14;39,4
22670006741000;24;16;8;35,2
22670006742000;11;6;5;55,1
22670006743000;105;52;53;35,8
22670006744000;27;14;13;47,1
22670006749000;50;23;27;38,4
22670006750000;24;13;11;50,6
22670006751000;11;4;7;40,1
22670006752000;1;1;0;0,0
22670006759000;31;15;16;57,0
22670006760000;233;112;121;40,0
22670006761000;328;167;161;48,2
22670006762000;993;461;532;49,6
22670006763000;1015;518;497;43,7
22670006764000;224;110;114;34,9
22670006765000;50;27;23;33,9
22670006766000;7;3;4;48,3
22670006767000;4;2;2;0,0
22670006768000;3;2;1;0,0
22670006770000;25;14;11;39,8
22670006774000;19;10;9;41,4
22670006778000;1;0;1;0,0
22670006781000;39;18;21;41,9
22670006782000;87;41;46;40,1
22670006783000;17;8;9;58,0
22670006784000;1;0;1;0,0
22670006785000;1;0;1;0,0
22670006786000;1;1;0;0,0
22670006787000;12;7;5;44,5
22670006837000;3;1;2;0,0
22670006893000;15;8;7;33,3
22670006894000;22;14;8;26,0
22670006895000;46;26;20;43,1
22670006896000;27;14;13;40,6
22670006897000;3;1;2;0,0
22670006900000;4;1;3;0,0
22670006916000;5;3;2;41,4
22670006917000;1;0;1;0,0
22670006924000;1;0;1;0,0
22670006925000;1;0;1;0,0
22670006967000;2;1;1;0,0
22670006975000;3;2;1;0,0
22670006982000;9;6;3;37,2
22670006983000;12;5;7;36,3
22670006995000;3;2;1;0,0
22670006996000;10;5;5;37,1
22670007015000;11;7;4;38,0
22670007016000;39;23;16;38,8
22670007017000;92;52;40;36,4
22670007018000;6;3;3;49,7
22670007027000;29;17;12;40,9
22670007028000;50;28;22;35,7
22670007029000;82;43;39;27,9
22670007030000;75;40;35;36,0
22670007031000;120;76;44;36,1
22670007032000;1310;667;643;38,9
22670007033000;2614;1304;1310;39,5
22670007034000;3767;1790;1977;38,5
22670007035000;4481;2173;2308;38,4
22670007036000;1979;979;1000;35,4
22670007037000;2683;1351;1332;37,3
22670007038000;2891;1456;1435;36,5
22670007039000;1257;659;598;35,1
22670007040000;582;281;301;42,6
22670007041000;665;324;341;37,6
22670007042000;17;11;6;33,8
22670007043000;2;0;2;0,0
22670007044000;10;6;4;33,1
22670007056000;5;2;3;45,0
22670007067000;2;1;1;0,0
22670007072000;12;8;4;32,2
22670007073000;2;1;1;0,0
22670007095000;8;5;3;24,0
22670007096000;4;3;1;0,0
22670007101000;5;4;1;38,4
22670007103000;2;1;1;0,0
22670007105000;1;1;0;0,0
22670007106000;15;9;6;33,6
22670007117000;5;3;2;44,2
22670007120000;6;2;4;47,0
22670007121000;11;7;4;37,9
22670007122000;1;1;0;0,0
22670007123000;3;1;2;0,0
22670007124000;12;6;6;32,8
22670007125000;14;9;5;34,5
22670007126000;43;26;17;39,6
22670007127000;4;2;2;0,0
22680006551000;53;24;29;50,7
22680006552000;11;7;4;44,6
22680006553000;52;27;25;42,8
22680006554000;1;1;0;0,0
22680006555000;5;2;3;44,8
22680006556000;9;4;5;53,3
22680006561000;3;1;2;0,0
22680006562000;97;44;53;40,4
22680006563000;95;45;50;49,5
22680006564000;75;41;34;32,9
22680006565000;31;16;15;41,3
22680006566000;262;132;130;39,7
22680006567000;267;134;133;42,7
22680006568000;570;293;277;39,8
22680006569000;1398;670;728;42,3
22680006570000;3558;1756;1802;44,3
22680006571000;3049;1509;1540;40,5
22680006572000;1658;853;805;39,5
22680006573000;840;435;405;38,7
22680006574000;159;90;69;39,7
22680006575000;136;74;62;39,3
22680006576000;30;15;15;46,3
22680006578000;19;9;10;48,8
22680006579000;1;1;0;0,0
22680006581000;13;7;6;51,4
22680006582000;1;1;0;0,0
22680006583000;52;26;26;32,7
22680006584000;32;20;12;38,8
22680006585000;379;198;181;41,8
22680006586000;41;23;18;46,5
22680006587000;1;1;0;0,0
22680006588000;10;5;5;57,3
22680006595000;2;1;1;0,0
22680006596000;2;1;1;0,0
22680006598000;4;2;2;0,0
22680006599000;2;1;1;0,0
22680006600000;8;4;4;34,1
22680006601000;51;30;21;43,2
22680006604000;9;6;3;48,2
22680006605000;1;1;0;0,0
22680006612000;2;1;1;0,0
22680006613000;24;12;12;37,4
22680006614000;1;1;0;0,0
22680006615000;29;13;16;44,9
22680006616000;7;3;4;41,0
22680006617000;5;3;2;62,8
22680006618000;4;3;1;0,0
22680006619000;18;12;6;41,6
22680006620000;15;10;5;48,3
22680006621000;17;7;10;37,0
22680006622000;333;176;157;42,6
22680006623000;725;369;356;32,8
22680006624000;22;14;8;42,0
22680006625000;13;8;5;45,7
22680006626000;31;18;13;33,0
22680006627000;16;10;6;46,5
22680006628000;21;9;12;47,9
22680006629000;20;8;12;34,5
22680006630000;23;14;9;39,8
22680006631000;2;1;1;0,0
22680006632000;126;60;66;39,2
22680006634000;6;3;3;58,2
22680006635000;767;368;399;36,9
22680006636000;4;1;3;0,0
22680006637000;27;15;12;56,2
22680006638000;61;31;30;42,6
22680006639000;27;15;12;52,4
22680006640000;82;56;26;40,7
22680006644000;19;9;10;43,5
22680006645000;770;350;420;40,4
22680006646000;1550;748;802;42,3
22680006647000;1193;593;600;31,5
22680006648000;2270;1149;1121;36,1
22680006649000;5687;2786;2901;38,5
22680006650000;1987;1013;974;37,7
22680006651000;15;12;3;41,2
22680006652000;4452;2243;2209;33,5
22680006653000;2902;1404;1498;37,5
22680006654000;12;8;4;39,2
22680006661000;2;1;1;0,0
22680006665000;4;2;2;0,0
22680006666000;1;1;0;0,0
22680006670000;84;35;49;36,0
22680006671000;366;189;177;36,3
22680006672000;42;18;24;34,9
22680006673000;23;12;11;43,5
22680006674000;2;2;0;0,0
22680006722000;1;1;0;0,0
22680006723000;7;3;4;33,9
22680006724000;16;7;9;45,9
22680006725000;27;14;13;48,4
22680006726000;51;24;27;47,5
22680006727000;78;28;50;66,5
22680006728000;72;38;34;36,1
22680006729000;37;21;16;41,4
22680006730000;33;18;15;37,6
22680006731000;23;12;11;48,7
22680006732000;15;8;7;59,7
22680006733000;80;43;37;35,9
22680006734000;7;3;4;23,6
22680006735000;40;25;15;38,5
22680006736000;18;10;8;52,6
22680006737000;7;4;3;50,4
22680006738000;6;3;3;67,0
22680006739000;2;1;1;0,0
22680006740000;38;20;18;45,6
22680006741000;292;145;147;43,0
22680006742000;222;114;108;36,5
22680006743000;2;1;1;0,0
22680006746000;7;5;2;43,1
22680006747000;16;6;10;50,2
22680006748000;9;3;6;43,0
22680006749000;18;9;9;40,3
22680006750000;34;18;16;37,5
22680006751000;36;23;13;36,9
22680006752000;8;6;2;29,8
22680006753000;15;6;9;37,3
22680006756000;4;3;1;0,0
22680006758000;33;15;18;52,1
22680006759000;137;72;65;36,5
22680006760000;70;33;37;45,2
22680006761000;15;8;7;41,4
22680006763000;654;317;337;39,2
22680006764000;25;12;13;43,6
22680006765000;32;20;12;43,8
22680006766000;6;4;2;64,7
22680006767000;4;2;2;0,0
22680006768000;2;1;1;0,0
22680006770000;12;4;8;31,5
22680006772000;6;2;4;51,2
22680006773000;8;5;3;40,0
22680006775000;24;11;13;41,0
22680006776000;21;12;9;39,2
22680006777000;9;4;5;49,0
22680006781000;142;68;74;41,2
22680006782000;130;62;68;35,2
22680006784000;2;1;1;0,0
22680006785000;2;1;1;0,0
22680006786000;10;5;5;42,1
22680006787000;28;15;13;40,6
22680006849000;1;0;1;0,0
22680006859000;6;2;4;41,3
22680006892000;2;1;1;0,0
22680006894000;23;11;12;43,5
22680006895000;83;44;39;43,2
22680006896000;97;53;44;36,3
22680006897000;4;3;1;0,0
22680006898000;20;8;12;34,0
22680006899000;8;4;4;37,1
22680006900000;20;10;10;42,6
22680006916000;16;9;7;49,6
22680006917000;2;1;1;0,0
22680006923000;3;2;1;0,0
22680006973000;9;6;3;30,7
22680006974000;1;1;0;0,0
22680006975000;5;3;2;63,2
22680006976000;16;9;7;43,6
22680006977000;14;5;9;35,6
22680006978000;18;9;9;46,2
22680006992000;2;1;1;0,0
22680006995000;17;8;9;50,1
22680006996000;17;8;9;49,9
22680007029000;18;7;11;55,9
22680007030000;29;15;14;49,6
22680007031000;254;132;122;35,5
22680007032000;1277;669;608;38,0
22680007033000;2474;1261;1213;37,3
22680007034000;885;439;446;37,9
22680007035000;1902;943;959;35,6
22680007036000;1249;635;614;37,2
22680007037000;3010;1465;1545;40,8
22680007038000;3426;1674;1752;38,4
22680007039000;3543;1714;1829;40,9
22680007040000;2577;1263;1314;37,9
22680007041000;3242;1650;1592;37,4
22680007042000;1085;536;549;43,7
22680007043000;2;1;1;0,0
22680007056000;1;0;1;0,0
22680007067000;8;5;3;46,0
22680007073000;35;19;16;44,1
22680007102000;6;4;2;33,8
22680007122000;3;2;1;0,0
22680007124000;52;24;28;49,6
22680007125000;78;35;43;53,4
22690006554000;2;1;1;0,0
22690006568000;590;276;314;35,9
22690006569000;1568;708;860;48,1
22690006570000;2087;985;1102;43,6
22690006571000;1424;705;719;46,0
22690006572000;1577;735;842;44,7
22690006573000;436;225;211;43,5
22690006574000;22;11;11;39,7
22690006576000;21;12;9;44,1
22690006578000;7;3;4;33,6
22690006580000;34;16;18;43,6
22690006581000;26;14;12;49,3
22690006582000;26;14;12;45,5
22690006583000;24;12;12;36,2
22690006584000;40;23;17;45,1
22690006585000;356;190;166;32,6
22690006586000;57;31;26;29,4
22690006587000;31;20;11;43,5
22690006588000;6;3;3;29,5
22690006595000;5;3;2;70,6
22690006596000;2;1;1;0,0
22690006600000;3;1;2;0,0
22690006601000;49;26;23;39,5
22690006602000;1;0;1;0,0
22690006608000;5;2;3;20,6
22690006609000;4;2;2;0,0
22690006611000;4;2;2;0,0
22690006612000;3;2;1;0,0
22690006613000;11;6;5;47,6
22690006614000;90;49;41;40,1
22690006615000;23;14;9;35,6
22690006616000;6;4;2;44,0
22690006617000;7;4;3;25,4
22690006618000;24;14;10;40,7
22690006619000;12;7;5;46,3
22690006620000;11;6;5;53,1
22690006621000;19;10;9;40,7
22690006622000;36;20;16;40,3
22690006623000;12;6;6;42,4
22690006624000;34;21;13;30,9
22690006625000;13;8;5;41,5
22690006626000;31;20;11;34,5
22690006627000;12;7;5;41,7
22690006628000;11;6;5;46,4
22690006629000;4;2;2;0,0
22690006630000;18;10;8;49,8
22690006631000;4;3;1;0,0
22690006632000;1;1;0;0,0
22690006634000;64;31;33;41,2
22690006635000;525;269;256;40,6
22690006636000;59;29;30;34,1
22690006637000;158;81;77;42,9
22690006638000;100;55;45;43,1
22690006639000;7;4;3;24,6
22690006640000;4;2;2;0,0
22690006644000;2;1;1;0,0
22690006649000;550;274;276;33,8
22690006650000;6947;3493;3454;36,7
22690006651000;1499;722;777;34,0
22690006652000;1422;660;762;38,0
22690006653000;5382;2607;2775;38,2
22690006654000;5865;2911;2954;38,3
22690006655000;594;301;293;41,9
22690006658000;3;1;2;0,0
22690006661000;8;8;0;13,4
22690006663000;110;52;58;26,6
22690006664000;2200;1108;1092;34,7
22690006665000;1576;819;757;38,7
22690006668000;41;24;17;40,7
22690006669000;17;8;9;33,4
22690006670000;741;350;391;39,8
22690006671000;750;365;385;41,9
22690006672000;356;174;182;33,4
22690006677000;2;1;1;0,0
22690006708000;10;5;5;24,5
22690006709000;2;1;1;0,0
22690006710000;2;1;1;0,0
22690006725000;11;8;3;38,0
22690006726000;33;17;16;43,0
22690006727000;57;31;26;39,0
22690006728000;54;28;26;45,7
22690006729000;45;23;22;41,8
22690006730000;28;14;14;42,3
22690006731000;30;21;9;43,4
22690006732000;32;16;16;46,2
22690006733000;172;95;77;43,2
22690006734000;30;15;15;37,2
22690006735000;66;33;33;45,9
22690006736000;153;81;72;42,1
22690006738000;35;17;18;44,9
22690006739000;13;6;7;39,0
22690006740000;51;25;26;41,3
22690006741000;126;60;66;35,7
22690006742000;14;7;7;40,2
22690006746000;8;3;5;53,4
22690006747000;63;28;35;40,6
22690006748000;27;14;13;46,3
22690006749000;22;15;7;44,7
22690006750000;5;4;1;36,2
22690006751000;20;13;7;38,5
22690006752000;15;7;8;36,7
22690006753000;9;5;4;22,7
22690006755000;5;4;1;13,2
22690006756000;17;11;6;47,5
22690006757000;41;18;23;40,1
22690006758000;4;1;3;0,0
22690006759000;40;18;22;45,4
22690006760000;63;30;33;43,6
22690006761000;18;12;6;41,6
22690006762000;8;4;4;42,0
22690006763000;9;5;4;40,6
22690006764000;71;34;37;41,6
22690006765000;87;44;43;38,8
22690006766000;33;17;16;44,7
22690006767000;18;10;8;41,9
22690006768000;24;12;12;32,3
22690006769000;6;3;3;37,8
22690006770000;9;4;5;40,4
22690006772000;9;4;5;50,0
22690006774000;6;2;4;34,0
22690006775000;39;15;24;47,7
22690006776000;8;4;4;48,4
22690006777000;4;3;1;0,0
22690006780000;2;1;1;0,0
22690006781000;14;6;8;44,5
22690006785000;1;1;0;0,0
22690006786000;2;1;1;0,0
22690006788000;4;3;1;0,0
22690006849000;2;1;1;0,0
22690006859000;2;1;1;0,0
22690006892000;1;0;1;0,0
22690006894000;19;10;9;56,5
22690006895000;21;13;8;41,9
22690006896000;153;77;76;34,1
22690006897000;40;19;21;34,8
22690006898000;6;1;5;20,5
22690006916000;1;1;0;0,0
22690006923000;4;2;2;0,0
22690006973000;2;1;1;0,0
22690006974000;2;1;1;0,0
22690006977000;5;2;3;41,4
22690006978000;6;3;3;47,2
22690006979000;9;4;5;59,3
22690006980000;12;6;6;49,3
22690006983000;21;11;10;43,4
22690006984000;7;5;2;35,1
22690006985000;5;1;4;34,4
22690006986000;1;1;0;0,0
22690006994000;29;17;12;55,6
22690006995000;32;17;15;45,2
22690006996000;3;2;1;0,0
22690007017000;15;7;8;36,8
22690007029000;10;6;4;56,7
22690007030000;1;0;1;0,0
22690007031000;4;2;2;0,0
22690007032000;777;414;363;31,7
22690007033000;2646;1319;1327;35,3
22690007034000;3296;1647;1649;38,9
22690007035000;1323;669;654;39,3
22690007036000;1949;1012;937;35,2
22690007037000;1067;582;485;36,1
22690007038000;2089;1068;1021;35,9
22690007039000;1275;702;573;35,2
22690007040000;1490;799;691;34,9
22690007041000;3728;1932;1796;40,3
22690007042000;163;85;78;34,7
22690007057000;13;4;9;42,8
22690007073000;5;3;2;32,4
22690007097000;4;2;2;0,0
22690007104000;27;11;16;29,7
22690007116000;1;1;0;0,0
22690007118000;13;7;6;51,7
22690007119000;2;2;0;0,0
22690007124000;2;1;1;0,0
22690007125000;5;1;4;62,2
22690007127000;3;2;1;0,0
22690007130000;1;1;0;0,0
22700006550000;11;7;4;68,5
22700006551000;16;9;7;42,2
22700006552000;13;6;7;33,8
22700006553000;11;6;5;66,8
22700006554000;2;1;1;0,0
22700006555000;16;10;6;34,7
22700006556000;1;0;1;0,0
22700006568000;175;86;89;37,4
22700006569000;71;36;35;40,3
22700006570000;1323;609;714;43,3
22700006571000;937;439;498;40,5
22700006572000;2044;1063;981;36,4
22700006573000;1900;913;987;39,1
22700006574000;101;57;44;41,8
22700006578000;9;6;3;25,9
22700006579000;27;13;14;31,0
22700006580000;171;85;86;34,3
22700006581000;58;25;33;41,7
22700006582000;74;38;36;42,0
22700006583000;24;14;10;46,2
22700006584000;62;34;28;41,2
22700006585000;3;2;1;0,0
22700006587000;10;4;6;35,5
22700006588000;26;14;12;42,5
22700006589000;13;8;5;38,5
22700006595000;4;4;0;0,0
22700006596000;13;6;7;40,7
22700006600000;48;24;24;32,5
22700006601000;2;2;0;0,0
22700006602000;5;3;2;56,0
22700006603000;2;1;1;0,0
22700006604000;10;6;4;61,7
22700006605000;6;2;4;41,0
22700006608000;9;5;4;37,6
22700006613000;12;7;5;47,8
22700006614000;24;13;11;46,7
22700006615000;40;20;20;43,7
22700006616000;1;1;0;0,0
22700006617000;7;3;4;53,3
22700006618000;12;8;4;45,7
22700006619000;15;10;5;34,2
22700006620000;9;4;5;57,4
22700006621000;19;10;9;48,1
22700006622000;23;15;8;40,7
22700006623000;4;2;2;0,0
22700006624000;15;9;6;48,4
22700006625000;13;6;7;40,5
22700006626000;19;12;7;39,9
22700006627000;17;7;10;34,5
22700006628000;22;12;10;34,7
22700006629000;9;7;2;47,9
22700006630000;12;7;5;36,2
22700006631000;119;61;58;36,5
22700006632000;111;55;56;39,4
22700006633000;189;112;77;36,8
22700006634000;192;97;95;36,5
22700006637000;30;21;9;40,6
22700006638000;88;48;40;43,4
22700006639000;6;4;2;50,8
22700006650000;1174;577;597;35,2
22700006651000;2519;1290;1229;38,3
22700006652000;4951;2414;2537;37,0
22700006653000;2665;1402;1263;35,1
22700006654000;5790;2917;2873;39,2
22700006655000;494;234;260;36,2
22700006659000;1;1;0;0,0
22700006660000;3;0;3;0,0
22700006661000;104;60;44;39,2
22700006662000;34;16;18;47,1
22700006663000;704;302;402;50,5
22700006664000;1280;654;626;38,5
22700006665000;440;212;228;37,5
22700006666000;22;14;8;38,6
22700006667000;103;44;59;38,5
22700006668000;1222;615;607;37,4
22700006669000;128;66;62;32,2
22700006670000;97;55;42;44,5
22700006671000;452;231;221;36,7
22700006708000;24;14;10;36,1
22700006728000;13;5;8;34,8
22700006729000;73;36;37;43,4
22700006730000;101;52;49;43,0
22700006731000;56;25;31;39,0
22700006732000;79;37;42;37,3
22700006733000;47;21;26;45,5
22700006734000;42;24;18;43,7
22700006735000;122;72;50;42,8
22700006736000;37;17;20;41,2
22700006737000;9;4;5;59,1
22700006738000;18;6;12;43,9
22700006739000;29;15;14;41,0
22700006740000;14;9;5;42,9
22700006741000;39;20;19;52,3
22700006745000;3;2;1;0,0
22700006746000;18;11;7;51,1
22700006747000;19;10;9;39,6
22700006748000;30;16;14;38,3
22700006749000;1;0;1;0,0
22700006750000;14;6;8;55,0
22700006751000;22;13;9;43,3
22700006752000;150;77;73;44,4
22700006753000;32;16;16;46,7
22700006754000;19;10;9;44,8
22700006755000;287;148;139;38,8
22700006756000;68;33;35;36,3
22700006757000;22;11;11;33,1
22700006758000;45;24;21;47,2
22700006759000;29;16;13;43,0
22700006760000;15;8;7;46,7
22700006761000;21;11;10;41,6
22700006763000;12;7;5;33,3
22700006764000;95;51;44;41,6
22700006765000;55;29;26;45,7
22700006766000;59;32;27;38,1
22700006767000;27;18;9;38,6
22700006768000;7;4;3;43,0
22700006769000;12;6;6;46,8
22700006770000;15;7;8;32,7
22700006771000;23;12;11;32,6
22700006772000;51;27;24;38,9
22700006773000;209;100;109;36,6
22700006774000;25;15;10;32,5
22700006775000;29;15;14;34,9
22700006776000;2;1;1;0,0
22700006780000;14;9;5;38,4
22700006798000;30;17;13;34,9
22700006858000;5;1;4;20,0
22700006892000;3;2;1;0,0
22700006893000;14;8;6;34,4
22700006894000;113;52;61;34,5
22700006895000;21;12;9;46,1
22700006896000;82;42;40;38,1
22700006897000;6;1;5;38,3
22700006904000;1;1;0;0,0
22700006905000;5;3;2;21,8
22700006916000;8;4;4;51,4
22700006974000;6;1;5;35,2
22700006978000;2;1;1;0,0
22700006979000;45;24;21;39,6
22700006980000;69;25;44;41,9
22700006981000;21;13;8;41,9
22700006982000;12;5;7;45,0
22700006983000;6;3;3;37,7
22700006984000;18;8;10;37,9
22700006985000;3;2;1;0,0
22700006986000;18;9;9;38,6
22700006987000;9;4;5;46,8
22700006988000;8;4;4;53,1
22700006990000;8;4;4;54,1
22700006992000;20;10;10;37,5
22700006993000;8;3;5;44,0
22700006994000;31;23;8;43,8
22700007019000;58;34;24;33,0
22700007020000;40;20;20;39,5
22700007021000;20;14;6;33,7
22700007022000;8;3;5;34,4
22700007023000;7;2;5;37,6
22700007024000;20;10;10;48,2
22700007025000;26;13;13;38,2
22700007026000;12;4;8;20,3
22700007027000;9;4;5;43,9
22700007028000;64;38;26;31,7
22700007029000;31;16;15;38,9
22700007031000;58;30;28;31,1
22700007032000;28;13;15;37,7
22700007033000;442;221;221;33,8
22700007034000;743;382;361;37,0
22700007035000;772;396;376;34,9
22700007036000;1139;598;541;39,5
22700007037000;1823;956;867;37,7
22700007038000;1558;789;769;39,5
22700007039000;2600;1364;1236;38,2
22700007040000;3275;1802;1473;33,4
22700007041000;3823;1950;1873;40,5
22700007042000;1551;909;642;34,3
22700007057000;11;5;6;59,8
22700007058000;16;4;12;42,7
22700007074000;13;7;6;34,2
22700007075000;19;9;10;41,3
22700007076000;6;3;3;35,8
22700007103000;18;9;9;42,1
22700007104000;4;2;2;0,0
22700007105000;16;8;8;45,3
22700007119000;5;2;3;61,8
22700007125000;2;1;1;0,0
22700007126000;2;1;1;0,0
22700007127000;2;2;0;0,0
22710006549000;18;8;10;56,2
22710006550000;36;26;10;37,0
22710006551000;5;3;2;54,4
22710006552000;21;11;10;36,3
22710006553000;16;8;8;45,3
22710006554000;20;9;11;29,7
22710006555000;12;6;6;54,8
22710006556000;6;3;3;73,8
22710006568000;40;24;16;45,0
22710006569000;93;50;43;39,7
22710006570000;1134;554;580;41,1
22710006571000;654;310;344;45,3
22710006572000;2418;1214;1204;39,7
22710006573000;379;206;173;39,4
22710006574000;1314;658;656;39,7
22710006575000;1131;506;625;47,0
22710006576000;561;280;281;40,1
22710006577000;2;1;1;0,0
22710006578000;2;1;1;0,0
22710006579000;101;52;49;40,0
22710006580000;18;10;8;34,9
22710006581000;24;9;15;45,0
22710006582000;103;57;46;41,2
22710006583000;76;40;36;42,1
22710006584000;34;17;17;44,0
22710006587000;3;2;1;0,0
22710006589000;4;3;1;0,0
22710006593000;5;3;2;52,6
22710006594000;2;1;1;0,0
22710006595000;10;5;5;38,8
22710006596000;4;2;2;0,0
22710006597000;16;9;7;40,5
22710006598000;11;6;5;42,5
22710006599000;11;4;7;48,4
22710006600000;1;1;0;0,0
22710006601000;1;0;1;0,0
22710006602000;3;2;1;0,0
22710006603000;3;2;1;0,0
22710006604000;5;2;3;28,0
22710006605000;1;1;0;0,0
22710006614000;2;1;1;0,0
22710006615000;33;15;18;38,2
22710006616000;102;62;40;35,3
22710006617000;26;15;11;37,8
22710006618000;15;8;7;48,1
22710006619000;16;9;7;46,6
22710006620000;410;203;207;32,1
22710006621000;152;82;70;39,4
22710006622000;6;4;2;42,7
22710006623000;20;12;8;32,4
22710006624000;5;4;1;21,0
22710006628000;7;3;4;30,0
22710006629000;54;28;26;40,2
22710006630000;52;25;27;46,2
22710006631000;18;12;6;52,9
22710006632000;78;44;34;40,2
22710006633000;108;55;53;36,8
22710006634000;92;48;44;35,2
22710006636000;10;6;4;40,7
22710006639000;2;1;1;0,0
22710006646000;6;2;4;34,0
22710006648000;20;11;9;38,0
22710006649000;2;1;1;0,0
22710006650000;947;481;466;33,6
22710006651000;3936;1973;1963;39,5
22710006652000;5707;2852;2855;35,7
22710006653000;2979;1480;1499;36,0
22710006654000;1609;814;795;40,9
22710006655000;1979;930;1049;36,8
22710006657000;1407;673;734;37,1
22710006658000;532;263;269;37,0
22710006659000;21;9;12;25,5
22710006660000;499;259;240;33,8
22710006661000;477;247;230;36,1
22710006662000;51;23;28;45,7
22710006663000;27;17;10;39,3
22710006664000;43;23;20;41,8
22710006665000;41;22;19;37,1
22710006666000;65;35;30;40,0
22710006667000;23;15;8;48,8
22710006668000;73;39;34;35,7
22710006669000;89;44;45;38,6
22710006670000;77;41;36;44,2
22710006671000;2;1;1;0,0
22710006707000;6;4;2;53,8
22710006708000;23;12;11;49,7
22710006709000;12;7;5;38,4
22710006728000;24;14;10;39,7
22710006729000;71;35;36;50,5
22710006730000;51;26;25;40,4
22710006731000;62;33;29;45,7
22710006732000;70;34;36;41,3
22710006733000;524;230;294;48,5
22710006734000;209;97;112;49,5
22710006735000;153;77;76;47,0
22710006736000;56;31;25;42,2
22710006737000;60;34;26;44,4
22710006738000;37;19;18;31,1
22710006739000;90;45;45;42,9
22710006740000;62;29;33;41,3
22710006741000;15;6;9;48,9
22710006744000;12;4;8;30,6
22710006745000;31;16;15;48,9
22710006746000;16;11;5;31,4
22710006747000;7;4;3;39,1
22710006748000;11;7;4;33,0
22710006749000;53;27;26;39,0
22710006750000;14;6;8;31,6
22710006751000;10;4;6;38,9
22710006752000;58;32;26;36,0
22710006753000;14;9;5;35,0
22710006755000;31;17;14;34,8
22710006756000;3;2;1;0,0
22710006757000;5;3;2;60,0
22710006758000;33;16;17;42,4
22710006761000;22;10;12;46,6
22710006762000;2;1;1;0,0
22710006763000;5;3;2;19,0
22710006764000;63;31;32;48,1
22710006765000;11;7;4;37,5
22710006766000;83;46;37;35,1
22710006767000;86;45;41;40,9
22710006768000;1;0;1;0,0
22710006770000;6;2;4;37,7
22710006771000;18;8;10;38,4
22710006772000;25;13;12;45,5
22710006773000;8;6;2;44,6
22710006775000;9;5;4;43,6
22710006780000;4;3;1;0,0
22710006858000;4;1;3;0,0
22710006890000;4;2;2;0,0
22710006891000;25;14;11;39,3
22710006892000;45;25;20;38,8
22710006893000;5;2;3;51,6
22710006894000;74;41;33;36,9
22710006895000;23;13;10;52,3
22710006896000;34;16;18;50,4
22710006897000;5;4;1;30,4
22710006898000;17;12;5;41,6
22710006900000;17;10;7;29,7
22710006901000;4;1;3;0,0
22710006902000;6;2;4;31,7
22710006904000;16;9;7;23,1
22710006905000;8;5;3;28,8
22710006906000;3;1;2;0,0
22710006915000;5;2;3;36,8
22710006916000;6;2;4;35,5
22710006923000;7;4;3;41,1
22710006977000;5;2;3;29,6
22710006978000;6;1;5;42,8
22710006980000;11;6;5;37,1
22710006985000;6;2;4;15,8
22710006987000;9;5;4;35,0
22710006988000;4;3;1;0,0
22710006989000;12;5;7;60,8
22710006990000;2;1;1;0,0
22710006992000;35;18;17;37,8
22710007019000;16;8;8;31,9
22710007021000;8;5;3;48,6
22710007022000;68;36;32;34,1
22710007023000;25;14;11;38,0
22710007024000;41;22;19;44,8
22710007025000;58;31;27;38,4
22710007026000;36;18;18;37,0
22710007027000;229;113;116;33,9
22710007028000;1009;510;499;30,7
22710007029000;35;16;19;33,4
22710007030000;33;19;14;32,5
22710007031000;31;20;11;46,1
22710007032000;40;22;18;46,4
22710007033000;46;30;16;42,8
22710007034000;33;18;15;47,0
22710007035000;115;62;53;37,0
22710007036000;847;426;421;37,0
22710007037000;4202;2061;2141;37,9
22710007038000;3706;1802;1904;38,4
22710007039000;3417;1849;1568;31,7
22710007040000;3438;1749;1689;37,2
22710007041000;5563;2922;2641;36,0
22710007042000;5608;3004;2604;36,0
22710007043000;104;49;55;43,2
22710007057000;76;41;35;42,5
22710007058000;21;10;11;47,0
22710007074000;8;4;4;57,6
22710007075000;6;3;3;44,8
22710007076000;5;3;2;14,8
22710007102000;1;1;0;0,0
22710007105000;7;3;4;34,6
22710007131000;10;3;7;46,8
22710007132000;1;1;0;0,0
22720006549000;526;252;274;51,1
22720006550000;311;151;160;46,4
22720006551000;29;14;15;49,8
22720006552000;26;10;16;47,0
22720006553000;34;14;20;42,4
22720006554000;21;10;11;50,1
22720006555000;4;2;2;0,0
22720006556000;8;5;3;64,3
22720006564000;4;1;3;0,0
22720006565000;4;2;2;0,0
22720006566000;30;17;13;40,3
22720006567000;18;8;10;34,4
22720006568000;18;9;9;40,9
22720006569000;8;3;5;44,8
22720006570000;1390;689;701;39,0
22720006571000;776;404;372;35,7
22720006572000;1318;648;670;37,3
22720006573000;866;444;422;40,1
22720006574000;557;300;257;36,8
22720006575000;406;185;221;45,2
22720006576000;1207;586;621;36,8
22720006577000;129;67;62;43,1
22720006578000;42;20;22;45,4
22720006579000;195;103;92;39,7
22720006580000;1;1;0;0,0
22720006581000;60;26;34;44,0
22720006582000;22;10;12;33,4
22720006583000;16;5;11;40,1
22720006584000;7;5;2;39,7
22720006585000;7;5;2;17,0
22720006587000;19;9;10;33,1
22720006593000;8;7;1;36,4
22720006594000;4;4;0;0,0
22720006595000;34;15;19;36,6
22720006598000;2;1;1;0,0
22720006599000;2;1;1;0,0
22720006602000;5;2;3;30,6
22720006603000;3;2;1;0,0
22720006604000;1;0;1;0,0
22720006614000;3;1;2;0,0
22720006615000;11;4;7;47,7
22720006616000;15;6;9;42,6
22720006617000;35;14;21;46,3
22720006618000;27;17;10;40,0
22720006619000;4;2;2;0,0
22720006620000;14;8;6;31,1
22720006621000;7;2;5;29,4
22720006629000;46;24;22;39,4
22720006630000;1;1;0;0,0
22720006631000;4;2;2;0,0
22720006632000;19;11;8;41,6
22720006633000;49;20;29;36,8
22720006634000;24;14;10;53,4
22720006635000;49;25;24;45,7
22720006648000;1446;735;711;36,2
22720006649000;1912;1022;890;38,6
22720006650000;1267;643;624;35,9
22720006651000;3709;1842;1867;36,5
22720006652000;4037;2050;1987;39,3
22720006653000;4625;2285;2340;37,8
22720006654000;9028;4582;4446;36,9
22720006655000;3773;1891;1882;39,3
22720006656000;526;280;246;37,6
22720006657000;577;279;298;42,5
22720006658000;2177;1079;1098;39,2
22720006659000;1014;491;523;33,4
22720006660000;187;98;89;30,9
22720006661000;12;6;6;46,9
22720006662000;19;10;9;30,4
22720006663000;8;4;4;70,9
22720006665000;92;50;42;43,0
22720006666000;4;2;2;0,0
22720006667000;1;1;0;0,0
22720006707000;14;9;5;28,1
22720006708000;3;2;1;0,0
22720006727000;3;3;0;0,0
22720006728000;8;4;4;65,5
22720006729000;263;136;127;41,8
22720006730000;231;111;120;40,8
22720006731000;33;20;13;43,5
22720006732000;16;11;5;43,3
22720006733000;35;22;13;41,7
22720006734000;223;108;115;41,3
22720006735000;52;25;27;37,7
22720006736000;68;35;33;39,9
22720006737000;33;14;19;35,5
22720006738000;354;187;167;38,5
22720006739000;119;61;58;45,1
22720006740000;19;10;9;39,9
22720006741000;2;0;2;0,0
22720006744000;10;5;5;32,9
22720006745000;27;13;14;34,9
22720006746000;31;17;14;44,0
22720006747000;11;5;6;33,9
22720006748000;55;28;27;42,1
22720006749000;23;10;13;32,7
22720006751000;12;6;6;42,4
22720006752000;28;14;14;43,6
22720006753000;23;10;13;45,3
22720006754000;8;5;3;35,0
22720006755000;37;17;20;33,9
22720006756000;23;15;8;38,2
22720006757000;8;4;4;33,5
22720006758000;66;33;33;36,1
22720006759000;20;11;9;44,0
22720006760000;12;7;5;53,6
22720006761000;20;11;9;50,6
22720006763000;6;3;3;60,7
22720006764000;23;13;10;46,8
22720006765000;7;3;4;40,7
22720006766000;3;2;1;0,0
22720006767000;6;3;3;60,5
22720006768000;31;17;14;49,3
22720006769000;41;20;21;41,0
22720006770000;35;19;16;42,7
22720006771000;37;19;18;44,0
22720006773000;14;9;5;47,2
22720006774000;2;1;1;0,0
22720006776000;5;4;1;19,8
22720006779000;2;2;0;0,0
22720006856000;1;0;1;0,0
22720006890000;56;34;22;35,1
22720006892000;11;6;5;46,7
22720006893000;238;114;124;41,5
22720006894000;346;159;187;44,1
22720006895000;40;21;19;41,6
22720006896000;32;15;17;38,4
22720006897000;4;1;3;0,0
22720006898000;11;5;6;33,3
22720006899000;3;1;2;0,0
22720006900000;5;3;2;58,0
22720006901000;14;7;7;49,1
22720006902000;4;2;2;0,0
22720006903000;24;13;11;51,9
22720006904000;58;27;31;42,6
22720006906000;5;1;4;30,6
22720006915000;6;4;2;51,8
22720006916000;10;4;6;36,0
22720006922000;12;6;6;46,5
22720006923000;5;2;3;35,6
22720006973000;5;4;1;42,4
22720006974000;13;4;9;45,4
22720006975000;18;12;6;23,8
22720006976000;25;12;13;44,2
22720006977000;15;7;8;36,3
22720006989000;4;1;3;0,0
22720006990000;14;8;6;33,8
22720006992000;7;5;2;37,6
22720007021000;2;1;1;0,0
22720007022000;22;9;13;38,3
22720007024000;29;16;13;33,5
22720007025000;9;5;4;45,1
22720007026000;615;329;286;33,3
22720007027000;750;393;357;36,2
22720007028000;26;13;13;48,9
22720007029000;48;22;26;37,0
22720007030000;42;22;20;28,4
22720007031000;34;20;14;32,8
22720007032000;100;53;47;36,6
22720007033000;37;22;15;36,0
22720007034000;39;21;18;39,1
22720007035000;32;14;18;41,9
22720007036000;18;8;10;39,6
22720007037000;1170;583;587;38,0
22720007038000;2965;1449;1516;40,1
22720007039000;3655;1939;1716;36,7
22720007040000;3000;1470;1530;43,2
22720007041000;4321;2132;2189;39,1
22720007042000;4212;2217;1995;35,9
22720007043000;2467;1191;1276;38,9
22720007044000;547;280;267;37,2
22720007057000;3;2;1;0,0
22720007058000;29;15;14;36,2
22720007059000;9;5;4;40,6
22720007097000;4;2;2;0,0
22720007103000;2;1;1;0,0
22720007127000;16;9;7;55,4
22720007128000;25;12;13;50,5
22720007131000;1;0;1;0,0
22720007132000;1;1;0;0,0
22720007137000;4;3;1;0,0
22720007138000;12;9;3;66,7
22730006545000;4;2;2;0,0
22730006546000;19;8;11;52,1
22730006547000;5;3;2;64,0
22730006549000;16;10;6;55,8
22730006550000;25;12;13;55,7
22730006551000;6;3;3;67,8
22730006552000;5;1;4;28,2
22730006553000;15;8;7;36,8
22730006554000;28;14;14;39,3
22730006562000;6;3;3;39,8
22730006563000;29;16;13;37,3
22730006564000;14;7;7;43,0
22730006565000;113;60;53;41,4
22730006566000;44;18;26;34,3
22730006567000;252;118;134;45,1
22730006568000;213;115;98;41,9
22730006569000;6;3;3;60,7
22730006570000;3;1;2;0,0
22730006571000;15;7;8;37,8
22730006572000;149;75;74;36,1
22730006573000;763;386;377;36,1
22730006574000;649;328;321;35,8
22730006575000;225;104;121;35,4
22730006576000;740;388;352;37,3
22730006577000;762;406;356;38,9
22730006578000;89;42;47;44,1
22730006579000;15;9;6;52,8
22730006580000;7;4;3;38,9
22730006581000;78;48;30;38,5
22730006582000;26;17;9;42,3
22730006583000;233;117;116;38,7
22730006586000;7;2;5;35,9
22730006587000;12;7;5;27,2
22730006592000;3;1;2;0,0
22730006593000;110;58;52;41,9
22730006594000;290;139;151;38,2
22730006595000;63;29;34;32,7
22730006596000;4;2;2;0,0
22730006597000;4;2;2;0,0
22730006598000;45;23;22;40,2
22730006599000;14;8;6;32,3
22730006600000;6;1;5;41,5
22730006602000;7;2;5;34,7
22730006604000;1;1;0;0,0
22730006605000;7;4;3;43,6
22730006608000;2;1;1;0,0
22730006609000;9;4;5;18,0
22730006613000;2;1;1;0,0
22730006614000;2;2;0;0,0
22730006615000;24;13;11;35,4
22730006616000;12;7;5;48,3
22730006617000;20;12;8;46,9
22730006618000;38;19;19;42,8
22730006619000;21;10;11;33,7
22730006620000;10;5;5;43,4
22730006621000;16;10;6;38,3
22730006622000;17;9;8;44,8
22730006628000;3;1;2;0,0
22730006629000;1;1;0;0,0
22730006630000;4;2;2;0,0
22730006631000;17;9;8;46,8
22730006632000;3;2;1;0,0
22730006634000;151;81;70;42,5
22730006635000;1;1;0;0,0
22730006646000;7;4;3;50,0
22730006647000;17;8;9;34,4
22730006648000;1658;862;796;36,5
22730006649000;4086;2012;2074;39,2
22730006650000;2914;1437;1477;45,5
22730006651000;1570;826;744;37,0
22730006652000;2454;1311;1143;37,6
22730006653000;1539;779;760;42,5
22730006654000;160;71;89;39,8
22730006655000;885;444;441;38,7
22730006656000;1291;665;626;38,5
22730006657000;180;98;82;40,2
22730006658000;604;292;312;37,3
22730006659000;539;276;263;35,7
22730006660000;30;17;13;35,7
22730006661000;8;3;5;33,4
22730006662000;3;2;1;0,0
22730006688000;2;1;1;0,0
22730006707000;12;6;6;50,3
22730006708000;27;19;8;34,6
22730006717000;1;1;0;0,0
22730006728000;17;8;9;34,9
22730006729000;59;30;29;43,0
22730006730000;78;44;34;35,4
22730006731000;14;7;7;33,1
22730006732000;35;13;22;39,1
22730006733000;25;11;14;45,2
22730006734000;176;84;92;42,4
22730006735000;23;14;9;41,0
22730006736000;50;27;23;49,1
22730006737000;257;130;127;38,2
22730006738000;406;179;227;45,2
22730006739000;9;5;4;34,3
22730006740000;5;2;3;44,6
22730006744000;21;14;7;45,2
22730006745000;36;19;17;35,4
22730006746000;47;24;23;39,8
22730006747000;79;33;46;42,5
22730006748000;153;73;80;46,2
22730006749000;69;38;31;37,7
22730006751000;3;1;2;0,0
22730006752000;35;17;18;43,4
22730006753000;23;13;10;45,5
22730006754000;35;16;19;41,2
22730006755000;30;17;13;38,3
22730006756000;12;9;3;47,8
22730006757000;33;16;17;39,8
22730006758000;72;40;32;42,1
22730006759000;8;5;3;31,6
22730006760000;66;31;35;45,8
22730006761000;15;7;8;43,2
22730006763000;8;5;3;56,8
22730006764000;11;6;5;32,0
22730006765000;4;2;2;0,0
22730006767000;4;3;1;0,0
22730006768000;2;2;0;0,0
22730006769000;11;7;4;38,2
22730006770000;30;16;14;42,2
22730006771000;5;3;2;46,6
22730006779000;11;6;5;35,2
22730006891000;7;4;3;41,1
22730006892000;73;36;37;44,7
22730006893000;17;7;10;49,5
22730006896000;7;3;4;49,9
22730006903000;18;10;8;45,0
22730006904000;11;5;6;43,1
22730006905000;11;7;4;38,5
22730006906000;12;5;7;40,6
22730006907000;17;9;8;39,4
22730006908000;9;4;5;48,1
22730006911000;20;13;7;39,3
22730006914000;9;5;4;43,9
22730006915000;9;6;3;37,9
22730006922000;12;6;6;24,1
22730006923000;2;1;1;0,0
22730006973000;23;13;10;56,7
22730006974000;8;4;4;45,4
22730006976000;2;1;1;0,0
22730006989000;1;1;0;0,0
22730006990000;5;1;4;36,8
22730006993000;5;3;2;29,8
22730006994000;2;1;1;0,0
22730006995000;4;2;2;0,0
22730007021000;30;18;12;30,2
22730007025000;54;30;24;42,1
22730007026000;691;329;362;41,7
22730007027000;1120;556;564;35,6
22730007028000;58;36;22;33,1
22730007029000;62;33;29;47,5
22730007030000;39;18;21;40,6
22730007031000;45;24;21;38,8
22730007032000;89;38;51;39,1
22730007033000;22;14;8;37,8
22730007037000;115;57;58;36,8
22730007038000;751;389;362;37,0
22730007039000;3404;1661;1743;41,4
22730007040000;778;391;387;38,5
22730007041000;3017;1473;1544;39,0
22730007042000;1528;748;780;41,6
22730007043000;2180;1085;1095;39,5
22730007044000;403;188;215;48,0
22730007059000;26;14;12;44,2
22730007076000;11;7;4;41,9
22730007097000;11;5;6;42,7
22730007103000;12;6;6;39,8
22730007124000;6;3;3;37,2
22730007132000;109;54;55;44,7
22730007133000;8;3;5;50,9
22730007138000;3;2;1;0,0
22740006547000;17;11;6;45,8
22740006548000;74;38;36;54,3
22740006549000;1;1;0;0,0
22740006552000;17;6;11;55,1
22740006553000;25;15;10;40,9
22740006554000;15;9;6;46,4
22740006555000;4;2;2;0,0
22740006562000;4;2;2;0,0
22740006563000;22;12;10;43,5
22740006564000;18;9;9;49,4
22740006565000;28;15;13;42,1
22740006566000;16;9;7;31,4
22740006567000;314;154;160;35,8
22740006568000;8;4;4;45,1
22740006569000;28;16;12;49,0
22740006570000;396;205;191;39,6
22740006571000;74;39;35;39,3
22740006572000;23;12;11;31,4
22740006573000;10;2;8;37,5
22740006574000;21;9;12;43,8
22740006575000;85;45;40;35,6
22740006576000;1661;841;820;37,3
22740006577000;1662;862;800;38,4
22740006578000;366;196;170;37,5
22740006579000;181;97;84;41,2
22740006580000;53;28;25;53,6
22740006582000;4;2;2;0,0
22740006583000;17;7;10;27,4
22740006585000;7;6;1;26,0
22740006587000;22;12;10;35,7
22740006592000;1;1;0;0,0
22740006593000;37;19;18;33,6
22740006594000;21;8;13;40,7
22740006596000;35;15;20;50,9
22740006597000;13;6;7;46,7
22740006598000;7;4;3;38,1
22740006600000;1;1;0;0,0
22740006601000;16;7;9;45,3
22740006602000;17;8;9;44,5
22740006603000;1;1;0;0,0
22740006604000;3;2;1;0,0
22740006605000;5;2;3;36,4
22740006606000;5;2;3;30,4
22740006607000;4;1;3;0,0
22740006608000;4;2;2;0,0
22740006613000;10;5;5;38,2
22740006614000;3;2;1;0,0
22740006615000;19;10;9;36,9
22740006616000;8;5;3;28,0
22740006617000;11;8;3;41,5
22740006618000;49;27;22;29,1
22740006619000;169;94;75;30,9
22740006620000;1347;676;671;37,5
22740006621000;59;26;33;37,9
22740006622000;12;7;5;32,5
22740006628000;26;15;11;41,3
22740006629000;79;45;34;39,8
22740006630000;41;25;16;30,3
22740006632000;120;84;36;34,7
22740006633000;19;13;6;33,4
22740006634000;11;3;8;51,1
22740006645000;1;1;0;0,0
22740006646000;41;21;20;37,4
22740006647000;27;11;16;40,8
22740006648000;3053;1511;1542;39,6
22740006649000;3339;1641;1698;39,6
22740006650000;1914;886;1028;44,2
22740006651000;2879;1500;1379;37,2
22740006652000;271;141;130;32,1
22740006655000;129;77;52;37,0
22740006656000;21;14;7;36,5
22740006657000;23;11;12;33,2
22740006658000;21;15;6;43,7
22740006659000;77;41;36;43,0
22740006660000;2;2;0;0,0
22740006681000;9;5;4;52,4
22740006682000;9;6;3;40,7
22740006700000;3;2;1;0,0
22740006709000;1;1;0;0,0
22740006717000;3;1;2;0,0
22740006726000;12;4;8;33,7
22740006727000;49;30;19;40,3
22740006728000;58;28;30;40,7
22740006729000;54;29;25;47,1
22740006730000;2;2;0;0,0
22740006731000;7;6;1;62,0
22740006732000;32;17;15;40,9
22740006733000;44;23;21;38,2
22740006734000;126;64;62;44,6
22740006735000;40;24;16;40,6
22740006736000;53;24;29;39,9
22740006737000;398;203;195;42,7
22740006738000;235;105;130;50,8
22740006744000;6;5;1;32,3
22740006745000;82;46;36;39,7
22740006746000;18;10;8;31,6
22740006747000;72;34;38;43,0
22740006748000;16;10;6;46,1
22740006749000;7;4;3;41,3
22740006750000;6;4;2;28,0
22740006752000;3;1;2;0,0
22740006753000;26;14;12;42,0
22740006755000;21;12;9;45,3
22740006756000;37;18;19;32,1
22740006757000;89;49;40;44,6
22740006758000;83;46;37;37,5
22740006759000;15;6;9;41,3
22740006760000;17;13;4;39,0
22740006761000;25;14;11;40,5
22740006762000;13;5;8;39,7
22740006763000;6;3;3;48,0
22740006764000;6;4;2;36,0
22740006767000;14;7;7;34,7
22740006768000;10;5;5;43,1
22740006769000;2;1;1;0,0
22740006770000;14;8;6;40,1
22740006778000;7;3;4;51,4
22740006779000;2;1;1;0,0
22740006854000;2;1;1;0,0
22740006890000;9;5;4;47,0
22740006891000;38;21;17;47,2
22740006892000;5;2;3;61,4
22740006897000;4;2;2;0,0
22740006904000;2;1;1;0,0
22740006905000;14;6;8;42,4
22740006906000;56;29;27;35,6
22740006907000;3;2;1;0,0
22740006909000;5;3;2;58,2
22740006910000;72;34;38;37,2
22740006911000;80;43;37;42,1
22740006912000;19;10;9;46,9
22740006913000;15;7;8;46,0
22740006914000;2;1;1;0,0
22740006922000;9;4;5;63,8
22740006923000;8;5;3;49,4
22740006973000;5;3;2;51,6
22740006990000;18;10;8;43,6
22740006991000;2;2;0;0,0
22740006992000;10;6;4;58,9
22740007021000;14;8;6;50,4
22740007022000;145;76;69;34,9
22740007026000;145;81;64;52,4
22740007027000;31;15;16;40,9
22740007028000;27;16;11;45,9
22740007029000;18;9;9;27,4
22740007030000;73;29;44;35,3
22740007031000;18;9;9;39,4
22740007032000;340;155;185;29,7
22740007033000;47;22;25;37,6
22740007034000;20;10;10;39,4
22740007038000;353;184;169;35,5
22740007039000;2399;1219;1180;36,4
22740007040000;2202;1113;1089;38,6
22740007041000;425;209;216;39,7
22740007042000;17;9;8;36,4
22740007043000;8;4;4;41,0
22740007059000;5;1;4;33,6
22740007060000;2;1;1;0,0
22740007077000;24;11;13;33,5
22740007095000;2;2;0;0,0
22740007096000;7;4;3;59,3
22740007097000;9;5;4;40,0
22740007098000;1;1;0;0,0
22740007102000;15;9;6;33,6
22740007103000;87;55;32;39,5
22740007107000;3;1;2;0,0
22740007124000;20;10;10;37,6
22740007125000;4;2;2;0,0
22740007127000;2;1;1;0,0
22740007133000;45;25;20;39,9
22740007134000;3;2;1;0,0
22750006549000;3;2;1;0,0
22750006550000;1;1;0;0,0
22750006553000;6;3;3;56,5
22750006554000;13;6;7;45,0
22750006555000;5;2;3;72,8
22750006564000;7;5;2;36,1
22750006565000;4;3;1;0,0
22750006566000;55;25;30;42,6
22750006567000;200;108;92;41,7
22750006568000;4;3;1;0,0
22750006569000;9;5;4;40,6
22750006570000;222;108;114;36,5
22750006571000;54;25;29;40,2
22750006572000;13;8;5;34,2
22750006573000;2;1;1;0,0
22750006574000;35;15;20;40,7
22750006575000;147;76;71;42,8
22750006576000;1341;690;651;36,8
22750006577000;1980;935;1045;44,3
22750006578000;1563;784;779;39,3
22750006579000;819;414;405;38,3
22750006580000;255;120;135;35,8
22750006583000;4;1;3;0,0
22750006584000;5;3;2;57,6
22750006586000;10;4;6;49,8
22750006587000;6;3;3;41,3
22750006593000;38;19;19;37,2
22750006594000;12;7;5;35,3
22750006597000;2;0;2;0,0
22750006604000;5;2;3;51,0
22750006607000;7;5;2;52,1
22750006608000;11;8;3;49,5
22750006609000;5;3;2;33,6
22750006610000;6;4;2;21,3
22750006611000;4;3;1;0,0
22750006612000;5;2;3;34,6
22750006613000;6;2;4;44,2
22750006615000;158;72;86;50,6
22750006616000;601;297;304;34,0
22750006617000;66;33;33;31,0
22750006618000;20;13;7;36,6
22750006619000;48;26;22;34,6
22750006620000;104;50;54;38,9
22750006621000;208;110;98;43,2
22750006622000;10;5;5;22,5
22750006627000;9;4;5;36,3
22750006628000;122;56;66;39,2
22750006629000;347;184;163;37,1
22750006630000;177;101;76;42,4
22750006631000;45;21;24;41,1
22750006633000;5;2;3;35,6
22750006635000;5;2;3;19,0
22750006637000;2;0;2;0,0
22750006644000;11;4;7;35,6
22750006645000;17;10;7;49,4
22750006646000;19;10;9;40,0
22750006647000;12;5;7;45,8
22750006648000;242;122;120;39,8
22750006649000;317;162;155;40,2
22750006650000;242;129;113;38,1
22750006651000;2443;1252;1191;37,4
22750006652000;1652;849;803;37,2
22750006653000;846;405;441;37,8
22750006654000;68;39;29;42,8
22750006655000;99;60;39;38,9
22750006656000;33;22;11;32,7
22750006657000;9;5;4;52,7
22750006658000;3;2;1;0,0
22750006659000;59;30;29;39,6
22750006660000;59;34;25;45,9
22750006680000;71;35;36;33,0
22750006681000;218;131;87;37,7
22750006682000;26;10;16;42,8
22750006699000;18;11;7;38,3
22750006700000;7;5;2;21,6
22750006705000;7;4;3;48,6
22750006706000;1;1;0;0,0
22750006726000;20;15;5;42,1
22750006727000;88;48;40;38,8
22750006728000;147;75;72;40,3
22750006729000;49;29;20;35,9
22750006730000;9;4;5;60,6
22750006731000;20;8;12;39,1
22750006732000;81;41;40;44,8
22750006733000;77;38;39;37,1
22750006734000;45;25;20;36,2
22750006735000;109;53;56;43,8
22750006736000;48;23;25;41,7
22750006737000;354;172;182;43,5
22750006744000;15;8;7;54,7
22750006745000;46;23;23;45,6
22750006746000;85;49;36;36,6
22750006747000;196;103;93;35,4
22750006748000;40;20;20;40,0
22750006749000;28;17;11;46,4
22750006750000;20;9;11;43,2
22750006751000;10;6;4;34,8
22750006753000;28;14;14;36,1
22750006754000;27;16;11;36,5
22750006755000;35;23;12;37,8
22750006756000;28;14;14;45,6
22750006757000;16;9;7;38,8
22750006758000;119;65;54;39,6
22750006759000;32;19;13;37,8
22750006760000;78;40;38;41,6
22750006761000;5;3;2;70,2
22750006762000;15;5;10;39,0
22750006767000;5;3;2;50,4
22750006770000;8;5;3;58,1
22750006771000;8;4;4;38,5
22750006777000;3;1;2;0,0
22750006778000;6;3;3;53,2
22750006852000;2;1;1;0,0
22750006853000;1;1;0;0,0
22750006888000;5;3;2;56,0
22750006889000;14;7;7;36,9
22750006890000;16;8;8;29,9
22750006907000;5;3;2;38,4
22750006908000;1;1;0;0,0
22750006909000;11;6;5;40,8
22750006910000;69;32;37;33,2
22750006911000;25;10;15;46,6
22750006921000;5;3;2;50,8
22750006922000;11;9;2;28,0
22750006923000;19;10;9;33,1
22750006989000;26;15;11;41,2
22750006990000;47;20;27;41,7
22750006991000;14;6;8;51,8
22750006992000;5;3;2;30,6
22750006993000;1;1;0;0,0
22750007022000;29;14;15;33,4
22750007023000;27;14;13;39,3
22750007029000;67;31;36;40,3
22750007030000;10;4;6;39,2
22750007031000;20;8;12;28,2
22750007032000;41;20;21;43,7
22750007033000;16;10;6;56,8
22750007034000;69;28;41;41,2
22750007035000;13;6;7;46,8
22750007036000;64;39;25;35,2
22750007037000;59;32;27;32,4
22750007038000;460;243;217;34,2
22750007039000;623;318;305;34,5
22750007040000;2934;1484;1450;37,3
22750007041000;2962;1476;1486;35,8
22750007042000;734;333;401;39,1
22750007077000;9;6;3;35,4
22750007078000;5;2;3;62,6
22750007095000;23;10;13;40,1
22750007096000;18;8;10;38,1
22750007097000;7;2;5;51,7
22750007102000;45;24;21;40,1
22750007103000;47;22;25;42,7
22750007108000;6;4;2;43,2
22750007124000;26;12;14;50,2
22750007127000;14;5;9;27,3
22750007133000;3;2;1;0,0
22750007134000;21;10;11;44,3
22750007135000;3;2;1;0,0
22750007136000;1;1;0;0,0
22760006548000;1;0;1;0,0
22760006549000;4;2;2;0,0
22760006551000;3;2;1;0,0
22760006564000;8;4;4;43,0
22760006565000;48;29;19;44,2
22760006566000;28;13;15;41,2
22760006567000;3;1;2;0,0
22760006568000;30;18;12;36,4
22760006569000;21;8;13;32,0
22760006570000;396;218;178;40,3
22760006571000;39;19;20;34,2
22760006572000;27;16;11;39,6
22760006573000;24;11;13;43,5
22760006574000;30;18;12;39,4
22760006575000;31;15;16;46,7
22760006576000;703;352;351;36,3
22760006577000;317;157;160;40,1
22760006578000;265;141;124;40,7
22760006579000;230;96;134;53,1
22760006580000;21;10;11;20,9
22760006584000;10;4;6;30,6
22760006585000;47;25;22;38,2
22760006586000;1;0;1;0,0
22760006592000;3;2;1;0,0
22760006593000;22;12;10;33,5
22760006594000;10;5;5;42,2
22760006595000;4;2;2;0,0
22760006597000;9;5;4;57,2
22760006600000;2;2;0;0,0
22760006601000;1;1;0;0,0
22760006603000;9;5;4;59,9
22760006609000;42;25;17;41,0
22760006610000;27;14;13;44,1
22760006611000;6;3;3;61,8
22760006613000;16;9;7;46,7
22760006614000;14;8;6;33,6
22760006615000;301;158;143;40,1
22760006616000;549;269;280;39,5
22760006618000;7;3;4;51,7
22760006619000;2;1;1;0,0
22760006620000;10;5;5;51,6
22760006621000;31;18;13;43,8
22760006622000;68;39;29;37,8
22760006623000;24;12;12;39,9
22760006624000;2;0;2;0,0
22760006627000;13;9;4;36,9
22760006628000;702;361;341;39,0
22760006629000;382;189;193;34,0
22760006630000;4;4;0;0,0
22760006648000;5;2;3;41,0
22760006649000;78;43;35;45,4
22760006650000;1188;576;612;35,5
22760006651000;3139;1581;1558;35,4
22760006652000;1934;985;949;40,6
22760006653000;2298;1157;1141;36,3
22760006654000;3314;1642;1672;36,7
22760006655000;858;420;438;35,7
22760006656000;13;6;7;38,4
22760006657000;40;23;17;46,9
22760006658000;47;25;22;38,7
22760006659000;121;65;56;38,6
22760006660000;21;11;10;41,3
22760006667000;147;71;76;30,7
22760006668000;4;1;3;0,0
22760006678000;4;3;1;0,0
22760006679000;83;48;35;39,0
22760006680000;28;14;14;43,5
22760006681000;28;13;15;40,3
22760006682000;77;37;40;39,9
22760006713000;5;2;3;31,8
22760006714000;1;0;1;0,0
22760006727000;46;24;22;43,7
22760006728000;176;87;89;37,8
22760006729000;39;21;18;46,0
22760006730000;8;4;4;47,3
22760006732000;60;35;25;48,7
22760006733000;145;70;75;36,4
22760006734000;48;28;20;40,9
22760006735000;180;91;89;37,8
22760006736000;66;33;33;41,5
22760006743000;5;3;2;64,8
22760006744000;27;12;15;27,2
22760006745000;72;40;32;35,7
22760006746000;23;11;12;42,1
22760006747000;28;15;13;38,1
22760006748000;22;10;12;44,5
22760006749000;64;35;29;44,2
22760006750000;47;33;14;39,7
22760006751000;13;6;7;44,3
22760006752000;11;8;3;29,3
22760006753000;3;2;1;0,0
22760006754000;33;17;16;36,0
22760006755000;29;19;10;32,2
22760006756000;23;9;14;40,8
22760006757000;23;13;10;33,9
22760006758000;179;92;87;34,7
22760006759000;62;28;34;33,7
22760006760000;24;15;9;39,5
22760006761000;70;33;37;46,5
22760006763000;40;19;21;39,5
22760006764000;8;3;5;29,1
22760006765000;10;6;4;29,4
22760006766000;17;8;9;33,9
22760006771000;17;8;9;47,9
22760006852000;6;3;3;44,5
22760006886000;9;6;3;39,2
22760006887000;9;3;6;30,1
22760006910000;7;3;4;48,7
22760006911000;23;12;11;39,0
22760006967000;1;1;0;0,0
22760006970000;2;1;1;0,0
22760006987000;7;5;2;32,7
22760006988000;6;3;3;47,8
22760006989000;18;9;9;37,7
22760006993000;2;1;1;0,0
22760006995000;4;2;2;0,0
22760007023000;18;10;8;47,6
22760007031000;7;4;3;36,7
22760007033000;2;1;1;0,0
22760007034000;21;9;12;39,3
22760007035000;38;20;18;34,3
22760007036000;2;1;1;0,0
22760007037000;142;75;67;43,8
22760007038000;81;39;42;35,6
22760007039000;781;391;390;31,4
22760007040000;1760;873;887;36,4
22760007041000;1949;1007;942;37,6
22760007078000;7;4;3;55,7
22760007087000;2;1;1;0,0
22760007095000;3;2;1;0,0
22760007096000;19;11;8;31,9
22760007103000;78;37;41;33,9
22760007104000;3;1;2;0,0
22760007109000;4;1;3;0,0
22760007126000;4;3;1;0,0
22760007127000;24;11;13;52,0
22760007140000;2;1;1;0,0
22770006566000;4;2;2;0,0
22770006567000;55;31;24;37,8
22770006568000;28;15;13;46,5
22770006569000;57;30;27;47,3
22770006570000;52;29;23;35,6
22770006571000;18;11;7;50,0
22770006572000;10;6;4;55,2
22770006573000;23;13;10;33,3
22770006574000;376;194;182;39,9
22770006575000;354;186;168;37,8
22770006576000;911;474;437;36,7
22770006577000;2082;1034;1048;39,8
22770006578000;2405;1183;1222;37,5
22770006579000;1386;650;736;40,9
22770006580000;129;65;64;39,9
22770006582000;6;4;2;55,0
22770006583000;22;10;12;46,3
22770006584000;9;3;6;54,2
22770006586000;13;5;8;49,6
22770006587000;15;10;5;34,3
22770006588000;1;1;0;0,0
22770006592000;4;1;3;0,0
22770006593000;13;8;5;32,5
22770006594000;22;14;8;35,7
22770006595000;3;2;1;0,0
22770006597000;3;3;0;0,0
22770006602000;5;3;2;38,2
22770006603000;7;4;3;27,1
22770006608000;4;2;2;0,0
22770006609000;15;8;7;41,9
22770006610000;7;3;4;44,4
22770006611000;42;24;18;34,3
22770006612000;7;3;4;46,0
22770006613000;6;5;1;30,5
22770006614000;2;1;1;0,0
22770006615000;282;139;143;34,5
22770006616000;6;2;4;36,0
22770006617000;4;0;4;0,0
22770006618000;7;5;2;39,1
22770006619000;16;11;5;40,0
22770006621000;7;4;3;27,1
22770006622000;46;27;19;33,7
22770006623000;27;15;12;46,7
22770006624000;18;11;7;51,0
22770006625000;12;5;7;44,4
22770006626000;4;1;3;0,0
22770006627000;1052;519;533;42,0
22770006628000;519;269;250;41,8
22770006629000;10;6;4;36,0
22770006635000;5;2;3;51,8
22770006649000;6;3;3;63,7
22770006650000;1786;907;879;41,2
22770006651000;2948;1470;1478;37,9
22770006652000;4542;2210;2332;40,8
22770006653000;2802;1436;1366;36,6
22770006654000;1261;584;677;40,8
22770006655000;153;82;71;40,9
22770006656000;399;215;184;35,9
22770006657000;603;294;309;37,4
22770006658000;186;85;101;35,5
22770006659000;148;78;70;34,6
22770006665000;37;21;16;43,4
22770006666000;1151;607;544;37,6
22770006667000;946;499;447;34,1
22770006668000;225;112;113;32,2
22770006669000;25;13;12;33,5
22770006670000;22;13;9;34,5
22770006675000;45;23;22;38,6
22770006676000;152;84;68;31,4
22770006677000;436;225;211;34,7
22770006678000;189;104;85;39,1
22770006679000;87;53;34;39,2
22770006681000;1;1;0;0,0
22770006682000;6;4;2;31,7
22770006683000;11;7;4;55,8
22770006684000;16;10;6;50,3
22770006685000;11;7;4;50,1
22770006686000;26;14;12;43,8
22770006687000;82;35;47;33,3
22770006688000;11;5;6;34,3
22770006705000;20;12;8;44,3
22770006712000;11;6;5;30,8
22770006725000;8;7;1;22,9
22770006726000;18;12;6;30,7
22770006727000;38;18;20;47,7
22770006728000;40;19;21;43,6
22770006729000;118;60;58;45,3
22770006730000;369;186;183;47,5
22770006731000;337;152;185;48,0
22770006732000;254;129;125;43,1
22770006733000;35;19;16;40,9
22770006734000;18;11;7;34,6
22770006735000;10;4;6;47,7
22770006740000;2;1;1;0,0
22770006742000;5;3;2;34,2
22770006743000;38;17;21;50,3
22770006744000;7;4;3;50,4
22770006745000;35;20;15;26,2
22770006746000;31;17;14;38,6
22770006747000;2;1;1;0,0
22770006748000;40;17;23;42,2
22770006749000;61;30;31;44,6
22770006750000;50;28;22;43,4
22770006751000;13;5;8;32,1
22770006752000;2;1;1;0,0
22770006753000;9;3;6;34,3
22770006754000;10;6;4;61,0
22770006755000;60;30;30;38,1
22770006756000;58;27;31;35,5
22770006757000;128;69;59;38,3
22770006758000;17;9;8;48,2
22770006760000;107;55;52;47,1
22770006761000;82;42;40;31,6
22770006762000;40;25;15;44,7
22770006763000;28;14;14;33,0
22770006764000;16;7;9;37,8
22770006765000;6;4;2;39,7
22770006766000;21;11;10;31,6
22770006767000;23;13;10;37,2
22770006785000;1;1;0;0,0
22770006851000;1;0;1;0,0
22770006852000;3;1;2;0,0
22770006885000;7;3;4;42,9
22770006886000;1;1;0;0,0
22770006905000;1;1;0;0,0
22770006910000;2;0;2;0,0
22770006911000;32;15;17;39,5
22770006912000;33;16;17;45,2
22770006913000;4;2;2;0,0
22770006918000;9;4;5;22,1
22770006919000;2;0;2;0,0
22770006967000;1;0;1;0,0
22770006987000;30;12;18;32,2
22770006988000;4;2;2;0,0
22770007023000;1;1;0;0,0
22770007031000;8;6;2;53,0
22770007033000;8;8;0;44,0
22770007034000;18;10;8;25,3
22770007035000;10;6;4;28,7
22770007036000;35;18;17;41,5
22770007037000;37;25;12;40,1
22770007038000;124;56;68;29,5
22770007039000;1435;691;744;32,5
22770007040000;1357;681;676;36,1
22770007041000;606;307;299;35,6
22770007062000;4;2;2;0,0
22770007079000;14;6;8;37,6
22770007103000;24;12;12;42,5
22770007104000;8;4;4;60,6
22770007110000;7;4;3;64,1
22770007111000;1;1;0;0,0
22770007112000;6;3;3;31,5
22770007126000;33;16;17;37,0
22770007135000;3;3;0;0,0
22770007136000;3;1;2;0,0
22770007141000;1;1;0;0,0
22780006558000;1;1;0;0,0
22780006561000;6;3;3;38,0
22780006562000;18;9;9;60,2
22780006563000;49;29;20;43,4
22780006564000;15;9;6;37,8
22780006565000;13;7;6;37,8
22780006566000;11;6;5;29,5
22780006568000;3;1;2;0,0
22780006569000;27;11;16;42,3
22780006570000;13;6;7;47,5
22780006573000;6;3;3;72,0
22780006574000;65;35;30;37,4
22780006575000;259;124;135;33,9
22780006576000;2;2;0;0,0
22780006577000;2050;1067;983;43,5
22780006578000;3256;1482;1774;50,2
22780006579000;2606;1218;1388;41,9
22780006580000;1207;580;627;43,9
22780006582000;7;2;5;71,0
22780006583000;8;4;4;46,5
22780006584000;10;5;5;52,8
22780006587000;9;6;3;25,3
22780006588000;1;1;0;0,0
22780006589000;5;2;3;39,4
22780006590000;7;3;4;67,0
22780006594000;21;10;11;42,4
22780006595000;18;9;9;52,8
22780006600000;6;4;2;59,5
22780006601000;14;7;7;32,4
22780006602000;40;20;20;37,8
22780006603000;2;1;1;0,0
22780006607000;18;9;9;37,3
22780006608000;23;11;12;42,2
22780006609000;57;34;23;40,8
22780006610000;4;3;1;0,0
22780006611000;35;18;17;29,5
22780006612000;2;1;1;0,0
22780006613000;843;443;400;33,3
22780006614000;494;241;253;39,3
22780006615000;1029;490;539;44,5
22780006616000;7;5;2;21,3
22780006617000;4;3;1;0,0
22780006618000;3;1;2;0,0
22780006619000;13;7;6;53,9
22780006620000;10;6;4;38,6
22780006622000;25;12;13;47,6
22780006625000;3;2;1;0,0
22780006626000;44;25;19;31,5
22780006627000;542;257;285;34,0
22780006628000;306;148;158;31,8
22780006629000;19;12;7;40,7
22780006650000;3077;1513;1564;40,6
22780006651000;832;398;434;42,9
22780006652000;1844;927;917;39,1
22780006653000;2436;1202;1234;40,7
22780006654000;344;164;180;41,3
22780006655000;643;332;311;31,8
22780006656000;2001;993;1008;34,2
22780006657000;1799;895;904;33,0
22780006658000;2253;1088;1165;43,5
22780006659000;1657;844;813;39,0
22780006660000;56;28;28;37,6
22780006661000;9;4;5;45,6
22780006663000;9;5;4;48,7
22780006665000;523;255;268;34,6
22780006666000;477;246;231;35,1
22780006667000;42;25;17;41,5
22780006668000;39;21;18;36,3
22780006669000;97;52;45;40,5
22780006670000;9;5;4;25,3
22780006671000;6;2;4;36,5
22780006672000;256;127;129;29,6
22780006673000;497;236;261;32,5
22780006674000;71;39;32;34,7
22780006675000;60;34;26;40,3
22780006676000;11;6;5;41,4
22780006677000;21;14;7;35,6
22780006678000;11;6;5;37,0
22780006679000;22;14;8;34,7
22780006680000;91;48;43;36,0
22780006681000;71;41;30;40,3
22780006682000;10;6;4;27,9
22780006683000;4;3;1;0,0
22780006684000;34;21;13;40,6
22780006685000;66;31;35;39,3
22780006686000;30;15;15;35,3
22780006687000;94;47;47;37,9
22780006688000;83;44;39;41,9
22780006698000;7;5;2;46,9
22780006704000;7;3;4;49,7
22780006705000;19;11;8;42,2
22780006707000;16;7;9;36,9
22780006712000;8;5;3;54,4
22780006713000;1;1;0;0,0
22780006715000;1;1;0;0,0
22780006721000;2;1;1;0,0
22780006728000;14;7;7;35,6
22780006729000;62;31;31;49,3
22780006730000;172;72;100;54,4
22780006731000;21;13;8;42,1
22780006732000;52;27;25;32,7
22780006733000;22;11;11;53,0
22780006734000;16;9;7;45,4
22780006740000;27;12;15;45,9
22780006741000;79;41;38;39,0
22780006743000;185;89;96;54,2
22780006744000;102;52;50;38,1
22780006745000;41;19;22;44,6
22780006746000;31;14;17;36,2
22780006747000;13;7;6;37,2
22780006748000;14;8;6;32,1
22780006749000;23;11;12;39,0
22780006750000;40;22;18;36,5
22780006751000;5;2;3;46,4
22780006754000;4;2;2;0,0
22780006756000;66;27;39;41,3
22780006757000;366;189;177;40,6
22780006758000;38;22;16;51,3
22780006759000;37;15;22;41,0
22780006760000;198;107;91;38,9
22780006761000;52;25;27;34,1
22780006762000;49;25;24;33,4
22780006763000;6;2;4;18,5
22780006765000;6;3;3;59,3
22780006884000;10;5;5;45,1
22780006885000;6;4;2;56,7
22780006906000;2;1;1;0,0
22780006909000;23;11;12;45,3
22780006910000;47;25;22;43,3
22780006911000;50;27;23;39,9
22780006912000;27;14;13;36,2
22780006913000;112;66;46;34,0
22780006914000;28;15;13;46,0
22780006915000;30;15;15;40,7
22780006916000;23;13;10;35,0
22780006917000;18;7;11;30,6
22780006924000;4;1;3;0,0
22780006983000;1;0;1;0,0
22780006986000;5;3;2;40,8
22780006987000;40;19;21;45,0
22780006988000;11;4;7;36,3
22780007030000;3;2;1;0,0
22780007031000;26;13;13;44,8
22780007036000;22;12;10;36,1
22780007037000;21;10;11;32,7
22780007038000;23;12;11;46,4
22780007039000;432;220;212;35,2
22780007040000;201;109;92;40,3
22780007041000;205;93;112;37,8
22780007062000;11;5;6;52,1
22780007063000;4;2;2;0,0
22780007070000;7;5;2;37,4
22780007103000;17;9;8;38,7
22780007104000;10;7;3;48,2
22780007111000;3;2;1;0,0
22780007123000;2;1;1;0,0
22780007124000;7;4;3;37,6
22780007125000;6;4;2;29,0
22780007135000;7;3;4;56,9
22780007137000;3;2;1;0,0
22790006562000;28;13;15;46,7
22790006563000;34;16;18;45,6
22790006564000;146;74;72;44,3
22790006565000;33;15;18;42,2
22790006566000;1;1;0;0,0
22790006567000;24;12;12;42,2
22790006568000;38;19;19;36,2
22790006569000;34;15;19;38,9
22790006571000;5;2;3;56,8
22790006572000;2;1;1;0,0
22790006573000;17;11;6;50,8
22790006574000;120;68;52;38,2
22790006575000;1019;519;500;38,1
22790006576000;223;112;111;38,8
22790006577000;952;490;462;38,0
22790006578000;599;316;283;37,1
22790006579000;881;407;474;40,2
22790006580000;709;363;346;42,1
22790006581000;457;224;233;33,2
22790006582000;11;6;5;39,4
22790006583000;12;6;6;41,7
22790006584000;11;5;6;42,0
22790006585000;6;4;2;49,5
22790006589000;13;7;6;41,7
22790006590000;1;1;0;0,0
22790006592000;4;2;2;0,0
22790006593000;12;7;5;36,0
22790006594000;12;6;6;33,8
22790006595000;48;22;26;42,1
22790006598000;8;4;4;46,1
22790006599000;10;7;3;50,9
22790006600000;36;19;17;39,8
22790006601000;35;20;15;43,1
22790006602000;29;15;14;38,0
22790006603000;3;1;2;0,0
22790006604000;7;3;4;21,9
22790006606000;21;12;9;33,2
22790006607000;15;8;7;44,7
22790006608000;45;25;20;39,5
22790006609000;10;5;5;51,9
22790006610000;5;3;2;37,8
22790006611000;17;7;10;47,9
22790006612000;25;16;9;43,6
22790006613000;14;9;5;33,2
22790006614000;310;151;159;44,0
22790006615000;1302;634;668;43,4
22790006616000;20;9;11;36,9
22790006617000;16;7;9;50,4
22790006618000;15;8;7;47,1
22790006619000;7;4;3;34,0
22790006622000;20;12;8;44,2
22790006623000;2;1;1;0,0
22790006625000;9;4;5;50,6
22790006626000;31;14;17;41,7
22790006627000;122;61;61;40,4
22790006628000;13;7;6;38,8
22790006649000;111;60;51;36,7
22790006650000;959;464;495;38,0
22790006651000;2044;1046;998;37,3
22790006652000;2152;1074;1078;43,7
22790006653000;4559;2241;2318;45,0
22790006654000;1148;591;557;43,0
22790006655000;797;395;402;33,5
22790006656000;1417;735;682;33,6
22790006657000;191;116;75;39,2
22790006658000;690;361;329;37,5
22790006659000;1902;947;955;39,8
22790006660000;576;283;293;34,0
22790006661000;47;25;22;40,6
22790006662000;23;13;10;36,6
22790006663000;59;31;28;37,3
22790006664000;46;24;22;39,6
22790006665000;930;438;492;48,8
22790006666000;403;221;182;44,5
22790006667000;90;47;43;38,6
22790006668000;44;20;24;42,1
22790006669000;65;34;31;30,9
22790006670000;85;42;43;43,0
22790006671000;37;18;19;43,9
22790006672000;243;124;119;36,0
22790006673000;210;97;113;35,7
22790006674000;22;11;11;43,5
22790006675000;75;47;28;37,0
22790006676000;11;6;5;46,6
22790006677000;32;17;15;42,1
22790006679000;61;33;28;39,0
22790006680000;17;8;9;50,6
22790006681000;43;22;21;44,8
22790006682000;842;392;450;46,2
22790006683000;927;468;459;34,0
22790006684000;103;64;39;40,5
22790006685000;234;119;115;34,0
22790006686000;88;49;39;39,2
22790006687000;68;33;35;42,0
22790006688000;9;7;2;39,6
22790006696000;67;30;37;42,8
22790006697000;88;52;36;46,1
22790006698000;87;46;41;35,2
22790006699000;30;17;13;35,4
22790006705000;6;3;3;37,3
22790006712000;8;2;6;37,6
22790006713000;20;11;9;29,3
22790006728000;3;1;2;0,0
22790006729000;116;59;57;42,5
22790006730000;178;92;86;42,6
22790006731000;20;8;12;43,6
22790006732000;13;8;5;39,4
22790006733000;8;4;4;46,8
22790006739000;34;15;19;46,6
22790006740000;14;7;7;49,9
22790006741000;53;23;30;44,7
22790006742000;60;38;22;60,7
22790006743000;35;17;18;37,7
22790006744000;127;67;60;33,1
22790006745000;32;15;17;46,9
22790006746000;8;6;2;42,1
22790006749000;11;6;5;34,4
22790006753000;5;3;2;44,2
22790006754000;18;11;7;40,2
22790006755000;191;84;107;43,5
22790006756000;677;318;359;45,9
22790006757000;1517;727;790;44,5
22790006758000;866;442;424;43,9
22790006759000;205;105;100;39,2
22790006760000;35;15;20;34,7
22790006761000;31;16;15;41,5
22790006762000;7;3;4;34,7
22790006766000;1;1;0;0,0
22790006837000;1;1;0;0,0
22790006850000;12;6;6;55,6
22790006851000;67;45;22;54,4
22790006884000;39;21;18;38,7
22790006910000;8;3;5;38,6
22790006911000;199;94;105;37,1
22790006912000;55;26;29;33,4
22790006913000;48;31;17;43,4
22790006914000;68;29;39;40,0
22790006915000;27;13;14;44,2
22790006916000;1;1;0;0,0
22790006984000;11;6;5;40,2
22790006985000;22;11;11;41,0
22790006986000;74;37;37;43,8
22790007031000;2;1;1;0,0
22790007036000;28;14;14;40,6
22790007037000;12;8;4;48,2
22790007038000;20;14;6;33,9
22790007040000;14;8;6;50,9
22790007041000;828;415;413;38,2
22790007042000;39;21;18;34,9
22790007069000;12;6;6;46,0
22790007080000;2;1;1;0,0
22790007104000;2;1;1;0,0
22790007123000;3;1;2;0,0
22790007124000;1;1;0;0,0
22790007136000;4;2;2;0,0
22790007137000;7;4;3;40,3
22800006562000;10;6;4;46,8
22800006563000;1;0;1;0,0
22800006564000;37;21;16;44,4
22800006565000;148;72;76;42,3
22800006566000;105;52;53;40,9
22800006567000;14;8;6;47,6
22800006568000;23;9;14;35,7
22800006569000;61;35;26;43,8
22800006570000;19;7;12;48,8
22800006571000;4;3;1;0,0
22800006572000;33;22;11;39,1
22800006573000;43;25;18;41,7
22800006574000;93;54;39;37,7
22800006575000;518;233;285;45,7
22800006576000;1650;840;810;37,4
22800006577000;316;160;156;41,7
22800006578000;1054;527;527;40,9
22800006579000;1111;567;544;40,1
22800006580000;137;66;71;39,2
22800006581000;9;6;3;53,9
22800006582000;22;12;10;46,6
22800006583000;20;13;7;36,4
22800006584000;38;24;14;34,2
22800006585000;53;32;21;39,0
22800006586000;3;1;2;0,0
22800006588000;9;6;3;24,2
22800006589000;8;4;4;49,9
22800006590000;14;8;6;33,5
22800006592000;3;1;2;0,0
22800006593000;5;3;2;40,6
22800006595000;4;2;2;0,0
22800006596000;13;8;5;49,1
22800006597000;2;2;0;0,0
22800006598000;9;6;3;46,0
22800006599000;7;4;3;26,1
22800006600000;16;10;6;34,7
22800006601000;5;1;4;37,0
22800006602000;5;2;3;45,2
22800006603000;45;20;25;36,1
22800006604000;22;10;12;39,7
22800006605000;13;7;6;40,0
22800006606000;22;12;10;49,7
22800006607000;18;8;10;30,1
22800006608000;2;1;1;0,0
22800006609000;5;2;3;34,2
22800006610000;22;11;11;41,2
22800006611000;238;123;115;34,7
22800006612000;341;186;155;36,4
22800006613000;59;33;26;39,5
22800006614000;26;12;14;33,1
22800006615000;18;9;9;44,4
22800006616000;16;8;8;30,0
22800006617000;22;13;9;32,1
22800006618000;23;13;10;33,0
22800006619000;38;20;18;40,7
22800006620000;35;17;18;32,0
22800006621000;7;4;3;39,1
22800006622000;12;5;7;44,1
22800006623000;6;3;3;23,8
22800006625000;27;17;10;38,4
22800006626000;34;16;18;40,7
22800006627000;49;27;22;39,6
22800006628000;5;2;3;48,6
22800006643000;61;32;29;33,4
22800006644000;40;19;21;32,8
22800006648000;178;93;85;33,8
22800006649000;514;268;246;43,5
22800006650000;2119;1077;1042;36,4
22800006651000;50;27;23;43,9
22800006652000;2135;1084;1051;36,6
22800006653000;2255;1115;1140;38,2
22800006654000;521;260;261;36,8
22800006655000;36;16;20;47,7
22800006656000;28;20;8;39,7
22800006657000;36;21;15;32,1
22800006658000;6;4;2;36,8
22800006659000;115;64;51;34,7
22800006660000;1337;676;661;34,4
22800006661000;404;200;204;27,8
22800006662000;52;30;22;40,3
22800006663000;102;48;54;36,1
22800006664000;3;2;1;0,0
22800006665000;11;5;6;44,3
22800006666000;48;23;25;41,1
22800006668000;24;14;10;45,7
22800006669000;121;64;57;35,1
22800006670000;88;44;44;45,7
22800006671000;5;4;1;23,4
22800006673000;522;265;257;37,9
22800006674000;103;54;49;40,3
22800006675000;26;15;11;42,8
22800006676000;16;10;6;37,8
22800006677000;46;24;22;29,9
22800006678000;5;4;1;45,0
22800006679000;12;8;4;46,5
22800006680000;47;24;23;39,9
22800006681000;15;8;7;39,1
22800006682000;472;252;220;39,4
22800006683000;569;288;281;38,2
22800006685000;312;152;160;33,6
22800006686000;910;432;478;38,9
22800006687000;761;396;365;36,5
22800006688000;15;10;5;34,7
22800006690000;1;1;0;0,0
22800006695000;76;39;37;46,5
22800006696000;87;42;45;42,0
22800006698000;5;3;2;41,0
22800006699000;4;1;3;0,0
22800006700000;9;5;4;60,7
22800006704000;15;9;6;29,6
22800006711000;60;30;30;44,0
22800006712000;78;45;33;44,1
22800006713000;2;1;1;0,0
22800006728000;37;17;20;30,7
22800006729000;150;82;68;39,9
22800006730000;91;46;45;41,3
22800006731000;17;7;10;43,3
22800006738000;16;7;9;30,4
22800006739000;30;16;14;42,5
22800006740000;23;14;9;34,8
22800006741000;41;21;20;49,8
22800006744000;6;4;2;49,5
22800006745000;14;6;8;36,1
22800006746000;5;2;3;40,0
22800006747000;4;3;1;0,0
22800006751000;8;4;4;22,1
22800006752000;4;2;2;0,0
22800006753000;27;14;13;48,5
22800006754000;302;151;151;39,2
22800006755000;1507;740;767;41,4
22800006756000;1046;494;552;49,5
22800006757000;877;409;468;46,5
22800006758000;1356;673;683;36,9
22800006759000;220;122;98;31,2
22800006760000;9;4;5;53,0
22800006761000;10;5;5;51,5
22800006762000;4;2;2;0,0
22800006764000;3;2;1;0,0
22800006767000;8;6;2;37,8
22800006849000;11;7;4;55,0
22800006850000;10;6;4;54,5
22800006851000;11;6;5;63,3
22800006883000;9;3;6;41,6
22800006884000;6;2;4;41,0
22800006893000;9;5;4;37,2
22800006894000;16;9;7;43,8
22800006895000;38;19;19;33,6
22800006896000;44;22;22;44,6
22800006897000;14;9;5;39,1
22800006898000;5;3;2;47,0
22800006904000;10;5;5;51,0
22800006910000;575;271;304;40,1
22800006911000;244;110;134;48,8
22800006912000;113;54;59;55,1
22800006913000;103;49;54;45,1
22800006914000;8;5;3;37,3
22800006918000;3;2;1;0,0
22800006984000;8;3;5;45,6
22800006985000;33;15;18;44,5
22800006986000;56;26;30;35,9
22800007034000;1;1;0;0,0
22800007035000;9;3;6;22,8
22800007037000;1;1;0;0,0
22800007038000;7;3;4;29,1
22800007040000;10;4;6;28,1
22800007041000;1811;925;886;37,1
22800007042000;629;324;305;36,9
22800007063000;10;6;4;56,6
22800007064000;18;10;8;25,8
22800007068000;10;6;4;33,6
22800007069000;15;7;8;54,8
22800007081000;13;8;5;43,3
22800007105000;19;11;8;45,8
22800007106000;6;4;2;47,3
22800007107000;2;1;1;0,0
22800007113000;8;5;3;58,9
22800007114000;6;3;3;19,0
22800007123000;22;9;13;33,4
22800007124000;4;3;1;0,0
22800007138000;1;1;0;0,0
22800007139000;22;10;12;53,7
22800007140000;166;83;83;46,8
22800007141000;49;23;26;45,7
22800007143000;10;5;5;46,7
22810006560000;1;0;1;0,0
22810006561000;2;1;1;0,0
22810006562000;4;3;1;0,0
22810006563000;16;9;7;39,6
22810006564000;2;1;1;0,0
22810006567000;163;86;77;41,6
22810006568000;195;95;100;39,0
22810006569000;42;22;20;34,4
22810006570000;32;15;17;46,7
22810006571000;10;5;5;53,8
22810006572000;5;2;3;45,0
22810006574000;532;273;259;42,2
22810006575000;1499;736;763;41,1
22810006576000;1446;694;752;39,4
22810006577000;8;5;3;43,5
22810006578000;17;8;9;42,4
22810006579000;104;52;52;39,6
22810006580000;198;105;93;41,7
22810006581000;498;242;256;41,3
22810006582000;39;19;20;33,4
22810006583000;32;15;17;36,1
22810006584000;30;18;12;34,1
22810006585000;13;7;6;46,1
22810006586000;29;15;14;39,0
22810006587000;8;3;5;43,4
22810006588000;234;118;116;34,5
22810006589000;7;4;3;39,3
22810006590000;7;4;3;41,7
22810006593000;10;5;5;36,6
22810006594000;10;4;6;32,6
22810006595000;23;13;10;43,7
22810006596000;14;8;6;43,9
22810006597000;60;31;29;39,0
22810006598000;13;6;7;35,0
22810006599000;30;16;14;42,0
22810006600000;14;8;6;29,8
22810006601000;7;4;3;41,7
22810006603000;15;6;9;31,9
22810006604000;35;15;20;34,5
22810006605000;12;9;3;40,9
22810006606000;52;28;24;42,1
22810006607000;4;3;1;0,0
22810006608000;7;4;3;63,7
22810006609000;11;7;4;44,9
22810006610000;36;20;16;38,7
22810006611000;313;171;142;33,7
22810006612000;463;233;230;35,1
22810006613000;349;171;178;36,1
22810006614000;3;2;1;0,0
22810006615000;24;11;13;24,3
22810006616000;17;8;9;30,9
22810006617000;25;14;11;43,6
22810006618000;3;2;1;0,0
22810006619000;19;11;8;44,7
22810006620000;2;1;1;0,0
22810006621000;7;4;3;46,0
22810006622000;2;1;1;0,0
22810006624000;2;1;1;0,0
22810006625000;11;6;5;46,5
22810006626000;23;13;10;43,5
22810006627000;44;25;19;42,6
22810006628000;10;5;5;56,2
22810006630000;4;3;1;0,0
22810006632000;28;13;15;41,6
22810006633000;2;1;1;0,0
22810006641000;133;71;62;44,1
22810006642000;639;335;304;36,4
22810006643000;296;156;140;36,9
22810006644000;71;39;32;38,5
22810006645000;45;29;16;39,7
22810006646000;811;393;418;31,2
22810006647000;1231;617;614;27,9
22810006648000;264;131;133;37,4
22810006649000;12;7;5;54,8
22810006654000;8;4;4;21,5
22810006655000;4;3;1;0,0
22810006657000;405;201;204;34,8
22810006658000;92;44;48;35,5
22810006659000;8;6;2;40,6
22810006660000;184;100;84;34,2
22810006661000;1264;641;623;29,8
22810006662000;4;1;3;0,0
22810006663000;21;10;11;46,1
22810006664000;10;5;5;40,7
22810006665000;12;8;4;33,3
22810006666000;98;58;40;40,2
22810006667000;54;32;22;32,8
22810006668000;19;9;10;49,0
22810006669000;47;23;24;40,4
22810006670000;8;5;3;30,8
22810006671000;18;9;9;44,9
22810006672000;109;62;47;37,3
22810006673000;27;17;10;42,1
22810006674000;16;10;6;35,1
22810006675000;5;4;1;27,0
22810006676000;13;7;6;36,2
22810006678000;46;22;24;39,0
22810006679000;34;20;14;46,5
22810006680000;5;3;2;37,4
22810006682000;2;1;1;0,0
22810006683000;18;9;9;31,9
22810006684000;4;2;2;0,0
22810006685000;41;21;20;35,5
22810006686000;645;319;326;35,5
22810006687000;720;373;347;38,0
22810006688000;4;2;2;0,0
22810006689000;6;3;3;31,8
22810006690000;16;10;6;35,2
22810006691000;12;5;7;36,1
22810006695000;1;1;0;0,0
22810006700000;16;9;7;56,7
22810006701000;27;14;13;45,3
22810006703000;49;25;24;33,4
22810006704000;138;71;67;43,3
22810006706000;1;0;1;0,0
22810006707000;33;17;16;54,5
22810006708000;10;5;5;38,6
22810006709000;12;7;5;41,8
22810006710000;62;29;33;38,5
22810006711000;70;36;34;44,5
22810006712000;42;22;20;55,0
22810006728000;10;6;4;34,5
22810006729000;228;113;115;34,3
22810006730000;78;34;44;41,4
22810006738000;13;7;6;35,0
22810006739000;11;8;3;42,7
22810006740000;1;0;1;0,0
22810006741000;21;12;9;31,0
22810006742000;11;5;6;35,0
22810006750000;74;35;39;35,4
22810006751000;44;19;25;41,5
22810006752000;50;27;23;37,2
22810006753000;41;23;18;38,7
22810006754000;200;98;102;37,1
22810006755000;324;145;179;44,3
22810006756000;56;43;13;36,6
22810006757000;198;113;85;35,0
22810006758000;360;179;181;38,2
22810006759000;138;63;75;35,6
22810006760000;26;19;7;33,2
22810006761000;9;6;3;47,9
22810006762000;33;17;16;37,1
22810006763000;25;14;11;40,2
22810006764000;43;23;20;36,0
22810006765000;16;8;8;51,7
22810006766000;16;8;8;32,1
22810006768000;2;1;1;0,0
22810006769000;7;5;2;51,7
22810006838000;3;2;1;0,0
22810006841000;10;7;3;64,3
22810006849000;4;2;2;0,0
22810006859000;2;1;1;0,0
22810006861000;2;1;1;0,0
22810006882000;6;4;2;17,5
22810006883000;12;3;9;21,3
22810006891000;3;2;1;0,0
22810006892000;22;10;12;37,0
22810006893000;71;32;39;42,2
22810006894000;33;16;17;44,8
22810006895000;46;24;22;38,5
22810006896000;25;12;13;44,2
22810006897000;3;1;2;0,0
22810006910000;259;134;125;34,0
22810006911000;799;385;414;43,2
22810006912000;331;160;171;43,0
22810006913000;68;32;36;40,9
22810006920000;3;2;1;0,0
22810006977000;1;1;0;0,0
22810006980000;14;8;6;37,1
22810006981000;19;10;9;45,6
22810006982000;28;13;15;37,9
22810006983000;8;5;3;40,5
22810006987000;2;2;0;0,0
22810006988000;13;8;5;29,8
22810007030000;4;2;2;0,0
22810007031000;2;2;0;0,0
22810007032000;4;2;2;0,0
22810007035000;11;6;5;54,7
22810007037000;12;6;6;41,3
22810007039000;40;21;19;40,5
22810007040000;23;12;11;35,9
22810007041000;1210;595;615;39,7
22810007042000;18;10;8;30,7
22810007056000;9;4;5;50,0
22810007057000;15;1;14;56,4
22810007066000;19;10;9;41,2
22810007067000;56;29;27;32,7
22810007068000;40;19;21;33,6
22810007069000;38;21;17;44,2
22810007070000;1;1;0;0,0
22810007081000;8;6;2;46,3
22810007082000;4;3;1;0,0
22810007097000;8;4;4;46,6
22810007098000;2;1;1;0,0
22810007106000;8;5;3;57,0
22810007107000;22;9;13;46,8
22810007115000;4;3;1;0,0
22810007122000;2;1;1;0,0
22810007138000;6;3;3;39,3
22810007139000;8;4;4;40,3
22810007140000;72;39;33;33,8
22810007141000;17;8;9;46,5
22810007142000;3;1;2;0,0
22810007143000;14;9;5;62,1
22810007144000;6;4;2;61,0
22820006556000;1;0;1;0,0
22820006559000;2;1;1;0,0
22820006561000;37;19;18;46,2
22820006562000;16;8;8;35,1
22820006563000;94;51;43;40,1
22820006564000;8;4;4;29,1
22820006565000;6;2;4;52,7
22820006566000;6;5;1;43,2
22820006567000;237;119;118;43,6
22820006568000;275;153;122;39,0
22820006569000;888;451;437;39,3
22820006570000;179;93;86;37,7
22820006571000;25;13;12;42,0
22820006572000;3;2;1;0,0
22820006573000;445;228;217;43,7
22820006574000;1176;585;591;39,3
22820006575000;1000;478;522;40,8
22820006576000;981;518;463;35,3
22820006577000;126;59;67;39,9
22820006578000;4;1;3;0,0
22820006583000;20;11;9;38,1
22820006584000;154;73;81;38,7
22820006585000;109;57;52;39,6
22820006586000;49;27;22;33,5
22820006587000;12;5;7;39,7
22820006588000;83;40;43;36,2
22820006589000;10;5;5;50,4
22820006591000;19;13;6;47,1
22820006592000;10;4;6;29,9
22820006593000;7;4;3;45,0
22820006594000;19;11;8;44,4
22820006595000;44;22;22;46,7
22820006596000;33;17;16;35,3
22820006597000;41;20;21;34,7
22820006598000;1075;509;566;39,3
22820006599000;545;272;273;40,4
22820006600000;16;8;8;41,3
22820006601000;42;23;19;33,0
22820006602000;15;8;7;50,2
22820006603000;32;14;18;35,7
22820006604000;25;15;10;34,0
22820006605000;58;28;30;39,4
22820006606000;1;1;0;0,0
22820006607000;25;12;13;43,0
22820006608000;54;30;24;34,6
22820006609000;18;11;7;52,7
22820006610000;561;297;264;38,8
22820006611000;1480;754;726;38,7
22820006612000;277;142;135;41,6
22820006613000;12;5;7;52,6
22820006614000;11;7;4;32,4
22820006615000;3;1;2;0,0
22820006617000;51;27;24;36,1
22820006618000;19;10;9;45,7
22820006619000;18;9;9;28,7
22820006620000;14;7;7;33,0
22820006621000;2;2;0;0,0
22820006625000;6;4;2;51,8
22820006626000;13;8;5;41,8
22820006627000;14;7;7;29,6
22820006628000;2;1;1;0,0
22820006630000;14;8;6;34,7
22820006631000;94;43;51;37,1
22820006632000;221;107;114;37,4
22820006633000;4;1;3;0,0
22820006639000;207;103;104;34,0
22820006640000;18;9;9;37,6
22820006641000;9;5;4;37,1
22820006644000;5;3;2;45,6
22820006645000;21;15;6;30,5
22820006646000;147;86;61;34,9
22820006647000;46;21;25;30,3
22820006651000;339;183;156;35,3
22820006652000;29;17;12;43,7
22820006653000;52;24;28;28,7
22820006654000;11;4;7;28,5
22820006655000;28;15;13;34,6
22820006656000;328;164;164;38,7
22820006657000;443;218;225;39,8
22820006658000;95;51;44;38,6
22820006659000;23;13;10;34,9
22820006660000;712;347;365;41,0
22820006661000;5;2;3;39,6
22820006662000;10;7;3;41,6
22820006665000;50;26;24;41,9
22820006666000;57;27;30;40,5
22820006667000;70;45;25;39,8
22820006668000;94;53;41;34,1
22820006669000;62;36;26;39,0
22820006670000;90;50;40;34,8
22820006671000;14;8;6;29,3
22820006672000;30;14;16;37,0
22820006675000;21;9;12;28,8
22820006676000;8;3;5;56,8
22820006677000;14;8;6;54,5
22820006679000;126;93;33;37,3
22820006680000;21;8;13;38,7
22820006681000;138;80;58;37,0
22820006682000;52;31;21;45,7
22820006683000;83;38;45;44,4
22820006685000;21;13;8;35,0
22820006686000;56;27;29;37,3
22820006687000;36;19;17;38,3
22820006688000;6;3;3;59,2
22820006689000;30;13;17;36,0
22820006693000;15;7;8;44,1
22820006694000;14;6;8;43,4
22820006697000;5;2;3;49,4
22820006699000;4;2;2;0,0
22820006701000;4;1;3;0,0
22820006702000;32;16;16;39,5
22820006703000;46;20;26;43,9
22820006704000;171;73;98;36,6
22820006705000;26;16;10;51,3
22820006706000;29;17;12;41,3
22820006707000;110;59;51;40,3
22820006708000;78;38;40;30,2
22820006709000;18;7;11;46,9
22820006710000;17;10;7;44,8
22820006711000;2;1;1;0,0
22820006728000;13;8;5;38,9
22820006729000;100;50;50;42,9
22820006730000;16;7;9;41,4
22820006738000;8;3;5;33,0
22820006739000;10;5;5;64,3
22820006740000;38;21;17;51,5
22820006741000;33;21;12;47,1
22820006749000;207;111;96;35,6
22820006750000;54;30;24;37,3
22820006751000;37;17;20;34,1
22820006752000;32;14;18;45,1
22820006753000;102;51;51;34,7
22820006754000;23;10;13;31,9
22820006755000;14;6;8;44,4
22820006756000;8;4;4;50,6
22820006757000;18;10;8;31,1
22820006758000;53;25;28;39,3
22820006759000;97;44;53;40,4
22820006760000;40;21;19;32,4
22820006761000;44;26;18;41,8
22820006762000;63;31;32;35,2
22820006763000;67;37;30;34,3
22820006764000;16;8;8;36,8
22820006766000;13;9;4;40,2
22820006767000;11;6;5;37,3
22820006837000;2;2;0;0,0
22820006838000;13;7;6;44,1
22820006839000;4;2;2;0,0
22820006840000;11;7;4;33,9
22820006842000;8;4;4;46,5
22820006843000;2;2;0;0,0
22820006844000;6;3;3;27,2
22820006847000;4;1;3;0,0
22820006862000;6;3;3;65,0
22820006889000;5;2;3;25,0
22820006890000;9;6;3;46,6
22820006891000;9;3;6;29,8
22820006892000;12;5;7;47,9
22820006893000;14;8;6;41,8
22820006911000;74;36;38;25,6
22820006912000;123;67;56;38,1
22820006913000;24;14;10;43,2
22820006914000;28;14;14;49,4
22820006984000;6;5;1;31,3
22820006987000;22;12;10;43,8
22820006988000;37;18;19;42,0
22820007023000;4;1;3;0,0
22820007024000;25;16;9;33,0
22820007030000;2;1;1;0,0
22820007031000;7;3;4;61,1
22820007036000;40;24;16;31,1
22820007037000;15;8;7;38,3
22820007038000;38;19;19;35,4
22820007039000;32;17;15;42,4
22820007040000;19;13;6;46,5
22820007041000;1942;983;959;37,9
22820007042000;129;74;55;41,8
22820007057000;19;10;9;45,1
22820007058000;8;5;3;41,0
22820007066000;18;9;9;24,7
22820007067000;327;166;161;42,5
22820007068000;84;44;40;42,3
22820007069000;132;67;65;39,4
22820007070000;8;4;4;58,4
22820007071000;6;3;3;46,5
22820007072000;18;10;8;41,6
22820007077000;2;1;1;0,0
22820007082000;11;9;2;53,5
22820007107000;6;3;3;28,8
22820007115000;10;7;3;36,5
22820007116000;11;4;7;63,1
22820007117000;8;3;5;47,0
22820007137000;32;16;16;43,8
22820007138000;15;8;7;53,9
22820007143000;2;2;0;0,0
22820007148000;37;19;18;39,3
22820007149000;18;9;9;49,8
22830006556000;82;41;41;49,2
22830006557000;17;6;11;54,1
22830006558000;12;6;6;29,8
22830006559000;1;1;0;0,0
22830006560000;4;2;2;0,0
22830006561000;13;7;6;47,7
22830006562000;3;2;1;0,0
22830006565000;18;9;9;47,2
22830006566000;7;3;4;60,1
22830006567000;52;32;20;36,3
22830006568000;98;50;48;38,9
22830006569000;179;87;92;32,2
22830006570000;4;2;2;0,0
22830006571000;4;3;1;0,0
22830006572000;23;12;11;44,4
22830006573000;167;95;72;45,0
22830006575000;8;5;3;35,9
22830006576000;317;157;160;33,5
22830006577000;150;81;69;32,4
22830006578000;26;14;12;38,3
22830006579000;17;10;7;40,5
22830006580000;29;14;15;38,9
22830006581000;2;1;1;0,0
22830006582000;10;4;6;43,2
22830006584000;10;5;5;45,9
22830006585000;60;31;29;33,5
22830006586000;4;2;2;0,0
22830006588000;5;2;3;41,4
22830006589000;37;18;19;38,4
22830006590000;21;11;10;42,1
22830006591000;2;2;0;0,0
22830006592000;23;13;10;31,5
22830006594000;33;15;18;42,9
22830006595000;48;28;20;35,2
22830006596000;36;18;18;30,7
22830006597000;63;33;30;34,5
22830006598000;111;43;68;55,0
22830006599000;66;32;34;37,2
22830006600000;10;5;5;34,3
22830006601000;18;8;10;28,8
22830006602000;27;12;15;36,4
22830006603000;15;6;9;44,5
22830006604000;27;13;14;41,6
22830006605000;51;31;20;37,0
22830006606000;26;12;14;22,6
22830006607000;92;49;43;38,0
22830006608000;20;12;8;49,1
22830006609000;78;39;39;40,8
22830006610000;1229;569;660;43,4
22830006611000;1737;815;922;48,4
22830006612000;450;224;226;39,8
22830006613000;24;10;14;37,4
22830006614000;15;6;9;40,2
22830006615000;48;22;26;32,3
22830006616000;64;33;31;30,4
22830006617000;45;22;23;36,9
22830006618000;17;11;6;33,6
22830006619000;13;6;7;43,5
22830006620000;29;17;12;40,4
22830006621000;1;1;0;0,0
22830006623000;4;1;3;0,0
22830006624000;6;2;4;38,7
22830006625000;6;3;3;32,8
22830006627000;3;3;0;0,0
22830006628000;15;7;8;48,9
22830006629000;38;17;21;39,3
22830006630000;123;65;58;37,2
22830006631000;289;140;149;50,4
22830006632000;24;12;12;38,5
22830006633000;14;7;7;45,5
22830006638000;799;381;418;33,4
22830006639000;1742;910;832;37,6
22830006640000;4;1;3;0,0
22830006647000;59;34;25;45,0
22830006648000;142;77;65;35,4
22830006649000;173;89;84;38,6
22830006650000;341;162;179;41,2
22830006651000;146;72;74;37,9
22830006652000;90;47;43;44,4
22830006653000;38;24;14;40,4
22830006654000;4;1;3;0,0
22830006655000;29;15;14;49,2
22830006656000;151;70;81;37,5
22830006657000;10;4;6;39,8
22830006658000;23;13;10;48,8
22830006659000;28;14;14;42,4
22830006660000;493;249;244;38,1
22830006661000;165;88;77;36,2
22830006662000;130;76;54;41,2
22830006663000;46;32;14;44,0
22830006664000;11;6;5;40,2
22830006665000;11;8;3;48,4
22830006666000;33;18;15;28,4
22830006667000;18;8;10;43,8
22830006668000;2;1;1;0,0
22830006671000;19;9;10;36,6
22830006672000;31;18;13;46,6
22830006673000;36;26;10;41,0
22830006674000;30;15;15;37,5
22830006675000;4;1;3;0,0
22830006676000;10;6;4;46,9
22830006677000;4;2;2;0,0
22830006682000;38;18;20;32,2
22830006683000;14;8;6;50,7
22830006684000;27;13;14;34,3
22830006685000;21;14;7;42,1
22830006686000;17;9;8;49,1
22830006687000;11;6;5;56,2
22830006688000;29;15;14;38,6
22830006689000;52;24;28;38,3
22830006690000;9;6;3;48,8
22830006698000;7;3;4;29,7
22830006699000;3;2;1;0,0
22830006700000;25;12;13;37,0
22830006701000;10;4;6;45,0
22830006702000;8;4;4;45,6
22830006703000;145;71;74;41,5
22830006704000;71;36;35;42,3
22830006705000;106;48;58;56,1
22830006706000;358;167;191;45,4
22830006707000;164;79;85;34,0
22830006708000;23;13;10;31,0
22830006709000;38;18;20;39,1
22830006710000;11;8;3;58,1
22830006712000;9;5;4;32,2
22830006713000;6;2;4;28,3
22830006728000;15;7;8;40,2
22830006729000;61;30;31;45,5
22830006746000;20;9;11;54,0
22830006747000;268;129;139;45,7
22830006748000;433;204;229;42,6
22830006749000;74;42;32;41,4
22830006750000;83;40;43;48,7
22830006751000;59;32;27;37,5
22830006752000;25;13;12;47,4
22830006753000;272;131;141;48,5
22830006754000;44;29;15;35,9
22830006755000;87;40;47;39,9
22830006756000;22;9;13;45,9
22830006757000;24;14;10;38,0
22830006758000;11;5;6;36,7
22830006759000;23;13;10;39,8
22830006760000;33;18;15;37,6
22830006761000;39;21;18;39,6
22830006762000;27;10;17;40,2
22830006763000;50;25;25;33,5
22830006764000;16;7;9;45,1
22830006765000;22;12;10;36,5
22830006766000;2;1;1;0,0
22830006837000;2;1;1;0,0
22830006838000;2;1;1;0,0
22830006843000;2;1;1;0,0
22830006862000;11;6;5;20,7
22830006863000;4;3;1;0,0
22830006880000;2;0;2;0,0
22830006889000;2;0;2;0,0
22830006890000;4;2;2;0,0
22830006912000;4;2;2;0,0
22830006913000;36;20;16;43,0
22830006914000;13;7;6;58,8
22830006987000;124;64;60;45,8
22830006988000;50;20;30;59,5
22830006989000;5;3;2;57,2
22830007023000;7;3;4;51,6
22830007024000;48;27;21;32,0
22830007025000;8;5;3;27,0
22830007034000;7;3;4;56,9
22830007036000;8;4;4;56,3
22830007037000;20;11;9;45,8
22830007039000;90;45;45;35,3
22830007040000;35;18;17;40,0
22830007041000;351;190;161;39,1
22830007042000;54;33;21;45,5
22830007053000;13;8;5;52,7
22830007054000;3;2;1;0,0
22830007057000;8;3;5;34,1
22830007058000;8;2;6;18,8
22830007067000;245;102;143;57,5
22830007068000;247;123;124;40,6
22830007069000;95;45;50;42,3
22830007070000;17;10;7;42,5
22830007071000;24;13;11;41,7
22830007072000;18;10;8;30,8
22830007077000;2;0;2;0,0
22830007082000;2;1;1;0,0
22830007116000;6;2;4;20,5
22830007117000;13;7;6;50,4
22830007118000;8;2;6;22,3
22830007119000;10;8;2;45,4
22830007136000;8;4;4;47,3
22830007137000;110;60;50;39,6
22830007138000;79;35;44;57,6
22830007139000;5;2;3;29,4
22830007142000;5;4;1;48,6
22830007149000;16;8;8;25,8
22840006556000;249;125;124;44,0
22840006557000;206;113;93;30,4
22840006558000;18;10;8;33,9
22840006560000;1;1;0;0,0
22840006561000;6;5;1;60,0
22840006562000;53;30;23;41,8
22840006563000;36;22;14;38,6
22840006564000;13;7;6;40,1
22840006565000;21;10;11;37,7
22840006566000;26;12;14;38,5
22840006567000;11;6;5;46,9
22840006568000;8;4;4;38,9
22840006569000;32;18;14;34,9
22840006570000;9;5;4;54,7
22840006571000;6;4;2;58,5
22840006572000;8;3;5;51,8
22840006573000;17;7;10;41,4
22840006574000;17;8;9;40,2
22840006575000;1;1;0;0,0
22840006577000;2;1;1;0,0
22840006578000;62;32;30;39,0
22840006579000;332;177;155;36,3
22840006580000;224;119;105;37,7
22840006581000;19;10;9;35,3
22840006582000;24;12;12;42,6
22840006583000;9;4;5;57,8
22840006584000;5;2;3;40,4
22840006585000;8;4;4;38,5
22840006586000;50;28;22;41,4
22840006587000;3;2;1;0,0
22840006588000;21;11;10;35,3
22840006589000;22;13;9;31,7
22840006590000;4;3;1;0,0
22840006591000;8;4;4;57,4
22840006592000;9;4;5;41,7
22840006593000;2;1;1;0,0
22840006595000;6;4;2;24,2
22840006596000;28;16;12;40,2
22840006597000;34;19;15;33,8
22840006598000;62;30;32;31,8
22840006599000;40;16;24;30,2
22840006600000;33;19;14;39,2
22840006601000;48;24;24;38,0
22840006602000;19;10;9;31,1
22840006603000;56;27;29;37,8
22840006604000;29;12;17;36,6
22840006605000;17;12;5;33,8
22840006606000;14;9;5;45,4
22840006607000;30;18;12;47,2
22840006608000;2;1;1;0,0
22840006609000;233;110;123;38,4
22840006610000;1544;746;798;38,4
22840006611000;2249;1077;1172;41,0
22840006612000;1910;969;941;39,7
22840006613000;241;129;112;41,0
22840006614000;17;10;7;34,9
22840006615000;6;3;3;62,2
22840006616000;4;3;1;0,0
22840006617000;8;4;4;53,3
22840006619000;5;3;2;42,8
22840006620000;37;19;18;32,9
22840006624000;22;11;11;35,5
22840006625000;10;7;3;33,8
22840006626000;3;1;2;0,0
22840006627000;10;6;4;46,5
22840006628000;86;47;39;39,5
22840006629000;8;4;4;47,8
22840006630000;78;41;37;41,3
22840006631000;198;96;102;39,8
22840006632000;23;12;11;40,5
22840006633000;6;4;2;27,0
22840006636000;9;6;3;35,2
22840006637000;17;9;8;43,0
22840006638000;717;361;356;34,4
22840006639000;259;136;123;37,4
22840006648000;309;154;155;36,8
22840006649000;1068;515;553;42,6
22840006650000;602;310;292;39,1
22840006651000;355;171;184;36,3
22840006653000;7;4;3;38,4
22840006655000;15;8;7;45,5
22840006656000;16;8;8;43,9
22840006658000;38;20;18;34,5
22840006659000;40;20;20;35,2
22840006660000;18;9;9;42,9
22840006661000;843;447;396;32,6
22840006662000;71;35;36;41,7
22840006663000;24;14;10;41,1
22840006664000;625;312;313;38,9
22840006665000;1480;741;739;34,2
22840006666000;1543;770;773;38,0
22840006667000;262;132;130;37,7
22840006668000;19;9;10;35,5
22840006669000;13;5;8;47,3
22840006670000;12;8;4;45,8
22840006671000;12;7;5;38,7
22840006672000;12;4;8;48,6
22840006673000;41;12;29;34,9
22840006674000;105;49;56;40,7
22840006675000;456;244;212;36,0
22840006676000;13;6;7;36,8
22840006685000;6;3;3;51,5
22840006686000;7;2;5;36,7
22840006687000;32;15;17;48,4
22840006695000;3;1;2;0,0
22840006702000;42;27;15;28,0
22840006703000;2;1;1;0,0
22840006704000;22;12;10;50,2
22840006705000;52;24;28;42,3
22840006706000;4;2;2;0,0
22840006710000;10;5;5;51,9
22840006716000;1;1;0;0,0
22840006728000;20;9;11;57,4
22840006729000;48;25;23;51,8
22840006746000;930;466;464;43,0
22840006747000;2769;1214;1555;47,1
22840006748000;1750;846;904;45,1
22840006749000;41;21;20;39,9
22840006750000;27;12;15;43,7
22840006751000;50;26;24;34,8
22840006752000;377;197;180;34,4
22840006753000;11;7;4;45,4
22840006754000;72;38;34;36,9
22840006755000;135;75;60;32,7
22840006756000;80;36;44;40,3
22840006757000;24;11;13;36,5
22840006758000;19;12;7;32,0
22840006759000;2;1;1;0,0
22840006760000;35;19;16;47,5
22840006761000;103;59;44;37,8
22840006762000;17;12;5;41,9
22840006763000;4;2;2;0,0
22840006863000;1;0;1;0,0
22840006865000;2;2;0;0,0
22840006866000;10;5;5;45,1
22840006867000;1;1;0;0,0
22840006868000;1;0;1;0,0
22840006875000;2;2;0;0,0
22840006880000;2;1;1;0,0
22840006902000;6;5;1;32,7
22840006911000;5;4;1;42,8
22840006913000;10;6;4;44,3
22840006914000;55;29;26;43,0
22840006915000;4;3;1;0,0
22840006916000;1;1;0;0,0
22840006917000;25;18;7;34,0
22840006927000;12;7;5;39,1
22840006928000;31;14;17;35,1
22840006987000;83;41;42;38,9
22840007026000;2;1;1;0,0
22840007036000;1;1;0;0,0
22840007038000;43;23;20;26,6
22840007039000;24;12;12;44,2
22840007040000;102;53;49;36,8
22840007041000;71;38;33;40,3
22840007053000;37;19;18;48,7
22840007054000;46;26;20;37,8
22840007067000;10;7;3;35,6
22840007068000;159;77;82;43,7
22840007069000;120;55;65;39,3
22840007070000;20;13;7;34,9
22840007071000;32;17;15;35,6
22840007072000;57;30;27;44,5
22840007073000;3;2;1;0,0
22840007078000;19;9;10;34,0
22840007079000;6;4;2;60,0
22840007121000;2;2;0;0,0
22840007136000;10;6;4;29,8
22840007137000;16;9;7;56,8
22840007149000;4;1;3;0,0
22850006556000;11;6;5;45,2
22850006557000;13;7;6;58,3
22850006558000;13;8;5;39,5
22850006559000;8;3;5;43,6
22850006560000;14;7;7;55,1
22850006561000;26;14;12;39,7
22850006562000;24;12;12;33,8
22850006563000;45;22;23;40,1
22850006564000;2;1;1;0,0
22850006566000;2;1;1;0,0
22850006567000;1;1;0;0,0
22850006568000;13;6;7;26,2
22850006569000;19;9;10;39,7
22850006570000;16;9;7;41,6
22850006571000;10;3;7;40,2
22850006572000;21;12;9;39,0
22850006573000;16;11;5;28,2
22850006574000;42;19;23;41,4
22850006576000;3;2;1;0,0
22850006579000;50;27;23;36,9
22850006580000;164;77;87;35,7
22850006581000;35;19;16;37,1
22850006582000;3;2;1;0,0
22850006583000;3;2;1;0,0
22850006584000;1;1;0;0,0
22850006586000;16;9;7;30,6
22850006587000;27;15;12;45,7
22850006588000;69;35;34;41,8
22850006591000;1;1;0;0,0
22850006592000;27;11;16;40,3
22850006593000;2;1;1;0,0
22850006594000;20;12;8;38,6
22850006595000;2;1;1;0,0
22850006597000;5;2;3;25,4
22850006598000;8;5;3;53,1
22850006599000;19;10;9;37,5
22850006600000;13;5;8;37,9
22850006601000;14;5;9;32,0
22850006602000;78;48;30;35,1
22850006603000;26;15;11;43,0
22850006604000;5;3;2;41,8
22850006605000;5;3;2;61,4
22850006606000;28;17;11;46,2
22850006607000;11;6;5;34,0
22850006608000;11;5;6;44,4
22850006609000;17;8;9;56,2
22850006610000;23;13;10;37,5
22850006611000;319;157;162;40,8
22850006612000;602;301;301;38,6
22850006613000;42;21;21;44,2
22850006614000;31;17;14;36,6
22850006615000;50;25;25;40,6
22850006616000;10;5;5;46,9
22850006617000;4;2;2;0,0
22850006618000;10;5;5;38,8
22850006619000;9;5;4;33,1
22850006620000;12;7;5;41,2
22850006623000;1;1;0;0,0
22850006624000;14;10;4;42,9
22850006625000;27;13;14;25,7
22850006626000;21;10;11;40,9
22850006627000;7;4;3;41,1
22850006628000;23;14;9;41,7
22850006629000;18;10;8;31,7
22850006630000;39;23;16;44,6
22850006631000;3;2;1;0,0
22850006632000;18;10;8;43,2
22850006633000;52;32;20;38,3
22850006634000;26;14;12;38,6
22850006635000;51;28;23;44,1
22850006636000;46;27;19;48,8
22850006637000;60;28;32;46,3
22850006638000;61;30;31;37,5
22850006646000;8;5;3;33,1
22850006647000;63;36;27;38,9
22850006648000;178;91;87;42,1
22850006649000;739;376;363;48,6
22850006650000;1075;540;535;38,0
22850006651000;830;422;408;32,6
22850006652000;16;7;9;44,4
22850006654000;3;2;1;0,0
22850006655000;14;8;6;46,1
22850006656000;2;1;1;0,0
22850006658000;1066;534;532;31,0
22850006659000;232;122;110;36,3
22850006660000;1;1;0;0,0
22850006661000;36;18;18;34,1
22850006662000;11;7;4;52,7
22850006663000;59;37;22;37,1
22850006664000;144;73;71;46,4
22850006665000;1840;870;970;38,1
22850006666000;1084;542;542;36,6
22850006667000;376;190;186;37,2
22850006668000;51;29;22;45,9
22850006669000;33;17;16;34,4
22850006670000;36;21;15;39,1
22850006671000;3;1;2;0,0
22850006672000;3;2;1;0,0
22850006674000;1126;578;548;33,6
22850006675000;694;357;337;33,3
22850006676000;9;6;3;39,2
22850006681000;5;3;2;46,4
22850006687000;5;3;2;54,0
22850006688000;14;6;8;30,3
22850006689000;5;4;1;33,6
22850006716000;1;1;0;0,0
22850006727000;6;2;4;23,2
22850006728000;57;30;27;39,6
22850006729000;2;1;1;0,0
22850006746000;2408;1164;1244;46,4
22850006747000;2232;1117;1115;38,6
22850006748000;1488;736;752;41,5
22850006749000;592;298;294;39,0
22850006750000;98;51;47;36,1
22850006751000;231;116;115;32,8
22850006752000;177;93;84;31,4
22850006753000;39;17;22;44,6
22850006754000;246;120;126;38,1
22850006755000;157;79;78;32,0
22850006756000;14;8;6;33,1
22850006757000;13;7;6;54,8
22850006758000;13;6;7;45,8
22850006760000;22;13;9;35,5
22850006761000;56;29;27;30,4
22850006762000;19;12;7;39,4
22850006763000;6;3;3;46,3
22850006877000;1;0;1;0,0
22850006892000;1;1;0;0,0
22850006915000;14;8;6;56,4
22850006916000;2;0;2;0,0
22850006917000;11;7;4;44,9
22850006918000;30;15;15;33,0
22850006925000;8;4;4;28,4
22850006926000;18;7;11;27,5
22850006927000;38;22;16;45,3
22850006928000;12;6;6;43,5
22850006977000;2;1;1;0,0
22850006986000;9;7;2;46,1
22850007038000;33;19;14;39,4
22850007039000;29;15;14;41,4
22850007040000;181;95;86;39,0
22850007041000;127;58;69;36,9
22850007053000;21;12;9;52,3
22850007054000;40;18;22;41,9
22850007055000;53;28;25;36,9
22850007056000;29;13;16;37,9
22850007057000;30;13;17;42,8
22850007068000;37;20;17;48,0
22850007069000;34;22;12;35,6
22850007070000;1;1;0;0,0
22850007071000;12;7;5;45,7
22850007072000;35;16;19;37,9
22850007084000;1;1;0;0,0
22850007135000;4;1;3;0,0
22850007136000;9;5;4;34,9
22850007153000;2;1;1;0,0
22860006556000;5;3;2;31,8
22860006557000;25;14;11;49,1
22860006558000;41;22;19;42,0
22860006560000;11;6;5;44,3
22860006561000;37;23;14;40,1
22860006562000;23;13;10;45,9
22860006563000;16;8;8;43,8
22860006564000;11;6;5;33,0
22860006565000;3;2;1;0,0
22860006569000;19;9;10;49,5
22860006570000;4;2;2;0,0
22860006571000;17;8;9;43,9
22860006574000;8;4;4;37,4
22860006575000;6;3;3;35,8
22860006576000;1;1;0;0,0
22860006578000;10;4;6;46,3
22860006580000;6;3;3;47,5
22860006581000;8;6;2;44,4
22860006582000;10;5;5;39,8
22860006585000;7;4;3;26,0
22860006586000;5;2;3;52,4
22860006587000;8;5;3;48,8
22860006588000;13;5;8;50,3
22860006589000;11;3;8;42,1
22860006590000;14;6;8;35,3
22860006591000;1;1;0;0,0
22860006592000;15;8;7;36,3
22860006593000;14;8;6;34,3
22860006594000;24;13;11;46,5
22860006595000;16;9;7;47,6
22860006597000;14;9;5;35,8
22860006598000;1;0;1;0,0
22860006599000;8;2;6;33,1
22860006600000;41;21;20;40,0
22860006601000;15;8;7;39,5
22860006602000;5;1;4;30,6
22860006603000;5;2;3;39,8
22860006604000;6;4;2;64,3
22860006605000;31;16;15;37,9
22860006606000;18;9;9;48,7
22860006607000;11;6;5;43,5
22860006608000;1;1;0;0,0
22860006609000;19;9;10;35,9
22860006610000;36;23;13;35,3
22860006611000;19;10;9;46,5
22860006612000;4;2;2;0,0
22860006613000;1;0;1;0,0
22860006614000;7;4;3;57,0
22860006615000;44;24;20;38,7
22860006616000;10;5;5;43,6
22860006617000;7;3;4;49,3
22860006618000;17;8;9;29,9
22860006619000;3;1;2;0,0
22860006620000;26;14;12;47,4
22860006621000;4;2;2;0,0
22860006622000;14;10;4;42,7
22860006623000;4;2;2;0,0
22860006624000;25;13;12;42,2
22860006625000;21;10;11;31,9
22860006626000;15;7;8;43,3
22860006627000;8;3;5;39,8
22860006628000;11;6;5;42,6
22860006629000;7;6;1;54,0
22860006630000;28;12;16;35,5
22860006632000;3;2;1;0,0
22860006633000;7;1;6;33,1
22860006634000;31;16;15;42,3
22860006635000;30;19;11;38,8
22860006636000;11;5;6;46,5
22860006637000;3;2;1;0,0
22860006644000;5;3;2;47,2
22860006645000;19;9;10;41,7
22860006646000;51;24;27;38,5
22860006647000;50;29;21;43,8
22860006648000;702;359;343;36,4
22860006649000;393;207;186;39,1
22860006650000;44;22;22;37,3
22860006651000;7;4;3;40,6
22860006652000;14;7;7;41,5
22860006653000;5;4;1;36,4
22860006658000;6;3;3;28,8
22860006659000;135;64;71;41,0
22860006660000;53;32;21;36,0
22860006661000;17;11;6;40,5
22860006662000;7;3;4;34,6
22860006663000;4;1;3;0,0
22860006664000;11;8;3;52,5
22860006665000;105;61;44;38,3
22860006666000;82;47;35;39,4
22860006667000;39;20;19;49,3
22860006668000;30;14;16;30,8
22860006669000;23;13;10;47,3
22860006671000;17;8;9;38,3
22860006672000;229;108;121;37,4
22860006673000;815;343;472;50,3
22860006674000;896;484;412;37,1
22860006678000;9;4;5;54,0
22860006679000;18;7;11;44,7
22860006680000;30;12;18;41,0
22860006681000;17;10;7;37,7
22860006682000;63;38;25;42,4
22860006683000;81;47;34;33,7
22860006689000;2;0;2;0,0
22860006690000;13;9;4;26,8
22860006691000;7;4;3;60,3
22860006712000;3;1;2;0,0
22860006727000;27;13;14;40,1
22860006728000;5;3;2;68,2
22860006740000;10;4;6;40,5
22860006741000;1;1;0;0,0
22860006742000;17;9;8;37,6
22860006743000;177;84;93;39,3
22860006744000;93;43;50;40,0
22860006745000;192;75;117;53,9
22860006746000;2566;1290;1276;43,8
22860006747000;2130;1027;1103;41,9
22860006748000;732;349;383;43,1
22860006749000;379;196;183;41,6
22860006750000;155;79;76;40,8
22860006751000;36;21;15;40,7
22860006752000;25;12;13;40,6
22860006753000;46;24;22;33,5
22860006754000;78;38;40;45,6
22860006755000;15;7;8;49,3
22860006756000;37;20;17;43,1
22860006762000;1;1;0;0,0
22860006821000;5;3;2;59,0
22860006883000;9;5;4;40,1
22860006909000;2;1;1;0,0
22860006917000;18;7;11;27,7
22860006918000;30;19;11;37,2
22860006919000;2;2;0;0,0
22860006925000;1;1;0;0,0
22860006926000;43;22;21;34,9
22860006927000;93;44;49;39,0
22860006928000;5;2;3;49,8
22860006987000;5;3;2;57,6
22860007039000;8;3;5;37,9
22860007040000;45;24;21;45,3
22860007041000;10;5;5;20,6
22860007054000;12;6;6;44,8
22860007055000;67;34;33;40,4
22860007056000;23;12;11;43,7
22860007057000;37;20;17;49,6
22860007058000;22;12;10;46,5
22860007069000;37;19;18;39,8
22860007070000;22;9;13;41,7
22860007072000;2;1;1;0,0
22860007077000;5;2;3;33,6
22860007099000;3;1;2;0,0
22860007134000;43;26;17;39,2
22860007135000;7;4;3;48,1
22860007136000;5;3;2;45,2
22870006557000;9;4;5;64,0
22870006558000;2;1;1;0,0
22870006559000;47;29;18;40,9
22870006560000;21;9;12;32,6
22870006561000;18;12;6;34,7
22870006562000;11;5;6;50,7
22870006563000;5;3;2;59,4
22870006564000;7;4;3;68,7
22870006565000;17;8;9;32,1
22870006569000;7;5;2;42,4
22870006570000;11;4;7;35,2
22870006575000;3;2;1;0,0
22870006576000;7;5;2;28,0
22870006577000;8;4;4;43,4
22870006578000;11;5;6;39,3
22870006582000;14;7;7;34,2
22870006583000;6;3;3;41,2
22870006584000;23;12;11;28,6
22870006588000;4;2;2;0,0
22870006589000;11;4;7;38,8
22870006592000;1;1;0;0,0
22870006593000;9;6;3;45,9
22870006594000;3;2;1;0,0
22870006595000;31;12;19;31,6
22870006596000;21;12;9;29,9
22870006597000;14;10;4;29,9
22870006598000;52;26;26;39,4
22870006599000;17;11;6;44,4
22870006600000;53;31;22;42,1
22870006601000;6;2;4;39,2
22870006602000;16;7;9;27,6
22870006603000;7;4;3;43,3
22870006604000;14;8;6;44,4
22870006605000;26;14;12;51,9
22870006606000;8;4;4;45,4
22870006607000;4;2;2;0,0
22870006608000;7;5;2;50,3
22870006609000;8;5;3;35,1
22870006610000;32;15;17;35,8
22870006611000;5;3;2;63,2
22870006613000;25;13;12;34,4
22870006614000;9;4;5;36,7
22870006615000;5;3;2;53,4
22870006616000;47;20;27;39,4
22870006617000;53;30;23;50,3
22870006618000;48;25;23;31,8
22870006619000;2;1;1;0,0
22870006620000;8;3;5;40,6
22870006621000;3;1;2;0,0
22870006626000;4;2;2;0,0
22870006630000;8;1;7;36,4
22870006631000;5;2;3;30,4
22870006642000;1;1;0;0,0
22870006643000;7;3;4;55,9
22870006644000;51;26;25;44,4
22870006645000;58;31;27;47,0
22870006646000;2;1;1;0,0
22870006648000;70;33;37;46,2
22870006649000;742;365;377;32,7
22870006650000;335;181;154;42,0
22870006651000;40;23;17;49,1
22870006652000;18;8;10;44,9
22870006653000;18;11;7;40,1
22870006655000;3;2;1;0,0
22870006658000;21;11;10;52,5
22870006659000;25;16;9;35,3
22870006660000;76;43;33;47,0
22870006661000;21;13;8;44,3
22870006662000;15;8;7;36,9
22870006663000;20;13;7;45,0
22870006664000;1;0;1;0,0
22870006665000;9;6;3;57,1
22870006666000;29;17;12;33,3
22870006667000;9;7;2;41,2
22870006668000;19;11;8;33,7
22870006669000;6;5;1;27,7
22870006672000;1486;757;729;36,5
22870006673000;2279;1127;1152;45,2
22870006674000;2291;1146;1145;38,6
22870006675000;388;190;198;40,5
22870006676000;228;121;107;36,7
22870006677000;10;8;2;42,2
22870006678000;64;36;28;46,7
22870006679000;14;10;4;35,7
22870006680000;28;17;11;36,1
22870006681000;37;19;18;42,3
22870006682000;106;55;51;38,4
22870006683000;858;418;440;30,7
22870006684000;77;40;37;39,4
22870006685000;1;1;0;0,0
22870006688000;728;368;360;30,9
22870006689000;1819;926;893;38,0
22870006690000;293;140;153;44,7
22870006691000;205;106;99;41,5
22870006692000;62;32;30;35,6
22870006702000;3;1;2;0,0
22870006711000;11;6;5;49,8
22870006712000;26;15;11;33,4
22870006713000;14;7;7;31,9
22870006734000;2;1;1;0,0
22870006736000;2;2;0;0,0
22870006737000;2;2;0;0,0
22870006739000;16;6;10;48,9
22870006740000;20;12;8;36,9
22870006741000;7;3;4;45,4
22870006742000;71;35;36;40,1
22870006743000;903;451;452;40,6
22870006744000;565;286;279;36,3
22870006745000;260;127;133;46,6
22870006746000;1792;880;912;41,5
22870006747000;644;314;330;39,8
22870006748000;979;499;480;38,5
22870006749000;159;81;78;40,6
22870006750000;79;44;35;37,7
22870006751000;12;7;5;35,8
22870006752000;14;8;6;37,8
22870006753000;25;16;9;42,4
22870006754000;30;11;19;45,5
22870006755000;36;19;17;48,3
22870006756000;8;5;3;48,3
22870006757000;6;2;4;41,8
22870006820000;2;1;1;0,0
22870006821000;10;4;6;68,4
22870006830000;3;1;2;0,0
22870006831000;27;13;14;42,3
22870006832000;24;13;11;54,4
22870006833000;3;2;1;0,0
22870006834000;22;11;11;49,3
22870006882000;2;0;2;0,0
22870006909000;2;0;2;0,0
22870006918000;68;34;34;39,9
22870006919000;24;12;12;37,5
22870006922000;2;1;1;0,0
22870006924000;2;2;0;0,0
22870006926000;28;13;15;35,0
22870006927000;43;23;20;41,7
22870006928000;34;18;16;41,7
22870006929000;3;1;2;0,0
22870006987000;5;4;1;62,4
22870006988000;5;2;3;35,6
22870007020000;9;6;3;50,2
22870007028000;7;4;3;37,9
22870007029000;6;3;3;39,0
22870007031000;2;1;1;0,0
22870007039000;154;86;68;31,9
22870007040000;657;338;319;35,2
22870007055000;11;5;6;42,6
22870007056000;73;35;38;44,4
22870007057000;53;30;23;44,1
22870007058000;141;71;70;33,8
22870007059000;63;32;31;49,8
22870007060000;3;2;1;0,0
22870007069000;4;3;1;0,0
22870007070000;28;15;13;46,7
22870007079000;5;3;2;53,8
22870007085000;7;3;4;48,4
22870007133000;23;14;9;49,9
22870007134000;22;12;10;38,5
22870007153000;4;2;2;0,0
22880006558000;467;254;213;40,2
22880006559000;267;141;126;38,3
22880006560000;2;2;0;0,0
22880006561000;11;6;5;28,0
22880006562000;17;9;8;39,3
22880006565000;7;2;5;48,1
22880006566000;4;2;2;0,0
22880006567000;3;1;2;0,0
22880006568000;10;7;3;36,7
22880006569000;27;15;12;32,5
22880006570000;8;4;4;32,3
22880006577000;14;8;6;41,4
22880006579000;5;2;3;43,8
22880006584000;14;8;6;41,8
22880006585000;8;6;2;53,3
22880006586000;23;11;12;39,3
22880006587000;21;9;12;26,9
22880006588000;6;4;2;18,7
22880006589000;1;1;0;0,0
22880006590000;6;5;1;24,8
22880006592000;6;2;4;15,8
22880006593000;12;6;6;38,8
22880006594000;19;8;11;18,5
22880006595000;22;11;11;41,5
22880006596000;6;3;3;38,5
22880006597000;4;2;2;0,0
22880006598000;32;16;16;33,4
22880006599000;31;18;13;35,2
22880006600000;24;11;13;43,4
22880006601000;21;13;8;34,5
22880006602000;23;13;10;43,1
22880006603000;39;19;20;39,8
22880006604000;13;7;6;26,4
22880006605000;8;4;4;55,1
22880006606000;18;11;7;39,2
22880006607000;22;12;10;49,5
22880006608000;5;3;2;26,4
22880006609000;25;16;9;32,4
22880006610000;207;108;99;39,7
22880006611000;144;77;67;39,6
22880006612000;34;19;15;38,0
22880006613000;3;2;1;0,0
22880006614000;5;4;1;49,8
22880006615000;3;2;1;0,0
22880006616000;4;2;2;0,0
22880006617000;10;4;6;48,2
22880006620000;2;1;1;0,0
22880006622000;4;1;3;0,0
22880006639000;22;15;7;38,1
22880006640000;49;22;27;44,5
22880006641000;34;14;20;57,3
22880006642000;52;27;25;37,2
22880006643000;119;68;51;37,8
22880006644000;154;81;73;40,5
22880006648000;8;6;2;36,1
22880006649000;62;35;27;46,7
22880006650000;109;56;53;37,7
22880006651000;69;40;29;39,4
22880006652000;20;11;9;44,8
22880006653000;165;86;79;36,0
22880006654000;11;7;4;49,7
22880006655000;2;1;1;0,0
22880006656000;8;5;3;42,0
22880006657000;9;4;5;37,3
22880006658000;25;13;12;49,7
22880006659000;47;22;25;40,8
22880006660000;42;23;19;33,9
22880006661000;20;13;7;30,7
22880006665000;6;3;3;53,5
22880006666000;14;9;5;50,9
22880006667000;29;14;15;39,7
22880006668000;15;8;7;34,0
22880006669000;13;5;8;45,1
22880006670000;3;2;1;0,0
22880006672000;1500;744;756;31,0
22880006673000;1441;713;728;38,7
22880006674000;778;383;395;35,9
22880006675000;2033;1023;1010;32,3
22880006678000;3;1;2;0,0
22880006679000;4;3;1;0,0
22880006681000;2;1;1;0,0
22880006683000;5;4;1;42,2
22880006684000;140;87;53;40,2
22880006685000;42;27;15;40,3
22880006686000;69;37;32;44,0
22880006687000;1399;694;705;34,3
22880006688000;1077;537;540;40,1
22880006689000;713;338;375;44,7
22880006690000;54;29;25;36,9
22880006691000;98;41;57;46,5
22880006692000;47;26;21;35,0
22880006693000;5;3;2;29,6
22880006694000;3;1;2;0,0
22880006695000;1;1;0;0,0
22880006710000;31;17;14;36,7
22880006711000;247;125;122;42,2
22880006712000;168;85;83;38,3
22880006713000;17;8;9;43,7
22880006723000;2;1;1;0,0
22880006733000;16;9;7;48,9
22880006734000;19;9;10;49,5
22880006735000;18;8;10;39,7
22880006736000;11;6;5;25,2
22880006737000;34;14;20;45,4
22880006738000;127;59;68;33,9
22880006739000;45;21;24;34,2
22880006740000;41;18;23;35,0
22880006741000;7;4;3;30,0
22880006742000;38;18;20;42,5
22880006743000;811;398;413;39,4
22880006744000;1418;663;755;43,5
22880006745000;486;223;263;44,7
22880006746000;93;48;45;36,6
22880006747000;70;35;35;38,4
22880006748000;50;27;23;41,0
22880006749000;36;21;15;31,0
22880006750000;43;22;21;35,3
22880006751000;7;4;3;41,9
22880006752000;27;16;11;47,7
22880006753000;9;6;3;43,3
22880006754000;46;23;23;38,7
22880006818000;6;3;3;26,3
22880006819000;7;3;4;47,6
22880006820000;15;8;7;43,9
22880006821000;15;8;7;45,7
22880006823000;1;0;1;0,0
22880006828000;3;2;1;0,0
22880006829000;10;5;5;55,7
22880006830000;47;23;24;50,2
22880006831000;45;25;20;55,0
22880006832000;57;34;23;52,2
22880006833000;4;3;1;0,0
22880006834000;3;2;1;0,0
22880006835000;8;3;5;40,0
22880006879000;1;1;0;0,0
22880006920000;17;10;7;39,7
22880006924000;23;13;10;34,2
22880006925000;10;3;7;27,1
22880006926000;7;3;4;40,4
22880006927000;4;1;3;0,0
22880006930000;8;5;3;42,1
22880006931000;6;3;3;39,0
22880006988000;7;3;4;34,4
22880007028000;2;2;0;0,0
22880007031000;14;6;8;48,6
22880007032000;6;4;2;36,8
22880007033000;25;14;11;49,7
22880007034000;36;21;15;38,6
22880007035000;13;6;7;50,7
22880007038000;7;4;3;41,0
22880007039000;743;373;370;30,6
22880007040000;604;312;292;27,5
22880007049000;1;1;0;0,0
22880007056000;26;13;13;45,9
22880007057000;53;27;26;44,3
22880007058000;373;160;213;44,2
22880007059000;42;24;18;48,2
22880007060000;25;11;14;38,3
22880007061000;11;5;6;31,5
22880007070000;5;2;3;12,8
22880007085000;11;4;7;36,1
22880007087000;1;1;0;0,0
22880007131000;16;10;6;45,7
22880007132000;24;17;7;35,7
22880007133000;2;1;1;0,0
22880007147000;1;1;0;0,0
22880007149000;2;1;1;0,0
22880007152000;7;3;4;29,3
22880007153000;19;10;9;54,3
22890006558000;44;21;23;34,0
22890006559000;62;30;32;34,8
22890006560000;14;10;4;39,1
22890006561000;6;3;3;58,7
22890006562000;6;3;3;33,3
22890006563000;19;7;12;42,2
22890006564000;11;5;6;45,1
22890006566000;15;9;6;29,5
22890006567000;30;15;15;47,2
22890006568000;11;6;5;33,2
22890006569000;7;3;4;31,1
22890006573000;8;4;4;25,5
22890006575000;9;5;4;52,6
22890006576000;5;3;2;49,0
22890006582000;6;1;5;45,0
22890006585000;4;3;1;0,0
22890006586000;10;6;4;52,2
22890006587000;12;5;7;27,8
22890006588000;15;11;4;53,5
22890006593000;15;6;9;34,9
22890006594000;17;10;7;37,4
22890006595000;22;12;10;31,9
22890006596000;14;6;8;37,4
22890006597000;15;9;6;41,2
22890006598000;24;11;13;35,9
22890006599000;9;6;3;46,3
22890006600000;12;6;6;48,8
22890006601000;24;11;13;32,8
22890006602000;16;8;8;58,6
22890006603000;14;6;8;32,7
22890006604000;25;13;12;34,0
22890006605000;16;10;6;49,4
22890006606000;20;14;6;34,5
22890006608000;4;2;2;0,0
22890006609000;7;3;4;30,9
22890006610000;154;74;80;43,9
22890006611000;311;162;149;40,5
22890006612000;23;14;9;44,0
22890006613000;18;9;9;40,2
22890006614000;5;3;2;40,0
22890006615000;2;1;1;0,0
22890006618000;16;10;6;41,9
22890006619000;1;1;0;0,0
22890006620000;7;2;5;42,6
22890006621000;14;8;6;28,9
22890006622000;19;6;13;37,5
22890006623000;22;17;5;37,5
22890006624000;19;12;7;39,7
22890006625000;11;4;7;45,2
22890006626000;6;2;4;28,7
22890006627000;5;3;2;24,2
22890006629000;5;3;2;26,4
22890006630000;9;3;6;39,8
22890006631000;11;7;4;36,6
22890006632000;14;10;4;44,9
22890006633000;14;8;6;46,6
22890006634000;19;11;8;42,1
22890006635000;14;9;5;35,0
22890006637000;2;1;1;0,0
22890006638000;16;10;6;32,6
22890006639000;16;9;7;42,8
22890006640000;61;35;26;46,1
22890006641000;134;74;60;39,2
22890006642000;18;10;8;42,5
22890006643000;220;108;112;37,5
22890006644000;319;168;151;30,4
22890006650000;8;5;3;36,5
22890006651000;15;8;7;48,9
22890006653000;19;9;10;51,1
22890006654000;83;40;43;43,3
22890006655000;830;413;417;34,3
22890006656000;180;79;101;33,0
22890006657000;8;4;4;50,3
22890006658000;13;5;8;28,3
22890006659000;653;340;313;38,7
22890006660000;108;57;51;38,6
22890006661000;19;13;6;34,2
22890006662000;11;6;5;40,8
22890006663000;9;3;6;50,6
22890006664000;5;3;2;68,2
22890006665000;37;23;14;38,5
22890006666000;13;7;6;44,2
22890006667000;133;81;52;39,7
22890006668000;981;497;484;33,7
22890006669000;24;13;11;54,3
22890006671000;44;25;19;38,0
22890006672000;1302;652;650;33,6
22890006673000;313;161;152;38,5
22890006674000;6;3;3;41,5
22890006675000;2;1;1;0,0
22890006676000;28;11;17;35,4
22890006677000;11;6;5;37,7
22890006678000;56;29;27;34,7
22890006683000;24;11;13;41,6
22890006684000;514;263;251;32,2
22890006685000;1213;634;579;31,9
22890006686000;739;378;361;32,8
22890006687000;1774;905;869;37,4
22890006688000;572;276;296;41,6
22890006689000;255;137;118;38,6
22890006690000;218;123;95;40,8
22890006691000;70;36;34;41,3
22890006692000;81;47;34;36,8
22890006693000;267;125;142;43,8
22890006694000;203;98;105;31,6
22890006695000;27;10;17;30,7
22890006696000;5;3;2;55,0
22890006697000;1;1;0;0,0
22890006699000;3;2;1;0,0
22890006701000;8;4;4;22,3
22890006702000;11;8;3;36,6
22890006703000;1;1;0;0,0
22890006709000;7;5;2;56,4
22890006710000;32;17;15;35,9
22890006711000;12;7;5;38,5
22890006712000;6;2;4;41,5
22890006713000;86;46;40;45,6
22890006714000;26;14;12;40,7
22890006718000;8;6;2;33,6
22890006719000;8;5;3;33,4
22890006722000;4;1;3;0,0
22890006729000;2;1;1;0,0
22890006731000;8;4;4;51,5
22890006732000;7;3;4;52,4
22890006733000;21;11;10;44,6
22890006734000;10;6;4;37,7
22890006735000;24;14;10;38,1
22890006736000;101;48;53;31,8
22890006737000;43;21;22;44,9
22890006738000;21;14;7;54,1
22890006739000;134;69;65;33,2
22890006740000;207;90;117;34,5
22890006741000;21;10;11;35,0
22890006742000;55;24;31;40,8
22890006743000;1586;780;806;38,8
22890006744000;307;152;155;42,4
22890006745000;24;10;14;41,6
22890006746000;844;401;443;38,9
22890006747000;1211;560;651;42,2
22890006748000;57;36;21;43,7
22890006749000;440;227;213;38,7
22890006750000;149;82;67;41,4
22890006751000;34;22;12;40,5
22890006752000;23;13;10;35,8
22890006753000;14;8;6;43,9
22890006754000;50;26;24;39,2
22890006755000;51;27;24;38,0
22890006756000;7;4;3;41,0
22890006816000;16;9;7;51,5
22890006818000;7;2;5;39,7
22890006823000;2;0;2;0,0
22890006824000;27;13;14;47,4
22890006825000;4;2;2;0,0
22890006826000;3;2;1;0,0
22890006827000;11;6;5;34,4
22890006828000;26;13;13;37,5
22890006829000;4;1;3;0,0
22890006830000;5;3;2;32,8
22890006831000;33;17;16;47,1
22890006832000;208;114;94;42,4
22890006833000;303;144;159;40,6
22890006834000;62;33;29;43,1
22890006835000;6;3;3;20,5
22890006876000;1;1;0;0,0
22890006917000;6;2;4;36,5
22890006922000;5;4;1;40,8
22890006923000;14;7;7;40,6
22890006924000;5;3;2;65,4
22890006927000;10;6;4;33,7
22890007028000;5;3;2;20,6
22890007030000;23;13;10;39,9
22890007032000;66;35;31;38,2
22890007033000;2;2;0;0,0
22890007034000;2;0;2;0,0
22890007035000;12;7;5;35,1
22890007036000;76;37;39;39,9
22890007037000;105;52;53;35,0
22890007038000;265;144;121;38,8
22890007039000;476;244;232;34,7
22890007040000;8;6;2;35,4
22890007047000;9;6;3;52,8
22890007048000;36;21;15;40,3
22890007049000;18;10;8;42,2
22890007050000;44;19;25;31,5
22890007051000;18;6;12;24,8
22890007055000;11;5;6;46,7
22890007056000;68;32;36;33,9
22890007057000;85;52;33;38,5
22890007058000;115;58;57;42,2
22890007059000;44;20;24;38,3
22890007060000;6;4;2;33,2
22890007061000;24;11;13;47,5
22890007062000;25;15;10;42,4
22890007070000;13;8;5;33,2
22890007071000;5;3;2;42,4
22890007072000;1;1;0;0,0
22890007080000;4;2;2;0,0
22890007086000;5;3;2;54,8
22890007130000;18;9;9;48,9
22890007131000;1;1;0;0,0
22890007147000;3;1;2;0,0
22900006559000;25;16;9;42,9
22900006560000;49;29;20;40,4
22900006561000;48;30;18;36,5
22900006562000;8;4;4;46,5
22900006563000;3;2;1;0,0
22900006564000;16;9;7;41,3
22900006565000;27;13;14;41,0
22900006566000;26;16;10;41,8
22900006567000;44;21;23;36,1
22900006568000;11;5;6;42,9
22900006569000;3;1;2;0,0
22900006570000;3;2;1;0,0
22900006572000;1;1;0;0,0
22900006575000;4;2;2;0,0
22900006581000;7;4;3;39,9
22900006584000;1;0;1;0,0
22900006585000;10;7;3;38,4
22900006586000;11;7;4;33,1
22900006587000;25;12;13;38,2
22900006588000;36;18;18;36,3
22900006589000;15;8;7;49,1
22900006590000;5;2;3;21,6
22900006592000;4;2;2;0,0
22900006593000;57;30;27;39,6
22900006594000;16;10;6;49,1
22900006595000;21;12;9;42,3
22900006596000;8;5;3;52,5
22900006597000;4;4;0;0,0
22900006598000;19;10;9;45,4
22900006599000;6;2;4;46,5
22900006600000;11;7;4;49,6
22900006601000;5;4;1;44,0
22900006602000;58;27;31;44,1
22900006603000;105;52;53;35,4
22900006604000;15;9;6;49,5
22900006605000;47;25;22;32,9
22900006606000;63;38;25;38,4
22900006607000;3;2;1;0,0
22900006608000;16;8;8;33,4
22900006609000;97;28;69;75,7
22900006610000;2;0;2;0,0
22900006611000;12;7;5;38,3
22900006612000;7;4;3;39,4
22900006613000;8;4;4;46,6
22900006614000;7;5;2;34,4
22900006615000;27;17;10;36,0
22900006616000;10;5;5;41,8
22900006617000;21;13;8;38,0
22900006618000;16;8;8;40,9
22900006619000;23;10;13;36,5
22900006620000;16;8;8;36,8
22900006621000;10;6;4;33,4
22900006622000;25;14;11;30,9
22900006623000;12;7;5;43,4
22900006624000;19;10;9;27,3
22900006625000;19;11;8;28,9
22900006626000;12;6;6;43,3
22900006627000;8;3;5;52,5
22900006628000;29;15;14;39,7
22900006629000;13;9;4;33,2
22900006630000;6;4;2;57,7
22900006631000;29;17;12;42,6
22900006632000;35;13;22;39,1
22900006633000;46;27;19;44,5
22900006634000;73;41;32;42,8
22900006635000;27;16;11;36,8
22900006637000;2;1;1;0,0
22900006638000;2;1;1;0,0
22900006639000;20;10;10;35,7
22900006640000;12;5;7;45,8
22900006641000;12;7;5;52,4
22900006642000;28;17;11;37,6
22900006643000;79;43;36;38,6
22900006644000;13;7;6;39,3
22900006653000;368;182;186;31,5
22900006654000;1403;701;702;37,6
22900006655000;1470;694;776;43,6
22900006656000;159;73;86;37,5
22900006657000;46;25;21;40,3
22900006658000;56;26;30;39,3
22900006659000;279;152;127;41,0
22900006660000;36;20;16;46,0
22900006661000;17;8;9;50,1
22900006663000;38;22;16;45,0
22900006666000;4;1;3;0,0
22900006667000;23;14;9;41,4
22900006668000;19;12;7;56,2
22900006669000;6;3;3;66,2
22900006670000;17;10;7;40,7
22900006671000;23;11;12;35,2
22900006672000;1304;644;660;31,6
22900006673000;398;208;190;36,0
22900006674000;8;4;4;24,0
22900006676000;37;17;20;42,6
22900006677000;87;46;41;44,1
22900006681000;7;4;3;32,1
22900006682000;2;1;1;0,0
22900006683000;23;12;11;44,1
22900006684000;588;283;305;32,0
22900006685000;777;398;379;36,1
22900006686000;99;56;43;36,7
22900006687000;47;24;23;39,7
22900006688000;17;7;10;43,7
22900006689000;38;19;19;50,2
22900006690000;58;30;28;34,6
22900006691000;25;17;8;47,8
22900006692000;34;17;17;47,1
22900006693000;498;247;251;41,0
22900006694000;360;176;184;32,9
22900006695000;49;23;26;39,4
22900006696000;17;8;9;34,1
22900006697000;24;11;13;40,0
22900006698000;31;17;14;48,5
22900006699000;18;11;7;44,8
22900006700000;238;129;109;41,6
22900006701000;106;54;52;39,7
22900006702000;76;43;33;41,8
22900006703000;46;25;21;46,5
22900006705000;1;1;0;0,0
22900006706000;27;15;12;40,9
22900006707000;21;11;10;46,2
22900006708000;24;12;12;40,4
22900006709000;6;5;1;42,2
22900006714000;26;13;13;53,5
22900006715000;22;11;11;55,6
22900006716000;9;5;4;45,9
22900006717000;40;18;22;46,8
22900006718000;16;8;8;34,3
22900006719000;38;20;18;44,9
22900006720000;3;2;1;0,0
22900006726000;1;1;0;0,0
22900006732000;2;0;2;0,0
22900006733000;17;12;5;45,2
22900006734000;18;7;11;37,5
22900006735000;78;45;33;36,6
22900006736000;28;15;13;41,3
22900006737000;19;11;8;38,7
22900006738000;17;6;11;42,1
22900006739000;8;5;3;34,9
22900006740000;9;4;5;33,8
22900006741000;58;34;24;42,9
22900006742000;296;155;141;36,7
22900006743000;212;112;100;34,2
22900006744000;103;56;47;34,8
22900006745000;598;318;280;36,5
22900006746000;321;171;150;42,5
22900006747000;255;137;118;36,9
22900006748000;246;114;132;48,6
22900006749000;243;106;137;37,0
22900006750000;74;37;37;39,7
22900006751000;6;3;3;49,5
22900006752000;28;15;13;46,4
22900006753000;25;11;14;39,6
22900006754000;6;1;5;50,7
22900006755000;69;36;33;35,9
22900006815000;8;4;4;68,9
22900006816000;50;28;22;31,4
22900006817000;1;0;1;0,0
22900006818000;2;2;0;0,0
22900006824000;13;7;6;41,8
22900006825000;10;6;4;27,2
22900006826000;6;3;3;62,2
22900006827000;1;1;0;0,0
22900006828000;2;2;0;0,0
22900006829000;11;6;5;27,4
22900006830000;16;9;7;47,8
22900006831000;11;6;5;31,7
22900006832000;399;187;212;45,2
22900006833000;218;99;119;54,0
22900006835000;9;4;5;26,1
22900006875000;4;3;1;0,0
22900006905000;1;0;1;0,0
22900006921000;5;2;3;37,6
22900006922000;9;5;4;43,8
22900006923000;9;4;5;48,4
22900006926000;15;6;9;43,1
22900006927000;7;6;1;38,3
22900006988000;15;8;7;42,9
22900006989000;8;5;3;36,1
22900007022000;2;1;1;0,0
22900007028000;14;6;8;40,9
22900007029000;70;36;34;43,2
22900007032000;2;1;1;0,0
22900007036000;10;6;4;28,6
22900007037000;598;298;300;40,7
22900007038000;827;397;430;44,8
22900007039000;327;165;162;35,7
22900007040000;17;7;10;57,5
22900007045000;9;5;4;59,9
22900007046000;55;29;26;41,8
22900007047000;65;36;29;39,0
22900007048000;58;30;28;32,7
22900007049000;48;24;24;35,6
22900007050000;47;24;23;44,7
22900007051000;17;10;7;46,0
22900007052000;19;11;8;39,8
22900007056000;6;3;3;27,3
22900007057000;117;54;63;33,9
22900007058000;35;16;19;35,7
22900007059000;9;4;5;53,0
22900007060000;7;6;1;29,3
22900007061000;17;6;11;47,6
22900007062000;28;18;10;29,5
22900007063000;1;0;1;0,0
22900007071000;11;4;7;49,7
22900007072000;5;2;3;52,2
22900007130000;15;9;6;67,7
22900007131000;7;4;3;52,4
22900007150000;3;2;1;0,0
22900007152000;1;1;0;0,0
22910006558000;127;67;60;47,8
22910006559000;376;182;194;40,9
22910006560000;1194;593;601;40,6
22910006561000;203;100;103;45,1
22910006562000;4;2;2;0,0
22910006563000;13;6;7;23,9
22910006564000;8;4;4;50,3
22910006565000;9;6;3;33,4
22910006566000;18;11;7;37,3
22910006567000;14;8;6;44,2
22910006568000;1;0;1;0,0
22910006570000;10;6;4;39,4
22910006571000;9;5;4;44,7
22910006572000;5;3;2;34,0
22910006573000;5;3;2;35,8
22910006574000;2;1;1;0,0
22910006575000;4;3;1;0,0
22910006576000;13;6;7;41,5
22910006583000;4;2;2;0,0
22910006584000;4;4;0;0,0
22910006585000;8;5;3;46,4
22910006587000;5;1;4;20,0
22910006589000;11;6;5;40,2
22910006590000;22;13;9;42,5
22910006591000;12;3;9;26,6
22910006592000;33;18;15;32,2
22910006593000;215;106;109;34,4
22910006594000;826;403;423;39,5
22910006595000;334;159;175;40,6
22910006596000;24;13;11;36,4
22910006597000;24;14;10;38,8
22910006598000;16;10;6;43,8
22910006599000;4;3;1;0,0
22910006600000;3;2;1;0,0
22910006601000;29;15;14;43,2
22910006602000;98;51;47;29,5
22910006603000;12;2;10;25,9
22910006604000;1;0;1;0,0
22910006605000;29;12;17;48,8
22910006606000;454;212;242;38,5
22910006607000;156;83;73;37,4
22910006608000;129;69;60;45,7
22910006609000;88;49;39;36,7
22910006611000;2;2;0;0,0
22910006612000;19;11;8;42,6
22910006613000;16;8;8;45,6
22910006614000;21;14;7;46,8
22910006615000;29;12;17;28,7
22910006616000;16;10;6;49,6
22910006617000;67;36;31;41,3
22910006618000;21;11;10;47,8
22910006619000;20;11;9;40,1
22910006620000;44;22;22;36,5
22910006621000;42;20;22;34,1
22910006622000;10;5;5;35,9
22910006623000;317;162;155;44,0
22910006624000;406;206;200;41,2
22910006625000;56;31;25;38,4
22910006626000;40;17;23;43,2
22910006627000;32;20;12;49,2
22910006628000;47;27;20;49,3
22910006629000;12;5;7;32,4
22910006630000;63;32;31;43,0
22910006631000;3;2;1;0,0
22910006632000;10;4;6;43,1
22910006633000;6;3;3;35,0
22910006636000;2;1;1;0,0
22910006637000;2;1;1;0,0
22910006642000;27;13;14;44,4
22910006643000;13;6;7;41,3
22910006654000;93;48;45;42,5
22910006655000;264;138;126;43,4
22910006656000;248;131;117;39,4
22910006657000;14;7;7;57,6
22910006658000;5;2;3;33,0
22910006659000;2;2;0;0,0
22910006660000;17;7;10;35,9
22910006661000;11;4;7;35,4
22910006663000;16;8;8;39,4
22910006664000;29;17;12;39,5
22910006666000;4;3;1;0,0
22910006667000;88;46;42;37,0
22910006668000;8;4;4;45,0
22910006669000;12;7;5;46,3
22910006670000;30;13;17;34,8
22910006671000;19;9;10;52,2
22910006672000;24;8;16;42,0
22910006673000;311;144;167;31,1
22910006674000;14;7;7;52,7
22910006677000;20;11;9;40,4
22910006678000;14;9;5;36,4
22910006682000;19;11;8;52,4
22910006684000;4;1;3;0,0
22910006685000;32;21;11;28,7
22910006686000;20;11;9;27,0
22910006687000;96;46;50;38,7
22910006688000;11;7;4;40,1
22910006689000;30;19;11;39,1
22910006690000;7;4;3;33,9
22910006691000;2;1;1;0,0
22910006692000;35;19;16;43,8
22910006693000;216;98;118;45,7
22910006694000;220;114;106;37,0
22910006695000;46;24;22;36,1
22910006696000;19;8;11;54,1
22910006697000;62;30;32;39,3
22910006698000;45;22;23;37,5
22910006699000;19;10;9;34,3
22910006700000;23;10;13;41,0
22910006701000;158;88;70;36,7
22910006717000;2;1;1;0,0
22910006718000;5;2;3;39,6
22910006719000;10;4;6;44,0
22910006725000;8;4;4;44,4
22910006727000;8;4;4;56,9
22910006728000;8;5;3;64,1
22910006729000;16;8;8;41,0
22910006730000;6;2;4;68,8
22910006731000;4;3;1;0,0
22910006733000;2;2;0;0,0
22910006734000;27;13;14;40,1
22910006735000;73;40;33;41,1
22910006736000;170;89;81;42,6
22910006737000;650;269;381;56,9
22910006738000;30;17;13;38,6
22910006739000;46;26;20;33,2
22910006740000;57;27;30;48,2
22910006741000;44;26;18;36,1
22910006742000;9;4;5;38,1
22910006743000;79;42;37;41,3
22910006744000;27;15;12;35,9
22910006745000;10;5;5;34,1
22910006746000;126;69;57;39,5
22910006747000;150;75;75;36,8
22910006748000;133;77;56;39,3
22910006749000;33;16;17;37,5
22910006750000;39;20;19;46,3
22910006751000;19;12;7;60,2
22910006752000;29;13;16;50,4
22910006753000;23;13;10;42,7
22910006754000;36;20;16;38,8
22910006755000;42;23;19;38,2
22910006814000;1;1;0;0,0
22910006815000;8;3;5;52,3
22910006816000;10;6;4;39,9
22910006828000;4;3;1;0,0
22910006832000;16;8;8;35,9
22910006873000;6;3;3;52,0
22910006900000;6;5;1;31,8
22910006901000;21;11;10;39,3
22910006902000;9;5;4;35,6
22910006923000;11;5;6;44,3
22910006924000;6;4;2;44,3
22910006926000;12;6;6;50,4
22910006927000;21;12;9;37,8
22910006988000;1;0;1;0,0
22910006989000;9;6;3;54,0
22910007029000;8;3;5;50,9
22910007030000;3;2;1;0,0
22910007038000;190;91;99;35,1
22910007039000;475;229;246;37,3
22910007040000;141;72;69;36,5
22910007045000;6;5;1;51,8
22910007046000;15;8;7;43,5
22910007047000;33;19;14;42,3
22910007048000;38;18;20;37,8
22910007049000;425;211;214;35,1
22910007050000;32;18;14;38,7
22910007051000;19;8;11;41,5
22910007052000;26;14;12;32,8
22910007057000;101;51;50;42,5
22910007058000;1;0;1;0,0
22910007059000;19;10;9;47,7
22910007060000;7;5;2;36,6
22910007061000;27;16;11;37,7
22910007062000;38;20;18;46,2
22910007063000;3;2;1;0,0
22910007071000;11;5;6;45,9
22910007072000;1;1;0;0,0
22910007081000;7;5;2;37,3
22910007086000;1;1;0;0,0
22910007102000;6;4;2;35,7
22910007151000;5;2;3;32,6
22910007162000;1;1;0;0,0
22920006557000;49;31;18;43,5
22920006558000;110;45;65;66,6
22920006559000;2094;1032;1062;42,1
22920006560000;2484;1158;1326;44,8
22920006561000;689;337;352;39,5
22920006562000;905;460;445;31,0
22920006563000;25;15;10;58,7
22920006564000;23;9;14;33,7
22920006565000;26;13;13;32,0
22920006566000;11;5;6;26,2
22920006573000;5;3;2;44,4
22920006574000;6;2;4;33,8
22920006578000;3;2;1;0,0
22920006579000;1;1;0;0,0
22920006584000;7;4;3;36,0
22920006585000;20;9;11;32,3
22920006586000;9;4;5;29,4
22920006589000;1;1;0;0,0
22920006590000;23;11;12;32,2
22920006591000;141;72;69;40,9
22920006592000;377;180;197;44,7
22920006593000;1136;522;614;50,3
22920006594000;253;119;134;40,3
22920006595000;22;12;10;33,3
22920006596000;12;7;5;47,9
22920006597000;13;7;6;51,5
22920006598000;55;26;29;36,7
22920006599000;9;6;3;51,4
22920006600000;10;7;3;34,9
22920006601000;4;3;1;0,0
22920006602000;19;10;9;41,7
22920006603000;7;5;2;49,9
22920006604000;1;1;0;0,0
22920006605000;13;9;4;45,5
22920006606000;164;84;80;42,5
22920006607000;1647;796;851;45,6
22920006608000;1234;602;632;37,3
22920006609000;447;215;232;40,7
22920006610000;16;9;7;47,2
22920006611000;11;5;6;28,0
22920006612000;13;8;5;25,6
22920006613000;25;13;12;45,5
22920006614000;50;24;26;39,1
22920006615000;45;24;21;33,3
22920006616000;518;249;269;44,7
22920006617000;739;342;397;49,5
22920006618000;12;7;5;43,8
22920006619000;28;15;13;38,7
22920006620000;18;8;10;30,7
22920006621000;20;13;7;34,9
22920006622000;15;8;7;47,1
22920006623000;30;15;15;28,4
22920006624000;97;51;46;39,5
22920006625000;19;10;9;43,1
22920006630000;4;3;1;0,0
22920006642000;27;15;12;43,0
22920006643000;6;4;2;46,0
22920006649000;6;4;2;61,0
22920006654000;38;20;18;40,5
22920006655000;71;38;33;35,2
22920006656000;5;2;3;42,0
22920006658000;34;21;13;39,7
22920006659000;6;2;4;53,5
22920006661000;14;6;8;35,1
22920006662000;14;8;6;51,0
22920006664000;16;8;8;38,9
22920006665000;34;16;18;47,3
22920006666000;14;6;8;64,1
22920006667000;8;3;5;54,3
22920006668000;28;15;13;45,1
22920006669000;6;3;3;34,3
22920006670000;5;3;2;45,4
22920006671000;29;16;13;34,6
22920006672000;1;0;1;0,0
22920006673000;291;162;129;35,7
22920006674000;37;22;15;48,2
22920006675000;48;24;24;39,1
22920006676000;142;74;68;39,9
22920006677000;271;131;140;36,3
22920006678000;507;254;253;37,3
22920006679000;18;9;9;36,9
22920006680000;12;9;3;39,1
22920006681000;18;12;6;43,7
22920006682000;6;3;3;31,7
22920006686000;3;1;2;0,0
22920006687000;11;7;4;48,6
22920006688000;38;19;19;37,7
22920006689000;113;63;50;38,4
22920006690000;39;24;15;36,2
22920006691000;55;29;26;41,4
22920006692000;25;14;11;34,1
22920006693000;258;131;127;36,9
22920006694000;74;43;31;39,1
22920006695000;13;6;7;53,6
22920006696000;12;7;5;49,7
22920006697000;32;15;17;47,2
22920006698000;9;5;4;51,0
22920006699000;74;42;32;38,7
22920006700000;95;42;53;39,5
22920006701000;44;26;18;36,4
22920006702000;39;18;21;33,7
22920006704000;2;1;1;0,0
22920006724000;9;5;4;26,8
22920006725000;1;1;0;0,0
22920006726000;23;11;12;34,3
22920006727000;10;5;5;54,4
22920006728000;8;5;3;56,0
22920006729000;4;0;4;0,0
22920006730000;21;12;9;43,6
22920006731000;23;14;9;42,3
22920006732000;7;4;3;64,6
22920006733000;47;24;23;45,4
22920006734000;33;21;12;36,0
22920006735000;30;17;13;46,8
22920006736000;777;397;380;39,1
22920006737000;868;436;432;43,8
22920006738000;173;78;95;42,8
22920006739000;59;30;29;39,3
22920006740000;32;10;22;31,1
22920006741000;14;7;7;39,9
22920006742000;11;8;3;30,1
22920006743000;21;10;11;49,5
22920006744000;29;17;12;43,3
22920006745000;21;12;9;42,6
22920006746000;27;16;11;35,9
22920006747000;115;60;55;42,8
22920006748000;218;106;112;41,0
22920006749000;69;39;30;33,6
22920006750000;22;11;11;47,0
22920006751000;41;18;23;45,9
22920006752000;58;31;27;35,2
22920006753000;4;2;2;0,0
22920006754000;3;2;1;0,0
22920006755000;197;104;93;33,7
22920006814000;3;2;1;0,0
22920006815000;12;7;5;29,6
22920006831000;1;1;0;0,0
22920006832000;2;1;1;0,0
22920006871000;3;1;2;0,0
22920006872000;23;12;11;36,9
22920006873000;8;5;3;44,8
22920006899000;1;1;0;0,0
22920006900000;24;12;12;39,9
22920006901000;24;12;12;43,1
22920006902000;6;2;4;49,5
22920006924000;7;4;3;32,0
22920006925000;42;21;21;41,5
22920006926000;62;34;28;41,5
22920006927000;46;24;22;44,6
22920006928000;9;6;3;29,9
22920006989000;9;3;6;49,7
22920007007000;1;0;1;0,0
22920007029000;19;10;9;37,2
22920007040000;333;166;167;31,6
22920007044000;7;4;3;36,9
22920007045000;19;10;9;41,8
22920007046000;20;7;13;33,9
22920007047000;45;24;21;39,2
22920007048000;73;41;32;39,9
22920007049000;462;215;247;37,8
22920007051000;88;46;42;34,0
22920007052000;21;9;12;54,6
22920007057000;29;15;14;53,6
22920007058000;13;7;6;38,1
22920007059000;13;7;6;49,4
22920007060000;18;8;10;49,4
22920007061000;47;20;27;40,6
22920007062000;42;23;19;36,9
22920007081000;6;2;4;28,3
22930006553000;2;1;1;0,0
22930006554000;32;17;15;42,3
22930006555000;82;37;45;42,9
22930006556000;268;142;126;33,3
22930006557000;371;192;179;39,7
22930006558000;1395;712;683;41,6
22930006559000;2573;1274;1299;44,6
22930006560000;2027;1014;1013;38,9
22930006561000;1842;914;928;40,5
22930006562000;378;191;187;35,1
22930006564000;11;6;5;53,2
22930006565000;29;16;13;41,6
22930006566000;21;12;9;45,6
22930006571000;5;3;2;52,6
22930006573000;4;2;2;0,0
22930006581000;3;2;1;0,0
22930006583000;10;7;3;34,0
22930006584000;6;2;4;13,8
22930006585000;7;4;3;54,0
22930006586000;8;3;5;29,0
22930006588000;3;2;1;0,0
22930006589000;9;5;4;43,2
22930006590000;7;2;5;39,9
22930006591000;210;97;113;42,7
22930006592000;832;418;414;42,2
22930006593000;100;69;31;33,0
22930006594000;5;2;3;23,4
22930006595000;31;15;16;35,7
22930006596000;13;7;6;41,1
22930006597000;6;3;3;40,7
22930006598000;8;5;3;29,3
22930006599000;4;1;3;0,0
22930006600000;13;7;6;44,2
22930006601000;16;8;8;38,6
22930006602000;143;71;72;36,8
22930006603000;230;119;111;31,1
22930006604000;38;20;18;37,6
22930006605000;23;13;10;49,8
22930006606000;404;201;203;45,9
22930006607000;1258;609;649;43,5
22930006608000;220;106;114;44,7
22930006609000;236;127;109;36,9
22930006610000;19;13;6;38,6
22930006611000;14;9;5;39,5
22930006612000;4;1;3;0,0
22930006614000;17;9;8;40,0
22930006616000;187;88;99;35,8
22930006617000;548;289;259;38,0
22930006618000;7;5;2;41,4
22930006619000;22;12;10;34,0
22930006620000;6;3;3;60,7
22930006621000;19;11;8;30,8
22930006622000;1;1;0;0,0
22930006623000;8;4;4;44,1
22930006624000;18;9;9;48,3
22930006625000;24;12;12;39,5
22930006626000;18;8;10;35,4
22930006627000;3;2;1;0,0
22930006630000;5;2;3;26,0
22930006641000;9;5;4;48,0
22930006650000;3;1;2;0,0
22930006651000;9;5;4;59,8
22930006654000;8;5;3;37,6
22930006655000;45;23;22;43,7
22930006656000;105;51;54;41,9
22930006657000;228;117;111;42,3
22930006658000;51;29;22;35,4
22930006659000;34;16;18;41,2
22930006661000;1;1;0;0,0
22930006662000;29;12;17;35,8
22930006666000;1;1;0;0,0
22930006667000;38;24;14;41,1
22930006668000;2;1;1;0,0
22930006669000;27;11;16;39,0
22930006670000;2;1;1;0,0
22930006671000;73;42;31;28,0
22930006672000;18;11;7;54,4
22930006673000;11;5;6;46,5
22930006674000;15;12;3;36,7
22930006675000;16;10;6;32,6
22930006676000;13;7;6;41,2
22930006677000;47;19;28;34,9
22930006678000;214;111;103;36,7
22930006679000;37;20;17;39,0
22930006688000;20;11;9;33,6
22930006691000;54;30;24;40,9
22930006692000;257;134;123;34,2
22930006693000;527;263;264;46,2
22930006694000;654;294;360;50,1
22930006695000;89;44;45;39,8
22930006696000;7;4;3;35,1
22930006697000;2;1;1;0,0
22930006698000;15;7;8;48,1
22930006699000;14;7;7;47,2
22930006700000;10;6;4;43,3
22930006701000;33;19;14;37,6
22930006702000;352;164;188;42,0
22930006703000;23;13;10;39,7
22930006704000;47;23;24;39,3
22930006706000;19;11;8;45,3
22930006708000;7;2;5;53,9
22930006709000;29;16;13;40,1
22930006710000;28;13;15;45,1
22930006711000;1;0;1;0,0
22930006712000;4;2;2;0,0
22930006713000;9;4;5;36,4
22930006714000;12;7;5;37,8
22930006723000;4;1;3;0,0
22930006724000;3;1;2;0,0
22930006725000;1;0;1;0,0
22930006726000;22;10;12;45,5
22930006727000;38;20;18;52,0
22930006728000;43;18;25;33,6
22930006729000;9;7;2;51,3
22930006730000;16;8;8;46,8
22930006731000;14;8;6;29,3
22930006732000;14;9;5;35,6
22930006733000;6;4;2;25,2
22930006734000;70;36;34;36,8
22930006735000;22;12;10;40,5
22930006736000;409;203;206;35,1
22930006737000;109;57;52;40,0
22930006738000;28;14;14;47,6
22930006739000;8;5;3;35,6
22930006740000;17;8;9;44,2
22930006741000;13;6;7;38,8
22930006742000;54;28;26;38,8
22930006743000;15;8;7;39,8
22930006744000;100;59;41;29,7
22930006745000;22;10;12;36,9
22930006746000;28;19;9;33,8
22930006747000;19;10;9;49,7
22930006748000;72;36;36;39,3
22930006749000;57;31;26;35,2
22930006750000;25;12;13;37,3
22930006751000;373;180;193;39,1
22930006752000;203;100;103;34,6
22930006753000;5;3;2;21,2
22930006754000;9;3;6;50,8
22930006755000;26;13;13;47,7
22930006756000;53;33;20;41,5
22930006814000;7;4;3;64,9
22930006815000;2;1;1;0,0
22930006831000;4;2;2;0,0
22930006866000;6;4;2;48,2
22930006867000;64;31;33;46,5
22930006868000;122;59;63;48,0
22930006869000;20;13;7;46,8
22930006870000;5;3;2;70,0
22930006871000;12;6;6;47,1
22930006872000;39;20;19;46,2
22930006873000;9;5;4;43,7
22930006888000;1;1;0;0,0
22930006889000;4;2;2;0,0
22930006890000;1;0;1;0,0
22930006891000;14;8;6;42,1
22930006892000;32;13;19;44,9
22930006924000;7;4;3;34,9
22930006925000;130;65;65;46,9
22930006926000;352;182;170;40,6
22930006927000;23;10;13;42,2
22930006935000;6;3;3;25,8
22930006990000;6;3;3;36,5
22930007020000;5;3;2;30,6
22930007029000;11;6;5;39,4
22930007030000;39;17;22;46,9
22930007045000;56;34;22;39,8
22930007046000;50;29;21;31,6
22930007047000;32;12;20;38,6
22930007048000;56;28;28;42,0
22930007049000;115;56;59;33,5
22930007050000;73;34;39;43,6
22930007051000;79;42;37;34,7
22930007052000;21;12;9;50,5
22930007058000;26;11;15;37,8
22930007059000;22;12;10;49,3
22930007060000;12;8;4;32,8
22930007061000;1;0;1;0,0
22930007062000;61;31;30;39,0
22930007063000;16;8;8;42,3
22930007072000;2;2;0;0,0
22930007086000;6;5;1;36,5
22930007089000;5;2;3;65,2
22930007154000;1;1;0;0,0
22930007156000;38;20;18;60,2
22930007157000;3;1;2;0,0
22940006550000;6;5;1;53,0
22940006552000;21;8;13;42,2
22940006553000;160;84;76;39,2
22940006554000;20;12;8;37,1
22940006555000;20;7;13;53,9
22940006556000;15;7;8;40,7
22940006557000;339;165;174;44,0
22940006558000;430;220;210;37,3
22940006559000;197;101;96;45,7
22940006560000;1239;642;597;40,1
22940006561000;878;420;458;42,1
22940006562000;6;3;3;29,5
22940006563000;2;2;0;0,0
22940006566000;3;2;1;0,0
22940006573000;2;1;1;0,0
22940006577000;3;2;1;0,0
22940006579000;14;9;5;38,1
22940006580000;10;6;4;38,7
22940006581000;9;4;5;33,6
22940006582000;13;5;8;48,7
22940006583000;21;9;12;38,0
22940006584000;11;6;5;32,5
22940006585000;52;29;23;37,5
22940006586000;45;29;16;31,6
22940006587000;9;4;5;34,9
22940006588000;19;13;6;46,7
22940006589000;14;7;7;30,2
22940006590000;8;6;2;38,6
22940006591000;36;18;18;41,7
22940006592000;322;158;164;33,9
22940006593000;5;2;3;32,6
22940006594000;30;12;18;39,3
22940006595000;18;10;8;34,8
22940006596000;24;17;7;39,1
22940006597000;19;9;10;45,9
22940006598000;34;17;17;29,6
22940006599000;42;23;19;38,6
22940006600000;30;14;16;39,3
22940006601000;68;30;38;32,5
22940006602000;172;92;80;33,3
22940006603000;11;5;6;43,4
22940006604000;2;2;0;0,0
22940006605000;5;2;3;28,8
22940006606000;74;38;36;37,1
22940006607000;119;74;45;35,6
22940006608000;34;18;16;44,2
22940006609000;10;4;6;18,3
22940006610000;19;9;10;36,2
22940006611000;3;3;0;0,0
22940006613000;2;1;1;0,0
22940006614000;10;5;5;61,0
22940006616000;15;8;7;33,7
22940006617000;14;9;5;27,9
22940006618000;6;3;3;27,8
22940006619000;11;4;7;23,5
22940006620000;15;10;5;38,3
22940006621000;1;1;0;0,0
22940006625000;3;2;1;0,0
22940006626000;2;1;1;0,0
22940006627000;6;2;4;51,5
22940006632000;2;1;1;0,0
22940006641000;4;1;3;0,0
22940006651000;11;5;6;44,5
22940006652000;25;12;13;30,7
22940006653000;41;21;20;45,4
22940006654000;57;27;30;43,9
22940006655000;23;8;15;34,1
22940006656000;66;33;33;36,7
22940006657000;207;115;92;39,4
22940006658000;32;20;12;50,6
22940006659000;3;2;1;0,0
22940006660000;13;7;6;47,5
22940006661000;31;17;14;35,4
22940006662000;8;4;4;38,6
22940006664000;13;8;5;46,4
22940006665000;1;0;1;0,0
22940006668000;2;1;1;0,0
22940006669000;31;15;16;49,5
22940006670000;11;4;7;52,5
22940006671000;21;11;10;39,6
22940006672000;1;1;0;0,0
22940006673000;37;19;18;34,1
22940006675000;14;9;5;55,9
22940006676000;8;5;3;40,3
22940006677000;5;3;2;56,8
22940006678000;28;13;15;43,3
22940006679000;22;8;14;32,9
22940006685000;10;4;6;44,6
22940006687000;15;8;7;45,3
22940006688000;3;2;1;0,0
22940006689000;29;18;11;39,5
22940006690000;18;11;7;44,3
22940006691000;16;6;10;43,6
22940006692000;96;46;50;47,6
22940006693000;608;275;333;36,3
22940006694000;194;99;95;45,3
22940006695000;44;23;21;30,7
22940006696000;33;17;16;38,7
22940006697000;92;49;43;36,5
22940006698000;94;47;47;43,7
22940006699000;87;49;38;38,5
22940006700000;57;28;29;43,1
22940006701000;9;7;2;23,6
22940006702000;3;1;2;0,0
22940006703000;11;7;4;26,4
22940006704000;4;2;2;0,0
22940006705000;3;2;1;0,0
22940006706000;2;2;0;0,0
22940006709000;3;1;2;0,0
22940006713000;64;37;27;39,1
22940006714000;32;19;13;47,2
22940006717000;10;8;2;35,9
22940006718000;31;18;13;39,4
22940006719000;57;26;31;42,4
22940006720000;8;4;4;63,3
22940006722000;2;1;1;0,0
22940006723000;10;6;4;36,4
22940006724000;13;8;5;45,8
22940006725000;22;11;11;49,5
22940006726000;33;15;18;35,7
22940006727000;85;42;43;44,0
22940006728000;11;3;8;42,9
22940006729000;6;4;2;43,2
22940006730000;2;1;1;0,0
22940006731000;7;3;4;28,0
22940006733000;3;1;2;0,0
22940006734000;9;4;5;50,2
22940006735000;5;2;3;50,2
22940006736000;31;16;15;41,6
22940006737000;20;14;6;34,4
22940006738000;67;34;33;39,7
22940006739000;22;10;12;42,0
22940006740000;21;13;8;36,9
22940006741000;35;20;15;31,7
22940006742000;6;2;4;47,7
22940006743000;581;304;277;39,5
22940006744000;58;30;28;35,4
22940006745000;8;4;4;37,5
22940006746000;22;12;10;47,9
22940006747000;17;6;11;57,2
22940006748000;24;14;10;43,7
22940006749000;61;32;29;42,0
22940006750000;31;16;15;41,8
22940006751000;44;21;23;49,0
22940006752000;105;56;49;37,7
22940006753000;106;56;50;34,7
22940006754000;45;24;21;43,3
22940006755000;9;3;6;33,4
22940006756000;3;2;1;0,0
22940006757000;4;2;2;0,0
22940006811000;3;2;1;0,0
22940006812000;8;6;2;53,0
22940006813000;18;11;7;44,2
22940006814000;2;1;1;0,0
22940006864000;2;1;1;0,0
22940006865000;18;10;8;41,8
22940006866000;25;14;11;50,5
22940006867000;39;23;16;47,9
22940006868000;9;4;5;55,4
22940006869000;29;15;14;46,9
22940006870000;21;10;11;35,4
22940006884000;4;2;2;0,0
22940006926000;101;51;50;40,8
22940006927000;15;8;7;52,7
22940006936000;2;2;0;0,0
22940007016000;1;1;0;0,0
22940007020000;24;13;11;52,1
22940007029000;3;2;1;0,0
22940007038000;2;1;1;0,0
22940007039000;3;1;2;0,0
22940007040000;10;5;5;45,0
22940007041000;79;41;38;40,1
22940007045000;48;25;23;35,0
22940007046000;200;102;98;33,9
22940007047000;71;34;37;36,7
22940007048000;63;35;28;39,4
22940007049000;22;10;12;36,6
22940007050000;21;14;7;39,3
22940007051000;13;8;5;47,8
22940007052000;5;3;2;53,8
22940007055000;1;0;1;0,0
22940007056000;1;1;0;0,0
22940007058000;13;8;5;33,9
22940007059000;13;5;8;36,2
22940007060000;4;3;1;0,0
22940007061000;8;5;3;50,9
22940007062000;21;13;8;35,3
22940007063000;25;11;14;49,6
22940007064000;1;1;0;0,0
22940007072000;3;1;2;0,0
22940007089000;4;2;2;0,0
22940007104000;3;1;2;0,0
22940007155000;5;2;3;70,4
22940007156000;9;5;4;59,6
22940007157000;3;2;1;0,0
22940007164000;4;2;2;0,0
22950006546000;4;2;2;0,0
22950006547000;26;15;11;38,1
22950006548000;34;18;16;49,1
22950006549000;72;35;37;46,1
22950006550000;49;22;27;36,0
22950006551000;24;11;13;40,8
22950006552000;81;43;38;40,4
22950006553000;16;8;8;41,4
22950006554000;12;8;4;50,8
22950006555000;29;13;16;41,1
22950006556000;45;21;24;52,9
22950006557000;390;202;188;43,9
22950006558000;861;430;431;39,2
22950006559000;243;129;114;37,8
22950006560000;351;154;197;45,1
22950006561000;245;125;120;39,3
22950006562000;15;8;7;38,0
22950006563000;10;6;4;43,8
22950006566000;4;2;2;0,0
22950006567000;9;4;5;21,9
22950006576000;2;1;1;0,0
22950006577000;15;8;7;39,0
22950006578000;10;5;5;55,9
22950006579000;74;38;36;34,3
22950006580000;15;9;6;45,0
22950006581000;15;10;5;38,5
22950006582000;12;4;8;40,5
22950006583000;5;3;2;29,0
22950006584000;2;2;0;0,0
22950006585000;28;14;14;46,0
22950006586000;11;7;4;59,6
22950006587000;16;11;5;57,4
22950006588000;18;10;8;36,1
22950006590000;5;3;2;26,0
22950006591000;15;7;8;43,1
22950006592000;4;2;2;0,0
22950006593000;13;7;6;34,3
22950006594000;25;14;11;34,7
22950006595000;2;1;1;0,0
22950006598000;23;13;10;36,3
22950006599000;26;15;11;32,3
22950006600000;39;19;20;38,5
22950006601000;15;7;8;63,4
22950006602000;24;14;10;46,5
22950006603000;49;29;20;37,2
22950006604000;29;12;17;34,1
22950006605000;6;3;3;63,5
22950006606000;21;11;10;35,2
22950006607000;21;13;8;35,7
22950006608000;17;9;8;35,9
22950006609000;28;15;13;36,6
22950006610000;5;2;3;24,8
22950006611000;4;2;2;0,0
22950006612000;8;4;4;60,6
22950006613000;17;8;9;41,9
22950006614000;18;9;9;48,8
22950006615000;7;5;2;23,1
22950006616000;20;10;10;46,4
22950006617000;30;14;16;35,4
22950006618000;1;0;1;0,0
22950006619000;1;1;0;0,0
22950006620000;15;8;7;54,0
22950006621000;13;8;5;51,5
22950006629000;4;3;1;0,0
22950006630000;8;5;3;37,3
22950006631000;8;6;2;44,6
22950006635000;13;7;6;49,2
22950006636000;23;13;10;42,5
22950006637000;1;0;1;0,0
22950006638000;1;0;1;0,0
22950006639000;5;3;2;38,2
22950006640000;4;1;3;0,0
22950006648000;4;1;3;0,0
22950006649000;4;2;2;0,0
22950006650000;10;4;6;51,4
22950006651000;33;17;16;47,4
22950006652000;15;6;9;41,4
22950006653000;17;9;8;35,1
22950006654000;3;0;3;0,0
22950006655000;32;16;16;45,0
22950006656000;2;0;2;0,0
22950006657000;73;39;34;41,1
22950006658000;11;7;4;60,7
22950006659000;109;56;53;39,0
22950006660000;331;167;164;39,6
22950006661000;86;46;40;35,9
22950006662000;9;7;2;25,1
22950006663000;17;9;8;39,1
22950006664000;19;9;10;46,1
22950006665000;2;1;1;0,0
22950006669000;10;5;5;49,1
22950006670000;4;2;2;0,0
22950006671000;17;8;9;40,4
22950006672000;16;7;9;44,2
22950006673000;25;13;12;35,2
22950006674000;6;4;2;46,2
22950006675000;2;1;1;0,0
22950006676000;27;18;9;39,0
22950006677000;11;7;4;48,4
22950006679000;15;6;9;55,0
22950006681000;1;1;0;0,0
22950006682000;6;2;4;36,3
22950006683000;19;10;9;42,1
22950006684000;25;13;12;43,9
22950006685000;45;27;18;36,6
22950006686000;13;8;5;35,0
22950006687000;15;9;6;39,9
22950006688000;11;5;6;29,7
22950006690000;8;4;4;33,4
22950006691000;124;65;59;45,0
22950006692000;543;283;260;40,6
22950006693000;190;102;88;47,3
22950006694000;504;237;267;44,5
22950006695000;67;35;32;35,9
22950006696000;20;10;10;38,5
22950006697000;9;4;5;25,0
22950006701000;3;2;1;0,0
22950006705000;13;7;6;49,5
22950006708000;13;5;8;33,8
22950006709000;1;1;0;0,0
22950006712000;3;1;2;0,0
22950006718000;44;26;18;42,9
22950006719000;53;26;27;38,9
22950006720000;52;28;24;44,1
22950006721000;86;45;41;45,7
22950006722000;2;1;1;0,0
22950006724000;15;8;7;43,9
22950006725000;337;170;167;43,7
22950006726000;94;41;53;36,9
22950006727000;1;1;0;0,0
22950006736000;14;8;6;34,7
22950006737000;170;84;86;41,7
22950006738000;59;30;29;39,2
22950006739000;25;15;10;30,4
22950006740000;17;10;7;33,0
22950006741000;24;11;13;47,5
22950006742000;18;10;8;47,7
22950006743000;193;92;101;40,8
22950006744000;150;74;76;42,4
22950006745000;18;12;6;38,8
22950006746000;43;21;22;33,7
22950006747000;4;3;1;0,0
22950006748000;2;1;1;0,0
22950006749000;41;23;18;42,5
22950006750000;29;16;13;45,8
22950006751000;27;18;9;44,7
22950006752000;31;13;18;33,1
22950006753000;39;21;18;40,6
22950006754000;116;66;50;44,0
22950006755000;60;30;30;44,2
22950006756000;11;6;5;53,0
22950006757000;14;8;6;51,5
22950006783000;1;1;0;0,0
22950006810000;4;1;3;0,0
22950006811000;7;5;2;29,6
22950006857000;2;1;1;0,0
22950006858000;9;3;6;43,7
22950006859000;1;1;0;0,0
22950006860000;9;3;6;44,2
22950006861000;2;2;0;0,0
22950006862000;2;1;1;0,0
22950006864000;2;1;1;0,0
22950006866000;2;1;1;0,0
22950006867000;23;13;10;46,6
22950006875000;23;15;8;43,1
22950006876000;43;21;22;39,8
22950006877000;19;12;7;46,5
22950006881000;12;7;5;45,5
22950006882000;16;9;7;34,9
22950006883000;2;1;1;0,0
22950006884000;6;3;3;37,8
22950006926000;19;7;12;39,9
22950006937000;1;1;0;0,0
22950006938000;10;5;5;37,7
22950006987000;8;3;5;40,9
22950006989000;3;2;1;0,0
22950007013000;7;2;5;47,0
22950007014000;9;6;3;37,9
22950007015000;2;1;1;0,0
22950007016000;7;3;4;36,6
22950007019000;2;1;1;0,0
22950007020000;61;31;30;41,3
22950007038000;13;7;6;38,4
22950007039000;11;3;8;38,0
22950007040000;231;113;118;28,1
22950007041000;590;303;287;29,7
22950007044000;132;67;65;47,9
22950007045000;347;172;175;35,6
22950007046000;251;129;122;41,8
22950007047000;19;13;6;36,0
22950007048000;22;11;11;38,2
22950007052000;26;12;14;40,5
22950007055000;1;1;0;0,0
22950007056000;1;0;1;0,0
22950007057000;6;4;2;55,8
22950007059000;2;1;1;0,0
22950007060000;7;4;3;40,7
22950007062000;17;8;9;47,7
22950007063000;5;4;1;46,4
22950007064000;11;7;4;45,2
22950007088000;3;2;1;0,0
22950007090000;7;4;3;49,9
22950007106000;2;2;0;0,0
22950007153000;4;3;1;0,0
22950007154000;23;11;12;53,3
22950007155000;4;3;1;0,0
22960006546000;14;4;10;41,6
22960006547000;48;24;24;40,5
22960006548000;11;7;4;35,6
22960006549000;2;1;1;0,0
22960006550000;11;7;4;46,5
22960006551000;2;1;1;0,0
22960006552000;41;21;20;30,9
22960006553000;19;11;8;35,7
22960006554000;59;29;30;40,5
22960006555000;13;8;5;38,0
22960006556000;51;26;25;32,3
22960006557000;183;83;100;44,7
22960006558000;321;155;166;40,7
22960006559000;1530;769;761;38,5
22960006560000;920;481;439;41,7
22960006561000;74;35;39;33,2
22960006562000;134;64;70;31,3
22960006568000;25;13;12;33,0
22960006569000;4;2;2;0,0
22960006570000;3;2;1;0,0
22960006571000;1;0;1;0,0
22960006572000;4;2;2;0,0
22960006573000;3;2;1;0,0
22960006574000;1;0;1;0,0
22960006575000;5;4;1;36,4
22960006576000;6;3;3;29,5
22960006577000;13;7;6;44,6
22960006578000;8;4;4;61,0
22960006579000;9;5;4;47,9
22960006580000;5;1;4;39,2
22960006581000;19;6;13;41,2
22960006582000;61;31;30;36,3
22960006583000;15;6;9;45,9
22960006584000;91;49;42;34,9
22960006585000;267;132;135;45,5
22960006586000;35;20;15;35,5
22960006587000;12;6;6;41,8
22960006589000;7;4;3;50,1
22960006590000;16;8;8;46,1
22960006591000;33;21;12;47,7
22960006592000;27;12;15;28,9
22960006593000;12;5;7;38,7
22960006595000;8;3;5;25,3
22960006596000;2;1;1;0,0
22960006598000;10;5;5;43,9
22960006599000;23;10;13;39,4
22960006600000;20;10;10;41,7
22960006601000;2;1;1;0,0
22960006602000;31;21;10;56,4
22960006603000;76;36;40;37,1
22960006604000;6;3;3;38,7
22960006605000;24;18;6;32,8
22960006606000;17;9;8;42,2
22960006607000;38;14;24;43,8
22960006608000;26;14;12;42,9
22960006609000;12;8;4;45,4
22960006610000;13;11;2;41,1
22960006611000;43;20;23;32,2
22960006612000;3;1;2;0,0
22960006613000;12;6;6;41,8
22960006614000;13;7;6;51,2
22960006615000;3;1;2;0,0
22960006617000;7;2;5;38,0
22960006620000;25;15;10;39,0
22960006627000;4;3;1;0,0
22960006628000;5;3;2;55,4
22960006629000;15;7;8;46,4
22960006630000;1;1;0;0,0
22960006634000;4;2;2;0,0
22960006635000;51;24;27;41,0
22960006636000;34;22;12;29,4
22960006637000;11;5;6;31,9
22960006638000;19;9;10;32,7
22960006639000;7;5;2;24,0
22960006647000;5;2;3;31,0
22960006648000;8;4;4;35,3
22960006649000;16;7;9;42,1
22960006650000;11;4;7;38,8
22960006651000;39;19;20;41,8
22960006652000;5;3;2;29,4
22960006653000;99;52;47;37,6
22960006654000;466;236;230;34,5
22960006655000;47;21;26;28,6
22960006656000;4;3;1;0,0
22960006657000;18;11;7;56,1
22960006658000;4;2;2;0,0
22960006659000;2;1;1;0,0
22960006660000;455;227;228;39,9
22960006661000;7;2;5;37,1
22960006662000;13;5;8;38,8
22960006663000;23;12;11;54,2
22960006664000;17;9;8;58,6
22960006665000;5;2;3;47,8
22960006669000;175;90;85;26,2
22960006670000;2012;1015;997;29,5
22960006671000;54;31;23;36,9
22960006672000;14;6;8;35,2
22960006673000;15;8;7;41,6
22960006674000;11;6;5;59,3
22960006676000;9;4;5;40,2
22960006677000;15;10;5;24,6
22960006679000;31;15;16;47,7
22960006680000;326;163;163;38,3
22960006681000;43;26;17;41,5
22960006682000;30;17;13;41,5
22960006683000;6;4;2;40,3
22960006685000;3;1;2;0,0
22960006686000;1;0;1;0,0
22960006687000;44;24;20;43,8
22960006688000;16;7;9;39,9
22960006689000;9;5;4;50,3
22960006691000;13;6;7;26,5
22960006692000;7;3;4;46,3
22960006693000;76;39;37;35,0
22960006694000;215;113;102;30,2
22960006700000;12;6;6;31,3
22960006701000;13;6;7;32,0
22960006708000;2;1;1;0,0
22960006720000;30;14;16;51,0
22960006721000;30;17;13;37,7
22960006722000;2;0;2;0,0
22960006723000;51;29;22;40,5
22960006724000;16;8;8;43,5
22960006725000;88;43;45;37,4
22960006726000;51;33;18;42,8
22960006727000;2;1;1;0,0
22960006736000;2;1;1;0,0
22960006737000;128;65;63;38,5
22960006738000;309;165;144;35,5
22960006739000;11;4;7;44,6
22960006740000;32;19;13;48,0
22960006741000;17;5;12;37,8
22960006742000;35;21;14;48,0
22960006743000;24;14;10;38,4
22960006744000;15;8;7;29,7
22960006745000;21;12;9;47,9
22960006746000;21;11;10;43,3
22960006747000;13;2;11;38,2
22960006748000;8;5;3;55,1
22960006749000;30;16;14;33,8
22960006750000;18;8;10;41,7
22960006751000;28;16;12;42,3
22960006752000;21;10;11;41,4
22960006753000;29;13;16;40,6
22960006754000;27;14;13;47,6
22960006755000;9;4;5;39,0
22960006809000;1;1;0;0,0
22960006843000;2;1;1;0,0
22960006854000;17;7;10;33,8
22960006855000;10;6;4;62,9
22960006856000;32;16;16;37,7
22960006857000;61;34;27;49,0
22960006858000;6;2;4;65,3
22960006859000;6;4;2;50,7
22960006876000;11;6;5;36,7
22960006877000;42;20;22;38,2
22960006878000;1;0;1;0,0
22960006926000;2;1;1;0,0
22960006927000;12;7;5;32,7
22960006938000;5;3;2;38,2
22960006939000;1;1;0;0,0
22960006942000;7;4;3;36,6
22960006943000;4;2;2;0,0
22960006987000;20;11;9;40,9
22960007012000;8;5;3;54,3
22960007013000;28;14;14;45,6
22960007014000;68;37;31;41,0
22960007015000;21;9;12;46,0
22960007016000;3;2;1;0,0
22960007019000;29;19;10;46,7
22960007020000;139;76;63;38,0
22960007036000;11;3;8;39,5
22960007037000;12;6;6;52,7
22960007038000;35;20;15;34,9
22960007039000;42;21;21;40,8
22960007040000;412;216;196;36,4
22960007041000;382;182;200;35,5
22960007043000;237;107;130;43,8
22960007044000;2194;1064;1130;46,3
22960007045000;1146;576;570;39,2
22960007046000;74;35;39;44,3
22960007047000;27;16;11;41,2
22960007048000;3;1;2;0,0
22960007053000;11;7;4;46,5
22960007055000;1;1;0;0,0
22960007056000;23;14;9;35,7
22960007058000;7;4;3;62,3
22960007060000;8;4;4;61,3
22960007061000;4;3;1;0,0
22960007062000;1;0;1;0,0
22960007063000;5;2;3;25,2
22960007066000;1;1;0;0,0
22960007090000;13;5;8;42,4
22960007091000;2;1;1;0,0
22960007154000;73;37;36;37,0
22960007155000;49;30;19;49,1
22960007156000;10;7;3;31,3
22960007157000;6;3;3;61,2
22970006539000;3;2;1;0,0
22970006541000;3;1;2;0,0
22970006546000;6;3;3;41,3
22970006549000;6;3;3;42,8
22970006550000;4;2;2;0,0
22970006551000;1;0;1;0,0
22970006553000;49;24;25;34,6
22970006554000;49;28;21;42,9
22970006555000;3;2;1;0,0
22970006556000;11;6;5;31,2
22970006557000;2;1;1;0,0
22970006558000;89;52;37;41,5
22970006559000;92;52;40;43,9
22970006560000;21;11;10;61,4
22970006561000;38;19;19;47,0
22970006562000;14;7;7;40,5
22970006568000;4;3;1;0,0
22970006572000;6;3;3;32,8
22970006573000;3;2;1;0,0
22970006574000;12;6;6;45,3
22970006575000;9;4;5;34,1
22970006576000;1;1;0;0,0
22970006577000;2;1;1;0,0
22970006579000;15;10;5;44,1
22970006580000;16;8;8;41,5
22970006581000;15;8;7;37,8
22970006582000;4;2;2;0,0
22970006583000;12;8;4;60,8
22970006584000;15;7;8;32,8
22970006585000;11;6;5;56,2
22970006586000;1;1;0;0,0
22970006588000;2;1;1;0,0
22970006589000;10;6;4;45,7
22970006591000;30;13;17;35,9
22970006592000;9;3;6;29,3
22970006593000;11;6;5;30,9
22970006594000;1;1;0;0,0
22970006605000;14;6;8;26,5
22970006606000;38;22;16;35,3
22970006607000;51;22;29;41,9
22970006608000;3;1;2;0,0
22970006609000;2;1;1;0,0
22970006610000;16;8;8;33,4
22970006611000;6;2;4;35,8
22970006612000;10;4;6;37,8
22970006613000;125;69;56;36,1
22970006614000;99;52;47;41,7
22970006615000;25;16;9;38,9
22970006616000;16;9;7;31,6
22970006617000;11;6;5;38,8
22970006618000;16;8;8;28,7
22970006619000;15;8;7;49,9
22970006620000;2;1;1;0,0
22970006622000;4;2;2;0,0
22970006623000;29;17;12;41,3
22970006624000;44;24;20;36,5
22970006625000;34;19;15;46,8
22970006626000;18;10;8;49,7
22970006627000;33;18;15;37,8
22970006628000;3;2;1;0,0
22970006629000;10;7;3;44,4
22970006633000;3;2;1;0,0
22970006634000;7;4;3;32,6
22970006635000;238;121;117;41,7
22970006636000;11;7;4;32,8
22970006646000;2;1;1;0,0
22970006647000;32;23;9;41,8
22970006648000;22;11;11;34,4
22970006649000;43;24;19;43,5
22970006650000;20;12;8;32,0
22970006651000;52;23;29;45,1
22970006652000;68;31;37;35,4
22970006653000;73;39;34;41,2
22970006654000;245;117;128;34,1
22970006655000;77;43;34;36,8
22970006656000;45;20;25;61,6
22970006657000;38;18;20;42,1
22970006658000;3;1;2;0,0
22970006659000;103;53;50;32,0
22970006660000;1567;787;780;35,8
22970006661000;310;155;155;38,5
22970006662000;23;10;13;41,0
22970006663000;28;23;5;42,8
22970006664000;25;14;11;42,2
22970006665000;19;10;9;37,2
22970006666000;13;7;6;43,8
22970006667000;25;12;13;37,8
22970006668000;26;14;12;48,0
22970006669000;103;51;52;39,1
22970006670000;40;17;23;34,8
22970006671000;30;16;14;40,1
22970006672000;38;21;17;38,0
22970006673000;28;14;14;45,6
22970006674000;19;10;9;46,2
22970006676000;18;11;7;41,3
22970006677000;15;9;6;44,9
22970006678000;14;7;7;57,8
22970006679000;52;26;26;39,8
22970006680000;116;64;52;37,3
22970006681000;11;5;6;53,5
22970006682000;8;6;2;29,4
22970006683000;4;2;2;0,0
22970006684000;16;10;6;35,6
22970006685000;25;13;12;44,8
22970006686000;30;17;13;32,0
22970006687000;35;15;20;38,9
22970006688000;30;16;14;52,2
22970006689000;6;3;3;39,8
22970006693000;4;2;2;0,0
22970006694000;53;27;26;40,2
22970006695000;38;18;20;35,7
22970006696000;43;20;23;42,8
22970006697000;17;5;12;31,2
22970006710000;2;1;1;0,0
22970006711000;9;5;4;35,9
22970006712000;14;9;5;53,9
22970006713000;3;1;2;0,0
22970006723000;65;37;28;48,3
22970006726000;29;14;15;38,7
22970006727000;4;2;2;0,0
22970006728000;4;2;2;0,0
22970006729000;7;4;3;34,6
22970006730000;18;11;7;43,3
22970006731000;7;4;3;28,4
22970006732000;12;6;6;53,9
22970006733000;14;6;8;40,5
22970006734000;26;14;12;46,7
22970006735000;19;9;10;52,4
22970006736000;33;18;15;38,2
22970006737000;11;7;4;33,2
22970006738000;86;41;45;43,7
22970006739000;129;64;65;38,2
22970006740000;214;105;109;45,1
22970006741000;32;18;14;39,8
22970006742000;67;35;32;43,9
22970006743000;12;6;6;32,0
22970006744000;7;4;3;38,4
22970006745000;43;23;20;37,4
22970006746000;20;11;9;47,9
22970006747000;26;14;12;41,3
22970006748000;23;12;11;33,7
22970006749000;50;29;21;46,2
22970006750000;3;1;2;0,0
22970006753000;8;4;4;31,3
22970006754000;2;1;1;0,0
22970006808000;5;3;2;56,8
22970006810000;1;0;1;0,0
22970006831000;14;7;7;29,4
22970006840000;1;1;0;0,0
22970006841000;2;1;1;0,0
22970006842000;3;2;1;0,0
22970006843000;8;5;3;54,9
22970006844000;1;1;0;0,0
22970006852000;9;5;4;28,8
22970006853000;69;38;31;52,6
22970006854000;11;6;5;32,0
22970006855000;7;3;4;49,3
22970006856000;6;3;3;57,7
22970006857000;7;3;4;54,9
22970006926000;6;3;3;44,0
22970006927000;15;8;7;47,9
22970006938000;22;9;13;33,1
22970006939000;24;15;9;41,0
22970006941000;5;2;3;32,4
22970006942000;10;5;5;33,9
22970006987000;9;4;5;63,0
22970007013000;6;3;3;37,5
22970007014000;75;36;39;47,1
22970007015000;63;33;30;44,1
22970007016000;57;36;21;32,6
22970007017000;3;2;1;0,0
22970007020000;24;14;10;44,1
22970007021000;9;6;3;64,2
22970007036000;31;17;14;40,5
22970007037000;80;39;41;37,5
22970007038000;5;3;2;40,4
22970007039000;30;13;17;47,6
22970007040000;153;77;76;38,6
22970007041000;56;32;24;38,3
22970007042000;6;2;4;41,2
22970007043000;102;57;45;36,5
22970007044000;2479;1213;1266;46,9
22970007045000;1712;856;856;39,7
22970007046000;290;140;150;39,7
22970007047000;2;1;1;0,0
22970007054000;16;9;7;36,4
22970007055000;15;5;10;32,6
22970007056000;16;8;8;47,2
22970007057000;12;6;6;42,7
22970007058000;36;15;21;49,4
22970007059000;3;1;2;0,0
22970007060000;4;1;3;0,0
22970007061000;1;1;0;0,0
22970007062000;1;1;0;0,0
22970007091000;16;9;7;53,3
22970007146000;1;1;0;0,0
22970007154000;7;3;4;47,0
22970007155000;10;4;6;42,8
22970007156000;7;4;3;69,6
22970007157000;4;3;1;0,0
22970007158000;2;2;0;0,0
22970007159000;5;3;2;35,4
22980006533000;2;1;1;0,0
22980006535000;7;4;3;34,4
22980006536000;3;2;1;0,0
22980006537000;2;1;1;0,0
22980006541000;10;5;5;43,9
22980006542000;8;4;4;45,4
22980006544000;4;2;2;0,0
22980006545000;21;12;9;35,5
22980006546000;4;3;1;0,0
22980006547000;2;0;2;0,0
22980006550000;9;5;4;26,2
22980006551000;51;22;29;41,0
22980006552000;46;27;19;37,2
22980006558000;12;8;4;37,3
22980006559000;2;1;1;0,0
22980006562000;10;4;6;47,8
22980006563000;5;3;2;53,2
22980006569000;5;3;2;50,4
22980006570000;19;11;8;43,7
22980006571000;11;7;4;32,9
22980006573000;1;1;0;0,0
22980006574000;10;6;4;42,3
22980006575000;23;14;9;31,3
22980006576000;10;5;5;53,2
22980006577000;2;1;1;0,0
22980006578000;5;4;1;52,4
22980006579000;10;5;5;32,3
22980006580000;2;1;1;0,0
22980006581000;5;3;2;42,2
22980006583000;11;4;7;28,5
22980006585000;7;3;4;36,0
22980006586000;8;5;3;44,9
22980006587000;10;7;3;31,1
22980006588000;11;6;5;28,3
22980006589000;31;17;14;28,4
22980006590000;27;14;13;39,3
22980006591000;13;7;6;32,8
22980006592000;7;4;3;59,7
22980006593000;29;18;11;35,4
22980006594000;10;4;6;25,9
22980006604000;21;12;9;38,4
22980006605000;24;12;12;34,6
22980006606000;33;19;14;26,2
22980006607000;13;6;7;40,8
22980006608000;4;2;2;0,0
22980006611000;4;2;2;0,0
22980006612000;20;12;8;44,5
22980006613000;39;22;17;36,2
22980006614000;8;5;3;37,9
22980006616000;19;11;8;27,9
22980006617000;7;2;5;34,1
22980006618000;17;10;7;47,8
22980006621000;3;2;1;0,0
22980006622000;17;9;8;48,9
22980006623000;17;8;9;43,2
22980006624000;2;1;1;0,0
22980006625000;15;7;8;42,5
22980006626000;46;21;25;38,8
22980006627000;23;11;12;41,5
22980006629000;2;1;1;0,0
22980006630000;30;13;17;40,8
22980006631000;8;4;4;48,6
22980006632000;25;13;12;34,6
22980006633000;11;6;5;37,3
22980006634000;43;20;23;39,0
22980006635000;305;157;148;39,8
22980006636000;3;2;1;0,0
22980006637000;2;1;1;0,0
22980006647000;8;5;3;34,4
22980006648000;13;7;6;56,4
22980006649000;68;39;29;32,6
22980006650000;35;17;18;36,2
22980006651000;71;31;40;33,6
22980006652000;13;6;7;34,6
22980006654000;22;11;11;41,3
22980006655000;12;6;6;42,7
22980006656000;14;8;6;41,5
22980006657000;133;70;63;38,0
22980006658000;13;5;8;58,3
22980006659000;11;4;7;34,4
22980006661000;23;15;8;43,6
22980006662000;155;85;70;34,7
22980006663000;157;76;81;41,3
22980006664000;7;3;4;55,4
22980006665000;3;2;1;0,0
22980006666000;3;2;1;0,0
22980006668000;223;107;116;42,5
22980006669000;496;241;255;32,5
22980006670000;11;7;4;33,3
22980006671000;50;29;21;46,6
22980006672000;11;6;5;62,3
22980006674000;46;28;18;41,2
22980006675000;93;48;45;33,0
22980006676000;12;5;7;46,9
22980006677000;1;1;0;0,0
22980006678000;9;3;6;47,0
22980006679000;5;2;3;40,0
22980006680000;18;8;10;49,3
22980006681000;13;5;8;37,5
22980006682000;18;10;8;46,7
22980006683000;14;8;6;38,1
22980006684000;46;24;22;44,7
22980006693000;1;1;0;0,0
22980006694000;10;5;5;49,1
22980006696000;28;16;12;41,6
22980006697000;59;31;28;36,9
22980006698000;38;15;23;38,5
22980006711000;5;4;1;16,8
22980006712000;1;0;1;0,0
22980006723000;13;5;8;29,1
22980006724000;20;10;10;40,1
22980006725000;3;2;1;0,0
22980006726000;3;2;1;0,0
22980006727000;14;7;7;34,2
22980006728000;2;2;0;0,0
22980006729000;4;2;2;0,0
22980006730000;22;11;11;47,6
22980006731000;3;2;1;0,0
22980006733000;2;1;1;0,0
22980006734000;7;5;2;24,1
22980006735000;9;5;4;41,2
22980006736000;8;5;3;24,4
22980006737000;7;6;1;31,3
22980006738000;140;57;83;47,3
22980006739000;164;80;84;48,1
22980006740000;16;6;10;55,5
22980006741000;48;21;27;36,3
22980006742000;18;6;12;41,1
22980006743000;46;26;20;36,5
22980006744000;26;12;14;49,0
22980006745000;92;49;43;39,4
22980006746000;20;9;11;45,9
22980006747000;16;9;7;38,7
22980006748000;60;31;29;37,6
22980006749000;129;63;66;44,0
22980006750000;19;11;8;38,1
22980006751000;54;23;31;34,6
22980006752000;41;22;19;41,0
22980006753000;14;6;8;52,6
22980006754000;16;8;8;37,6
22980006779000;2;1;1;0,0
22980006806000;1;1;0;0,0
22980006807000;5;4;1;63,4
22980006808000;8;4;4;54,4
22980006844000;1;1;0;0,0
22980006845000;6;5;1;45,8
22980006846000;8;6;2;55,5
22980006847000;18;11;7;38,7
22980006848000;29;15;14;43,4
22980006849000;21;10;11;49,2
22980006850000;4;2;2;0,0
22980006851000;4;3;1;0,0
22980006852000;54;26;28;52,6
22980006853000;146;63;83;57,5
22980006854000;18;10;8;47,4
22980006855000;6;3;3;45,0
22980006938000;12;7;5;48,2
22980006939000;16;8;8;31,9
22980006941000;16;7;9;56,0
22980006942000;10;6;4;32,9
22980006986000;5;3;2;35,2
22980007014000;11;5;6;27,9
22980007015000;45;22;23;40,2
22980007016000;71;28;43;39,2
22980007021000;54;30;24;37,9
22980007035000;30;9;21;30,8
22980007036000;17;7;10;32,1
22980007037000;20;11;9;39,8
22980007038000;64;36;28;34,4
22980007039000;81;42;39;41,6
22980007040000;58;29;29;34,2
22980007041000;230;113;117;39,0
22980007042000;73;36;37;45,4
22980007043000;269;149;120;40,6
22980007044000;803;407;396;36,2
22980007045000;1665;838;827;36,7
22980007046000;432;227;205;35,2
22980007047000;63;30;33;38,4
22980007053000;3;2;1;0,0
22980007054000;5;3;2;32,0
22980007055000;4;3;1;0,0
22980007056000;11;5;6;43,6
22980007057000;21;12;9;42,3
22980007058000;18;11;7;51,9
22980007059000;14;8;6;40,4
22980007060000;16;10;6;40,2
22980007068000;6;4;2;38,7
22980007074000;2;2;0;0,0
22980007091000;6;2;4;66,8
22980007092000;12;7;5;52,2
22980007102000;5;3;2;66,2
22980007144000;14;8;6;62,1
22980007152000;8;4;4;34,6
22980007155000;2;2;0;0,0
22980007158000;2;1;1;0,0
22980007160000;13;6;7;30,2
22980007162000;1;0;1;0,0
22980007186000;1;0;1;0,0
22980007200000;9;4;5;35,9
22990006531000;6;5;1;26,3
22990006532000;4;2;2;0,0
22990006533000;6;4;2;49,7
22990006534000;16;10;6;37,3
22990006535000;31;13;18;51,2
22990006536000;18;11;7;31,2
22990006537000;32;14;18;42,3
22990006538000;9;4;5;39,0
22990006539000;13;5;8;46,2
22990006540000;13;8;5;38,5
22990006541000;6;3;3;50,2
22990006542000;13;6;7;38,5
22990006543000;20;8;12;39,0
22990006546000;13;6;7;28,2
22990006547000;31;17;14;41,1
22990006548000;3;2;1;0,0
22990006549000;4;2;2;0,0
22990006551000;10;4;6;51,2
22990006552000;4;2;2;0,0
22990006563000;1;0;1;0,0
22990006564000;2;1;1;0,0
22990006568000;10;6;4;20,9
22990006570000;2;1;1;0,0
22990006571000;8;4;4;49,6
22990006572000;6;3;3;53,7
22990006573000;1;1;0;0,0
22990006574000;2;2;0;0,0
22990006576000;8;6;2;26,0
22990006582000;6;2;4;48,3
22990006583000;23;14;9;25,3
22990006584000;12;5;7;40,5
22990006585000;20;12;8;47,0
22990006586000;13;8;5;43,9
22990006587000;60;30;30;39,2
22990006588000;33;20;13;30,5
22990006589000;20;11;9;31,3
22990006590000;7;6;1;33,7
22990006592000;5;2;3;22,4
22990006603000;6;4;2;35,0
22990006604000;12;7;5;25,7
22990006605000;42;22;20;35,5
22990006606000;30;17;13;40,0
22990006607000;57;32;25;44,0
22990006608000;22;13;9;41,8
22990006609000;4;3;1;0,0
22990006610000;4;2;2;0,0
22990006611000;5;2;3;25,8
22990006612000;12;7;5;39,2
22990006613000;14;7;7;40,4
22990006616000;29;14;15;42,8
22990006617000;14;8;6;50,4
22990006618000;12;9;3;34,6
22990006621000;1;1;0;0,0
22990006623000;9;5;4;23,1
22990006624000;9;5;4;33,1
22990006625000;44;23;21;39,9
22990006626000;20;10;10;46,7
22990006627000;13;6;7;45,8
22990006628000;25;12;13;47,8
22990006629000;24;9;15;33,1
22990006630000;12;6;6;37,7
22990006631000;18;10;8;23,6
22990006632000;11;5;6;30,4
22990006635000;37;22;15;36,1
22990006636000;3;2;1;0,0
22990006646000;13;7;6;51,5
22990006647000;19;8;11;42,4
22990006648000;12;5;7;41,9
22990006649000;14;7;7;43,1
22990006650000;40;21;19;40,0
22990006651000;13;6;7;39,2
22990006656000;5;2;3;41,6
22990006657000;34;19;15;46,6
22990006658000;45;23;22;45,6
22990006659000;36;18;18;34,2
22990006660000;20;11;9;51,0
22990006661000;23;11;12;35,2
22990006662000;35;18;17;32,8
22990006663000;372;182;190;39,6
22990006664000;51;30;21;39,0
22990006665000;12;5;7;41,2
22990006666000;9;5;4;30,4
22990006667000;27;14;13;42,2
22990006668000;91;51;40;41,8
22990006669000;19;8;11;40,0
22990006670000;18;9;9;34,3
22990006671000;7;4;3;39,7
22990006672000;49;25;24;39,1
22990006673000;22;9;13;33,5
22990006674000;46;24;22;39,8
22990006675000;11;4;7;43,1
22990006677000;2;1;1;0,0
22990006678000;5;2;3;40,2
22990006679000;7;4;3;51,3
22990006680000;156;78;78;36,6
22990006681000;218;116;102;33,5
22990006682000;112;56;56;39,6
22990006683000;36;18;18;46,4
22990006684000;4;1;3;0,0
22990006696000;54;28;26;46,0
22990006697000;27;15;12;45,5
22990006698000;31;17;14;43,5
22990006699000;6;5;1;45,0
22990006700000;8;3;5;43,4
22990006713000;3;2;1;0,0
22990006724000;13;7;6;50,6
22990006725000;8;4;4;66,1
22990006726000;19;11;8;57,4
22990006727000;11;5;6;48,4
22990006728000;16;6;10;43,4
22990006729000;8;4;4;59,6
22990006730000;10;4;6;49,9
22990006731000;16;8;8;41,7
22990006732000;17;9;8;33,8
22990006733000;5;3;2;58,8
22990006734000;50;26;24;41,4
22990006735000;42;24;18;40,0
22990006736000;16;10;6;39,1
22990006737000;37;19;18;48,3
22990006738000;21;7;14;36,7
22990006739000;5;3;2;68,0
22990006740000;19;8;11;49,1
22990006744000;221;115;106;37,0
22990006745000;181;87;94;42,4
22990006746000;49;24;25;40,5
22990006747000;27;16;11;41,9
22990006748000;97;46;51;42,5
22990006749000;502;254;248;43,2
22990006750000;32;18;14;42,3
22990006751000;21;11;10;38,7
22990006752000;47;23;24;38,3
22990006753000;42;23;19;37,6
22990006754000;48;23;25;43,0
22990006755000;15;11;4;47,0
22990006756000;13;6;7;36,3
22990006757000;2;1;1;0,0
22990006763000;3;2;1;0,0
22990006779000;6;4;2;51,3
22990006780000;5;3;2;16,0
22990006783000;11;7;4;35,2
22990006784000;5;1;4;41,0
22990006802000;6;4;2;61,5
22990006803000;10;5;5;52,7
22990006804000;4;3;1;0,0
22990006805000;13;4;9;36,9
22990006806000;12;6;6;54,8
22990006807000;1;0;1;0,0
22990006831000;3;2;1;0,0
22990006837000;1;0;1;0,0
22990006840000;4;2;2;0,0
22990006842000;4;3;1;0,0
22990006843000;9;4;5;49,1
22990006844000;20;8;12;47,1
22990006845000;74;36;38;40,0
22990006846000;54;27;27;51,0
22990006848000;5;1;4;39,2
22990006849000;39;19;20;42,5
22990006850000;20;10;10;48,3
22990006851000;13;5;8;43,9
22990006852000;21;13;8;43,8
22990006853000;10;6;4;46,0
22990006854000;11;3;8;43,1
22990006929000;4;2;2;0,0
22990006930000;2;1;1;0,0
22990006937000;9;5;4;40,4
22990006938000;19;11;8;45,9
22990006939000;110;51;59;41,8
22990006940000;55;31;24;41,6
22990006941000;32;14;18;41,4
22990006942000;2;1;1;0,0
22990006986000;9;5;4;50,1
22990007014000;9;4;5;46,3
22990007015000;3;2;1;0,0
22990007016000;3;1;2;0,0
22990007021000;29;18;11;41,9
22990007022000;29;14;15;34,0
22990007035000;15;11;4;26,1
22990007038000;1;1;0;0,0
22990007039000;13;9;4;30,2
22990007040000;58;32;26;32,4
22990007041000;87;45;42;38,0
22990007042000;285;147;138;37,2
22990007043000;129;72;57;40,1
22990007044000;116;59;57;34,0
22990007045000;603;311;292;32,0
22990007046000;32;19;13;44,0
22990007047000;28;14;14;33,1
22990007048000;1;1;0;0,0
22990007053000;25;17;8;32,7
22990007056000;16;8;8;36,2
22990007057000;17;9;8;39,9
22990007058000;27;14;13;38,2
22990007059000;48;22;26;46,0
22990007060000;13;8;5;35,1
22990007069000;4;2;2;0,0
22990007074000;5;3;2;48,0
22990007075000;1;1;0;0,0
22990007092000;20;10;10;59,5
22990007102000;15;8;7;37,9
22990007141000;3;1;2;0,0
22990007145000;3;1;2;0,0
22990007155000;4;1;3;0,0
22990007156000;4;2;2;0,0
22990007159000;4;3;1;0,0
22990007160000;4;3;1;0,0
22990007200000;6;2;4;48,3
23000006531000;2;1;1;0,0
23000006532000;3;1;2;0,0
23000006533000;2;1;1;0,0
23000006534000;6;4;2;61,3
23000006535000;11;6;5;32,6
23000006536000;1;1;0;0,0
23000006537000;3;3;0;0,0
23000006538000;1;0;1;0,0
23000006539000;13;6;7;33,4
23000006540000;8;6;2;54,4
23000006541000;5;3;2;49,8
23000006542000;4;2;2;0,0
23000006544000;35;18;17;44,7
23000006545000;13;6;7;29,4
23000006546000;9;5;4;45,0
23000006547000;39;21;18;33,4
23000006548000;1;1;0;0,0
23000006551000;7;2;5;28,7
23000006564000;5;3;2;57,2
23000006565000;15;8;7;45,3
23000006566000;10;7;3;44,7
23000006582000;14;8;6;41,9
23000006583000;3;2;1;0,0
23000006584000;19;9;10;28,7
23000006585000;26;12;14;40,0
23000006586000;9;5;4;56,2
23000006588000;20;8;12;32,0
23000006605000;24;15;9;48,4
23000006606000;32;16;16;47,7
23000006607000;18;11;7;34,2
23000006608000;11;7;4;53,4
23000006609000;14;6;8;42,2
23000006612000;3;1;2;0,0
23000006616000;12;5;7;28,1
23000006617000;2;1;1;0,0
23000006618000;1;1;0;0,0
23000006619000;11;8;3;25,2
23000006621000;9;6;3;42,3
23000006622000;37;19;18;43,7
23000006623000;6;3;3;39,3
23000006624000;67;32;35;43,3
23000006625000;529;252;277;43,2
23000006626000;14;10;4;33,4
23000006627000;4;1;3;0,0
23000006628000;33;17;16;40,0
23000006629000;66;34;32;49,7
23000006630000;50;22;28;30,3
23000006631000;6;3;3;67,2
23000006632000;27;17;10;32,9
23000006633000;4;1;3;0,0
23000006634000;229;125;104;43,6
23000006635000;45;28;17;40,3
23000006636000;12;7;5;46,0
23000006637000;5;4;1;56,4
23000006638000;2;1;1;0,0
23000006646000;2;1;1;0,0
23000006647000;32;16;16;43,8
23000006648000;310;150;160;41,1
23000006649000;179;91;88;33,4
23000006650000;81;45;36;36,9
23000006651000;34;17;17;40,4
23000006652000;6;4;2;40,3
23000006659000;47;22;25;31,5
23000006660000;6;3;3;45,8
23000006661000;2;1;1;0,0
23000006662000;26;13;13;49,0
23000006663000;93;52;41;36,9
23000006664000;16;10;6;45,3
23000006665000;17;8;9;40,3
23000006666000;147;77;70;41,5
23000006667000;19;8;11;22,6
23000006668000;24;11;13;28,7
23000006669000;20;12;8;44,3
23000006670000;17;10;7;47,7
23000006671000;23;10;13;37,8
23000006672000;25;15;10;37,5
23000006673000;125;55;70;45,9
23000006674000;37;18;19;50,7
23000006675000;4;3;1;0,0
23000006676000;7;3;4;51,4
23000006678000;11;7;4;45,0
23000006679000;30;14;16;39,0
23000006680000;191;89;102;39,1
23000006681000;203;101;102;42,8
23000006682000;147;80;67;44,2
23000006683000;37;19;18;46,8
23000006684000;6;2;4;31,8
23000006713000;4;2;2;0,0
23000006725000;10;4;6;44,2
23000006726000;13;6;7;36,2
23000006727000;2;2;0;0,0
23000006728000;24;13;11;33,8
23000006729000;22;12;10;44,5
23000006730000;55;26;29;40,9
23000006731000;67;40;27;41,5
23000006732000;145;78;67;41,7
23000006733000;417;191;226;44,6
23000006734000;15;6;9;35,7
23000006735000;63;26;37;41,4
23000006736000;78;43;35;44,6
23000006737000;46;22;24;38,1
23000006738000;5;2;3;39,8
23000006739000;17;9;8;51,2
23000006740000;36;19;17;37,3
23000006741000;8;4;4;53,4
23000006742000;20;8;12;37,9
23000006743000;31;14;17;41,6
23000006744000;269;141;128;37,3
23000006745000;143;78;65;37,4
23000006746000;31;14;17;40,1
23000006747000;132;62;70;40,1
23000006748000;171;76;95;46,9
23000006749000;43;25;18;39,5
23000006750000;35;21;14;42,4
23000006751000;32;17;15;50,2
23000006752000;25;13;12;33,0
23000006753000;43;16;27;36,2
23000006754000;19;10;9;35,3
23000006755000;62;31;31;45,4
23000006756000;5;3;2;57,4
23000006757000;4;1;3;0,0
23000006777000;1;1;0;0,0
23000006781000;26;16;10;44,8
23000006782000;24;8;16;43,6
23000006783000;16;10;6;49,7
23000006784000;23;10;13;42,8
23000006800000;2;1;1;0,0
23000006801000;15;4;11;42,6
23000006802000;2;1;1;0,0
23000006803000;2;0;2;0,0
23000006804000;13;5;8;57,0
23000006805000;1;0;1;0,0
23000006830000;2;1;1;0,0
23000006836000;2;1;1;0,0
23000006843000;4;2;2;0,0
23000006844000;16;6;10;36,4
23000006845000;8;4;4;50,4
23000006846000;13;8;5;52,7
23000006849000;14;9;5;46,2
23000006850000;18;9;9;45,4
23000006851000;13;7;6;57,0
23000006930000;8;4;4;40,3
23000006931000;2;2;0;0,0
23000006937000;26;10;16;38,7
23000006938000;42;26;16;39,6
23000006939000;45;23;22;47,4
23000006940000;9;5;4;55,0
23000006941000;3;1;2;0,0
23000006943000;1;0;1;0,0
23000006985000;28;14;14;51,5
23000007013000;1;0;1;0,0
23000007014000;40;23;17;40,9
23000007015000;35;17;18;63,0
23000007016000;594;268;326;46,5
23000007017000;236;122;114;41,4
23000007018000;3;1;2;0,0
23000007019000;38;22;16;40,1
23000007021000;2;1;1;0,0
23000007022000;51;29;22;39,3
23000007035000;120;62;58;31,9
23000007036000;8;5;3;30,3
23000007040000;39;17;22;36,2
23000007041000;54;29;25;38,4
23000007042000;41;26;15;36,8
23000007043000;11;4;7;31,7
23000007045000;27;11;16;33,9
23000007046000;5;3;2;43,8
23000007048000;22;12;10;30,3
23000007052000;15;9;6;38,1
23000007053000;11;8;3;44,4
23000007055000;4;3;1;0,0
23000007056000;2;1;1;0,0
23000007057000;8;3;5;50,0
23000007058000;143;80;63;37,8
23000007064000;9;4;5;35,4
23000007075000;9;7;2;38,3
23000007076000;5;2;3;66,2
23000007081000;15;7;8;26,3
23000007084000;12;7;5;46,7
23000007089000;6;3;3;38,8
23000007090000;2;1;1;0,0
23000007093000;14;9;5;38,2
23000007094000;10;4;6;43,7
23000007139000;11;6;5;44,8
23000007140000;2;1;1;0,0
23000007141000;16;8;8;47,8
23000007156000;3;2;1;0,0
23000007159000;2;1;1;0,0
23000007204000;23;12;11;39,9
23000007205000;10;7;3;24,3
23010006541000;5;1;4;68,8
23010006542000;5;3;2;57,2
23010006543000;45;29;16;38,2
23010006544000;47;24;23;40,9
23010006552000;1;1;0;0,0
23010006561000;5;3;2;36,6
23010006564000;3;2;1;0,0
23010006565000;13;7;6;46,2
23010006566000;9;6;3;46,8
23010006582000;5;3;2;29,8
23010006584000;7;3;4;36,3
23010006585000;9;4;5;46,6
23010006587000;6;3;3;62,2
23010006588000;59;35;24;38,1
23010006589000;14;7;7;32,3
23010006591000;5;3;2;49,2
23010006605000;32;12;20;38,3
23010006606000;26;11;15;42,2
23010006607000;6;4;2;54,0
23010006608000;9;4;5;37,3
23010006616000;19;11;8;38,6
23010006617000;4;2;2;0,0
23010006620000;22;11;11;37,2
23010006621000;9;4;5;58,1
23010006622000;8;5;3;39,6
23010006623000;7;4;3;38,7
23010006624000;3;2;1;0,0
23010006625000;129;64;65;47,5
23010006626000;23;11;12;49,8
23010006627000;12;5;7;49,7
23010006628000;27;14;13;40,7
23010006629000;29;19;10;39,6
23010006630000;47;22;25;31,3
23010006631000;124;70;54;40,3
23010006632000;22;9;13;40,5
23010006633000;268;127;141;44,4
23010006634000;182;86;96;45,0
23010006635000;5;3;2;33,0
23010006636000;30;15;15;48,2
23010006646000;8;4;4;35,0
23010006647000;190;92;98;40,1
23010006648000;1359;663;696;41,9
23010006649000;114;52;62;38,8
23010006650000;58;34;24;36,2
23010006651000;52;25;27;46,8
23010006652000;22;12;10;49,1
23010006663000;32;17;15;42,4
23010006664000;53;29;24;38,8
23010006665000;19;12;7;49,7
23010006666000;60;31;29;31,8
23010006667000;54;28;26;34,9
23010006669000;41;20;21;37,0
23010006670000;75;36;39;37,7
23010006671000;9;4;5;31,1
23010006672000;22;10;12;52,0
23010006673000;63;32;31;35,1
23010006674000;276;145;131;48,8
23010006675000;51;26;25;37,0
23010006676000;27;15;12;45,0
23010006677000;26;14;12;40,3
23010006678000;4;2;2;0,0
23010006679000;86;46;40;47,7
23010006680000;61;31;30;38,3
23010006681000;25;10;15;41,8
23010006682000;2;1;1;0,0
23010006712000;15;11;4;37,5
23010006714000;1;1;0;0,0
23010006727000;6;3;3;41,0
23010006728000;9;4;5;44,3
23010006729000;16;7;9;47,2
23010006730000;18;10;8;43,3
23010006731000;77;36;41;37,8
23010006732000;100;45;55;34,6
23010006733000;50;27;23;34,4
23010006734000;38;17;21;45,3
23010006735000;40;19;21;58,8
23010006736000;41;23;18;41,0
23010006737000;63;33;30;43,6
23010006738000;40;18;22;53,3
23010006739000;111;53;58;42,7
23010006740000;19;11;8;40,3
23010006742000;6;3;3;39,3
23010006743000;30;16;14;41,6
23010006744000;55;25;30;37,6
23010006745000;17;8;9;40,4
23010006746000;196;98;98;35,5
23010006747000;757;370;387;40,9
23010006748000;1001;473;528;48,0
23010006749000;548;268;280;39,7
23010006750000;18;10;8;52,2
23010006751000;34;17;17;32,4
23010006752000;36;18;18;40,6
23010006753000;52;29;23;47,9
23010006754000;73;40;33;30,8
23010006755000;7;5;2;49,6
23010006782000;23;13;10;46,7
23010006783000;32;15;17;42,0
23010006784000;17;11;6;40,7
23010006794000;15;9;6;41,7
23010006798000;12;8;4;37,4
23010006799000;16;10;6;32,7
23010006800000;7;2;5;44,6
23010006841000;7;3;4;39,3
23010006844000;17;11;6;35,1
23010006845000;4;2;2;0,0
23010006846000;13;7;6;54,0
23010006847000;1;1;0;0,0
23010006848000;1;1;0;0,0
23010006930000;2;1;1;0,0
23010006936000;23;9;14;38,9
23010006937000;31;17;14;43,5
23010006938000;23;13;10;42,5
23010006984000;13;7;6;48,5
23010006985000;9;4;5;52,7
23010007013000;31;19;12;47,9
23010007014000;25;14;11;45,6
23010007015000;41;24;17;42,9
23010007016000;76;35;41;51,7
23010007017000;144;71;73;42,9
23010007018000;24;13;11;56,8
23010007019000;1;0;1;0,0
23010007022000;31;15;16;40,5
23010007023000;21;12;9;42,2
23010007035000;9;4;5;42,9
23010007036000;25;13;12;39,9
23010007039000;7;4;3;20,0
23010007040000;42;19;23;36,9
23010007041000;37;17;20;39,5
23010007042000;41;22;19;43,7
23010007043000;22;13;9;36,3
23010007045000;2;1;1;0,0
23010007048000;9;5;4;53,0
23010007052000;16;10;6;32,6
23010007053000;27;12;15;48,8
23010007056000;14;9;5;31,1
23010007057000;33;13;20;36,2
23010007058000;38;18;20;33,8
23010007059000;16;7;9;34,7
23010007064000;3;1;2;0,0
23010007065000;5;3;2;54,8
23010007069000;4;2;2;0,0
23010007077000;5;4;1;32,8
23010007078000;8;5;3;53,0
23010007081000;6;5;1;34,5
23010007082000;23;10;13;40,1
23010007083000;9;6;3;40,9
23010007084000;8;4;4;52,5
23010007089000;5;3;2;62,8
23010007090000;15;9;6;36,0
23010007091000;1;1;0;0,0
23010007094000;21;10;11;38,9
23010007103000;1;1;0;0,0
23010007158000;10;5;5;37,8
23010007159000;18;6;12;42,6
23010007161000;3;2;1;0,0
23010007199000;2;2;0;0,0
23010007201000;2;2;0;0,0
23010007203000;15;8;7;38,7
23020006536000;2;1;1;0,0
23020006540000;4;2;2;0,0
23020006541000;2;1;1;0,0
23020006547000;1;1;0;0,0
23020006551000;6;4;2;43,2
23020006553000;6;2;4;42,8
23020006561000;16;12;4;36,1
23020006563000;12;5;7;28,0
23020006564000;7;3;4;62,0
23020006584000;8;4;4;44,6
23020006585000;9;9;0;39,2
23020006593000;4;3;1;0,0
23020006605000;21;11;10;57,7
23020006606000;69;35;34;42,4
23020006607000;57;29;28;36,4
23020006615000;11;7;4;44,7
23020006616000;4;2;2;0,0
23020006617000;13;7;6;32,2
23020006618000;12;4;8;32,7
23020006619000;20;11;9;46,6
23020006620000;44;24;20;33,9
23020006621000;4;2;2;0,0
23020006623000;3;1;2;0,0
23020006624000;1;1;0;0,0
23020006625000;30;17;13;38,9
23020006626000;17;9;8;36,1
23020006627000;10;7;3;37,5
23020006628000;15;9;6;42,2
23020006629000;19;8;11;37,1
23020006630000;32;17;15;38,2
23020006631000;33;14;19;34,3
23020006632000;15;7;8;40,7
23020006633000;359;186;173;42,2
23020006634000;133;67;66;44,0
23020006635000;180;95;85;38,8
23020006636000;347;174;173;38,4
23020006637000;21;14;7;37,3
23020006638000;16;8;8;31,6
23020006646000;13;5;8;45,4
23020006647000;51;26;25;45,6
23020006648000;890;450;440;36,3
23020006649000;124;65;59;37,5
23020006651000;27;12;15;35,0
23020006652000;10;5;5;20,7
23020006653000;10;6;4;35,5
23020006664000;6;3;3;37,7
23020006665000;88;43;45;43,7
23020006666000;34;18;16;45,5
23020006667000;24;12;12;36,9
23020006668000;37;20;17;38,0
23020006669000;3;3;0;0,0
23020006670000;102;57;45;41,5
23020006671000;26;12;14;44,7
23020006672000;6;3;3;24,8
23020006673000;5;3;2;33,0
23020006674000;135;65;70;35,0
23020006676000;31;14;17;40,6
23020006677000;32;18;14;39,8
23020006678000;3;2;1;0,0
23020006679000;3;1;2;0,0
23020006680000;49;29;20;32,3
23020006712000;2;1;1;0,0
23020006727000;3;2;1;0,0
23020006729000;23;13;10;52,1
23020006730000;83;44;39;45,5
23020006731000;75;37;38;46,5
23020006732000;21;12;9;52,8
23020006733000;16;8;8;39,9
23020006734000;6;5;1;54,5
23020006735000;69;36;33;45,3
23020006736000;33;20;13;37,9
23020006737000;15;9;6;36,5
23020006738000;46;24;22;46,2
23020006739000;131;67;64;39,3
23020006740000;8;5;3;45,5
23020006741000;8;6;2;34,8
23020006742000;12;7;5;46,1
23020006743000;8;5;3;46,6
23020006745000;28;13;15;42,8
23020006746000;33;16;17;47,4
23020006747000;14;9;5;38,3
23020006748000;41;20;21;41,5
23020006749000;122;66;56;36,4
23020006750000;32;18;14;35,9
23020006751000;64;38;26;39,4
23020006752000;28;15;13;39,4
23020006753000;153;76;77;41,7
23020006754000;57;30;27;37,1
23020006755000;46;25;21;41,5
23020006756000;28;16;12;45,7
23020006773000;2;1;1;0,0
23020006775000;19;10;9;40,5
23020006776000;67;39;28;44,6
23020006781000;22;10;12;32,5
23020006783000;74;38;36;39,9
23020006784000;98;50;48;41,3
23020006785000;18;8;10;25,6
23020006786000;2;2;0;0,0
23020006795000;5;3;2;66,4
23020006796000;37;22;15;39,5
23020006797000;5;3;2;62,6
23020006823000;6;4;2;25,3
23020006932000;6;4;2;31,2
23020006933000;3;2;1;0,0
23020006934000;23;11;12;40,3
23020006935000;21;13;8;42,1
23020006936000;28;16;12;48,8
23020006937000;12;5;7;42,4
23020006983000;1;1;0;0,0
23020006984000;25;15;10;38,2
23020007012000;6;3;3;41,3
23020007013000;25;15;10;41,5
23020007014000;74;41;33;37,1
23020007015000;6;3;3;24,8
23020007017000;6;3;3;35,8
23020007018000;28;13;15;42,6
23020007019000;19;10;9;41,9
23020007020000;3;2;1;0,0
23020007022000;24;13;11;45,8
23020007023000;95;44;51;33,8
23020007024000;32;19;13;43,1
23020007033000;16;9;7;33,5
23020007035000;12;4;8;29,8
23020007040000;31;16;15;38,0
23020007041000;13;8;5;44,4
23020007042000;18;9;9;39,9
23020007043000;30;14;16;48,2
23020007044000;13;6;7;48,1
23020007048000;9;5;4;26,9
23020007056000;2;1;1;0,0
23020007057000;27;13;14;55,0
23020007058000;23;16;7;41,6
23020007059000;35;20;15;26,8
23020007061000;7;3;4;32,4
23020007065000;8;4;4;28,8
23020007069000;9;5;4;43,9
23020007070000;11;3;8;39,3
23020007078000;9;3;6;53,7
23020007079000;8;5;3;50,9
23020007080000;10;5;5;45,1
23020007081000;44;21;23;40,4
23020007082000;87;45;42;39,4
23020007083000;41;23;18;31,7
23020007090000;8;4;4;56,1
23020007091000;5;3;2;61,0
23020007095000;1;1;0;0,0
23020007158000;22;14;8;46,0
23020007159000;122;64;58;42,6
23020007203000;17;5;12;26,4
23030006535000;1;1;0;0,0
23030006536000;2;1;1;0,0
23030006540000;6;4;2;33,8
23030006549000;4;2;2;0,0
23030006550000;4;3;1;0,0
23030006551000;4;2;2;0,0
23030006552000;16;8;8;38,1
23030006554000;4;2;2;0,0
23030006561000;4;2;2;0,0
23030006564000;4;2;2;0,0
23030006565000;12;8;4;36,4
23030006581000;4;2;2;0,0
23030006582000;22;12;10;46,5
23030006583000;6;2;4;39,0
23030006584000;5;3;2;52,2
23030006585000;4;3;1;0,0
23030006586000;4;2;2;0,0
23030006587000;1;1;0;0,0
23030006588000;6;3;3;41,2
23030006589000;10;5;5;35,6
23030006604000;5;3;2;25,4
23030006605000;4;1;3;0,0
23030006606000;59;34;25;43,7
23030006607000;5;2;3;42,0
23030006610000;2;1;1;0,0
23030006611000;5;4;1;62,8
23030006612000;8;4;4;24,8
23030006613000;9;5;4;39,2
23030006614000;19;6;13;42,2
23030006615000;33;19;14;47,6
23030006616000;36;15;21;40,9
23030006619000;5;3;2;16,4
23030006620000;2;1;1;0,0
23030006622000;2;1;1;0,0
23030006623000;9;5;4;39,1
23030006624000;8;3;5;47,9
23030006625000;46;23;23;40,2
23030006630000;11;7;4;46,6
23030006631000;28;13;15;42,0
23030006632000;62;30;32;47,0
23030006633000;4;3;1;0,0
23030006634000;5;2;3;32,6
23030006635000;5;3;2;56,8
23030006636000;115;70;45;37,0
23030006637000;37;17;20;37,0
23030006638000;27;15;12;45,9
23030006639000;28;14;14;38,3
23030006646000;1;0;1;0,0
23030006647000;58;35;23;37,2
23030006648000;261;120;141;37,0
23030006649000;13;6;7;37,8
23030006650000;5;4;1;48,0
23030006651000;15;9;6;49,2
23030006652000;2;0;2;0,0
23030006653000;10;6;4;43,0
23030006666000;869;441;428;38,3
23030006667000;168;87;81;35,0
23030006668000;42;20;22;39,0
23030006669000;528;244;284;50,2
23030006670000;805;338;467;56,1
23030006671000;12;3;9;43,3
23030006672000;6;2;4;38,7
23030006673000;1;1;0;0,0
23030006674000;15;9;6;41,1
23030006675000;9;5;4;53,6
23030006676000;18;9;9;34,0
23030006677000;40;23;17;46,1
23030006678000;40;25;15;39,6
23030006679000;14;6;8;35,9
23030006712000;2;1;1;0,0
23030006725000;6;3;3;23,7
23030006728000;10;5;5;42,4
23030006729000;28;16;12;44,0
23030006730000;5;3;2;16,8
23030006733000;4;2;2;0,0
23030006734000;4;2;2;0,0
23030006735000;22;11;11;49,0
23030006736000;8;5;3;45,0
23030006738000;25;12;13;29,8
23030006739000;43;22;21;43,8
23030006741000;8;3;5;45,3
23030006742000;2;1;1;0,0
23030006743000;5;3;2;19,4
23030006745000;25;10;15;27,6
23030006746000;52;30;22;40,8
23030006747000;43;22;21;47,6
23030006748000;67;37;30;44,6
23030006749000;59;32;27;39,6
23030006750000;38;21;17;40,7
23030006751000;15;7;8;33,5
23030006752000;10;6;4;54,8
23030006753000;77;45;32;41,1
23030006754000;95;44;51;46,8
23030006755000;18;11;7;37,2
23030006756000;26;12;14;35,3
23030006773000;8;3;5;41,1
23030006774000;10;7;3;37,9
23030006775000;14;10;4;36,7
23030006776000;14;6;8;49,1
23030006777000;13;9;4;46,2
23030006778000;7;3;4;35,0
23030006779000;6;3;3;66,5
23030006780000;7;6;1;43,4
23030006781000;59;33;26;32,2
23030006782000;677;325;352;33,3
23030006783000;94;44;50;35,7
23030006784000;109;57;52;40,7
23030006785000;57;32;25;36,0
23030006786000;11;3;8;29,3
23030006787000;5;2;3;31,6
23030006788000;2;2;0;0,0
23030006789000;1;1;0;0,0
23030006792000;10;6;4;45,2
23030006793000;26;11;15;44,1
23030006794000;34;19;15;40,4
23030006795000;23;12;11;48,0
23030006796000;3;1;2;0,0
23030006797000;4;2;2;0,0
23030006820000;1;1;0;0,0
23030006821000;4;3;1;0,0
23030006919000;7;4;3;69,6
23030006920000;52;27;25;40,9
23030006921000;6;3;3;50,5
23030006933000;1;0;1;0,0
23030006934000;12;4;8;51,8
23030006935000;40;25;15;40,1
23030006936000;21;9;12;44,5
23030006982000;5;3;2;48,0
23030006983000;46;24;22;40,7
23030007012000;12;7;5;37,2
23030007013000;10;6;4;29,3
23030007014000;63;30;33;40,8
23030007015000;9;7;2;42,4
23030007017000;5;2;3;75,8
23030007018000;76;48;28;41,2
23030007019000;30;14;16;39,0
23030007020000;37;15;22;40,8
23030007021000;19;10;9;47,5
23030007022000;24;12;12;47,9
23030007023000;57;31;26;40,7
23030007024000;5;3;2;61,6
23030007033000;18;11;7;52,6
23030007034000;51;27;24;32,3
23030007035000;68;37;31;37,5
23030007040000;2;1;1;0,0
23030007041000;35;19;16;39,3
23030007042000;39;22;17;37,2
23030007043000;63;30;33;32,3
23030007044000;25;13;12;49,5
23030007045000;29;13;16;38,7
23030007046000;3;2;1;0,0
23030007048000;26;8;18;34,5
23030007049000;14;6;8;26,8
23030007050000;21;10;11;32,9
23030007051000;5;3;2;31,6
23030007057000;2;1;1;0,0
23030007058000;39;15;24;40,2
23030007059000;157;78;79;35,0
23030007060000;5;3;2;59,4
23030007066000;7;5;2;37,1
23030007068000;9;5;4;21,3
23030007069000;9;5;4;41,1
23030007070000;26;15;11;41,2
23030007071000;17;10;7;39,4
23030007074000;3;1;2;0,0
23030007075000;22;12;10;39,5
23030007081000;12;6;6;50,9
23030007082000;162;76;86;49,7
23030007083000;45;24;21;46,0
23030007090000;9;5;4;49,1
23030007104000;2;1;1;0,0
23030007154000;5;4;1;43,2
23030007155000;19;9;10;45,0
23030007156000;2;1;1;0,0
23030007157000;12;4;8;36,4
23030007158000;93;47;46;42,3
23030007159000;162;83;79;41,4
23030007170000;2;1;1;0,0
23030007198000;2;1;1;0,0
23030007200000;18;11;7;42,1
23030007204000;8;5;3;64,3
23030007205000;10;4;6;23,6
23040006538000;3;2;1;0,0
23040006539000;10;5;5;52,8
23040006546000;1;1;0;0,0
23040006550000;10;4;6;33,6
23040006551000;7;4;3;40,9
23040006553000;4;3;1;0,0
23040006564000;2;0;2;0,0
23040006573000;3;2;1;0,0
23040006580000;3;2;1;0,0
23040006581000;11;6;5;38,5
23040006589000;3;2;1;0,0
23040006590000;6;2;4;41,7
23040006605000;4;3;1;0,0
23040006612000;5;3;2;35,4
23040006613000;10;6;4;46,4
23040006614000;4;3;1;0,0
23040006619000;4;3;1;0,0
23040006620000;8;2;6;28,8
23040006622000;21;11;10;40,2
23040006623000;4;2;2;0,0
23040006630000;4;2;2;0,0
23040006631000;38;22;16;31,0
23040006632000;24;13;11;43,7
23040006633000;4;2;2;0,0
23040006634000;17;8;9;51,3
23040006635000;21;11;10;42,4
23040006637000;42;20;22;43,0
23040006638000;8;3;5;54,6
23040006639000;21;9;12;39,4
23040006640000;12;7;5;48,6
23040006641000;19;10;9;41,5
23040006646000;6;4;2;42,5
23040006647000;65;32;33;32,8
23040006648000;49;27;22;41,3
23040006649000;7;5;2;40,6
23040006650000;15;6;9;42,7
23040006651000;15;7;8;48,6
23040006652000;30;15;15;45,8
23040006653000;28;18;10;48,8
23040006654000;3;2;1;0,0
23040006666000;189;90;99;38,0
23040006667000;81;39;42;43,2
23040006668000;137;61;76;40,6
23040006669000;1009;480;529;44,1
23040006670000;458;222;236;44,5
23040006671000;866;398;468;41,1
23040006672000;41;23;18;34,1
23040006673000;17;8;9;28,3
23040006674000;7;4;3;47,0
23040006675000;79;43;36;43,7
23040006676000;9;5;4;42,6
23040006677000;10;4;6;32,5
23040006678000;35;16;19;51,7
23040006679000;70;36;34;40,9
23040006702000;6;2;4;16,2
23040006703000;19;9;10;45,4
23040006706000;3;2;1;0,0
23040006707000;9;5;4;39,6
23040006728000;4;1;3;0,0
23040006729000;2;1;1;0,0
23040006735000;2;1;1;0,0
23040006740000;1;1;0;0,0
23040006742000;1;0;1;0,0
23040006743000;1;0;1;0,0
23040006744000;12;3;9;24,2
23040006745000;16;8;8;41,1
23040006746000;15;8;7;55,9
23040006748000;12;7;5;47,3
23040006749000;20;10;10;46,0
23040006750000;16;9;7;39,6
23040006751000;3;1;2;0,0
23040006752000;5;3;2;47,4
23040006754000;4;1;3;0,0
23040006755000;6;4;2;38,2
23040006770000;4;1;3;0,0
23040006771000;4;3;1;0,0
23040006772000;15;11;4;28,3
23040006773000;7;4;3;32,4
23040006774000;14;6;8;37,1
23040006775000;34;20;14;42,1
23040006776000;53;25;28;40,4
23040006777000;57;31;26;40,3
23040006778000;19;9;10;47,3
23040006779000;6;4;2;37,7
23040006780000;17;11;6;51,8
23040006781000;53;26;27;33,4
23040006782000;422;214;208;46,2
23040006783000;687;354;333;41,4
23040006784000;283;156;127;43,1
23040006785000;22;12;10;44,8
23040006786000;32;16;16;45,8
23040006787000;15;7;8;42,4
23040006788000;1;1;0;0,0
23040006816000;1;1;0;0,0
23040006818000;1;1;0;0,0
23040006819000;19;11;8;57,6
23040006820000;5;2;3;63,6
23040006920000;4;1;3;0,0
23040006934000;52;28;24;39,3
23040006935000;69;34;35;47,0
23040006936000;24;12;12;54,3
23040006963000;2;2;0;0,0
23040006964000;3;1;2;0,0
23040006967000;5;3;2;50,8
23040006982000;11;6;5;34,1
23040006983000;75;41;34;41,6
23040007012000;64;31;33;45,2
23040007013000;27;16;11;35,4
23040007014000;75;35;40;43,9
23040007015000;14;9;5;38,1
23040007017000;2;1;1;0,0
23040007018000;37;17;20;39,7
23040007019000;243;127;116;39,2
23040007020000;60;29;31;38,2
23040007021000;8;5;3;45,9
23040007033000;40;25;15;30,9
23040007034000;46;24;22;41,6
23040007035000;21;8;13;37,8
23040007041000;9;6;3;31,8
23040007042000;50;29;21;32,7
23040007043000;43;19;24;39,7
23040007044000;37;20;17;37,8
23040007045000;7;3;4;40,0
23040007046000;70;43;27;35,4
23040007047000;47;25;22;37,9
23040007048000;20;9;11;42,5
23040007049000;71;34;37;32,3
23040007050000;21;13;8;41,1
23040007051000;22;12;10;45,3
23040007052000;3;2;1;0,0
23040007058000;12;6;6;51,3
23040007059000;443;209;234;42,7
23040007060000;21;12;9;33,2
23040007061000;10;5;5;37,1
23040007062000;26;14;12;47,7
23040007066000;2;1;1;0,0
23040007067000;9;6;3;32,2
23040007068000;35;17;18;36,7
23040007069000;190;98;92;37,2
23040007070000;118;62;56;35,8
23040007074000;6;4;2;49,2
23040007075000;16;8;8;36,7
23040007076000;11;5;6;50,7
23040007079000;3;1;2;0,0
23040007083000;34;19;15;47,7
23040007084000;4;2;2;0,0
23040007088000;2;1;1;0,0
23040007089000;30;18;12;53,9
23040007090000;19;7;12;38,0
23040007096000;1;1;0;0,0
23040007097000;11;5;6;57,3
23040007153000;1;1;0;0,0
23040007154000;7;3;4;36,7
23040007158000;18;11;7;64,6
23040007159000;39;22;17;40,9
23040007168000;4;2;2;0,0
23040007197000;1;1;0;0,0
23040007198000;3;3;0;0,0
23040007199000;2;1;1;0,0
23040007201000;2;1;1;0,0
23040007205000;2;1;1;0,0
23040007206000;12;6;6;41,7
23050006538000;10;6;4;45,2
23050006539000;6;3;3;65,5
23050006543000;5;4;1;14,0
23050006560000;6;3;3;32,0
23050006564000;9;5;4;49,6
23050006565000;10;7;3;40,2
23050006573000;8;3;5;36,1
23050006574000;3;1;2;0,0
23050006582000;3;1;2;0,0
23050006588000;2;1;1;0,0
23050006605000;3;2;1;0,0
23050006606000;6;4;2;32,8
23050006609000;13;9;4;26,6
23050006610000;22;11;11;60,0
23050006611000;4;2;2;0,0
23050006612000;11;7;4;54,5
23050006613000;10;5;5;60,1
23050006614000;2;1;1;0,0
23050006618000;4;3;1;0,0
23050006619000;4;2;2;0,0
23050006620000;48;22;26;45,1
23050006621000;7;5;2;50,9
23050006622000;6;2;4;40,8
23050006623000;42;19;23;42,5
23050006624000;3;2;1;0,0
23050006625000;1;1;0;0,0
23050006632000;18;10;8;35,3
23050006633000;16;11;5;46,3
23050006635000;14;8;6;47,6
23050006637000;1;1;0;0,0
23050006638000;53;26;27;43,3
23050006640000;52;27;25;46,8
23050006641000;54;31;23;44,2
23050006647000;58;37;21;43,6
23050006648000;17;10;7;39,9
23050006650000;27;10;17;32,5
23050006651000;3;2;1;0,0
23050006653000;9;5;4;46,8
23050006654000;26;14;12;30,0
23050006655000;10;6;4;44,2
23050006665000;1;1;0;0,0
23050006666000;5;2;3;56,0
23050006667000;11;4;7;37,8
23050006668000;202;110;92;36,2
23050006669000;241;122;119;40,4
23050006670000;27;15;12;44,9
23050006671000;102;55;47;46,1
23050006672000;30;13;17;36,1
23050006673000;28;16;12;43,6
23050006674000;20;12;8;37,0
23050006675000;32;15;17;37,1
23050006676000;15;8;7;45,7
23050006677000;6;4;2;40,3
23050006678000;27;13;14;37,3
23050006679000;13;8;5;37,7
23050006681000;18;12;6;40,3
23050006682000;22;15;7;37,2
23050006683000;13;5;8;51,8
23050006685000;3;2;1;0,0
23050006687000;6;3;3;34,3
23050006688000;21;12;9;41,6
23050006700000;17;9;8;28,7
23050006701000;4;4;0;0,0
23050006702000;23;12;11;45,6
23050006703000;9;4;5;49,6
23050006705000;43;22;21;47,9
23050006706000;78;42;36;44,7
23050006709000;2;1;1;0,0
23050006735000;3;1;2;0,0
23050006736000;2;1;1;0,0
23050006743000;4;1;3;0,0
23050006744000;3;2;1;0,0
23050006745000;40;27;13;45,0
23050006749000;1;1;0;0,0
23050006752000;1;0;1;0,0
23050006753000;3;1;2;0,0
23050006768000;6;5;1;33,8
23050006769000;33;17;16;41,2
23050006770000;9;4;5;42,7
23050006772000;2;1;1;0,0
23050006777000;17;10;7;37,1
23050006778000;11;5;6;41,0
23050006779000;4;3;1;0,0
23050006780000;7;4;3;40,1
23050006781000;13;7;6;38,1
23050006782000;36;15;21;46,2
23050006783000;106;59;47;37,0
23050006784000;44;29;15;28,3
23050006785000;8;4;4;57,4
23050006786000;17;8;9;45,6
23050006810000;4;1;3;0,0
23050006813000;1;0;1;0,0
23050006814000;2;1;1;0,0
23050006815000;1;1;0;0,0
23050006816000;10;6;4;41,8
23050006820000;1;1;0;0,0
23050006932000;8;5;3;56,0
23050006933000;1;0;1;0,0
23050006934000;316;164;152;40,2
23050006935000;211;95;116;50,9
23050006936000;11;6;5;54,5
23050006937000;10;8;2;48,6
23050006938000;1;1;0;0,0
23050006962000;1;1;0;0,0
23050006963000;4;1;3;0,0
23050006964000;6;3;3;57,8
23050006965000;30;13;17;36,0
23050006967000;3;2;1;0,0
23050006968000;20;10;10;55,9
23050006969000;11;6;5;45,4
23050006973000;3;2;1;0,0
23050006975000;3;2;1;0,0
23050006976000;14;10;4;45,0
23050006980000;8;4;4;48,5
23050006981000;15;6;9;34,1
23050006982000;128;62;66;41,7
23050006983000;30;13;17;48,4
23050007012000;69;31;38;39,5
23050007013000;53;29;24;46,5
23050007014000;60;31;29;40,9
23050007015000;10;6;4;51,8
23050007020000;20;12;8;42,2
23050007021000;42;21;21;36,2
23050007034000;17;7;10;30,5
23050007042000;342;189;153;34,6
23050007043000;31;18;13;49,3
23050007044000;16;8;8;33,1
23050007045000;2;1;1;0,0
23050007046000;14;8;6;42,2
23050007047000;27;12;15;39,3
23050007048000;43;18;25;38,7
23050007049000;47;24;23;31,6
23050007050000;7;4;3;42,3
23050007051000;6;3;3;37,8
23050007058000;4;1;3;0,0
23050007059000;29;14;15;32,2
23050007060000;15;8;7;32,3
23050007061000;39;18;21;43,3
23050007062000;37;20;17;34,0
23050007063000;15;8;7;46,3
23050007066000;52;28;24;37,6
23050007067000;19;9;10;43,4
23050007068000;53;26;27;40,0
23050007069000;6;4;2;25,7
23050007076000;26;12;14;45,2
23050007077000;71;33;38;46,4
23050007078000;43;26;17;35,3
23050007079000;6;4;2;48,0
23050007080000;6;2;4;45,2
23050007083000;5;2;3;70,4
23050007084000;9;4;5;52,6
23050007087000;1;1;0;0,0
23050007088000;17;6;11;45,9
23050007089000;23;13;10;41,0
23050007153000;1;1;0;0,0
23050007155000;1;0;1;0,0
23050007159000;4;2;2;0,0
23050007165000;10;3;7;37,0
23050007168000;3;1;2;0,0
23050007200000;1;1;0;0,0
23050007206000;24;13;11;38,7
23060006537000;2;1;1;0,0
23060006538000;5;2;3;39,6
23060006543000;4;1;3;0,0
23060006560000;2;1;1;0,0
23060006561000;5;3;2;25,4
23060006565000;2;1;1;0,0
23060006577000;3;2;1;0,0
23060006603000;2;0;2;0,0
23060006604000;2;1;1;0,0
23060006605000;31;17;14;49,8
23060006606000;12;7;5;48,8
23060006607000;4;1;3;0,0
23060006608000;24;13;11;33,0
23060006609000;1;1;0;0,0
23060006610000;13;7;6;41,7
23060006611000;10;4;6;39,4
23060006612000;27;14;13;36,2
23060006613000;21;9;12;52,4
23060006614000;4;2;2;0,0
23060006615000;2;1;1;0,0
23060006618000;22;11;11;46,6
23060006624000;24;14;10;42,6
23060006625000;5;3;2;64,4
23060006633000;21;10;11;49,9
23060006637000;20;12;8;47,3
23060006638000;13;7;6;47,9
23060006639000;10;7;3;31,7
23060006640000;2;2;0;0,0
23060006641000;42;21;21;45,4
23060006642000;78;39;39;37,9
23060006643000;376;189;187;37,1
23060006644000;68;35;33;32,8
23060006646000;7;4;3;60,3
23060006647000;77;39;38;42,8
23060006648000;129;69;60;36,0
23060006649000;12;6;6;42,3
23060006650000;8;3;5;53,1
23060006651000;13;7;6;39,4
23060006654000;2;1;1;0,0
23060006655000;4;2;2;0,0
23060006656000;13;8;5;30,0
23060006666000;2;2;0;0,0
23060006668000;25;15;10;36,4
23060006669000;6;4;2;65,2
23060006670000;28;16;12;36,6
23060006671000;36;17;19;33,4
23060006672000;10;4;6;50,9
23060006673000;12;8;4;48,1
23060006674000;26;15;11;41,0
23060006675000;34;21;13;43,1
23060006676000;518;276;242;36,3
23060006677000;14;5;9;42,6
23060006680000;43;21;22;49,8
23060006681000;93;45;48;45,3
23060006682000;47;23;24;31,8
23060006683000;17;9;8;45,8
23060006684000;18;10;8;41,0
23060006685000;64;36;28;40,0
23060006686000;19;8;11;40,4
23060006687000;15;7;8;54,9
23060006700000;13;7;6;51,8
23060006701000;43;20;23;43,5
23060006702000;83;40;43;40,6
23060006703000;1;1;0;0,0
23060006704000;10;4;6;36,3
23060006705000;57;23;34;41,6
23060006706000;40;21;19;39,3
23060006707000;2;2;0;0,0
23060006708000;7;4;3;57,7
23060006722000;2;1;1;0,0
23060006724000;2;1;1;0,0
23060006726000;3;1;2;0,0
23060006727000;6;4;2;39,0
23060006738000;7;2;5;26,0
23060006745000;15;7;8;44,9
23060006753000;9;4;5;45,7
23060006767000;7;5;2;35,4
23060006768000;6;3;3;31,2
23060006784000;2;1;1;0,0
23060006809000;4;1;3;0,0
23060006810000;4;1;3;0,0
23060006811000;6;3;3;45,8
23060006812000;2;1;1;0,0
23060006915000;1;1;0;0,0
23060006934000;20;11;9;56,8
23060006935000;89;46;43;37,8
23060006936000;6;4;2;50,3
23060006968000;2;1;1;0,0
23060006969000;19;11;8;46,9
23060006970000;11;3;8;40,6
23060006971000;9;5;4;73,8
23060006973000;5;2;3;41,8
23060006974000;29;17;12;42,0
23060006975000;10;7;3;48,2
23060006980000;8;3;5;65,0
23060006981000;12;9;3;43,3
23060006982000;25;13;12;47,2
23060006983000;11;5;6;36,5
23060007011000;3;2;1;0,0
23060007012000;33;16;17;40,3
23060007013000;39;15;24;42,2
23060007014000;1;0;1;0,0
23060007021000;15;7;8;36,9
23060007035000;13;6;7;37,6
23060007042000;72;26;46;59,0
23060007043000;241;122;119;41,0
23060007044000;286;146;140;31,7
23060007045000;41;21;20;45,1
23060007046000;88;46;42;35,2
23060007047000;51;26;25;35,2
23060007048000;37;18;19;49,6
23060007049000;24;11;13;42,2
23060007050000;1;1;0;0,0
23060007058000;11;6;5;52,7
23060007059000;19;10;9;34,2
23060007060000;30;16;14;24,8
23060007061000;18;7;11;32,4
23060007062000;7;3;4;47,6
23060007063000;11;5;6;46,8
23060007064000;7;4;3;45,4
23060007066000;16;9;7;48,5
23060007067000;16;10;6;29,8
23060007069000;19;11;8;37,2
23060007070000;16;10;6;46,3
23060007076000;27;14;13;33,0
23060007077000;17;7;10;55,8
23060007078000;33;15;18;47,1
23060007079000;35;19;16;36,8
23060007084000;13;7;6;45,6
23060007085000;3;1;2;0,0
23060007086000;2;1;1;0,0
23060007152000;3;2;1;0,0
23060007153000;13;8;5;46,1
23060007159000;1;1;0;0,0
23060007161000;6;4;2;35,2
23060007162000;2;1;1;0,0
23060007168000;2;1;1;0,0
23060007169000;26;14;12;55,9
23060007199000;1;0;1;0,0
23060007200000;5;3;2;52,0
23060007201000;2;2;0;0,0
23060007203000;2;1;1;0,0
23060007210000;1;0;1;0,0
23060007211000;4;3;1;0,0
23070006538000;39;21;18;43,6
23070006542000;3;2;1;0,0
23070006543000;3;2;1;0,0
23070006544000;1;1;0;0,0
23070006560000;2;1;1;0,0
23070006579000;4;2;2;0,0
23070006603000;5;3;2;46,0
23070006604000;15;8;7;35,1
23070006605000;27;11;16;35,3
23070006606000;17;11;6;35,9
23070006607000;21;12;9;35,7
23070006608000;4;2;2;0,0
23070006610000;6;2;4;39,7
23070006611000;3;1;2;0,0
23070006613000;11;7;4;32,2
23070006614000;1;1;0;0,0
23070006616000;4;1;3;0,0
23070006624000;7;4;3;56,4
23070006638000;40;20;20;42,0
23070006639000;39;20;19;39,6
23070006640000;10;5;5;37,0
23070006641000;14;7;7;40,1
23070006642000;403;194;209;40,9
23070006643000;1152;562;590;44,9
23070006644000;162;80;82;38,3
23070006645000;43;20;23;41,7
23070006647000;80;46;34;39,2
23070006648000;34;17;17;35,9
23070006649000;29;18;11;41,9
23070006662000;2;1;1;0,0
23070006668000;103;54;49;34,6
23070006669000;18;9;9;55,7
23070006670000;73;35;38;37,9
23070006671000;29;15;14;53,6
23070006672000;11;6;5;48,9
23070006673000;24;9;15;38,7
23070006674000;14;8;6;30,9
23070006675000;57;30;27;38,7
23070006676000;72;37;35;41,9
23070006677000;30;13;17;41,7
23070006678000;2;2;0;0,0
23070006679000;41;20;21;33,3
23070006680000;38;21;17;36,3
23070006682000;281;145;136;39,6
23070006683000;5;3;2;43,0
23070006684000;2;1;1;0,0
23070006686000;2;1;1;0,0
23070006700000;48;24;24;44,2
23070006701000;10;5;5;42,4
23070006702000;14;7;7;55,7
23070006703000;16;8;8;46,3
23070006704000;34;20;14;43,7
23070006705000;102;56;46;37,8
23070006706000;74;39;35;43,4
23070006707000;22;12;10;35,8
23070006725000;5;3;2;35,0
23070006726000;3;1;2;0,0
23070006739000;3;3;0;0,0
23070006742000;5;3;2;30,4
23070006744000;6;2;4;34,5
23070006745000;21;14;7;50,4
23070006754000;6;3;3;48,5
23070006766000;18;10;8;36,1
23070006767000;3;3;0;0,0
23070006784000;3;2;1;0,0
23070006785000;8;3;5;44,1
23070006805000;2;1;1;0,0
23070006934000;46;21;25;46,1
23070006935000;41;20;21;48,6
23070006936000;16;10;6;48,5
23070006937000;4;2;2;0,0
23070006939000;1;1;0;0,0
23070006973000;39;21;18;37,4
23070006974000;39;17;22;41,4
23070006975000;17;8;9;58,9
23070006976000;17;7;10;35,1
23070006983000;6;3;3;45,3
23070007011000;12;6;6;44,1
23070007012000;5;2;3;61,2
23070007013000;3;1;2;0,0
23070007016000;1;1;0;0,0
23070007035000;13;10;3;39,2
23070007042000;13;10;3;22,7
23070007043000;38;19;19;49,2
23070007044000;67;33;34;36,4
23070007045000;4;1;3;0,0
23070007046000;15;8;7;45,4
23070007047000;121;61;60;37,4
23070007048000;77;38;39;33,7
23070007049000;38;23;15;34,9
23070007052000;1;1;0;0,0
23070007057000;15;6;9;45,8
23070007058000;5;1;4;14,0
23070007059000;10;5;5;28,1
23070007060000;15;9;6;39,5
23070007061000;13;8;5;39,8
23070007063000;7;5;2;18,6
23070007064000;21;9;12;43,7
23070007065000;66;32;34;35,9
23070007066000;13;8;5;42,6
23070007067000;17;7;10;31,0
23070007068000;4;2;2;0,0
23070007069000;15;8;7;49,9
23070007077000;22;11;11;33,5
23070007078000;13;6;7;31,4
23070007079000;27;15;12;38,7
23070007080000;8;4;4;61,1
23070007085000;27;14;13;51,8
23070007086000;26;14;12;35,7
23070007087000;7;4;3;18,4
23070007088000;2;2;0;0,0
23070007089000;26;12;14;32,7
23070007090000;9;6;3;47,0
23070007108000;4;3;1;0,0
23070007151000;1;1;0;0,0
23070007159000;1;1;0;0,0
23070007161000;3;2;1;0,0
23070007162000;5;3;2;50,6
23070007167000;1;0;1;0,0
23070007205000;23;7;16;44,1
23070007207000;4;1;3;0,0
23070007211000;15;8;7;34,8
23070007212000;2;1;1;0,0
23080006537000;56;31;25;53,5
23080006538000;9;5;4;26,6
23080006539000;2;1;1;0,0
23080006540000;2;1;1;0,0
23080006541000;4;3;1;0,0
23080006557000;1;1;0;0,0
23080006560000;7;2;5;47,4
23080006561000;1;1;0;0,0
23080006562000;28;14;14;33,8
23080006563000;7;4;3;47,9
23080006564000;5;3;2;51,2
23080006565000;19;10;9;37,7
23080006571000;2;2;0;0,0
23080006572000;1;1;0;0,0
23080006573000;4;2;2;0,0
23080006574000;7;4;3;41,4
23080006575000;13;7;6;30,4
23080006576000;7;3;4;48,9
23080006578000;3;2;1;0,0
23080006586000;6;2;4;38,8
23080006587000;2;1;1;0,0
23080006588000;2;1;1;0,0
23080006602000;3;2;1;0,0
23080006603000;7;4;3;31,0
23080006604000;4;2;2;0,0
23080006606000;1;0;1;0,0
23080006608000;12;4;8;40,7
23080006609000;7;4;3;38,4
23080006610000;2;1;1;0,0
23080006611000;4;2;2;0,0
23080006612000;21;11;10;44,1
23080006613000;14;6;8;44,5
23080006615000;28;18;10;48,1
23080006616000;1;1;0;0,0
23080006626000;1;0;1;0,0
23080006639000;14;5;9;30,3
23080006642000;436;222;214;33,4
23080006643000;372;183;189;40,1
23080006646000;15;7;8;37,5
23080006647000;50;28;22;40,8
23080006648000;15;7;8;41,3
23080006649000;7;5;2;60,7
23080006650000;1;1;0;0,0
23080006660000;2;1;1;0,0
23080006668000;30;15;15;36,4
23080006669000;22;12;10;32,9
23080006670000;2;1;1;0,0
23080006673000;17;7;10;44,6
23080006674000;37;19;18;52,1
23080006675000;212;112;100;32,5
23080006676000;31;18;13;45,7
23080006677000;16;8;8;33,8
23080006679000;42;26;16;43,9
23080006680000;27;15;12;37,4
23080006682000;53;30;23;41,3
23080006683000;40;22;18;33,0
23080006684000;10;3;7;50,4
23080006698000;29;16;13;34,0
23080006699000;7;3;4;37,0
23080006700000;148;76;72;40,6
23080006701000;60;31;29;52,2
23080006702000;69;33;36;39,5
23080006703000;33;16;17;53,4
23080006704000;25;11;14;37,2
23080006705000;15;7;8;46,4
23080006717000;2;1;1;0,0
23080006737000;6;3;3;58,0
23080006738000;34;18;16;47,4
23080006739000;2;1;1;0,0
23080006742000;27;17;10;41,6
23080006743000;4;2;2;0,0
23080006744000;14;8;6;52,5
23080006754000;18;11;7;43,6
23080006765000;46;25;21;32,9
23080006766000;25;13;12;52,7
23080006767000;7;3;4;49,0
23080006785000;37;17;20;45,1
23080006804000;6;3;3;62,3
23080006805000;1;0;1;0,0
23080006936000;12;6;6;37,5
23080006937000;13;7;6;35,3
23080006940000;13;6;7;41,6
23080006941000;35;24;11;39,9
23080006942000;9;5;4;47,2
23080006973000;22;11;11;43,5
23080006974000;49;28;21;40,3
23080006975000;10;6;4;49,1
23080007011000;20;11;9;42,0
23080007012000;12;6;6;51,5
23080007016000;1;0;1;0,0
23080007023000;1;1;0;0,0
23080007035000;12;7;5;49,2
23080007042000;19;10;9;29,6
23080007043000;17;10;7;53,1
23080007044000;1;1;0;0,0
23080007046000;17;9;8;26,3
23080007047000;15;6;9;27,5
23080007048000;2;1;1;0,0
23080007049000;19;9;10;29,7
23080007059000;12;7;5;27,6
23080007061000;6;3;3;35,5
23080007062000;1;1;0;0,0
23080007064000;12;8;4;40,5
23080007065000;44;26;18;23,6
23080007066000;69;34;35;34,6
23080007067000;18;8;10;38,2
23080007068000;43;21;22;37,0
23080007069000;3;2;1;0,0
23080007070000;6;4;2;36,0
23080007078000;14;10;4;39,6
23080007080000;4;1;3;0,0
23080007084000;4;2;2;0,0
23080007085000;39;19;20;37,4
23080007086000;33;18;15;45,8
23080007088000;1;1;0;0,0
23080007089000;3;3;0;0,0
23080007090000;4;2;2;0,0
23080007100000;7;2;5;29,4
23080007167000;28;16;12;28,4
23080007168000;5;1;4;42,6
23080007200000;14;9;5;41,9
23080007201000;13;4;9;42,6
23080007203000;15;9;6;45,1
23080007204000;2;1;1;0,0
23080007205000;25;15;10;37,6
23080007207000;2;1;1;0,0
23080007208000;3;2;1;0,0
23090006540000;4;2;2;0,0
23090006541000;6;3;3;37,3
23090006542000;13;6;7;40,7
23090006543000;9;5;4;32,0
23090006544000;4;1;3;0,0
23090006561000;1;1;0;0,0
23090006562000;7;4;3;50,3
23090006563000;13;6;7;51,5
23090006564000;27;16;11;56,1
23090006565000;53;28;25;37,9
23090006566000;10;6;4;49,3
23090006570000;1;0;1;0,0
23090006572000;9;5;4;37,0
23090006574000;2;1;1;0,0
23090006575000;4;3;1;0,0
23090006577000;18;9;9;41,1
23090006578000;35;16;19;48,6
23090006579000;1;1;0;0,0
23090006583000;8;4;4;50,3
23090006584000;4;3;1;0,0
23090006586000;5;3;2;35,6
23090006587000;15;8;7;39,0
23090006589000;2;1;1;0,0
23090006590000;9;5;4;31,6
23090006591000;2;1;1;0,0
23090006592000;7;5;2;38,7
23090006593000;2;1;1;0,0
23090006595000;1;0;1;0,0
23090006596000;7;4;3;39,9
23090006597000;2;1;1;0,0
23090006599000;17;11;6;49,8
23090006600000;16;6;10;48,3
23090006601000;11;5;6;46,3
23090006603000;11;7;4;58,8
23090006604000;7;4;3;52,6
23090006605000;36;18;18;47,8
23090006606000;22;12;10;36,5
23090006607000;17;9;8;32,4
23090006610000;7;5;2;50,0
23090006611000;21;11;10;48,1
23090006612000;22;13;9;47,5
23090006613000;10;5;5;40,4
23090006614000;5;2;3;68,4
23090006615000;14;8;6;48,4
23090006625000;1;1;0;0,0
23090006642000;226;109;117;41,6
23090006643000;192;100;92;44,1
23090006644000;22;14;8;36,9
23090006645000;33;18;15;37,1
23090006646000;20;8;12;38,2
23090006647000;49;26;23;40,8
23090006648000;18;6;12;33,4
23090006650000;22;9;13;38,3
23090006651000;3;2;1;0,0
23090006667000;17;10;7;37,6
23090006674000;56;30;26;39,6
23090006675000;58;30;28;39,9
23090006676000;18;10;8;43,3
23090006677000;29;15;14;43,4
23090006678000;39;19;20;42,9
23090006679000;40;23;17;53,4
23090006680000;52;27;25;46,4
23090006681000;26;11;15;43,8
23090006682000;49;28;21;42,9
23090006683000;62;33;29;46,1
23090006684000;12;6;6;47,3
23090006696000;1;1;0;0,0
23090006697000;53;35;18;42,0
23090006698000;60;33;27;48,4
23090006699000;177;89;88;47,0
23090006700000;549;259;290;50,0
23090006701000;170;78;92;42,6
23090006738000;26;15;11;46,6
23090006739000;29;18;11;39,3
23090006740000;11;6;5;37,4
23090006742000;7;4;3;51,7
23090006744000;3;2;1;0,0
23090006754000;21;11;10;47,0
23090006761000;7;4;3;35,3
23090006762000;43;22;21;35,5
23090006764000;14;7;7;34,6
23090006765000;7;4;3;61,6
23090006766000;16;8;8;34,1
23090006785000;88;51;37;46,7
23090006796000;2;1;1;0,0
23090006801000;8;3;5;42,3
23090006802000;43;22;21;47,3
23090006803000;6;4;2;66,3
23090006805000;10;7;3;22,7
23090006932000;1;1;0;0,0
23090006937000;8;5;3;58,6
23090006940000;16;7;9;49,9
23090006941000;32;16;16;44,4
23090006942000;61;32;29;37,7
23090006973000;41;25;16;38,0
23090006974000;29;17;12;46,9
23090006985000;2;0;2;0,0
23090006986000;8;4;4;42,3
23090007011000;6;3;3;31,0
23090007015000;2;1;1;0,0
23090007035000;4;2;2;0,0
23090007041000;8;5;3;46,3
23090007042000;12;5;7;44,7
23090007043000;45;25;20;38,4
23090007044000;14;8;6;38,6
23090007049000;2;0;2;0,0
23090007053000;7;5;2;29,6
23090007060000;3;2;1;0,0
23090007062000;1;1;0;0,0
23090007064000;15;8;7;49,3
23090007065000;7;3;4;23,1
23090007066000;25;16;9;46,8
23090007067000;12;7;5;30,2
23090007068000;22;9;13;37,2
23090007069000;7;3;4;47,6
23090007070000;10;4;6;47,6
23090007079000;11;9;2;44,7
23090007080000;8;3;5;52,5
23090007084000;2;2;0;0,0
23090007085000;18;9;9;40,4
23090007086000;28;13;15;40,4
23090007088000;4;3;1;0,0
23090007089000;14;7;7;39,9
23090007090000;15;8;7;30,3
23090007091000;17;8;9;42,9
23090007100000;19;9;10;38,6
23090007101000;316;162;154;46,8
23090007102000;11;5;6;57,4
23090007105000;5;2;3;60,4
23090007108000;9;6;3;43,1
23090007128000;4;3;1;0,0
23090007167000;16;10;6;34,3
23090007204000;11;5;6;47,6
23090007205000;4;2;2;0,0
23090007207000;4;1;3;0,0
23090007208000;4;2;2;0,0
23100006547000;1;0;1;0,0
23100006562000;7;3;4;56,4
23100006564000;4;3;1;0,0
23100006565000;10;4;6;50,4
23100006566000;21;11;10;33,5
23100006567000;12;5;7;42,8
23100006568000;19;10;9;37,4
23100006571000;15;11;4;34,0
23100006572000;27;12;15;32,9
23100006573000;3;0;3;0,0
23100006574000;9;5;4;45,8
23100006575000;9;4;5;43,2
23100006576000;18;10;8;28,3
23100006577000;17;9;8;54,9
23100006578000;19;12;7;56,7
23100006579000;11;5;6;25,9
23100006581000;2;1;1;0,0
23100006587000;13;8;5;38,9
23100006588000;6;2;4;35,3
23100006589000;19;8;11;48,9
23100006590000;7;5;2;45,0
23100006591000;5;3;2;20,4
23100006592000;2;1;1;0,0
23100006593000;3;1;2;0,0
23100006594000;7;5;2;36,1
23100006595000;32;16;16;42,3
23100006596000;201;105;96;38,6
23100006597000;485;243;242;44,9
23100006598000;424;206;218;45,6
23100006599000;104;50;54;37,0
23100006600000;3;1;2;0,0
23100006601000;15;8;7;50,5
23100006602000;5;2;3;56,0
23100006603000;20;11;9;49,2
23100006604000;31;15;16;40,7
23100006605000;9;4;5;53,6
23100006606000;2;1;1;0,0
23100006607000;2;1;1;0,0
23100006624000;1;1;0;0,0
23100006625000;2;1;1;0,0
23100006626000;2;1;1;0,0
23100006627000;1;1;0;0,0
23100006646000;44;22;22;36,0
23100006648000;5;1;4;26,0
23100006649000;9;4;5;32,2
23100006650000;2;1;1;0,0
23100006651000;1;0;1;0,0
23100006664000;6;3;3;43,8
23100006666000;12;3;9;28,3
23100006667000;4;2;2;0,0
23100006668000;9;5;4;64,2
23100006675000;52;26;26;38,0
23100006676000;5;2;3;58,2
23100006678000;34;20;14;42,7
23100006679000;7;4;3;44,4
23100006680000;3;0;3;0,0
23100006681000;15;7;8;45,1
23100006682000;18;9;9;42,6
23100006683000;23;13;10;46,2
23100006684000;4;2;2;0,0
23100006697000;14;7;7;55,3
23100006698000;26;10;16;36,8
23100006699000;95;45;50;41,9
23100006700000;21;10;11;36,5
23100006701000;3;1;2;0,0
23100006702000;18;9;9;45,1
23100006705000;7;4;3;37,7
23100006743000;1;1;0;0,0
23100006754000;23;12;11;46,5
23100006755000;27;16;11;36,6
23100006756000;82;42;40;27,0
23100006757000;2;1;1;0,0
23100006758000;6;2;4;59,5
23100006759000;11;5;6;43,8
23100006760000;16;9;7;52,4
23100006761000;30;18;12;38,5
23100006762000;16;10;6;37,1
23100006763000;17;10;7;45,5
23100006764000;8;3;5;37,3
23100006765000;30;17;13;44,0
23100006785000;2;1;1;0,0
23100006786000;1;0;1;0,0
23100006787000;6;2;4;47,5
23100006792000;2;2;0;0,0
23100006794000;3;1;2;0,0
23100006795000;7;5;2;33,3
23100006796000;2;1;1;0,0
23100006800000;31;15;16;54,8
23100006801000;37;18;19;34,7
23100006802000;2;2;0;0,0
23100006939000;17;7;10;48,1
23100006940000;2;1;1;0,0
23100006942000;25;13;12;36,8
23100006944000;8;3;5;35,4
23100006945000;3;2;1;0,0
23100006973000;115;49;66;43,5
23100006974000;64;29;35;35,8
23100006985000;11;3;8;43,1
23100007040000;12;5;7;39,3
23100007041000;8;6;2;48,1
23100007042000;11;5;6;45,7
23100007043000;19;11;8;32,2
23100007060000;3;3;0;0,0
23100007061000;10;3;7;38,9
23100007062000;11;5;6;42,4
23100007063000;7;5;2;41,1
23100007064000;7;4;3;46,6
23100007065000;20;9;11;38,9
23100007066000;29;13;16;36,6
23100007067000;43;22;21;44,3
23100007068000;5;3;2;64,2
23100007069000;116;63;53;36,1
23100007070000;8;4;4;50,4
23100007080000;10;6;4;41,3
23100007085000;52;26;26;29,9
23100007086000;36;17;19;37,3
23100007087000;10;6;4;30,6
23100007088000;39;23;16;43,1
23100007091000;25;11;14;39,6
23100007101000;63;34;29;40,2
23100007105000;2;1;1;0,0
23100007107000;6;4;2;67,3
23100007108000;12;4;8;39,2
23100007130000;5;2;3;53,6
23100007166000;2;2;0;0,0
23100007199000;3;2;1;0,0
23100007204000;5;4;1;39,0
23100007209000;7;3;4;48,6
23110006565000;1;1;0;0,0
23110006566000;2;1;1;0,0
23110006567000;6;3;3;40,8
23110006568000;83;43;40;41,2
23110006569000;162;73;89;51,4
23110006570000;57;32;25;43,6
23110006571000;62;35;27;46,0
23110006572000;23;13;10;49,4
23110006573000;19;10;9;31,7
23110006575000;6;3;3;47,2
23110006576000;5;3;2;53,6
23110006577000;3;2;1;0,0
23110006580000;8;5;3;38,1
23110006581000;8;4;4;46,0
23110006583000;1;1;0;0,0
23110006585000;11;5;6;63,1
23110006586000;3;1;2;0,0
23110006587000;18;8;10;44,1
23110006588000;2;1;1;0,0
23110006589000;19;10;9;66,7
23110006591000;10;4;6;28,9
23110006592000;5;2;3;21,8
23110006593000;58;35;23;39,8
23110006594000;13;7;6;37,5
23110006595000;7;4;3;49,7
23110006596000;14;7;7;38,6
23110006597000;347;182;165;44,6
23110006598000;419;195;224;51,2
23110006599000;23;11;12;40,5
23110006600000;11;5;6;52,0
23110006601000;44;24;20;40,9
23110006602000;12;5;7;40,6
23110006603000;1;1;0;0,0
23110006604000;8;4;4;51,4
23110006605000;9;3;6;47,8
23110006626000;1;0;1;0,0
23110006627000;12;8;4;54,1
23110006628000;3;1;2;0,0
23110006630000;2;1;1;0,0
23110006631000;7;3;4;48,4
23110006664000;4;1;3;0,0
23110006665000;2;1;1;0,0
23110006666000;7;3;4;50,3
23110006669000;6;4;2;63,8
23110006675000;7;2;5;52,3
23110006676000;3;1;2;0,0
23110006678000;4;2;2;0,0
23110006679000;9;4;5;54,7
23110006680000;29;16;13;48,2
23110006681000;55;28;27;46,7
23110006682000;25;12;13;36,6
23110006683000;5;3;2;45,0
23110006684000;26;14;12;52,8
23110006694000;5;3;2;38,0
23110006695000;7;3;4;67,4
23110006696000;7;5;2;40,0
23110006697000;8;4;4;47,5
23110006698000;25;13;12;43,1
23110006699000;20;10;10;34,8
23110006700000;6;3;3;63,7
23110006703000;8;6;2;44,6
23110006704000;52;26;26;43,8
23110006705000;13;4;9;40,2
23110006741000;3;1;2;0,0
23110006742000;7;6;1;28,0
23110006752000;4;3;1;0,0
23110006753000;4;1;3;0,0
23110006754000;6;4;2;39,8
23110006755000;608;317;291;39,8
23110006756000;366;177;189;28,3
23110006757000;40;24;16;38,2
23110006758000;12;5;7;48,5
23110006759000;40;19;21;40,8
23110006760000;62;34;28;39,5
23110006761000;23;14;9;41,3
23110006762000;2;1;1;0,0
23110006764000;14;6;8;28,1
23110006765000;10;5;5;47,6
23110006767000;1;1;0;0,0
23110006786000;5;3;2;62,2
23110006787000;6;2;4;50,3
23110006788000;14;9;5;31,5
23110006789000;13;7;6;38,8
23110006791000;4;1;3;0,0
23110006794000;5;3;2;38,2
23110006795000;12;6;6;32,9
23110006800000;9;6;3;46,4
23110006939000;26;13;13;35,6
23110006940000;17;8;9;29,5
23110006943000;14;8;6;46,4
23110006944000;7;3;4;53,4
23110006945000;15;7;8;52,3
23110006946000;29;16;13;34,9
23110006972000;34;16;18;51,0
23110006973000;218;93;125;51,0
23110006974000;1;1;0;0,0
23110006984000;5;3;2;25,4
23110006985000;24;13;11;44,4
23110007003000;9;4;5;41,3
23110007020000;1;1;0;0,0
23110007039000;3;2;1;0,0
23110007040000;15;6;9;38,9
23110007043000;14;9;5;32,5
23110007044000;18;9;9;29,7
23110007060000;12;6;6;34,5
23110007061000;17;9;8;45,9
23110007062000;3;2;1;0,0
23110007063000;8;4;4;54,3
23110007064000;24;13;11;49,5
23110007065000;23;12;11;40,5
23110007066000;28;17;11;40,1
23110007067000;10;5;5;27,9
23110007068000;90;40;50;38,5
23110007069000;1178;566;612;41,5
23110007070000;423;204;219;38,3
23110007080000;29;15;14;36,0
23110007081000;5;3;2;44,8
23110007085000;15;7;8;15,5
23110007086000;16;9;7;36,9
23110007087000;132;61;71;40,6
23110007088000;26;13;13;34,5
23110007089000;5;4;1;38,4
23110007090000;5;3;2;30,2
23110007091000;11;6;5;31,8
23110007092000;4;2;2;0,0
23110007106000;5;4;1;23,4
23110007107000;1;1;0;0,0
23110007108000;14;8;6;38,6
23110007130000;5;3;2;57,2
23110007150000;1;1;0;0,0
23110007155000;2;1;1;0,0
23110007159000;4;2;2;0,0
23110007160000;1;0;1;0,0
23110007161000;6;4;2;36,0
23110007162000;8;4;4;45,3
23110007165000;2;1;1;0,0
23110007173000;12;5;7;27,3
23110007205000;2;2;0;0,0
23120006562000;2;1;1;0,0
23120006563000;7;4;3;63,0
23120006564000;4;2;2;0,0
23120006567000;4;1;3;0,0
23120006568000;20;13;7;47,4
23120006569000;110;60;50;40,2
23120006571000;12;4;8;44,8
23120006572000;7;3;4;70,9
23120006576000;1;0;1;0,0
23120006583000;10;4;6;40,6
23120006584000;5;2;3;28,4
23120006585000;5;3;2;45,6
23120006586000;7;5;2;48,1
23120006587000;13;6;7;29,2
23120006588000;5;3;2;18,6
23120006589000;33;16;17;39,7
23120006590000;4;2;2;0,0
23120006592000;14;7;7;36,1
23120006593000;6;4;2;29,2
23120006594000;24;14;10;41,9
23120006595000;25;14;11;44,0
23120006596000;11;7;4;40,1
23120006597000;7;4;3;33,9
23120006598000;22;13;9;28,0
23120006599000;23;13;10;45,0
23120006600000;13;4;9;29,5
23120006635000;7;3;4;66,1
23120006636000;5;2;3;55,2
23120006670000;4;2;2;0,0
23120006673000;13;6;7;50,6
23120006674000;34;18;16;44,6
23120006675000;8;3;5;51,1
23120006676000;23;15;8;48,0
23120006677000;7;5;2;28,6
23120006678000;13;8;5;47,5
23120006679000;27;13;14;46,3
23120006680000;4;2;2;0,0
23120006681000;72;33;39;34,5
23120006682000;27;12;15;34,8
23120006690000;5;2;3;42,2
23120006693000;22;12;10;33,4
23120006694000;31;17;14;46,9
23120006695000;34;18;16;41,1
23120006696000;11;6;5;63,5
23120006698000;46;23;23;36,6
23120006699000;17;12;5;33,5
23120006700000;4;2;2;0,0
23120006701000;20;10;10;60,9
23120006702000;28;12;16;51,2
23120006703000;41;24;17;36,9
23120006704000;28;12;16;51,0
23120006740000;13;7;6;46,1
23120006741000;5;3;2;63,6
23120006752000;56;33;23;38,4
23120006753000;164;94;70;33,8
23120006754000;704;325;379;39,5
23120006755000;371;184;187;36,6
23120006756000;4;2;2;0,0
23120006757000;315;156;159;44,2
23120006758000;69;34;35;38,9
23120006759000;39;21;18;49,6
23120006760000;4;2;2;0,0
23120006780000;7;5;2;55,3
23120006789000;2;1;1;0,0
23120006790000;7;5;2;42,0
23120006795000;1;0;1;0,0
23120006797000;2;2;0;0,0
23120006798000;6;4;2;17,5
23120006904000;9;6;3;50,3
23120006908000;4;2;2;0,0
23120006909000;6;4;2;65,3
23120006941000;24;13;11;39,9
23120006942000;41;21;20;34,7
23120006943000;13;7;6;52,9
23120006947000;26;12;14;37,0
23120006960000;3;2;1;0,0
23120006961000;2;1;1;0,0
23120006962000;1;1;0;0,0
23120006963000;4;2;2;0,0
23120006964000;8;3;5;40,8
23120006966000;3;2;1;0,0
23120006969000;2;1;1;0,0
23120006971000;17;9;8;40,7
23120006972000;127;67;60;39,4
23120006973000;164;83;81;43,5
23120006984000;2;1;1;0,0
23120007002000;3;1;2;0,0
23120007003000;8;5;3;66,5
23120007039000;5;3;2;44,2
23120007040000;16;8;8;41,1
23120007045000;38;20;18;36,3
23120007061000;11;6;5;34,0
23120007062000;3;1;2;0,0
23120007063000;3;2;1;0,0
23120007064000;40;20;20;36,5
23120007065000;16;10;6;49,3
23120007066000;23;13;10;43,9
23120007067000;25;14;11;38,4
23120007068000;117;52;65;34,1
23120007069000;93;44;49;37,4
23120007070000;120;52;68;45,7
23120007071000;23;10;13;34,3
23120007073000;4;1;3;0,0
23120007079000;3;1;2;0,0
23120007080000;32;16;16;37,0
23120007081000;13;5;8;39,7
23120007085000;6;2;4;13,8
23120007086000;20;11;9;44,2
23120007087000;92;47;45;40,2
23120007088000;21;10;11;41,6
23120007089000;18;10;8;41,6
23120007090000;35;16;19;42,9
23120007091000;37;20;17;33,5
23120007092000;39;22;17;43,7
23120007102000;3;2;1;0,0
23120007109000;23;12;11;38,2
23120007131000;2;1;1;0,0
23120007173000;17;8;9;52,8
23120007200000;2;1;1;0,0
23120007209000;8;6;2;29,4
23130006560000;35;19;16;43,3
23130006561000;7;4;3;54,4
23130006562000;2;1;1;0,0
23130006564000;8;5;3;33,8
23130006565000;14;7;7;41,2
23130006567000;13;4;9;41,5
23130006568000;1;1;0;0,0
23130006569000;16;9;7;30,7
23130006570000;12;5;7;44,1
23130006573000;5;1;4;25,2
23130006579000;3;1;2;0,0
23130006583000;15;6;9;35,6
23130006586000;3;2;1;0,0
23130006588000;5;3;2;46,8
23130006589000;13;9;4;38,8
23130006590000;17;10;7;37,6
23130006591000;4;2;2;0,0
23130006592000;8;5;3;46,4
23130006593000;10;6;4;26,5
23130006597000;3;1;2;0,0
23130006598000;1;1;0;0,0
23130006610000;1;0;1;0,0
23130006631000;6;2;4;43,7
23130006632000;5;2;3;36,4
23130006635000;1;1;0;0,0
23130006638000;1;0;1;0,0
23130006639000;11;4;7;54,3
23130006640000;23;11;12;46,7
23130006641000;4;3;1;0,0
23130006663000;6;1;5;46,8
23130006672000;2;1;1;0,0
23130006673000;11;5;6;27,9
23130006674000;16;9;7;32,1
23130006675000;2;1;1;0,0
23130006676000;36;20;16;52,1
23130006677000;31;17;14;39,3
23130006678000;156;84;72;41,2
23130006679000;113;53;60;37,9
23130006680000;39;18;21;48,9
23130006681000;212;102;110;38,6
23130006682000;28;16;12;45,6
23130006683000;44;20;24;35,8
23130006684000;2;1;1;0,0
23130006688000;9;5;4;46,6
23130006689000;15;9;6;45,8
23130006690000;55;29;26;34,2
23130006691000;29;14;15;43,1
23130006692000;11;7;4;39,1
23130006693000;14;7;7;40,8
23130006694000;5;1;4;24,6
23130006698000;4;3;1;0,0
23130006699000;13;8;5;48,4
23130006700000;5;2;3;51,8
23130006701000;2;1;1;0,0
23130006703000;10;6;4;40,3
23130006704000;39;18;21;50,5
23130006705000;45;25;20;41,7
23130006706000;36;20;16;44,0
23130006707000;7;3;4;27,0
23130006708000;5;3;2;66,4
23130006709000;29;16;13;50,8
23130006710000;22;9;13;42,0
23130006738000;2;1;1;0,0
23130006739000;19;10;9;37,6
23130006740000;19;9;10;29,5
23130006750000;6;3;3;46,0
23130006751000;320;150;170;31,0
23130006752000;1198;588;610;39,3
23130006753000;831;376;455;41,9
23130006754000;1033;478;555;48,0
23130006755000;1386;645;741;47,2
23130006756000;982;498;484;40,6
23130006757000;1179;569;610;38,8
23130006758000;5;3;2;76,8
23130006759000;4;2;2;0,0
23130006778000;2;1;1;0,0
23130006902000;1;0;1;0,0
23130006909000;6;3;3;52,5
23130006910000;3;1;2;0,0
23130006913000;1;1;0;0,0
23130006928000;5;3;2;18,0
23130006929000;9;6;3;43,2
23130006931000;4;1;3;0,0
23130006941000;19;11;8;31,9
23130006942000;592;297;295;37,4
23130006943000;526;251;275;43,2
23130006944000;457;219;238;44,4
23130006945000;250;127;123;41,0
23130006947000;21;11;10;44,1
23130006949000;2;1;1;0,0
23130006958000;3;1;2;0,0
23130006964000;6;4;2;52,0
23130006965000;1;1;0;0,0
23130006966000;8;4;4;41,9
23130006967000;14;5;9;41,2
23130006968000;12;7;5;39,8
23130006969000;18;10;8;44,3
23130006970000;37;23;14;42,4
23130006971000;36;19;17;47,5
23130006972000;37;13;24;49,5
23130006973000;8;6;2;39,3
23130007002000;5;4;1;62,6
23130007003000;17;8;9;42,2
23130007037000;6;2;4;33,2
23130007038000;2;1;1;0,0
23130007039000;25;13;12;42,3
23130007040000;45;26;19;42,8
23130007045000;11;6;5;62,4
23130007059000;6;4;2;44,0
23130007062000;9;5;4;33,7
23130007063000;2;1;1;0,0
23130007064000;91;46;45;40,0
23130007065000;67;37;30;40,8
23130007066000;44;23;21;42,4
23130007067000;10;4;6;33,3
23130007068000;48;23;25;38,0
23130007069000;9;3;6;41,1
23130007070000;99;48;51;35,9
23130007071000;60;34;26;39,9
23130007072000;37;21;16;31,3
23130007073000;25;12;13;35,9
23130007074000;13;7;6;39,8
23130007075000;11;7;4;28,5
23130007080000;3;2;1;0,0
23130007081000;24;10;14;36,0
23130007086000;11;8;3;32,6
23130007087000;20;11;9;50,9
23130007088000;30;15;15;44,8
23130007090000;18;7;11;31,6
23130007091000;7;3;4;62,0
23130007092000;117;64;53;40,9
23130007093000;35;19;16;31,7
23130007102000;4;2;2;0,0
23130007103000;20;8;12;32,4
23130007109000;6;5;1;30,3
23130007110000;4;1;3;0,0
23130007117000;1;1;0;0,0
23130007159000;26;13;13;39,6
23130007173000;8;4;4;63,6
23130007202000;3;2;1;0,0
23130007208000;6;3;3;51,7
23140006560000;61;31;30;42,9
23140006561000;15;7;8;27,3
23140006568000;1;1;0;0,0
23140006570000;7;5;2;33,7
23140006571000;4;2;2;0,0
23140006572000;3;1;2;0,0
23140006573000;18;12;6;41,9
23140006582000;1;1;0;0,0
23140006583000;5;4;1;30,0
23140006586000;9;4;5;32,9
23140006587000;16;8;8;31,7
23140006588000;10;6;4;42,6
23140006589000;14;8;6;30,4
23140006590000;5;3;2;21,8
23140006592000;22;10;12;34,0
23140006593000;3;2;1;0,0
23140006594000;1;1;0;0,0
23140006632000;10;5;5;48,3
23140006633000;3;2;1;0,0
23140006635000;1;0;1;0,0
23140006638000;2;1;1;0,0
23140006639000;32;15;17;37,2
23140006641000;17;8;9;45,2
23140006653000;9;5;4;36,6
23140006671000;1;1;0;0,0
23140006672000;22;12;10;39,6
23140006673000;15;9;6;35,7
23140006674000;25;11;14;43,3
23140006675000;25;14;11;49,8
23140006676000;35;16;19;41,9
23140006677000;12;6;6;41,9
23140006678000;19;11;8;45,1
23140006679000;34;18;16;42,7
23140006680000;35;19;16;46,6
23140006681000;7;2;5;30,0
23140006682000;29;13;16;40,9
23140006683000;31;16;15;35,5
23140006685000;15;4;11;53,7
23140006686000;27;12;15;48,5
23140006687000;23;12;11;45,6
23140006688000;98;51;47;38,1
23140006689000;91;47;44;42,3
23140006690000;32;16;16;40,4
23140006691000;38;19;19;48,7
23140006692000;15;10;5;36,6
23140006693000;4;2;2;0,0
23140006694000;2;1;1;0,0
23140006701000;9;4;5;29,7
23140006703000;32;13;19;58,4
23140006704000;66;37;29;36,9
23140006705000;91;48;43;48,1
23140006706000;117;58;59;35,8
23140006707000;74;39;35;40,9
23140006708000;195;106;89;46,8
23140006709000;130;68;62;44,4
23140006710000;39;24;15;42,1
23140006711000;1;0;1;0,0
23140006738000;3;1;2;0,0
23140006747000;72;36;36;42,0
23140006748000;3;2;1;0,0
23140006749000;8;5;3;40,6
23140006750000;64;28;36;45,4
23140006751000;256;131;125;38,0
23140006752000;1649;764;885;38,4
23140006753000;942;445;497;42,0
23140006754000;627;297;330;48,2
23140006755000;628;314;314;40,1
23140006756000;793;370;423;36,5
23140006757000;3;1;2;0,0
23140006789000;9;5;4;34,3
23140006901000;5;4;1;38,4
23140006902000;11;7;4;33,1
23140006926000;3;2;1;0,0
23140006927000;21;12;9;41,7
23140006928000;26;15;11;37,7
23140006929000;11;4;7;44,6
23140006941000;21;10;11;37,1
23140006942000;252;119;133;44,0
23140006943000;1209;574;635;44,7
23140006944000;399;191;208;48,4
23140006948000;6;3;3;37,7
23140006949000;29;17;12;41,0
23140006950000;13;5;8;30,2
23140006956000;2;0;2;0,0
23140006965000;18;9;9;42,3
23140006966000;2;1;1;0,0
23140006967000;10;6;4;52,9
23140006968000;8;4;4;43,3
23140006969000;31;18;13;40,8
23140006970000;10;5;5;44,1
23140006971000;12;7;5;42,4
23140007003000;19;9;10;52,3
23140007033000;1;1;0;0,0
23140007034000;2;1;1;0,0
23140007036000;4;3;1;0,0
23140007039000;2;1;1;0,0
23140007040000;6;1;5;28,2
23140007042000;14;8;6;25,2
23140007045000;15;10;5;47,6
23140007058000;12;7;5;41,5
23140007060000;1;1;0;0,0
23140007061000;8;4;4;30,3
23140007062000;44;27;17;35,7
23140007064000;13;6;7;36,8
23140007065000;36;19;17;27,8
23140007066000;52;24;28;36,9
23140007067000;25;13;12;45,1
23140007068000;14;6;8;52,5
23140007069000;49;27;22;36,9
23140007070000;32;18;14;38,0
23140007071000;38;19;19;49,2
23140007072000;16;8;8;39,9
23140007073000;355;167;188;31,5
23140007074000;16;7;9;30,5
23140007075000;33;13;20;40,1
23140007080000;4;2;2;0,0
23140007087000;17;11;6;34,9
23140007088000;36;18;18;42,0
23140007090000;13;5;8;32,8
23140007092000;7;4;3;31,3
23140007093000;87;44;43;38,0
23140007094000;6;3;3;37,8
23140007095000;2;1;1;0,0
23140007103000;25;10;15;38,6
23140007104000;5;3;2;38,4
23140007107000;23;12;11;44,1
23140007108000;9;4;5;35,4
23140007109000;8;5;3;61,6
23140007110000;62;27;35;43,4
23140007130000;13;8;5;42,8
23140007151000;10;5;5;69,2
23140007152000;12;6;6;38,3
23140007157000;39;18;21;43,0
23140007158000;12;5;7;54,4
23140007173000;5;3;2;54,6
23140007199000;7;4;3;45,7
23140007200000;8;6;2;39,5
23140007202000;2;1;1;0,0
23140007205000;2;1;1;0,0
23140007206000;17;10;7;57,5
23140007208000;12;4;8;45,3
23140007209000;3;2;1;0,0
23150006559000;4;2;2;0,0
23150006560000;5;4;1;42,6
23150006572000;6;4;2;32,2
23150006573000;1;1;0;0,0
23150006583000;2;1;1;0,0
23150006585000;3;1;2;0,0
23150006589000;2;1;1;0,0
23150006591000;5;3;2;55,6
23150006598000;3;2;1;0,0
23150006633000;22;10;12;41,0
23150006634000;24;11;13;26,0
23150006635000;22;9;13;30,8
23150006636000;4;2;2;0,0
23150006637000;7;3;4;46,7
23150006638000;35;16;19;35,0
23150006639000;10;4;6;49,1
23150006648000;2;1;1;0,0
23150006656000;10;5;5;44,4
23150006657000;3;1;2;0,0
23150006662000;2;1;1;0,0
23150006672000;4;2;2;0,0
23150006676000;18;8;10;44,2
23150006677000;14;8;6;29,7
23150006678000;21;12;9;51,9
23150006679000;56;29;27;43,8
23150006680000;41;21;20;41,1
23150006681000;17;10;7;44,6
23150006682000;18;11;7;47,8
23150006683000;22;10;12;37,2
23150006684000;484;203;281;47,7
23150006685000;77;39;38;38,8
23150006686000;30;15;15;38,2
23150006687000;27;15;12;49,3
23150006688000;36;20;16;33,8
23150006689000;26;12;14;43,3
23150006690000;18;5;13;38,9
23150006691000;25;9;16;47,5
23150006692000;32;20;12;48,1
23150006693000;7;5;2;59,9
23150006694000;2;1;1;0,0
23150006698000;3;2;1;0,0
23150006700000;22;11;11;38,4
23150006701000;61;28;33;43,7
23150006702000;110;51;59;36,2
23150006703000;196;78;118;55,0
23150006704000;90;49;41;45,7
23150006705000;43;21;22;40,9
23150006706000;25;15;10;37,3
23150006707000;57;30;27;34,5
23150006708000;75;38;37;47,1
23150006709000;44;27;17;44,9
23150006710000;4;2;2;0,0
23150006745000;3;1;2;0,0
23150006746000;28;14;14;41,9
23150006747000;33;16;17;40,5
23150006748000;48;27;21;40,6
23150006749000;46;22;24;39,7
23150006750000;31;18;13;40,5
23150006751000;1;0;1;0,0
23150006755000;41;20;21;38,7
23150006756000;398;188;210;37,6
23150006757000;27;14;13;38,6
23150006758000;5;3;2;46,0
23150006761000;28;16;12;39,5
23150006762000;27;14;13;42,0
23150006763000;2;1;1;0,0
23150006781000;2;1;1;0,0
23150006789000;5;2;3;69,8
23150006901000;3;1;2;0,0
23150006926000;2;1;1;0,0
23150006928000;2;1;1;0,0
23150006939000;3;1;2;0,0
23150006940000;14;4;10;39,1
23150006941000;10;4;6;50,6
23150006942000;5;3;2;43,6
23150006943000;77;21;56;73,8
23150006944000;11;4;7;32,1
23150006946000;1;1;0;0,0
23150006949000;1;1;0;0,0
23150006950000;8;4;4;51,1
23150006954000;8;3;5;37,0
23150006955000;13;8;5;38,8
23150006969000;6;4;2;52,8
23150007001000;4;2;2;0,0
23150007002000;9;6;3;60,0
23150007003000;1;1;0;0,0
23150007041000;1;1;0;0,0
23150007042000;8;4;4;39,3
23150007044000;14;8;6;28,6
23150007045000;13;9;4;41,8
23150007059000;24;12;12;38,8
23150007060000;14;6;8;36,4
23150007061000;38;17;21;35,8
23150007062000;105;54;51;43,7
23150007070000;31;17;14;44,2
23150007071000;361;193;168;34,2
23150007072000;38;20;18;30,4
23150007073000;389;187;202;40,2
23150007074000;305;145;160;37,4
23150007075000;458;225;233;33,2
23150007087000;76;39;37;43,1
23150007088000;136;61;75;36,7
23150007089000;3;1;2;0,0
23150007090000;2;1;1;0,0
23150007091000;3;1;2;0,0
23150007093000;7;5;2;50,7
23150007094000;13;4;9;31,2
23150007095000;11;5;6;30,2
23150007096000;6;4;2;38,5
23150007104000;16;8;8;39,5
23150007105000;12;6;6;50,6
23150007106000;1;0;1;0,0
23150007107000;5;2;3;72,4
23150007108000;60;32;28;51,8
23150007109000;460;239;221;44,4
23150007110000;524;263;261;43,6
23150007111000;54;24;30;43,8
23150007112000;1;1;0;0,0
23150007113000;9;5;4;24,1
23150007118000;4;1;3;0,0
23150007123000;16;7;9;45,4
23150007124000;7;4;3;46,7
23150007125000;9;5;4;35,3
23150007126000;10;6;4;41,5
23150007127000;7;4;3;45,6
23150007128000;17;9;8;28,9
23150007130000;19;12;7;33,8
23150007131000;9;5;4;50,4
23150007132000;5;3;2;61,4
23150007133000;17;9;8;48,4
23150007134000;11;4;7;53,0
23150007152000;14;8;6;51,8
23150007157000;73;33;40;46,1
23150007158000;3;0;3;0,0
23150007166000;1;1;0;0,0
23150007171000;10;7;3;44,9
23150007172000;9;5;4;46,9
23150007197000;5;2;3;28,6
23150007198000;22;13;9;42,5
23150007199000;3;1;2;0,0
23150007200000;32;15;17;32,1
23150007201000;4;3;1;0,0
23150007202000;7;3;4;14,4
23150007203000;8;5;3;26,0
23150007205000;5;2;3;18,6
23150007207000;3;2;1;0,0
23150007210000;2;1;1;0,0
23150007211000;11;4;7;50,1
23160006573000;4;3;1;0,0
23160006576000;3;2;1;0,0
23160006633000;22;11;11;41,0
23160006634000;104;54;50;39,4
23160006635000;60;36;24;45,2
23160006636000;182;92;90;45,4
23160006637000;22;12;10;61,9
23160006638000;30;13;17;37,7
23160006639000;15;10;5;52,9
23160006654000;9;2;7;41,1
23160006662000;2;1;1;0,0
23160006672000;3;2;1;0,0
23160006677000;1;1;0;0,0
23160006679000;9;5;4;45,9
23160006680000;10;5;5;51,1
23160006681000;11;3;8;42,2
23160006682000;619;312;307;42,8
23160006683000;593;282;311;43,2
23160006684000;531;247;284;47,6
23160006685000;92;41;51;43,4
23160006686000;3;3;0;0,0
23160006688000;27;14;13;45,4
23160006689000;17;6;11;36,1
23160006690000;19;10;9;27,6
23160006697000;3;2;1;0,0
23160006698000;20;10;10;45,0
23160006699000;25;14;11;46,4
23160006700000;34;16;18;38,9
23160006701000;25;13;12;48,3
23160006702000;32;18;14;47,9
23160006703000;35;14;21;40,2
23160006704000;15;7;8;44,6
23160006705000;5;2;3;41,6
23160006746000;36;18;18;38,3
23160006747000;67;33;34;36,2
23160006748000;183;95;88;41,9
23160006749000;58;30;28;44,1
23160006750000;2;1;1;0,0
23160006755000;7;4;3;27,9
23160006756000;3;1;2;0,0
23160006757000;157;84;73;37,8
23160006758000;237;136;101;35,8
23160006759000;5;2;3;59,8
23160006760000;14;8;6;53,4
23160006761000;81;45;36;32,8
23160006762000;50;26;24;42,5
23160006763000;3;1;2;0,0
23160006764000;36;18;18;38,3
23160006776000;4;3;1;0,0
23160006777000;7;4;3;52,4
23160006780000;3;3;0;0,0
23160006781000;3;2;1;0,0
23160006901000;6;4;2;29,0
23160006902000;19;12;7;66,2
23160006905000;1;1;0;0,0
23160006918000;5;2;3;46,6
23160006939000;8;4;4;57,9
23160006940000;7;3;4;37,4
23160006941000;9;6;3;37,3
23160006945000;9;4;5;35,3
23160006949000;3;2;1;0,0
23160006950000;3;2;1;0,0
23160006952000;11;7;4;52,2
23160006953000;5;3;2;64,6
23160006954000;127;54;73;43,6
23160007002000;1;1;0;0,0
23160007015000;1;1;0;0,0
23160007033000;3;1;2;0,0
23160007041000;7;5;2;32,1
23160007042000;4;2;2;0,0
23160007044000;2;1;1;0,0
23160007045000;7;4;3;36,4
23160007046000;6;3;3;37,0
23160007059000;4;3;1;0,0
23160007060000;8;4;4;33,3
23160007061000;17;8;9;39,9
23160007062000;11;6;5;38,5
23160007068000;12;4;8;43,5
23160007069000;7;5;2;51,9
23160007070000;5;4;1;26,0
23160007071000;852;447;405;32,4
23160007072000;485;231;254;41,2
23160007073000;127;46;81;45,7
23160007074000;1502;744;758;41,7
23160007075000;728;337;391;41,1
23160007076000;27;11;16;43,6
23160007087000;49;25;24;47,4
23160007088000;191;108;83;35,6
23160007089000;50;25;25;40,2
23160007090000;14;7;7;40,3
23160007091000;20;11;9;38,1
23160007092000;10;4;6;28,6
23160007094000;33;18;15;35,8
23160007105000;13;5;8;39,5
23160007106000;7;4;3;56,1
23160007107000;9;4;5;42,8
23160007108000;34;18;16;37,1
23160007109000;32;17;15;34,5
23160007110000;44;22;22;46,3
23160007111000;147;77;70;44,0
23160007112000;151;79;72;40,2
23160007113000;17;10;7;55,6
23160007117000;5;3;2;57,6
23160007118000;21;10;11;37,1
23160007122000;38;22;16;43,3
23160007123000;68;32;36;42,5
23160007124000;12;7;5;44,3
23160007126000;92;48;44;42,1
23160007127000;224;99;125;53,6
23160007128000;32;16;16;42,0
23160007129000;49;25;24;34,5
23160007130000;12;6;6;42,7
23160007132000;14;8;6;35,4
23160007134000;2;1;1;0,0
23160007135000;19;12;7;42,0
23160007136000;5;2;3;54,4
23160007137000;1;1;0;0,0
23160007148000;18;9;9;32,4
23160007149000;10;6;4;46,2
23160007150000;28;15;13;55,9
23160007151000;1;0;1;0,0
23160007152000;4;2;2;0,0
23160007153000;1;1;0;0,0
23160007166000;17;7;10;37,0
23160007171000;1;0;1;0,0
23160007197000;9;5;4;31,2
23160007198000;7;6;1;29,7
23160007199000;20;13;7;30,9
23160007203000;1;1;0;0,0
23160007204000;5;4;1;70,8
23160007205000;4;2;2;0,0
23160007211000;3;2;1;0,0
23170006573000;6;2;4;49,7
23170006574000;2;1;1;0,0
23170006648000;1;1;0;0,0
23170006649000;6;4;2;49,3
23170006654000;12;7;5;64,6
23170006655000;2;1;1;0,0
23170006660000;8;5;3;25,4
23170006661000;6;2;4;23,2
23170006679000;2;1;1;0,0
23170006682000;28;16;12;42,6
23170006683000;85;44;41;41,1
23170006684000;104;51;53;44,3
23170006685000;23;7;16;36,4
23170006686000;16;7;9;43,3
23170006689000;2;2;0;0,0
23170006690000;13;6;7;51,3
23170006697000;26;13;13;59,4
23170006698000;144;75;69;40,5
23170006699000;38;18;20;44,8
23170006700000;14;9;5;40,2
23170006701000;10;6;4;41,7
23170006703000;1;1;0;0,0
23170006745000;4;2;2;0,0
23170006746000;12;6;6;38,5
23170006747000;232;116;116;42,4
23170006748000;114;63;51;39,2
23170006749000;26;11;15;37,9
23170006758000;82;46;36;34,6
23170006759000;52;24;28;40,7
23170006760000;48;21;27;40,5
23170006761000;3;2;1;0,0
23170006763000;11;5;6;43,5
23170006774000;1;1;0;0,0
23170006780000;1;1;0;0,0
23170006813000;1;1;0;0,0
23170006901000;4;2;2;0,0
23170006902000;5;3;2;67,2
23170006917000;2;1;1;0,0
23170006918000;14;8;6;41,9
23170006919000;1;1;0;0,0
23170006938000;12;5;7;33,7
23170006950000;5;3;2;43,4
23170006953000;14;8;6;49,2
23170006954000;82;41;41;45,1
23170007033000;2;1;1;0,0
23170007041000;17;9;8;43,4
23170007042000;7;4;3;45,0
23170007044000;4;2;2;0,0
23170007045000;5;4;1;39,0
23170007046000;2;1;1;0,0
23170007060000;11;6;5;30,9
23170007061000;18;6;12;29,4
23170007062000;2;1;1;0,0
23170007069000;7;4;3;42,1
23170007070000;23;12;11;42,7
23170007071000;185;89;96;35,4
23170007072000;96;48;48;41,9
23170007073000;1979;948;1031;40,1
23170007074000;1117;523;594;49,4
23170007087000;245;113;132;47,8
23170007088000;374;174;200;38,1
23170007089000;48;25;23;42,9
23170007090000;32;17;15;33,5
23170007092000;43;18;25;46,0
23170007093000;39;21;18;43,4
23170007094000;19;10;9;39,7
23170007096000;7;2;5;38,4
23170007097000;15;7;8;31,0
23170007105000;1;0;1;0,0
23170007108000;2;1;1;0,0
23170007109000;13;5;8;41,8
23170007110000;4;2;2;0,0
23170007111000;13;6;7;40,5
23170007112000;22;8;14;38,2
23170007113000;14;7;7;29,6
23170007117000;22;13;9;33,3
23170007118000;13;8;5;32,1
23170007120000;1;0;1;0,0
23170007121000;14;7;7;41,7
23170007122000;39;23;16;37,8
23170007123000;19;11;8;43,4
23170007124000;24;15;9;47,2
23170007125000;3;2;1;0,0
23170007126000;46;23;23;42,3
23170007127000;35;17;18;45,8
23170007129000;26;16;10;31,2
23170007130000;2;1;1;0,0
23170007136000;105;52;53;40,9
23170007137000;5;4;1;52,2
23170007138000;5;3;2;40,6
23170007149000;2;1;1;0,0
23170007150000;4;2;2;0,0
23170007166000;24;16;8;31,8
23170007167000;10;6;4;35,9
23170007173000;17;7;10;37,1
23170007183000;48;23;25;42,6
23170007197000;6;2;4;43,8
23170007198000;1;0;1;0,0
23170007202000;5;3;2;20,2
23170007203000;8;5;3;36,3
23180006573000;6;3;3;55,2
23180006625000;7;4;3;44,0
23180006626000;22;14;8;44,0
23180006630000;2;1;1;0,0
23180006640000;2;2;0;0,0
23180006649000;7;2;5;34,3
23180006650000;6;2;4;41,7
23180006652000;2;1;1;0,0
23180006655000;2;1;1;0,0
23180006657000;2;1;1;0,0
23180006667000;6;3;3;59,8
23180006681000;8;4;4;42,8
23180006682000;80;40;40;46,7
23180006683000;17;8;9;51,7
23180006684000;10;4;6;55,2
23180006685000;39;22;17;36,6
23180006688000;2;0;2;0,0
23180006689000;6;5;1;36,0
23180006693000;12;6;6;36,8
23180006694000;29;17;12;58,9
23180006695000;12;6;6;31,3
23180006696000;5;3;2;58,0
23180006697000;18;9;9;42,2
23180006698000;27;14;13;53,7
23180006699000;6;4;2;36,0
23180006745000;28;16;12;38,8
23180006746000;45;25;20;45,7
23180006747000;21;13;8;32,2
23180006748000;57;28;29;34,3
23180006749000;56;32;24;43,0
23180006750000;4;1;3;0,0
23180006753000;1;0;1;0,0
23180006758000;52;26;26;41,6
23180006759000;37;20;17;38,4
23180006760000;35;22;13;40,3
23180006761000;55;27;28;42,4
23180006762000;3;1;2;0,0
23180006763000;14;7;7;50,7
23180006764000;32;19;13;41,6
23180006765000;6;4;2;46,7
23180006937000;1;1;0;0,0
23180006945000;3;1;2;0,0
23180006948000;2;1;1;0,0
23180006954000;16;7;9;46,9
23180006955000;2;1;1;0,0
23180006999000;10;6;4;43,6
23180007041000;48;25;23;38,6
23180007042000;30;15;15;27,9
23180007044000;6;3;3;29,8
23180007045000;30;17;13;33,8
23180007046000;58;30;28;35,6
23180007059000;9;4;5;56,0
23180007060000;6;4;2;60,3
23180007069000;8;3;5;40,5
23180007070000;19;8;11;30,2
23180007071000;26;16;10;37,5
23180007072000;96;48;48;45,6
23180007073000;930;466;464;36,5
23180007074000;552;259;293;38,4
23180007075000;1;1;0;0,0
23180007084000;3;1;2;0,0
23180007085000;9;5;4;50,4
23180007086000;46;21;25;32,8
23180007087000;232;116;116;44,8
23180007088000;383;175;208;51,1
23180007089000;88;44;44;52,0
23180007090000;29;14;15;34,3
23180007091000;7;4;3;51,1
23180007092000;8;5;3;39,8
23180007093000;29;16;13;33,8
23180007094000;12;5;7;37,5
23180007095000;21;11;10;34,2
23180007096000;7;5;2;18,4
23180007097000;26;14;12;29,5
23180007098000;47;26;21;37,9
23180007099000;8;4;4;40,9
23180007106000;13;7;6;66,5
23180007109000;2;1;1;0,0
23180007110000;7;5;2;36,4
23180007111000;4;2;2;0,0
23180007113000;15;9;6;42,9
23180007117000;11;8;3;45,6
23180007118000;17;11;6;45,7
23180007119000;6;4;2;57,5
23180007120000;16;7;9;31,8
23180007121000;21;12;9;26,9
23180007122000;11;5;6;28,4
23180007123000;8;4;4;46,6
23180007124000;27;16;11;54,6
23180007129000;13;7;6;44,3
23180007130000;15;7;8;51,2
23180007138000;6;4;2;61,8
23180007142000;6;3;3;20,0
23180007143000;12;6;6;20,1
23180007155000;2;1;1;0,0
23180007156000;1;1;0;0,0
23180007159000;13;6;7;66,2
23180007165000;3;1;2;0,0
23180007166000;2;1;1;0,0
23180007167000;2;2;0;0,0
23180007168000;3;2;1;0,0
23180007174000;19;10;9;39,0
23180007175000;3;2;1;0,0
23180007176000;1;0;1;0,0
23180007177000;8;4;4;37,6
23180007183000;56;28;28;44,3
23180007184000;15;10;5;40,3
23180007196000;14;6;8;50,0
23180007197000;17;8;9;49,4
23180007202000;2;1;1;0,0
23180007203000;2;1;1;0,0
23180007205000;26;17;9;41,2
23180007206000;5;1;4;18,6
23180007208000;7;5;2;63,9
23180007211000;1;1;0;0,0
23190006620000;3;2;1;0,0
23190006623000;10;7;3;22,3
23190006624000;65;33;32;42,3
23190006625000;18;11;7;40,5
23190006631000;3;2;1;0,0
23190006636000;3;2;1;0,0
23190006640000;3;1;2;0,0
23190006651000;2;1;1;0,0
23190006654000;3;0;3;0,0
23190006655000;2;1;1;0,0
23190006658000;6;2;4;22,8
23190006667000;18;10;8;55,4
23190006668000;7;2;5;35,0
23190006681000;19;12;7;48,7
23190006682000;25;11;14;41,4
23190006683000;8;5;3;44,8
23190006688000;17;9;8;46,5
23190006689000;2;1;1;0,0
23190006690000;5;4;1;39,0
23190006691000;18;8;10;44,6
23190006692000;42;22;20;43,1
23190006693000;14;8;6;39,0
23190006694000;13;8;5;48,8
23190006695000;16;7;9;63,7
23190006744000;21;10;11;39,8
23190006745000;7;3;4;49,3
23190006746000;32;18;14;37,6
23190006747000;3;3;0;0,0
23190006748000;24;13;11;46,3
23190006749000;50;24;26;48,5
23190006754000;5;3;2;56,0
23190006755000;16;10;6;44,1
23190006758000;37;18;19;36,2
23190006759000;68;33;35;39,4
23190006760000;71;40;31;37,8
23190006761000;70;33;37;37,2
23190006762000;4;2;2;0,0
23190006763000;57;27;30;42,2
23190006764000;6;2;4;43,5
23190006773000;6;0;6;24,0
23190006807000;2;2;0;0,0
23190006810000;3;2;1;0,0
23190006812000;3;2;1;0,0
23190006936000;12;7;5;52,7
23190006945000;6;2;4;40,0
23190006946000;3;2;1;0,0
23190006954000;2;1;1;0,0
23190006956000;4;2;2;0,0
23190006999000;12;7;5;42,8
23190007041000;9;6;3;44,0
23190007042000;15;9;6;43,8
23190007045000;32;18;14;39,2
23190007046000;1;1;0;0,0
23190007047000;10;6;4;30,1
23190007048000;6;4;2;45,2
23190007059000;6;3;3;28,0
23190007060000;1;1;0;0,0
23190007069000;15;7;8;35,5
23190007070000;22;12;10;36,6
23190007071000;18;10;8;38,9
23190007072000;36;20;16;43,2
23190007073000;53;29;24;33,6
23190007074000;99;54;45;39,2
23190007075000;21;12;9;45,3
23190007076000;11;7;4;48,3
23190007084000;17;8;9;54,0
23190007085000;10;3;7;47,0
23190007086000;23;16;7;49,8
23190007090000;8;4;4;42,6
23190007091000;25;12;13;48,1
23190007092000;13;6;7;27,5
23190007093000;23;9;14;32,5
23190007094000;18;6;12;34,7
23190007095000;19;11;8;46,6
23190007096000;24;12;12;49,4
23190007097000;107;51;56;34,1
23190007098000;222;107;115;37,1
23190007106000;14;7;7;43,9
23190007108000;3;1;2;0,0
23190007109000;6;4;2;39,5
23190007110000;17;9;8;38,6
23190007111000;1;1;0;0,0
23190007113000;16;10;6;35,7
23190007115000;21;7;14;30,2
23190007116000;6;2;4;35,7
23190007117000;35;18;17;53,1
23190007118000;20;12;8;48,8
23190007119000;9;4;5;45,7
23190007120000;10;5;5;57,7
23190007124000;2;1;1;0,0
23190007130000;11;5;6;44,5
23190007139000;7;2;5;30,0
23190007140000;3;2;1;0,0
23190007159000;20;9;11;36,5
23190007166000;18;9;9;32,8
23190007167000;5;3;2;69,4
23190007168000;18;9;9;50,0
23190007172000;4;2;2;0,0
23190007173000;5;3;2;65,2
23190007175000;16;9;7;51,8
23190007176000;13;9;4;22,4
23190007183000;2;1;1;0,0
23190007184000;2;1;1;0,0
23190007196000;19;12;7;36,2
23190007197000;9;7;2;35,0
23190007198000;12;6;6;30,9
23190007204000;12;8;4;37,9
23190007205000;16;8;8;51,4
23190007206000;1;1;0;0,0
23200006620000;3;2;1;0,0
23200006622000;1;1;0;0,0
23200006623000;12;6;6;49,2
23200006624000;24;14;10;40,0
23200006625000;21;12;9;41,5
23200006626000;35;17;18;35,5
23200006627000;160;67;93;45,0
23200006628000;3;2;1;0,0
23200006629000;3;2;1;0,0
23200006631000;1;1;0;0,0
23200006641000;10;5;5;34,2
23200006643000;1;1;0;0,0
23200006654000;8;4;4;55,3
23200006658000;1;1;0;0,0
23200006668000;8;5;3;60,5
23200006669000;23;8;15;42,1
23200006679000;4;1;3;0,0
23200006680000;14;7;7;45,4
23200006681000;31;17;14;47,9
23200006682000;30;16;14;31,3
23200006683000;16;7;9;54,1
23200006684000;17;11;6;44,2
23200006685000;19;8;11;44,2
23200006686000;14;6;8;35,2
23200006687000;10;6;4;43,2
23200006688000;5;5;0;41,8
23200006689000;30;18;12;48,5
23200006690000;24;11;13;39,5
23200006691000;9;5;4;44,3
23200006692000;2;1;1;0,0
23200006695000;3;2;1;0,0
23200006698000;4;3;1;0,0
23200006740000;20;7;13;33,9
23200006741000;11;6;5;33,1
23200006742000;17;8;9;34,4
23200006743000;43;22;21;38,8
23200006744000;14;8;6;47,8
23200006745000;112;57;55;37,1
23200006746000;44;21;23;39,6
23200006747000;8;5;3;39,0
23200006755000;7;3;4;37,7
23200006758000;5;3;2;44,4
23200006759000;19;11;8;28,0
23200006761000;4;2;2;0,0
23200006762000;35;15;20;42,2
23200006763000;9;5;4;27,6
23200006764000;19;8;11;40,8
23200006765000;26;13;13;44,3
23200006766000;9;6;3;47,8
23200006767000;2;1;1;0,0
23200006769000;4;1;3;0,0
23200006771000;1;0;1;0,0
23200006807000;1;1;0;0,0
23200006808000;4;1;3;0,0
23200006945000;8;3;5;35,3
23200006946000;16;8;8;52,9
23200006953000;12;7;5;51,2
23200006955000;1;1;0;0,0
23200006956000;4;1;3;0,0
23200006996000;5;3;2;27,4
23200006997000;36;21;15;37,9
23200007041000;17;9;8;38,1
23200007042000;10;6;4;52,3
23200007045000;8;5;3;44,4
23200007048000;3;2;1;0,0
23200007069000;5;3;2;22,6
23200007070000;28;16;12;42,0
23200007071000;49;26;23;34,1
23200007072000;46;25;21;31,3
23200007073000;28;16;12;30,1
23200007074000;14;9;5;39,9
23200007075000;69;32;37;48,3
23200007076000;33;15;18;29,6
23200007084000;12;7;5;40,1
23200007085000;8;5;3;45,8
23200007093000;10;8;2;53,6
23200007094000;18;9;9;33,7
23200007095000;13;7;6;43,5
23200007096000;65;35;30;37,2
23200007097000;238;112;126;39,4
23200007098000;14;6;8;47,1
23200007106000;94;49;45;38,2
23200007108000;5;2;3;21,0
23200007109000;21;11;10;43,6
23200007110000;21;10;11;40,5
23200007111000;18;11;7;30,3
23200007112000;4;2;2;0,0
23200007114000;6;3;3;44,3
23200007115000;38;21;17;42,6
23200007116000;39;20;19;41,8
23200007117000;6;4;2;16,8
23200007130000;6;3;3;42,7
23200007139000;3;2;1;0,0
23200007140000;16;8;8;47,8
23200007159000;19;8;11;59,0
23200007160000;9;3;6;46,4
23200007162000;12;5;7;56,3
23200007163000;37;19;18;34,2
23200007164000;2;1;1;0,0
23200007167000;16;9;7;47,5
23200007168000;8;4;4;57,0
23200007169000;8;6;2;31,6
23200007173000;19;13;6;45,1
23200007175000;2;1;1;0,0
23200007185000;13;7;6;51,5
23200007194000;3;1;2;0,0
23200007195000;11;5;6;51,8
23200007196000;11;4;7;28,8
23200007197000;211;98;113;30,3
23200007198000;450;234;216;31,9
23200007204000;8;2;6;38,4
23200007205000;2;1;1;0,0
23210006618000;3;2;1;0,0
23210006624000;1;0;1;0,0
23210006625000;3;2;1;0,0
23210006626000;17;10;7;40,1
23210006627000;101;56;45;43,4
23210006628000;79;42;37;53,3
23210006629000;36;16;20;46,5
23210006630000;22;14;8;40,9
23210006631000;5;3;2;48,4
23210006639000;8;5;3;52,6
23210006641000;2;1;1;0,0
23210006648000;2;1;1;0,0
23210006649000;5;4;1;62,0
23210006658000;2;1;1;0,0
23210006663000;8;6;2;44,8
23210006668000;2;1;1;0,0
23210006679000;12;8;4;48,0
23210006680000;31;14;17;40,7
23210006681000;26;12;14;44,3
23210006682000;23;11;12;47,4
23210006683000;17;11;6;45,9
23210006684000;9;4;5;40,1
23210006685000;3;3;0;0,0
23210006686000;191;92;99;36,3
23210006687000;42;18;24;44,7
23210006688000;33;17;16;44,5
23210006690000;2;1;1;0,0
23210006698000;2;1;1;0,0
23210006737000;8;6;2;34,3
23210006738000;3;2;1;0,0
23210006739000;2;1;1;0,0
23210006741000;2;1;1;0,0
23210006742000;2;1;1;0,0
23210006743000;2;0;2;0,0
23210006744000;4;3;1;0,0
23210006745000;98;45;53;37,1
23210006746000;62;32;30;37,7
23210006747000;49;26;23;47,4
23210006748000;59;29;30;37,0
23210006749000;16;10;6;42,8
23210006750000;4;2;2;0,0
23210006759000;40;22;18;36,4
23210006760000;7;3;4;51,1
23210006761000;8;4;4;51,5
23210006763000;12;8;4;17,6
23210006764000;4;1;3;0,0
23210006766000;27;12;15;35,8
23210006767000;42;23;19;38,2
23210006768000;19;10;9;43,5
23210006769000;9;4;5;23,4
23210006771000;5;2;3;64,8
23210006804000;1;1;0;0,0
23210006806000;2;1;1;0,0
23210006899000;3;2;1;0,0
23210006929000;1;1;0;0,0
23210006944000;4;2;2;0,0
23210006945000;5;3;2;72,2
23210006951000;1;0;1;0,0
23210006952000;6;4;2;33,7
23210006953000;4;1;3;0,0
23210006955000;10;4;6;44,2
23210006996000;39;16;23;47,7
23210006997000;17;7;10;42,1
23210007041000;43;21;22;37,0
23210007043000;10;7;3;40,3
23210007044000;3;2;1;0,0
23210007045000;4;3;1;0,0
23210007046000;4;3;1;0,0
23210007068000;11;6;5;48,3
23210007069000;2;1;1;0,0
23210007070000;12;6;6;46,5
23210007071000;52;27;25;39,8
23210007072000;55;30;25;31,1
23210007073000;11;4;7;37,4
23210007074000;166;91;75;42,7
23210007075000;34;20;14;43,1
23210007076000;5;3;2;44,8
23210007084000;38;18;20;45,2
23210007085000;8;6;2;37,8
23210007086000;6;3;3;25,5
23210007087000;25;12;13;40,4
23210007088000;12;6;6;39,5
23210007090000;10;5;5;46,5
23210007091000;10;6;4;51,4
23210007092000;12;5;7;40,8
23210007095000;3;3;0;0,0
23210007096000;42;21;21;38,7
23210007098000;28;13;15;47,5
23210007099000;28;13;15;42,1
23210007106000;28;15;13;39,2
23210007107000;19;9;10;31,6
23210007110000;14;10;4;27,1
23210007111000;18;8;10;26,3
23210007112000;7;3;4;35,9
23210007114000;23;11;12;32,4
23210007115000;3;1;2;0,0
23210007116000;33;16;17;35,5
23210007130000;10;7;3;31,4
23210007142000;9;5;4;59,1
23210007158000;2;2;0;0,0
23210007159000;35;17;18;39,8
23210007160000;24;10;14;54,0
23210007161000;15;8;7;28,8
23210007162000;51;28;23;37,3
23210007163000;7;4;3;31,4
23210007164000;20;10;10;46,5
23210007165000;2;1;1;0,0
23210007166000;7;4;3;33,1
23210007167000;12;7;5;43,4
23210007168000;16;9;7;29,3
23210007171000;2;1;1;0,0
23210007172000;20;9;11;33,6
23210007173000;8;5;3;62,5
23210007174000;43;22;21;33,2
23210007175000;85;36;49;53,1
23210007193000;2;1;1;0,0
23210007196000;10;6;4;34,5
23210007197000;183;93;90;36,3
23210007198000;1309;669;640;43,8
23210007199000;611;298;313;34,6
23210007200000;9;7;2;40,8
23210007201000;1;1;0;0,0
23210007204000;9;6;3;44,6
23210007205000;10;7;3;25,5
23210007206000;2;1;1;0,0
23220006616000;3;2;1;0,0
23220006624000;3;2;1;0,0
23220006643000;7;5;2;46,9
23220006644000;2;1;1;0,0
23220006667000;3;1;2;0,0
23220006668000;20;10;10;61,2
23220006677000;1;1;0;0,0
23220006678000;3;3;0;0,0
23220006679000;7;5;2;31,4
23220006680000;266;141;125;37,0
23220006681000;46;25;21;33,0
23220006682000;48;28;20;41,5
23220006683000;15;5;10;36,6
23220006685000;3;3;0;0,0
23220006686000;28;13;15;46,6
23220006687000;4;2;2;0,0
23220006688000;13;6;7;55,0
23220006689000;1;1;0;0,0
23220006690000;1;1;0;0,0
23220006734000;13;7;6;51,8
23220006735000;10;3;7;33,1
23220006736000;11;6;5;58,5
23220006737000;9;7;2;55,1
23220006738000;24;6;18;36,6
23220006739000;5;3;2;70,6
23220006740000;2;1;1;0,0
23220006744000;11;6;5;52,8
23220006745000;28;14;14;40,8
23220006746000;9;7;2;40,9
23220006747000;2;1;1;0,0
23220006748000;8;4;4;52,3
23220006749000;6;4;2;44,0
23220006750000;1;0;1;0,0
23220006759000;39;19;20;43,8
23220006760000;98;32;66;54,3
23220006761000;52;28;24;51,9
23220006762000;3;1;2;0,0
23220006763000;7;3;4;54,6
23220006764000;17;7;10;31,2
23220006767000;4;1;3;0,0
23220006768000;2;1;1;0,0
23220006770000;8;4;4;47,8
23220006772000;4;2;2;0,0
23220006773000;8;4;4;48,8
23220006774000;3;2;1;0,0
23220006794000;2;1;1;0,0
23220006805000;2;1;1;0,0
23220006806000;13;7;6;51,8
23220006915000;16;7;9;44,9
23220006917000;1;0;1;0,0
23220006935000;22;13;9;49,0
23220006941000;2;1;1;0,0
23220006945000;1;1;0;0,0
23220006946000;3;1;2;0,0
23220006951000;3;1;2;0,0
23220006952000;14;6;8;39,4
23220006953000;13;6;7;46,2
23220006955000;2;1;1;0,0
23220007041000;9;6;3;37,4
23220007045000;8;4;4;39,6
23220007046000;10;4;6;50,4
23220007047000;2;2;0;0,0
23220007068000;11;7;4;40,3
23220007071000;4;2;2;0,0
23220007072000;8;4;4;52,6
23220007073000;32;16;16;38,5
23220007074000;129;61;68;41,2
23220007075000;110;54;56;35,1
23220007076000;57;31;26;45,5
23220007077000;6;5;1;37,0
23220007084000;355;180;175;39,6
23220007085000;52;24;28;39,8
23220007086000;122;66;56;31,7
23220007087000;47;24;23;34,5
23220007088000;24;12;12;34,9
23220007089000;7;5;2;54,7
23220007090000;6;3;3;65,8
23220007091000;2;1;1;0,0
23220007092000;41;22;19;25,8
23220007093000;24;14;10;41,3
23220007094000;19;11;8;40,6
23220007095000;7;4;3;52,6
23220007096000;23;13;10;34,2
23220007097000;11;5;6;39,4
23220007098000;30;15;15;44,3
23220007099000;13;9;4;59,8
23220007105000;15;8;7;47,3
23220007106000;22;9;13;39,4
23220007110000;7;3;4;42,6
23220007111000;26;10;16;41,3
23220007112000;40;27;13;32,5
23220007114000;36;20;16;39,8
23220007120000;3;2;1;0,0
23220007130000;1;0;1;0,0
23220007142000;23;11;12;43,1
23220007143000;1;0;1;0,0
23220007157000;19;8;11;45,4
23220007158000;1;0;1;0,0
23220007159000;31;14;17;48,8
23220007160000;27;13;14;31,1
23220007161000;14;7;7;44,4
23220007162000;15;6;9;38,7
23220007166000;5;2;3;31,6
23220007171000;3;2;1;0,0
23220007172000;27;11;16;28,0
23220007173000;10;6;4;34,0
23220007175000;9;4;5;60,7
23220007177000;3;2;1;0,0
23220007178000;1;1;0;0,0
23220007185000;12;7;5;44,8
23220007186000;1;0;1;0,0
23220007193000;3;1;2;0,0
23220007194000;5;4;1;48,6
23220007196000;16;8;8;32,4
23220007197000;13;8;5;32,8
23220007198000;318;147;171;44,3
23220007199000;200;97;103;37,6
23220007200000;9;4;5;35,7
23220007201000;20;10;10;31,7
23220007202000;53;25;28;35,3
23220007203000;30;17;13;48,1
23220007204000;32;16;16;33,1
23230006616000;2;1;1;0,0
23230006617000;13;8;5;53,2
23230006622000;5;3;2;42,6
23230006668000;3;2;1;0,0
23230006676000;3;2;1;0,0
23230006677000;3;2;1;0,0
23230006678000;6;2;4;31,5
23230006680000;64;31;33;39,4
23230006681000;63;30;33;48,3
23230006682000;39;18;21;43,1
23230006683000;19;9;10;32,3
23230006684000;23;12;11;39,0
23230006685000;2;1;1;0,0
23230006730000;6;4;2;61,2
23230006731000;14;8;6;53,9
23230006732000;7;4;3;49,1
23230006733000;3;1;2;0,0
23230006734000;64;32;32;44,8
23230006735000;76;42;34;43,3
23230006736000;7;6;1;52,0
23230006737000;23;12;11;54,0
23230006738000;21;13;8;41,2
23230006739000;11;8;3;46,5
23230006754000;3;2;1;0,0
23230006755000;4;2;2;0,0
23230006758000;3;1;2;0,0
23230006760000;29;12;17;43,0
23230006764000;1;0;1;0,0
23230006765000;3;3;0;0,0
23230006766000;20;10;10;35,1
23230006768000;3;2;1;0,0
23230006769000;6;4;2;51,2
23230006770000;22;11;11;37,6
23230006771000;5;3;2;72,4
23230006772000;2;1;1;0,0
23230006794000;2;1;1;0,0
23230006795000;3;2;1;0,0
23230006805000;2;2;0;0,0
23230006815000;5;3;2;69,8
23230006816000;4;1;3;0,0
23230006817000;4;2;2;0,0
23230006822000;1;1;0;0,0
23230006894000;7;5;2;28,9
23230006896000;9;5;4;40,3
23230006935000;14;7;7;48,9
23230006946000;11;7;4;36,2
23230006947000;3;2;1;0,0
23230006951000;7;2;5;49,1
23230006953000;9;5;4;42,7
23230006954000;14;8;6;49,1
23230007042000;2;1;1;0,0
23230007045000;3;2;1;0,0
23230007070000;8;7;1;33,4
23230007071000;40;24;16;33,1
23230007072000;20;11;9;47,2
23230007073000;26;11;15;41,6
23230007074000;35;23;12;45,5
23230007075000;86;46;40;34,1
23230007076000;15;10;5;33,1
23230007081000;98;49;49;36,6
23230007082000;286;147;139;39,0
23230007083000;3;3;0;0,0
23230007085000;194;93;101;40,8
23230007086000;173;90;83;40,0
23230007087000;76;38;38;39,6
23230007088000;15;8;7;41,1
23230007089000;20;10;10;45,5
23230007090000;6;3;3;41,0
23230007092000;23;12;11;49,5
23230007093000;22;11;11;48,5
23230007094000;7;5;2;29,6
23230007095000;12;7;5;29,3
23230007096000;23;13;10;33,3
23230007097000;31;16;15;40,1
23230007098000;6;2;4;46,5
23230007099000;26;12;14;32,5
23230007104000;7;4;3;48,6
23230007105000;76;35;41;36,4
23230007106000;21;9;12;45,2
23230007111000;33;19;14;30,5
23230007112000;28;18;10;34,4
23230007113000;7;3;4;47,0
23230007114000;192;96;96;36,4
23230007115000;7;3;4;42,7
23230007128000;19;11;8;39,5
23230007156000;2;1;1;0,0
23230007160000;7;3;4;38,0
23230007161000;67;32;35;33,1
23230007162000;7;4;3;54,3
23230007169000;16;9;7;53,5
23230007170000;6;3;3;26,3
23230007173000;6;4;2;41,8
23230007177000;10;5;5;53,3
23230007178000;18;9;9;46,7
23230007185000;15;10;5;46,3
23230007186000;10;5;5;51,6
23230007189000;5;3;2;29,2
23230007190000;10;5;5;45,3
23230007191000;28;13;15;39,2
23230007192000;1;1;0;0,0
23230007194000;4;1;3;0,0
23230007195000;7;4;3;45,1
23230007196000;15;9;6;43,7
23230007197000;74;42;32;32,6
23230007198000;1;1;0;0,0
23230007199000;51;22;29;38,2
23230007200000;126;60;66;38,2
23230007201000;19;8;11;34,3
23230007202000;15;8;7;25,7
23240006643000;4;2;2;0,0
23240006644000;3;2;1;0,0
23240006645000;3;2;1;0,0
23240006646000;1;1;0;0,0
23240006676000;12;6;6;47,9
23240006677000;46;24;22;33,1
23240006678000;5;2;3;30,8
23240006680000;83;41;42;41,0
23240006681000;21;11;10;40,9
23240006682000;45;25;20;47,3
23240006683000;34;17;17;34,8
23240006685000;4;2;2;0,0
23240006686000;4;2;2;0,0
23240006728000;4;3;1;0,0
23240006729000;6;2;4;25,2
23240006730000;15;7;8;56,6
23240006731000;28;15;13;49,7
23240006732000;6;2;4;55,0
23240006733000;1;1;0;0,0
23240006734000;20;11;9;51,4
23240006735000;15;8;7;53,9
23240006736000;14;8;6;41,9
23240006737000;2;0;2;0,0
23240006738000;4;1;3;0,0
23240006755000;29;14;15;46,9
23240006757000;4;1;3;0,0
23240006758000;15;7;8;41,8
23240006760000;7;4;3;39,6
23240006761000;29;18;11;47,3
23240006762000;3;2;1;0,0
23240006764000;4;2;2;0,0
23240006765000;11;7;4;40,5
23240006766000;1;0;1;0,0
23240006768000;1;1;0;0,0
23240006769000;2;1;1;0,0
23240006770000;3;2;1;0,0
23240006795000;5;3;2;41,0
23240006800000;2;1;1;0,0
23240006801000;14;8;6;58,0
23240006802000;1;0;1;0,0
23240006803000;7;4;3;17,9
23240006814000;9;6;3;53,3
23240006916000;1;1;0;0,0
23240006933000;2;2;0;0,0
23240006934000;4;1;3;0,0
23240006944000;3;1;2;0,0
23240006947000;11;6;5;18,1
23240006949000;11;6;5;42,4
23240006950000;7;3;4;36,3
23240006954000;5;2;3;37,8
23240006955000;1;1;0;0,0
23240007068000;4;3;1;0,0
23240007069000;6;4;2;58,3
23240007070000;7;6;1;41,0
23240007071000;98;51;47;35,2
23240007072000;24;13;11;29,3
23240007074000;33;17;16;34,8
23240007075000;59;31;28;34,3
23240007081000;39;19;20;35,9
23240007082000;63;33;30;31,3
23240007083000;46;22;24;40,8
23240007085000;16;10;6;31,2
23240007088000;17;8;9;43,9
23240007089000;18;9;9;47,8
23240007090000;23;11;12;33,9
23240007091000;9;4;5;46,3
23240007092000;47;26;21;36,7
23240007093000;89;46;43;48,3
23240007094000;137;69;68;38,6
23240007095000;158;82;76;35,2
23240007096000;20;12;8;34,9
23240007097000;17;8;9;41,9
23240007098000;35;14;21;50,7
23240007099000;12;7;5;48,6
23240007104000;2;1;1;0,0
23240007106000;18;8;10;43,8
23240007111000;8;3;5;42,3
23240007112000;15;10;5;29,7
23240007113000;49;30;19;36,7
23240007114000;207;97;110;43,3
23240007115000;116;55;61;37,4
23240007142000;8;3;5;27,9
23240007143000;8;4;4;63,3
23240007146000;2;1;1;0,0
23240007156000;8;5;3;42,4
23240007170000;16;8;8;50,3
23240007171000;15;7;8;57,2
23240007172000;16;9;7;54,9
23240007173000;4;2;2;0,0
23240007177000;1;1;0;0,0
23240007178000;11;5;6;67,5
23240007186000;10;5;5;35,9
23240007190000;19;11;8;35,1
23240007193000;7;4;3;38,9
23240007194000;1;1;0;0,0
23240007195000;8;3;5;41,1
23240007196000;18;10;8;36,3
23240007197000;90;51;39;41,9
23240007198000;76;42;34;39,8
23240007199000;11;6;5;51,5
23240007200000;3;1;2;0,0
23240007202000;18;9;9;28,8
23240007203000;26;14;12;28,8
23240007204000;5;3;2;63,8
23250006661000;1;1;0;0,0
23250006675000;1;1;0;0,0
23250006676000;28;14;14;36,6
23250006677000;24;15;9;46,6
23250006678000;9;4;5;73,2
23250006679000;20;10;10;44,5
23250006680000;27;14;13;48,9
23250006681000;56;33;23;36,9
23250006682000;26;12;14;38,4
23250006683000;29;14;15;47,9
23250006684000;6;4;2;38,0
23250006685000;1;1;0;0,0
23250006726000;7;3;4;64,9
23250006727000;30;17;13;48,1
23250006728000;22;13;9;39,0
23250006729000;6;4;2;62,2
23250006730000;48;23;25;48,0
23250006731000;21;14;7;29,4
23250006732000;11;5;6;34,3
23250006733000;10;5;5;53,2
23250006734000;8;4;4;41,6
23250006735000;7;3;4;34,7
23250006736000;197;103;94;44,2
23250006737000;44;22;22;36,2
23250006739000;1;1;0;0,0
23250006754000;10;5;5;29,9
23250006755000;6;2;4;59,0
23250006757000;26;13;13;39,6
23250006758000;42;22;20;34,3
23250006759000;29;16;13;56,3
23250006760000;98;50;48;43,8
23250006761000;48;24;24;43,1
23250006763000;2;1;1;0,0
23250006764000;1;0;1;0,0
23250006766000;1;1;0;0,0
23250006767000;3;2;1;0,0
23250006768000;2;2;0;0,0
23250006794000;5;3;2;56,8
23250006795000;4;3;1;0,0
23250006799000;5;2;3;34,4
23250006800000;4;2;2;0,0
23250006801000;24;12;12;36,5
23250006813000;5;2;3;53,2
23250006888000;26;15;11;43,6
23250006889000;1;0;1;0,0
23250006890000;1;0;1;0,0
23250006897000;1;0;1;0,0
23250006914000;10;5;5;40,1
23250006933000;4;2;2;0,0
23250006947000;3;2;1;0,0
23250006954000;2;1;1;0,0
23250006955000;4;3;1;0,0
23250006996000;4;1;3;0,0
23250007042000;4;2;2;0,0
23250007067000;8;5;3;39,9
23250007069000;17;8;9;37,9
23250007070000;23;13;10;27,6
23250007072000;6;4;2;44,5
23250007073000;1;1;0;0,0
23250007074000;32;15;17;48,2
23250007075000;80;46;34;33,9
23250007076000;74;42;32;40,1
23250007077000;37;29;8;39,7
23250007078000;1029;515;514;38,4
23250007079000;391;186;205;35,4
23250007080000;178;85;93;41,1
23250007081000;73;35;38;32,3
23250007082000;198;97;101;37,0
23250007083000;14;7;7;40,3
23250007085000;4;2;2;0,0
23250007086000;10;6;4;27,5
23250007088000;12;6;6;42,8
23250007089000;13;7;6;45,5
23250007090000;23;9;14;36,2
23250007091000;61;31;30;31,7
23250007092000;264;127;137;38,7
23250007093000;285;124;161;42,8
23250007094000;87;43;44;37,8
23250007095000;164;83;81;39,0
23250007096000;29;15;14;36,4
23250007097000;15;6;9;44,0
23250007099000;27;13;14;47,5
23250007100000;25;15;10;50,4
23250007105000;21;12;9;32,0
23250007107000;2;1;1;0,0
23250007111000;15;7;8;24,4
23250007112000;16;8;8;28,4
23250007113000;16;10;6;38,8
23250007114000;34;17;17;31,4
23250007115000;24;12;12;34,1
23250007116000;24;13;11;33,7
23250007127000;6;3;3;32,3
23250007143000;1;1;0;0,0
23250007145000;19;9;10;54,3
23250007146000;110;59;51;38,4
23250007155000;2;1;1;0,0
23250007166000;3;2;1;0,0
23250007168000;2;1;1;0,0
23250007171000;4;2;2;0,0
23250007172000;8;4;4;40,6
23250007173000;23;12;11;50,5
23250007174000;13;6;7;50,5
23250007175000;5;3;2;50,2
23250007185000;4;2;2;0,0
23250007186000;2;1;1;0,0
23250007190000;2;1;1;0,0
23250007192000;4;2;2;0,0
23250007193000;67;37;30;32,6
23250007194000;16;9;7;30,8
23250007195000;4;2;2;0,0
23250007196000;6;4;2;44,2
23250007197000;12;5;7;50,5
23250007198000;8;5;3;37,8
23250007203000;10;5;5;44,8
23250007204000;73;40;33;39,3
23250007205000;3;1;2;0,0
23260006648000;12;7;5;51,8
23260006649000;5;4;1;45,2
23260006674000;4;2;2;0,0
23260006675000;30;16;14;46,3
23260006676000;141;72;69;35,8
23260006677000;28;15;13;38,1
23260006678000;14;6;8;50,6
23260006679000;22;11;11;46,0
23260006680000;20;11;9;40,7
23260006681000;3;2;1;0,0
23260006682000;17;10;7;49,9
23260006683000;29;16;13;32,8
23260006726000;25;13;12;45,4
23260006727000;51;28;23;49,1
23260006728000;20;10;10;50,1
23260006729000;82;35;47;51,0
23260006730000;185;92;93;40,1
23260006731000;41;16;25;60,4
23260006732000;23;10;13;40,7
23260006733000;11;6;5;38,9
23260006734000;2;2;0;0,0
23260006735000;53;27;26;43,7
23260006736000;120;64;56;48,4
23260006737000;82;39;43;53,9
23260006738000;26;15;11;40,0
23260006739000;11;6;5;50,5
23260006740000;1;0;1;0,0
23260006755000;7;4;3;29,6
23260006756000;6;4;2;44,7
23260006757000;12;7;5;50,9
23260006758000;12;7;5;31,8
23260006759000;19;11;8;42,9
23260006760000;70;38;32;42,0
23260006761000;30;14;16;45,9
23260006762000;14;6;8;54,9
23260006763000;2;1;1;0,0
23260006765000;3;2;1;0,0
23260006766000;55;28;27;48,1
23260006767000;44;22;22;50,1
23260006768000;17;10;7;41,6
23260006769000;14;6;8;39,4
23260006770000;8;5;3;53,4
23260006771000;5;1;4;40,2
23260006794000;2;1;1;0,0
23260006800000;102;49;53;50,6
23260006801000;21;10;11;54,8
23260006807000;3;2;1;0,0
23260006808000;2;1;1;0,0
23260006812000;3;1;2;0,0
23260006813000;9;5;4;60,2
23260006844000;2;1;1;0,0
23260006845000;8;6;2;44,0
23260006856000;5;1;4;50,6
23260006857000;22;13;9;43,6
23260006858000;3;0;3;0,0
23260006884000;1;1;0;0,0
23260006887000;8;4;4;52,9
23260006890000;1;1;0;0,0
23260006944000;13;7;6;43,5
23260006945000;2;1;1;0,0
23260006946000;4;2;2;0,0
23260006947000;5;3;2;47,2
23260006955000;1;1;0;0,0
23260006996000;37;22;15;45,5
23260007070000;18;10;8;36,4
23260007071000;23;15;8;37,0
23260007072000;25;12;13;35,8
23260007073000;17;9;8;43,2
23260007074000;22;11;11;46,5
23260007075000;219;112;107;38,8
23260007076000;1037;533;504;39,7
23260007077000;418;227;191;40,5
23260007078000;1705;786;919;49,1
23260007079000;1103;559;544;37,5
23260007080000;352;166;186;39,0
23260007081000;23;10;13;37,0
23260007082000;30;15;15;37,8
23260007083000;10;5;5;39,2
23260007086000;3;1;2;0,0
23260007087000;6;3;3;46,5
23260007089000;7;5;2;35,4
23260007090000;3;0;3;0,0
23260007091000;53;32;21;38,6
23260007092000;12;7;5;41,9
23260007093000;55;28;27;53,3
23260007094000;37;18;19;38,5
23260007095000;4;2;2;0,0
23260007096000;6;3;3;14,7
23260007097000;31;19;12;47,3
23260007098000;39;20;19;39,5
23260007099000;3;1;2;0,0
23260007100000;186;96;90;33,6
23260007101000;18;10;8;43,3
23260007103000;699;329;370;46,3
23260007104000;372;181;191;36,5
23260007105000;32;15;17;41,2
23260007106000;9;5;4;33,6
23260007107000;3;1;2;0,0
23260007111000;8;4;4;37,0
23260007112000;73;39;34;38,0
23260007113000;26;15;11;36,0
23260007114000;31;19;12;31,5
23260007115000;4;1;3;0,0
23260007116000;21;8;13;36,4
23260007142000;3;2;1;0,0
23260007143000;10;7;3;39,1
23260007144000;200;109;91;38,1
23260007145000;439;221;218;41,1
23260007146000;181;98;83;33,1
23260007150000;4;1;3;0,0
23260007156000;7;4;3;68,4
23260007164000;5;1;4;34,8
23260007167000;9;6;3;47,1
23260007168000;9;5;4;57,9
23260007170000;3;1;2;0,0
23260007171000;10;6;4;51,2
23260007185000;3;2;1;0,0
23260007191000;7;6;1;28,1
23260007192000;48;23;25;34,1
23260007193000;6;3;3;36,2
23260007194000;10;6;4;28,4
23260007195000;12;8;4;60,2
23260007196000;8;4;4;64,9
23260007197000;1;1;0;0,0
23260007198000;2;1;1;0,0
23260007200000;2;1;1;0,0
23260007201000;12;7;5;51,9
23260007205000;32;16;16;31,8
23270006641000;2;1;1;0,0
23270006643000;4;3;1;0,0
23270006647000;1;0;1;0,0
23270006648000;5;3;2;74,8
23270006655000;5;3;2;52,2
23270006673000;12;7;5;34,9
23270006674000;2;1;1;0,0
23270006675000;46;24;22;37,2
23270006676000;109;49;60;47,5
23270006677000;79;40;39;32,8
23270006678000;28;13;15;40,3
23270006679000;23;14;9;43,7
23270006680000;7;3;4;49,1
23270006682000;8;5;3;58,1
23270006683000;8;4;4;46,1
23270006694000;2;0;2;0,0
23270006725000;9;5;4;58,6
23270006726000;15;9;6;47,5
23270006727000;10;5;5;59,4
23270006728000;64;28;36;41,0
23270006729000;194;80;114;60,2
23270006730000;524;240;284;47,3
23270006731000;192;102;90;41,7
23270006733000;8;4;4;46,4
23270006734000;10;5;5;42,7
23270006735000;36;19;17;34,1
23270006736000;47;25;22;39,6
23270006737000;52;26;26;43,8
23270006738000;8;4;4;62,6
23270006755000;7;3;4;32,3
23270006756000;5;3;2;37,8
23270006757000;13;6;7;59,2
23270006759000;8;3;5;37,1
23270006760000;17;9;8;47,4
23270006761000;32;17;15;43,7
23270006762000;1;0;1;0,0
23270006763000;4;2;2;0,0
23270006767000;3;2;1;0,0
23270006768000;14;9;5;51,1
23270006769000;16;10;6;26,6
23270006770000;7;4;3;52,3
23270006793000;1;0;1;0,0
23270006794000;1;0;1;0,0
23270006800000;7;4;3;52,7
23270006801000;25;10;15;40,6
23270006805000;6;3;3;74,2
23270006806000;7;4;3;38,6
23270006807000;3;1;2;0,0
23270006811000;2;1;1;0,0
23270006844000;8;4;4;38,4
23270006845000;2;1;1;0,0
23270006857000;2;2;0;0,0
23270006859000;10;7;3;62,5
23270006860000;6;2;4;44,7
23270006884000;13;8;5;32,7
23270006892000;2;1;1;0,0
23270006932000;2;1;1;0,0
23270006944000;2;1;1;0,0
23270006945000;6;4;2;41,5
23270006946000;4;2;2;0,0
23270006951000;4;3;1;0,0
23270006995000;10;5;5;61,4
23270006996000;1;0;1;0,0
23270007069000;7;3;4;46,4
23270007070000;39;17;22;44,3
23270007071000;2;1;1;0,0
23270007072000;25;14;11;43,3
23270007074000;13;8;5;51,6
23270007075000;43;23;20;38,5
23270007076000;257;135;122;40,4
23270007077000;146;80;66;36,1
23270007078000;757;349;408;52,4
23270007079000;545;269;276;41,1
23270007080000;38;19;19;38,5
23270007081000;30;15;15;35,1
23270007082000;43;24;19;35,1
23270007083000;9;5;4;53,4
23270007093000;30;16;14;39,0
23270007094000;7;4;3;52,1
23270007097000;12;6;6;46,6
23270007098000;9;4;5;35,3
23270007099000;6;4;2;27,3
23270007100000;5;4;1;43,2
23270007101000;821;406;415;42,1
23270007103000;450;245;205;40,6
23270007104000;319;165;154;43,2
23270007105000;155;78;77;38,8
23270007108000;5;4;1;52,0
23270007110000;6;3;3;57,7
23270007111000;4;3;1;0,0
23270007112000;13;7;6;47,2
23270007113000;20;10;10;33,8
23270007114000;37;18;19;39,0
23270007116000;10;5;5;28,9
23270007142000;7;4;3;40,1
23270007143000;6;3;3;36,8
23270007146000;5;3;2;60,6
23270007149000;27;14;13;37,7
23270007150000;20;10;10;36,9
23270007156000;20;9;11;36,2
23270007168000;2;1;1;0,0
23270007169000;14;8;6;44,7
23270007187000;11;6;5;42,1
23270007188000;10;5;5;46,7
23270007191000;8;3;5;43,9
23270007192000;20;12;8;41,6
23270007194000;10;7;3;32,9
23270007195000;3;3;0;0,0
23270007196000;20;12;8;42,0
23270007197000;18;11;7;33,7
23270007198000;13;6;7;34,7
23270007201000;16;8;8;44,6
23270007202000;8;5;3;28,6
23270007205000;4;1;3;0,0
23280006643000;3;2;1;0,0
23280006652000;3;2;1;0,0
23280006675000;3;1;2;0,0
23280006676000;30;15;15;42,8
23280006677000;52;28;24;43,0
23280006678000;8;3;5;64,1
23280006680000;4;3;1;0,0
23280006681000;57;31;26;38,2
23280006682000;11;5;6;37,8
23280006694000;4;1;3;0,0
23280006697000;2;1;1;0,0
23280006714000;1;1;0;0,0
23280006715000;28;15;13;53,7
23280006716000;4;3;1;0,0
23280006722000;4;2;2;0,0
23280006723000;6;4;2;42,2
23280006724000;5;3;2;38,8
23280006725000;31;15;16;42,1
23280006726000;8;4;4;31,5
23280006727000;20;12;8;34,9
23280006728000;54;28;26;45,4
23280006733000;10;6;4;40,6
23280006734000;13;5;8;42,5
23280006735000;8;5;3;52,8
23280006736000;2;1;1;0,0
23280006737000;57;29;28;39,8
23280006738000;46;25;21;45,6
23280006739000;2;1;1;0,0
23280006756000;2;1;1;0,0
23280006761000;26;14;12;35,2
23280006762000;15;5;10;51,7
23280006763000;9;6;3;43,4
23280006768000;2;1;1;0,0
23280006791000;1;1;0;0,0
23280006793000;1;1;0;0,0
23280006794000;3;1;2;0,0
23280006799000;6;2;4;32,5
23280006800000;13;6;7;46,7
23280006802000;13;6;7;41,3
23280006803000;7;5;2;47,1
23280006804000;4;2;2;0,0
23280006807000;1;1;0;0,0
23280006844000;2;1;1;0,0
23280006850000;18;9;9;62,9
23280006860000;8;5;3;54,3
23280006882000;4;2;2;0,0
23280006892000;13;7;6;47,9
23280006912000;4;1;3;0,0
23280006913000;1;1;0;0,0
23280006940000;3;2;1;0,0
23280006941000;1;1;0;0,0
23280006945000;5;4;1;36,0
23280006946000;15;10;5;60,6
23280006950000;5;3;2;40,2
23280006951000;1;1;0;0,0
23280006954000;9;4;5;25,4
23280006994000;1;1;0;0,0
23280006995000;12;6;6;68,2
23280007068000;2;1;1;0,0
23280007069000;2;1;1;0,0
23280007070000;5;2;3;32,6
23280007071000;2;1;1;0,0
23280007072000;8;4;4;32,8
23280007074000;21;11;10;33,0
23280007075000;30;19;11;41,0
23280007076000;49;26;23;39,0
23280007077000;10;5;5;29,0
23280007078000;294;145;149;37,2
23280007079000;61;32;29;44,7
23280007080000;44;23;21;40,7
23280007081000;16;7;9;36,8
23280007082000;43;25;18;29,6
23280007091000;20;11;9;32,5
23280007092000;7;3;4;57,0
23280007093000;23;14;9;47,3
23280007094000;41;21;20;38,2
23280007095000;14;7;7;23,1
23280007096000;15;6;9;40,8
23280007097000;16;6;10;34,1
23280007098000;6;4;2;69,2
23280007099000;32;18;14;22,8
23280007100000;258;131;127;41,5
23280007101000;620;321;299;34,1
23280007102000;597;281;316;63,5
23280007103000;1570;749;821;50,4
23280007104000;1279;630;649;41,3
23280007105000;782;395;387;40,1
23280007106000;173;87;86;30,5
23280007107000;12;5;7;41,9
23280007108000;37;20;17;33,1
23280007109000;9;5;4;46,7
23280007110000;7;4;3;39,4
23280007112000;19;9;10;43,1
23280007113000;7;3;4;44,3
23280007114000;16;7;9;20,4
23280007116000;15;7;8;39,0
23280007117000;7;6;1;19,7
23280007146000;3;2;1;0,0
23280007147000;6;2;4;20,7
23280007149000;7;4;3;52,9
23280007154000;79;39;40;31,7
23280007155000;9;5;4;42,6
23280007157000;4;2;2;0,0
23280007163000;11;5;6;48,0
23280007186000;2;1;1;0,0
23280007188000;10;6;4;35,9
23280007189000;3;2;1;0,0
23280007191000;30;14;16;36,1
23280007192000;4;3;1;0,0
23280007193000;6;5;1;29,7
23280007194000;14;8;6;38,7
23280007195000;8;4;4;24,1
23280007196000;9;5;4;58,9
23280007197000;1;1;0;0,0
23290006649000;1;1;0;0,0
23290006650000;1;1;0;0,0
23290006651000;3;2;1;0,0
23290006652000;4;2;2;0,0
23290006677000;5;3;2;69,2
23290006678000;17;11;6;51,8
23290006679000;30;16;14;54,9
23290006680000;12;7;5;45,3
23290006681000;6;4;2;33,7
23290006693000;8;4;4;28,9
23290006694000;2;1;1;0,0
23290006715000;15;8;7;52,5
23290006716000;7;3;4;32,9
23290006717000;2;2;0;0,0
23290006718000;1;1;0;0,0
23290006721000;30;15;15;39,7
23290006722000;16;9;7;23,6
23290006723000;7;4;3;70,6
23290006725000;2;1;1;0,0
23290006726000;7;3;4;19,7
23290006731000;9;6;3;34,9
23290006732000;2;1;1;0,0
23290006733000;15;8;7;40,9
23290006734000;24;10;14;36,6
23290006735000;10;5;5;46,1
23290006736000;7;4;3;50,6
23290006737000;45;27;18;41,7
23290006738000;36;18;18;43,4
23290006739000;10;6;4;49,8
23290006760000;3;2;1;0,0
23290006761000;41;20;21;39,3
23290006762000;17;8;9;52,8
23290006769000;5;2;3;47,0
23290006791000;3;1;2;0,0
23290006792000;4;2;2;0,0
23290006793000;6;3;3;54,3
23290006797000;4;2;2;0,0
23290006798000;1;1;0;0,0
23290006799000;4;2;2;0,0
23290006841000;4;2;2;0,0
23290006842000;2;1;1;0,0
23290006843000;2;1;1;0,0
23290006850000;5;2;3;42,2
23290006865000;2;0;2;0,0
23290006866000;9;4;5;60,9
23290006909000;2;1;1;0,0
23290006912000;7;3;4;45,3
23290006940000;2;1;1;0,0
23290006945000;8;5;3;53,6
23290006952000;2;1;1;0,0
23290006954000;5;4;1;41,0
23290006994000;46;24;22;39,3
23290006995000;21;11;10;55,1
23290007070000;37;20;17;39,7
23290007071000;8;4;4;32,9
23290007075000;18;11;7;34,5
23290007076000;18;10;8;30,4
23290007077000;6;2;4;41,8
23290007078000;44;20;24;41,7
23290007079000;67;39;28;35,3
23290007080000;317;167;150;26,0
23290007081000;16;9;7;55,1
23290007082000;9;5;4;54,3
23290007089000;2;1;1;0,0
23290007090000;15;7;8;31,4
23290007091000;13;9;4;26,7
23290007092000;2;1;1;0,0
23290007093000;14;8;6;29,3
23290007094000;7;3;4;29,0
23290007095000;10;6;4;55,2
23290007097000;24;10;14;32,2
23290007098000;10;4;6;52,1
23290007100000;49;25;24;38,6
23290007101000;23;11;12;45,3
23290007102000;1086;518;568;48,4
23290007103000;1780;857;923;40,0
23290007104000;328;167;161;33,1
23290007105000;57;28;29;35,0
23290007108000;39;23;16;41,9
23290007109000;42;19;23;46,3
23290007110000;19;7;12;27,6
23290007113000;12;8;4;33,4
23290007117000;14;10;4;36,1
23290007154000;587;300;287;31,4
23290007155000;4;2;2;0,0
23290007156000;3;2;1;0,0
23290007157000;20;11;9;49,9
23290007158000;6;3;3;35,7
23290007162000;18;8;10;46,9
23290007168000;5;2;3;64,4
23290007169000;4;2;2;0,0
23290007170000;2;2;0;0,0
23290007178000;1;0;1;0,0
23290007179000;2;1;1;0,0
23290007180000;4;2;2;0,0
23290007187000;2;1;1;0,0
23290007188000;6;3;3;33,3
23290007189000;41;21;20;29,1
23290007190000;20;8;12;45,7
23290007191000;23;9;14;29,0
23290007193000;9;6;3;50,2
23290007194000;3;2;1;0,0
23290007195000;1;1;0;0,0
23290007196000;15;8;7;18,3
23290007198000;4;1;3;0,0
23290007203000;1;1;0;0,0
23300006646000;2;1;1;0,0
23300006647000;8;6;2;52,6
23300006650000;1;1;0;0,0
23300006651000;7;3;4;42,4
23300006652000;1;1;0;0,0
23300006653000;10;7;3;56,6
23300006675000;9;4;5;48,7
23300006677000;4;3;1;0,0
23300006679000;15;7;8;40,2
23300006680000;3;2;1;0,0
23300006681000;2;1;1;0,0
23300006693000;1;1;0;0,0
23300006694000;7;5;2;56,1
23300006713000;3;2;1;0,0
23300006714000;15;5;10;28,3
23300006715000;37;21;16;45,3
23300006716000;48;26;22;42,9
23300006717000;26;13;13;41,2
23300006718000;9;5;4;29,0
23300006719000;5;3;2;47,8
23300006720000;2;0;2;0,0
23300006721000;27;14;13;33,2
23300006722000;30;14;16;38,4
23300006724000;2;1;1;0,0
23300006731000;6;2;4;47,8
23300006732000;11;4;7;31,1
23300006733000;23;13;10;48,8
23300006734000;28;14;14;47,8
23300006735000;7;3;4;64,9
23300006736000;47;25;22;41,5
23300006737000;10;6;4;47,8
23300006738000;9;5;4;53,1
23300006739000;17;8;9;34,6
23300006759000;3;1;2;0,0
23300006760000;25;12;13;38,4
23300006761000;8;5;3;63,6
23300006762000;5;3;2;24,4
23300006769000;5;3;2;53,2
23300006770000;2;1;1;0,0
23300006790000;2;1;1;0,0
23300006791000;7;4;3;52,6
23300006800000;4;2;2;0,0
23300006841000;2;1;1;0,0
23300006859000;2;1;1;0,0
23300006860000;3;2;1;0,0
23300006908000;5;3;2;39,8
23300006909000;13;7;6;52,6
23300006910000;11;4;7;53,1
23300006911000;5;2;3;33,6
23300006912000;18;11;7;51,9
23300006913000;5;3;2;54,8
23300006944000;2;1;1;0,0
23300006945000;3;1;2;0,0
23300006952000;4;3;1;0,0
23300006954000;8;4;4;25,0
23300006955000;5;2;3;28,8
23300006994000;44;23;21;43,1
23300006995000;34;19;15;38,4
23300007039000;20;10;10;57,6
23300007040000;2;1;1;0,0
23300007075000;70;39;31;35,1
23300007076000;9;4;5;43,1
23300007077000;28;17;11;30,0
23300007078000;88;42;46;41,3
23300007079000;31;16;15;44,2
23300007080000;547;279;268;34,4
23300007081000;6;4;2;41,0
23300007082000;4;1;3;0,0
23300007090000;1;1;0;0,0
23300007091000;23;11;12;47,7
23300007092000;5;2;3;18,8
23300007093000;17;11;6;27,7
23300007094000;17;7;10;36,1
23300007095000;31;17;14;42,3
23300007096000;9;4;5;43,0
23300007098000;38;20;18;43,6
23300007099000;15;5;10;35,4
23300007101000;45;24;21;27,2
23300007102000;23;11;12;38,4
23300007103000;338;184;154;39,6
23300007104000;53;27;26;41,4
23300007105000;8;4;4;30,6
23300007109000;14;7;7;51,4
23300007110000;17;10;7;38,6
23300007111000;17;10;7;30,7
23300007113000;18;9;9;44,2
23300007117000;9;4;5;26,1
23300007118000;3;1;2;0,0
23300007146000;18;8;10;39,1
23300007147000;102;53;49;35,5
23300007148000;81;39;42;35,1
23300007149000;54;27;27;30,8
23300007150000;20;9;11;35,7
23300007152000;18;9;9;33,4
23300007153000;884;398;486;47,1
23300007154000;965;492;473;37,8
23300007155000;14;8;6;46,9
23300007156000;26;15;11;35,5
23300007157000;10;4;6;42,8
23300007158000;15;8;7;29,4
23300007159000;22;10;12;34,4
23300007162000;1;1;0;0,0
23300007165000;2;1;1;0,0
23300007178000;25;14;11;55,1
23300007179000;10;4;6;45,1
23300007180000;29;15;14;40,9
23300007190000;31;18;13;43,3
23300007191000;12;6;6;22,4
23300007192000;12;6;6;33,2
23300007196000;4;3;1;0,0
23300007197000;15;10;5;30,8
23300007198000;1;1;0;0,0
23300007199000;10;5;5;34,2
23300007200000;3;2;1;0,0
23310006644000;16;9;7;36,6
23310006645000;31;20;11;42,7
23310006646000;31;17;14;30,4
23310006647000;114;60;54;42,3
23310006648000;24;9;15;44,3
23310006649000;18;12;6;39,9
23310006650000;11;7;4;33,5
23310006651000;3;2;1;0,0
23310006653000;1;1;0;0,0
23310006672000;1;0;1;0,0
23310006675000;9;3;6;20,8
23310006676000;198;100;98;31,8
23310006677000;33;14;19;49,1
23310006678000;43;22;21;39,4
23310006679000;16;6;10;34,5
23310006693000;12;7;5;42,4
23310006694000;42;25;17;45,7
23310006695000;9;5;4;48,3
23310006696000;8;5;3;45,8
23310006697000;4;2;2;0,0
23310006705000;2;1;1;0,0
23310006709000;3;2;1;0,0
23310006710000;5;3;2;57,6
23310006711000;6;4;2;64,7
23310006712000;18;8;10;41,6
23310006713000;14;10;4;32,7
23310006714000;5;3;2;49,4
23310006715000;8;5;3;48,6
23310006716000;44;27;17;46,6
23310006717000;4;2;2;0,0
23310006719000;21;16;5;40,4
23310006720000;19;10;9;38,5
23310006721000;21;11;10;43,7
23310006722000;16;11;5;35,8
23310006723000;5;2;3;62,6
23310006724000;6;4;2;60,0
23310006725000;1;1;0;0,0
23310006727000;11;4;7;44,3
23310006728000;1;1;0;0,0
23310006730000;11;8;3;23,5
23310006731000;13;7;6;55,1
23310006732000;13;7;6;35,8
23310006733000;36;19;17;51,6
23310006734000;30;13;17;45,6
23310006735000;64;39;25;45,8
23310006736000;15;5;10;44,3
23310006759000;10;4;6;61,7
23310006760000;10;6;4;42,3
23310006767000;1;1;0;0,0
23310006772000;4;3;1;0,0
23310006787000;19;11;8;36,2
23310006788000;3;3;0;0,0
23310006794000;6;3;3;45,8
23310006795000;1;0;1;0,0
23310006800000;1;1;0;0,0
23310006802000;4;2;2;0,0
23310006840000;3;2;1;0,0
23310006868000;1;0;1;0,0
23310006905000;13;7;6;51,5
23310006908000;2;2;0;0,0
23310006909000;3;1;2;0,0
23310006910000;3;3;0;0,0
23310006911000;4;1;3;0,0
23310006993000;11;5;6;46,8
23310006994000;91;46;45;47,7
23310006995000;154;81;73;42,2
23310007039000;37;22;15;41,8
23310007074000;31;17;14;44,1
23310007075000;29;15;14;43,3
23310007076000;34;16;18;41,4
23310007077000;19;11;8;34,7
23310007078000;27;12;15;34,6
23310007079000;77;36;41;42,5
23310007080000;110;60;50;37,4
23310007082000;13;7;6;41,2
23310007083000;2;1;1;0,0
23310007090000;6;3;3;45,0
23310007091000;12;8;4;37,7
23310007092000;50;26;24;41,2
23310007093000;9;5;4;25,3
23310007094000;10;4;6;36,4
23310007095000;2;1;1;0,0
23310007097000;14;8;6;26,5
23310007098000;3;2;1;0,0
23310007102000;8;4;4;48,0
23310007103000;88;47;41;35,6
23310007104000;344;162;182;37,6
23310007105000;371;193;178;37,3
23310007106000;41;23;18;33,3
23310007112000;23;13;10;37,2
23310007113000;60;28;32;40,0
23310007114000;38;18;20;37,2
23310007118000;12;7;5;35,2
23310007144000;26;16;10;33,7
23310007145000;14;9;5;44,9
23310007148000;45;24;21;38,2
23310007149000;27;16;11;44,1
23310007150000;148;76;72;43,4
23310007151000;138;68;70;37,8
23310007153000;1143;531;612;49,6
23310007154000;849;403;446;39,2
23310007156000;15;8;7;44,6
23310007158000;42;20;22;27,0
23310007159000;37;23;14;32,4
23310007189000;1;0;1;0,0
23310007191000;36;18;18;42,4
23310007192000;25;12;13;47,6
23310007193000;3;1;2;0,0
23310007196000;5;4;1;21,8
23310007197000;2;2;0;0,0
23310007199000;1;1;0;0,0
23310007204000;10;5;5;27,5
23310007205000;14;8;6;34,2
23310007206000;3;1;2;0,0
23310007207000;9;6;3;44,9
23320006646000;5;2;3;42,0
23320006647000;38;20;18;44,3
23320006648000;44;21;23;46,2
23320006649000;12;5;7;33,3
23320006650000;16;8;8;40,3
23320006651000;2;1;1;0,0
23320006652000;11;5;6;41,1
23320006653000;2;1;1;0,0
23320006665000;2;1;1;0,0
23320006669000;2;1;1;0,0
23320006675000;572;279;293;39,8
23320006676000;660;305;355;40,6
23320006677000;799;369;430;45,9
23320006678000;895;449;446;42,2
23320006679000;6;3;3;22,2
23320006682000;4;2;2;0,0
23320006688000;4;3;1;0,0
23320006693000;44;23;21;42,1
23320006694000;38;21;17;42,8
23320006695000;9;5;4;38,6
23320006705000;5;3;2;62,4
23320006706000;14;7;7;58,7
23320006707000;4;1;3;0,0
23320006708000;11;4;7;61,3
23320006709000;43;22;21;38,4
23320006710000;7;4;3;44,7
23320006711000;11;4;7;35,8
23320006712000;1;1;0;0,0
23320006713000;1;0;1;0,0
23320006714000;5;3;2;27,0
23320006716000;5;2;3;64,0
23320006717000;5;2;3;31,0
23320006719000;4;3;1;0,0
23320006720000;18;9;9;50,2
23320006721000;5;3;2;51,6
23320006722000;1;1;0;0,0
23320006723000;6;2;4;48,0
23320006724000;18;6;12;43,6
23320006725000;14;7;7;53,9
23320006726000;1;1;0;0,0
23320006727000;3;1;2;0,0
23320006728000;1;1;0;0,0
23320006729000;17;10;7;43,1
23320006730000;6;3;3;53,0
23320006731000;16;11;5;55,2
23320006732000;16;9;7;41,8
23320006733000;22;14;8;33,0
23320006734000;54;28;26;44,1
23320006735000;11;8;3;49,4
23320006757000;4;2;2;0,0
23320006758000;6;4;2;40,3
23320006759000;5;2;3;30,8
23320006760000;3;1;2;0,0
23320006772000;6;4;2;41,5
23320006784000;5;2;3;43,8
23320006785000;2;2;0;0,0
23320006788000;19;12;7;44,3
23320006791000;4;1;3;0,0
23320006792000;5;2;3;72,0
23320006793000;2;0;2;0,0
23320006804000;8;3;5;49,9
23320006808000;3;1;2;0,0
23320006839000;1;0;1;0,0
23320006861000;1;1;0;0,0
23320006895000;7;4;3;38,9
23320006903000;2;1;1;0,0
23320006904000;2;1;1;0,0
23320006944000;4;1;3;0,0
23320006945000;12;8;4;58,0
23320006954000;1;0;1;0,0
23320006955000;2;1;1;0,0
23320006989000;15;7;8;51,7
23320006990000;10;4;6;43,2
23320006991000;1;0;1;0,0
23320006992000;6;3;3;33,5
23320006993000;40;17;23;36,2
23320006994000;71;35;36;47,0
23320006995000;17;10;7;30,1
23320007038000;1;0;1;0,0
23320007039000;19;11;8;58,8
23320007074000;49;24;25;33,2
23320007076000;29;15;14;51,6
23320007077000;92;39;53;41,2
23320007078000;16;7;9;35,9
23320007079000;44;22;22;39,8
23320007080000;4;2;2;0,0
23320007084000;31;17;14;39,2
23320007085000;2;1;1;0,0
23320007088000;12;7;5;33,3
23320007091000;2;1;1;0,0
23320007092000;34;19;15;37,9
23320007093000;14;5;9;41,6
23320007095000;29;15;14;32,4
23320007096000;4;2;2;0,0
23320007097000;31;15;16;34,2
23320007101000;15;7;8;38,0
23320007102000;6;2;4;50,8
23320007103000;14;6;8;36,1
23320007104000;20;11;9;29,6
23320007106000;26;15;11;43,9
23320007107000;1;1;0;0,0
23320007112000;8;3;5;39,1
23320007113000;45;23;22;42,6
23320007114000;13;8;5;29,8
23320007118000;11;6;5;25,6
23320007139000;10;6;4;44,0
23320007140000;38;20;18;35,7
23320007141000;47;26;21;32,9
23320007144000;6;4;2;24,3
23320007145000;7;3;4;36,4
23320007148000;11;5;6;50,2
23320007150000;347;179;168;34,0
23320007151000;242;124;118;38,4
23320007152000;21;10;11;40,9
23320007153000;701;311;390;42,7
23320007154000;1239;592;647;37,7
23320007155000;22;12;10;40,7
23320007158000;32;15;17;30,3
23320007159000;53;30;23;37,4
23320007160000;8;4;4;40,3
23320007161000;7;3;4;29,1
23320007191000;22;12;10;40,4
23320007192000;9;5;4;32,9
23320007205000;54;31;23;43,6
23320007207000;9;6;3;54,3
23330006645000;5;2;3;21,8
23330006646000;7;2;5;52,1
23330006647000;16;8;8;47,1
23330006648000;3;1;2;0,0
23330006649000;16;9;7;48,5
23330006652000;2;1;1;0,0
23330006662000;7;3;4;53,4
23330006663000;3;2;1;0,0
23330006669000;5;2;3;57,4
23330006674000;3;2;1;0,0
23330006675000;1119;552;567;41,6
23330006676000;981;490;491;45,5
23330006677000;1538;710;828;48,7
23330006678000;1;1;0;0,0
23330006681000;4;3;1;0,0
23330006682000;14;8;6;36,9
23330006684000;5;4;1;66,8
23330006685000;2;1;1;0,0
23330006686000;12;6;6;49,8
23330006687000;7;3;4;40,9
23330006688000;25;11;14;46,7
23330006689000;3;2;1;0,0
23330006690000;16;11;5;43,3
23330006691000;6;4;2;52,7
23330006692000;23;12;11;35,4
23330006693000;60;27;33;39,0
23330006694000;26;14;12;40,3
23330006697000;2;1;1;0,0
23330006698000;6;3;3;59,7
23330006704000;2;0;2;0,0
23330006705000;24;16;8;44,3
23330006706000;28;13;15;45,7
23330006707000;8;5;3;55,4
23330006708000;11;4;7;50,8
23330006709000;8;4;4;63,6
23330006710000;22;13;9;33,2
23330006713000;26;13;13;49,4
23330006714000;19;9;10;51,2
23330006715000;8;3;5;28,8
23330006717000;27;12;15;43,9
23330006719000;3;2;1;0,0
23330006720000;31;14;17;38,1
23330006721000;26;13;13;55,0
23330006722000;13;7;6;46,3
23330006723000;7;4;3;35,4
23330006724000;10;5;5;42,5
23330006725000;7;5;2;46,6
23330006729000;10;5;5;46,1
23330006730000;18;8;10;36,1
23330006731000;6;4;2;35,8
23330006732000;33;16;17;47,8
23330006733000;17;7;10;43,1
23330006734000;2;1;1;0,0
23330006757000;6;4;2;52,5
23330006758000;2;1;1;0,0
23330006771000;2;1;1;0,0
23330006772000;2;1;1;0,0
23330006783000;1;1;0;0,0
23330006786000;1;1;0;0,0
23330006787000;6;3;3;61,5
23330006788000;8;7;1;42,5
23330006791000;2;2;0;0,0
23330006792000;3;2;1;0,0
23330006794000;2;1;1;0,0
23330006812000;3;1;2;0,0
23330006860000;3;2;1;0,0
23330006861000;2;1;1;0,0
23330006870000;4;2;2;0,0
23330006903000;9;6;3;45,0
23330006930000;13;7;6;47,4
23330006945000;7;5;2;50,4
23330006946000;3;2;1;0,0
23330006947000;3;2;1;0,0
23330006948000;1;1;0;0,0
23330006954000;25;7;18;37,2
23330006955000;10;5;5;41,4
23330006956000;15;6;9;49,3
23330006957000;3;1;2;0,0
23330007038000;5;2;3;64,0
23330007039000;29;15;14;47,9
23330007074000;244;131;113;39,4
23330007075000;38;21;17;36,0
23330007076000;17;9;8;37,6
23330007077000;35;19;16;32,5
23330007078000;30;14;16;46,7
23330007079000;23;12;11;55,3
23330007080000;6;4;2;26,7
23330007081000;2;1;1;0,0
23330007086000;10;5;5;34,6
23330007087000;7;4;3;23,4
23330007088000;2;1;1;0,0
23330007089000;13;9;4;35,5
23330007090000;16;9;7;27,6
23330007091000;19;10;9;35,4
23330007092000;34;22;12;41,5
23330007093000;8;5;3;47,1
23330007094000;12;6;6;35,9
23330007095000;20;11;9;48,7
23330007096000;48;23;25;29,5
23330007097000;27;17;10;39,6
23330007100000;17;8;9;35,1
23330007101000;11;5;6;45,7
23330007102000;9;5;4;26,2
23330007103000;5;4;1;46,2
23330007104000;6;2;4;41,2
23330007106000;27;15;12;33,1
23330007107000;10;6;4;63,8
23330007112000;15;11;4;44,5
23330007113000;36;17;19;28,9
23330007114000;24;15;9;33,2
23330007115000;13;7;6;33,7
23330007118000;4;2;2;0,0
23330007119000;1;1;0;0,0
23330007138000;29;16;13;38,2
23330007139000;45;24;21;32,9
23330007140000;19;11;8;38,2
23330007151000;104;54;50;41,9
23330007152000;248;136;112;41,4
23330007153000;98;48;50;37,9
23330007154000;1078;564;514;36,1
23330007155000;445;215;230;38,7
23330007159000;23;10;13;50,2
23330007160000;33;14;19;35,0
23330007162000;7;4;3;27,3
23330007163000;4;2;2;0,0
23330007191000;9;4;5;34,3
23330007192000;7;4;3;49,1
23330007193000;6;3;3;36,3
23330007195000;3;1;2;0,0
23330007196000;12;4;8;42,4
23330007204000;2;1;1;0,0
23330007205000;19;7;12;33,1
23330007206000;34;17;17;52,9
23340006645000;14;8;6;54,9
23340006650000;30;17;13;41,6
23340006652000;15;9;6;36,3
23340006653000;10;4;6;34,5
23340006658000;7;3;4;58,9
23340006659000;2;1;1;0,0
23340006662000;3;0;3;0,0
23340006664000;10;7;3;59,8
23340006666000;8;5;3;44,8
23340006668000;3;2;1;0,0
23340006669000;19;10;9;43,9
23340006670000;12;7;5;43,0
23340006672000;6;4;2;39,2
23340006673000;21;9;12;50,0
23340006674000;412;205;207;39,0
23340006675000;1136;532;604;44,4
23340006676000;696;343;353;42,7
23340006677000;662;315;347;43,0
23340006678000;66;33;33;36,3
23340006679000;12;6;6;47,0
23340006682000;12;6;6;53,5
23340006684000;6;3;3;51,8
23340006685000;17;11;6;35,8
23340006686000;36;20;16;44,1
23340006687000;9;4;5;57,2
23340006688000;27;11;16;46,1
23340006689000;33;15;18;38,4
23340006690000;45;25;20;40,6
23340006691000;43;27;16;37,4
23340006692000;18;11;7;40,2
23340006693000;23;12;11;48,2
23340006694000;9;5;4;62,1
23340006695000;9;4;5;37,4
23340006696000;1;0;1;0,0
23340006697000;4;3;1;0,0
23340006698000;29;14;15;47,0
23340006699000;12;9;3;33,0
23340006700000;11;6;5;27,5
23340006701000;13;7;6;58,5
23340006702000;13;7;6;52,4
23340006703000;8;4;4;40,9
23340006704000;1;1;0;0,0
23340006705000;2;1;1;0,0
23340006706000;6;3;3;42,5
23340006707000;11;4;7;65,2
23340006708000;14;7;7;46,0
23340006709000;33;15;18;42,7
23340006712000;4;2;2;0,0
23340006713000;28;17;11;50,6
23340006714000;52;26;26;42,5
23340006715000;19;11;8;40,5
23340006716000;39;16;23;42,0
23340006717000;77;35;42;44,5
23340006718000;18;9;9;43,9
23340006719000;35;13;22;44,6
23340006720000;46;26;20;35,1
23340006721000;79;39;40;42,8
23340006722000;38;19;19;51,1
23340006723000;31;17;14;53,6
23340006724000;12;7;5;28,5
23340006729000;9;5;4;38,1
23340006730000;23;14;9;48,6
23340006732000;29;14;15;60,3
23340006733000;3;1;2;0,0
23340006756000;6;5;1;17,3
23340006757000;2;2;0;0,0
23340006769000;4;1;3;0,0
23340006772000;7;3;4;63,4
23340006785000;3;1;2;0,0
23340006786000;3;2;1;0,0
23340006792000;6;3;3;35,5
23340006793000;2;1;1;0,0
23340006808000;6;4;2;48,7
23340006812000;4;2;2;0,0
23340006860000;4;2;2;0,0
23340006943000;3;1;2;0,0
23340006947000;9;6;3;53,6
23340006948000;1;0;1;0,0
23340006952000;6;2;4;44,3
23340006954000;17;10;7;34,8
23340006955000;14;8;6;45,9
23340007038000;64;33;31;38,5
23340007039000;27;15;12;45,1
23340007070000;7;3;4;27,6
23340007074000;20;10;10;47,0
23340007075000;11;5;6;37,0
23340007076000;20;10;10;36,8
23340007077000;16;10;6;36,6
23340007078000;26;15;11;48,7
23340007080000;21;13;8;35,2
23340007081000;44;21;23;44,3
23340007082000;17;10;7;36,8
23340007083000;12;5;7;31,8
23340007084000;9;6;3;49,2
23340007085000;13;7;6;57,5
23340007086000;20;11;9;27,0
23340007087000;11;7;4;40,2
23340007090000;1;1;0;0,0
23340007091000;7;4;3;43,6
23340007092000;8;4;4;46,8
23340007093000;19;11;8;41,3
23340007094000;14;9;5;33,6
23340007095000;11;7;4;46,1
23340007096000;62;29;33;34,2
23340007097000;13;6;7;50,3
23340007098000;11;5;6;41,5
23340007099000;22;12;10;32,3
23340007100000;1;1;0;0,0
23340007101000;14;10;4;47,1
23340007103000;6;3;3;26,3
23340007104000;3;1;2;0,0
23340007106000;12;5;7;44,1
23340007107000;15;10;5;40,2
23340007108000;10;5;5;30,6
23340007109000;8;3;5;36,0
23340007111000;16;11;5;24,3
23340007114000;23;11;12;34,0
23340007115000;33;18;15;36,4
23340007151000;15;8;7;47,8
23340007152000;145;76;69;35,6
23340007153000;68;35;33;38,2
23340007154000;116;59;57;33,9
23340007155000;158;83;75;33,6
23340007158000;18;10;8;35,8
23340007159000;28;16;12;33,5
23340007160000;47;22;25;33,3
23340007161000;5;3;2;59,6
23340007162000;17;8;9;36,8
23340007182000;2;1;1;0,0
23340007183000;15;8;7;54,9
23340007190000;1;0;1;0,0
23340007191000;14;8;6;37,6
23340007192000;15;8;7;57,7
23340007193000;18;9;9;51,3
23340007194000;6;3;3;14,3
23340007195000;12;6;6;42,8
23340007196000;24;14;10;35,4
23340007203000;5;2;3;44,0
23340007204000;2;1;1;0,0
23340007205000;20;9;11;41,1
23340007206000;4;2;2;0,0
23350006647000;5;1;4;32,6
23350006648000;2;2;0;0,0
23350006649000;15;5;10;44,8
23350006650000;35;17;18;42,1
23350006651000;39;17;22;42,2
23350006652000;41;20;21;48,8
23350006653000;6;3;3;39,5
23350006654000;21;14;7;47,4
23350006655000;19;9;10;31,9
23350006656000;9;3;6;50,4
23350006657000;24;12;12;37,3
23350006658000;3;1;2;0,0
23350006659000;1;0;1;0,0
23350006660000;2;1;1;0,0
23350006664000;2;0;2;0,0
23350006666000;1;0;1;0,0
23350006667000;6;3;3;34,8
23350006668000;17;7;10;47,4
23350006669000;10;3;7;47,4
23350006671000;12;7;5;37,3
23350006673000;324;156;168;39,1
23350006674000;1059;503;556;42,1
23350006675000;867;407;460;40,6
23350006676000;3;1;2;0,0
23350006677000;13;2;11;86,3
23350006678000;2;2;0;0,0
23350006679000;7;5;2;46,0
23350006680000;18;9;9;50,2
23350006681000;19;9;10;39,0
23350006682000;37;22;15;46,8
23350006683000;5;2;3;53,2
23350006684000;9;6;3;39,7
23350006685000;32;18;14;42,4
23350006686000;23;13;10;53,5
23350006687000;1;0;1;0,0
23350006689000;5;2;3;32,2
23350006690000;226;116;110;37,0
23350006691000;6;2;4;54,7
23350006692000;16;9;7;37,8
23350006693000;19;12;7;56,8
23350006694000;9;4;5;44,3
23350006695000;40;25;15;33,2
23350006696000;7;4;3;66,1
23350006697000;8;6;2;41,5
23350006698000;11;7;4;63,6
23350006699000;14;7;7;45,4
23350006700000;9;5;4;33,6
23350006701000;29;15;14;42,5
23350006702000;26;10;16;44,2
23350006703000;5;2;3;55,0
23350006704000;15;8;7;58,3
23350006705000;10;5;5;54,6
23350006706000;14;8;6;39,4
23350006707000;119;59;60;41,3
23350006708000;22;14;8;37,7
23350006709000;16;9;7;48,8
23350006710000;1;1;0;0,0
23350006712000;9;5;4;45,8
23350006713000;18;7;11;41,2
23350006714000;52;26;26;50,4
23350006715000;7;5;2;53,7
23350006716000;35;19;16;46,1
23350006717000;14;5;9;44,6
23350006718000;35;16;19;36,7
23350006719000;2;1;1;0,0
23350006720000;40;21;19;45,0
23350006721000;25;14;11;38,5
23350006722000;1;1;0;0,0
23350006723000;113;56;57;36,2
23350006724000;20;13;7;48,4
23350006730000;9;7;2;34,1
23350006732000;37;17;20;54,0
23350006753000;2;1;1;0,0
23350006756000;7;3;4;57,3
23350006773000;1;0;1;0,0
23350006780000;10;6;4;46,9
23350006781000;7;3;4;35,7
23350006782000;2;1;1;0,0
23350006783000;3;1;2;0,0
23350006784000;7;3;4;59,4
23350006785000;5;3;2;45,4
23350006790000;3;1;2;0,0
23350006791000;1;0;1;0,0
23350006792000;2;1;1;0,0
23350006808000;4;2;2;0,0
23350006809000;5;2;3;37,6
23350006812000;1;0;1;0,0
23350006814000;2;1;1;0,0
23350006821000;2;1;1;0,0
23350006870000;1;1;0;0,0
23350006944000;2;1;1;0,0
23350006948000;6;4;2;37,5
23350006953000;1;1;0;0,0
23350006986000;3;1;2;0,0
23350007031000;4;2;2;0,0
23350007032000;11;4;7;46,7
23350007033000;15;6;9;33,8
23350007034000;8;3;5;26,1
23350007035000;8;3;5;34,3
23350007037000;15;9;6;43,6
23350007038000;128;66;62;41,3
23350007039000;20;10;10;51,3
23350007072000;2;1;1;0,0
23350007074000;21;9;12;27,8
23350007076000;33;16;17;37,1
23350007077000;70;39;31;38,3
23350007078000;28;13;15;36,5
23350007079000;26;14;12;33,8
23350007080000;36;19;17;41,0
23350007081000;46;26;20;34,9
23350007082000;15;6;9;44,7
23350007083000;111;57;54;36,9
23350007084000;59;30;29;42,2
23350007085000;2;1;1;0,0
23350007095000;22;11;11;37,1
23350007096000;4;2;2;0,0
23350007098000;20;11;9;37,9
23350007099000;9;4;5;46,3
23350007101000;12;8;4;35,4
23350007102000;16;8;8;19,1
23350007103000;17;9;8;38,6
23350007104000;29;16;13;37,9
23350007106000;5;3;2;59,2
23350007107000;11;7;4;39,5
23350007109000;5;2;3;63,4
23350007110000;77;41;36;36,5
23350007111000;1;0;1;0,0
23350007115000;27;17;10;43,3
23350007119000;3;1;2;0,0
23350007153000;18;8;10;44,4
23350007154000;34;18;16;33,8
23350007157000;3;2;1;0,0
23350007161000;27;14;13;44,6
23350007162000;10;4;6;50,9
23350007185000;6;4;2;72,7
23350007191000;7;3;4;39,0
23350007192000;15;7;8;49,1
23350007193000;3;2;1;0,0
23350007195000;5;2;3;27,0
23350007196000;24;10;14;38,0
23350007197000;20;12;8;32,2
23350007200000;3;1;2;0,0
23350007202000;7;4;3;34,6
23350007203000;5;3;2;70,6
23350007204000;3;2;1;0,0
23360006646000;3;1;2;0,0
23360006647000;8;5;3;29,5
23360006648000;10;4;6;35,5
23360006649000;14;6;8;40,1
23360006650000;12;5;7;44,5
23360006651000;50;30;20;39,8
23360006652000;102;52;50;40,0
23360006653000;143;79;64;40,1
23360006654000;15;8;7;47,2
23360006655000;12;7;5;39,1
23360006656000;4;3;1;0,0
23360006664000;4;2;2;0,0
23360006666000;8;4;4;57,8
23360006667000;17;11;6;47,9
23360006668000;9;5;4;54,8
23360006669000;28;11;17;29,2
23360006670000;30;18;12;37,5
23360006671000;77;41;36;37,3
23360006672000;18;7;11;53,5
23360006675000;1;1;0;0,0
23360006676000;14;8;6;49,8
23360006677000;48;29;19;38,4
23360006678000;45;22;23;36,2
23360006679000;5;2;3;51,4
23360006681000;7;3;4;53,4
23360006682000;391;195;196;42,4
23360006683000;152;70;82;50,6
23360006684000;18;10;8;44,7
23360006685000;8;5;3;52,9
23360006686000;30;15;15;36,9
23360006688000;19;8;11;23,2
23360006690000;6;3;3;37,7
23360006692000;3;1;2;0,0
23360006693000;10;6;4;51,6
23360006694000;2;1;1;0,0
23360006696000;4;2;2;0,0
23360006697000;8;4;4;32,4
23360006698000;10;4;6;49,2
23360006699000;1;0;1;0,0
23360006700000;31;15;16;50,9
23360006701000;54;30;24;47,5
23360006702000;4;2;2;0,0
23360006703000;12;7;5;38,0
23360006704000;15;9;6;53,4
23360006705000;16;7;9;50,0
23360006706000;30;17;13;37,1
23360006707000;5;4;1;67,6
23360006708000;5;1;4;66,8
23360006709000;12;6;6;47,9
23360006713000;20;10;10;49,8
23360006714000;29;18;11;40,8
23360006715000;6;5;1;40,8
23360006716000;94;47;47;42,9
23360006717000;69;30;39;57,9
23360006718000;17;9;8;41,4
23360006720000;12;6;6;53,8
23360006721000;47;22;25;37,5
23360006722000;449;214;235;47,5
23360006723000;606;276;330;57,2
23360006724000;325;160;165;44,7
23360006725000;37;15;22;39,5
23360006728000;9;4;5;46,7
23360006729000;17;10;7;37,2
23360006731000;8;5;3;48,9
23360006732000;41;21;20;41,7
23360006733000;1;1;0;0,0
23360006753000;6;3;3;48,8
23360006755000;10;7;3;41,2
23360006756000;1;1;0;0,0
23360006775000;1;1;0;0,0
23360006778000;4;2;2;0,0
23360006779000;4;2;2;0,0
23360006780000;15;6;9;43,5
23360006781000;3;2;1;0,0
23360006782000;6;2;4;50,2
23360006783000;4;2;2;0,0
23360006804000;3;2;1;0,0
23360006806000;13;5;8;26,0
23360006807000;7;1;6;31,1
23360006808000;3;2;1;0,0
23360006811000;2;1;1;0,0
23360006812000;2;1;1;0,0
23360006819000;6;3;3;30,3
23360006820000;13;6;7;55,5
23360006821000;2;1;1;0,0
23360006870000;1;1;0;0,0
23360006942000;3;2;1;0,0
23360006943000;10;5;5;52,1
23360006944000;1;1;0;0,0
23360006951000;6;3;3;70,0
23360006953000;15;9;6;35,0
23360006958000;2;2;0;0,0
23360006980000;1;0;1;0,0
23360006984000;3;2;1;0,0
23360006985000;2;1;1;0,0
23360007032000;8;4;4;49,0
23360007033000;14;9;5;52,2
23360007034000;123;58;65;39,7
23360007035000;63;36;27;45,3
23360007036000;42;23;19;36,7
23360007037000;96;51;45;41,8
23360007038000;9;2;7;52,8
23360007072000;6;4;2;51,8
23360007073000;5;2;3;67,2
23360007074000;22;11;11;35,9
23360007075000;22;9;13;33,5
23360007076000;36;22;14;46,5
23360007077000;21;13;8;33,6
23360007078000;31;17;14;43,6
23360007079000;37;19;18;33,8
23360007080000;30;18;12;36,3
23360007081000;26;12;14;39,5
23360007082000;9;5;4;31,3
23360007083000;16;9;7;38,5
23360007084000;9;6;3;45,3
23360007097000;11;6;5;40,1
23360007098000;4;2;2;0,0
23360007099000;11;5;6;31,5
23360007100000;9;5;4;55,9
23360007101000;19;8;11;46,5
23360007103000;4;2;2;0,0
23360007104000;115;57;58;35,5
23360007105000;19;10;9;47,6
23360007106000;11;7;4;39,8
23360007107000;5;4;1;49,2
23360007108000;8;5;3;45,0
23360007109000;2;1;1;0,0
23360007110000;154;90;64;39,3
23360007111000;4;2;2;0,0
23360007112000;13;7;6;39,2
23360007115000;30;19;11;29,1
23360007116000;11;5;6;46,5
23360007119000;1;1;0;0,0
23360007153000;15;7;8;36,3
23360007154000;4;3;1;0,0
23360007157000;1;1;0;0,0
23360007162000;4;2;2;0,0
23360007184000;4;1;3;0,0
23360007192000;20;11;9;43,8
23360007193000;5;3;2;25,4
23360007196000;10;5;5;58,3
23360007197000;28;12;16;37,8
23360007202000;2;1;1;0,0
23360007203000;1;1;0;0,0
23360007204000;6;3;3;39,5
23370006643000;1;1;0;0,0
23370006645000;1;1;0;0,0
23370006646000;6;4;2;44,2
23370006647000;11;4;7;37,8
23370006648000;2;1;1;0,0
23370006652000;65;32;33;37,6
23370006653000;48;24;24;42,1
23370006654000;35;17;18;40,6
23370006655000;60;32;28;44,2
23370006656000;25;14;11;41,1
23370006657000;6;3;3;67,5
23370006658000;8;6;2;31,0
23370006659000;14;6;8;42,6
23370006661000;1;0;1;0,0
23370006663000;2;1;1;0,0
23370006664000;3;2;1;0,0
23370006665000;6;3;3;61,3
23370006669000;56;27;29;47,1
23370006670000;34;16;18;42,7
23370006671000;4;1;3;0,0
23370006672000;11;6;5;45,0
23370006673000;26;13;13;49,6
23370006674000;6;3;3;62,2
23370006675000;21;11;10;25,7
23370006676000;7;3;4;58,0
23370006678000;6;3;3;62,3
23370006680000;2;1;1;0,0
23370006682000;32;16;16;35,1
23370006683000;232;120;112;39,4
23370006684000;30;15;15;45,6
23370006685000;12;7;5;50,5
23370006688000;13;7;6;30,5
23370006689000;12;6;6;55,5
23370006690000;7;2;5;46,3
23370006693000;33;18;15;51,5
23370006694000;36;19;17;44,7
23370006695000;13;5;8;47,9
23370006696000;4;3;1;0,0
23370006697000;1;1;0;0,0
23370006698000;9;7;2;56,3
23370006699000;81;39;42;45,7
23370006700000;149;80;69;40,1
23370006701000;2;2;0;0,0
23370006702000;34;21;13;44,9
23370006703000;15;9;6;36,3
23370006704000;27;14;13;46,2
23370006705000;65;30;35;49,9
23370006706000;117;56;61;42,9
23370006707000;24;10;14;55,4
23370006709000;21;12;9;47,0
23370006710000;1;0;1;0,0
23370006711000;5;3;2;63,6
23370006712000;4;3;1;0,0
23370006714000;6;3;3;40,8
23370006716000;5;2;3;44,8
23370006717000;18;13;5;40,9
23370006718000;11;6;5;40,0
23370006719000;65;36;29;46,1
23370006721000;23;12;11;35,8
23370006722000;25;8;17;52,8
23370006723000;194;94;100;42,9
23370006724000;62;29;33;44,7
23370006725000;52;25;27;47,9
23370006726000;149;72;77;45,9
23370006727000;140;67;73;41,9
23370006728000;71;34;37;46,8
23370006729000;7;3;4;55,3
23370006730000;26;12;14;35,3
23370006731000;26;15;11;39,3
23370006733000;3;1;2;0,0
23370006745000;1;1;0;0,0
23370006753000;1;1;0;0,0
23370006756000;1;0;1;0,0
23370006758000;1;1;0;0,0
23370006776000;4;2;2;0,0
23370006778000;51;25;26;53,2
23370006779000;10;6;4;64,8
23370006780000;24;13;11;49,2
23370006781000;6;5;1;40,7
23370006788000;5;4;1;42,0
23370006804000;2;1;1;0,0
23370006805000;3;2;1;0,0
23370006806000;9;5;4;45,1
23370006807000;15;6;9;53,7
23370006808000;49;27;22;37,6
23370006811000;2;1;1;0,0
23370006812000;5;3;2;54,4
23370006813000;5;3;2;32,0
23370006819000;6;3;3;61,2
23370006820000;7;2;5;28,0
23370006833000;2;1;1;0,0
23370006853000;2;1;1;0,0
23370006854000;6;2;4;66,5
23370006855000;5;3;2;61,6
23370006856000;16;8;8;42,1
23370006857000;12;6;6;43,8
23370006858000;4;2;2;0,0
23370006869000;1;1;0;0,0
23370006903000;5;2;3;59,6
23370006904000;1;1;0;0,0
23370006926000;6;4;2;59,8
23370006941000;41;23;18;41,6
23370006942000;3;2;1;0,0
23370006945000;6;4;2;29,5
23370006948000;3;1;2;0,0
23370006950000;3;1;2;0,0
23370006951000;1;1;0;0,0
23370006953000;5;1;4;28,4
23370006986000;1;1;0;0,0
23370007034000;86;47;39;40,1
23370007035000;285;133;152;50,7
23370007036000;414;216;198;39,5
23370007037000;59;28;31;44,2
23370007038000;21;11;10;40,4
23370007073000;31;14;17;38,4
23370007074000;2;2;0;0,0
23370007075000;28;15;13;33,8
23370007076000;10;4;6;43,5
23370007077000;7;4;3;30,0
23370007083000;7;5;2;57,1
23370007084000;7;4;3;41,3
23370007097000;2;1;1;0,0
23370007100000;32;15;17;38,8
23370007102000;17;7;10;46,6
23370007103000;14;8;6;36,6
23370007104000;92;51;41;40,7
23370007105000;13;6;7;46,6
23370007107000;6;4;2;53,3
23370007108000;20;10;10;42,5
23370007109000;29;14;15;35,0
23370007110000;8;5;3;38,8
23370007111000;17;7;10;45,9
23370007112000;13;8;5;36,9
23370007113000;9;5;4;51,7
23370007115000;13;5;8;53,0
23370007116000;10;7;3;58,6
23370007117000;4;3;1;0,0
23370007119000;8;4;4;41,3
23370007156000;7;4;3;40,9
23370007166000;4;1;3;0,0
23370007186000;8;4;4;37,8
23370007193000;38;20;18;39,6
23370007196000;16;9;7;35,4
23370007197000;15;8;7;30,1
23370007198000;6;2;4;45,2
23370007200000;3;2;1;0,0
23370007204000;7;3;4;51,0
23370007218000;2;1;1;0,0
23370007219000;3;2;1;0,0
23370007221000;2;1;1;0,0
23380006643000;4;2;2;0,0
23380006650000;1;1;0;0,0
23380006651000;16;6;10;27,6
23380006652000;103;60;43;40,8
23380006653000;23;12;11;46,5
23380006654000;32;19;13;38,3
23380006655000;27;14;13;39,1
23380006656000;35;18;17;34,9
23380006657000;25;13;12;33,4
23380006658000;6;3;3;43,2
23380006662000;2;1;1;0,0
23380006663000;4;2;2;0,0
23380006667000;7;4;3;56,1
23380006668000;19;9;10;29,5
23380006669000;113;55;58;37,1
23380006670000;41;21;20;36,5
23380006674000;6;4;2;67,0
23380006675000;1;1;0;0,0
23380006676000;1;0;1;0,0
23380006678000;6;2;4;72,2
23380006679000;5;3;2;67,4
23380006680000;16;8;8;51,3
23380006681000;25;9;16;38,0
23380006682000;23;11;12;47,4
23380006683000;66;33;33;43,6
23380006684000;23;10;13;31,9
23380006685000;11;7;4;38,1
23380006686000;16;8;8;43,5
23380006687000;6;3;3;52,2
23380006688000;20;8;12;37,7
23380006689000;4;3;1;0,0
23380006690000;6;3;3;67,0
23380006691000;12;5;7;36,9
23380006692000;22;9;13;38,9
23380006693000;4;3;1;0,0
23380006698000;31;17;14;62,1
23380006699000;11;4;7;48,3
23380006700000;12;6;6;69,9
23380006702000;32;16;16;37,6
23380006703000;9;5;4;52,1
23380006704000;377;164;213;45,5
23380006705000;366;169;197;46,0
23380006706000;279;137;142;46,6
23380006707000;50;25;25;49,1
23380006708000;4;1;3;0,0
23380006710000;18;9;9;45,2
23380006711000;16;10;6;41,5
23380006712000;22;13;9;45,5
23380006713000;26;12;14;42,0
23380006714000;23;10;13;55,1
23380006715000;25;11;14;49,7
23380006716000;6;4;2;34,8
23380006717000;16;8;8;50,1
23380006718000;74;39;35;46,8
23380006719000;109;49;60;40,4
23380006720000;30;17;13;51,5
23380006721000;44;22;22;41,3
23380006722000;76;42;34;48,8
23380006723000;164;80;84;34,4
23380006724000;19;12;7;35,5
23380006725000;68;35;33;38,4
23380006726000;84;41;43;38,4
23380006727000;160;79;81;44,6
23380006728000;105;53;52;46,5
23380006729000;42;17;25;49,9
23380006730000;3;1;2;0,0
23380006748000;3;2;1;0,0
23380006774000;2;1;1;0,0
23380006794000;15;5;10;42,1
23380006807000;11;5;6;46,9
23380006808000;2;1;1;0,0
23380006811000;4;2;2;0,0
23380006851000;3;1;2;0,0
23380006852000;16;11;5;47,8
23380006869000;8;5;3;54,0
23380006924000;1;1;0;0,0
23380006941000;8;4;4;48,3
23380006945000;2;1;1;0,0
23380006949000;3;1;2;0,0
23380006950000;21;10;11;45,1
23380006953000;4;2;2;0,0
23380007009000;1;1;0;0,0
23380007034000;36;15;21;53,2
23380007035000;50;27;23;46,8
23380007036000;219;112;107;39,6
23380007037000;80;36;44;45,4
23380007072000;18;9;9;42,1
23380007073000;28;15;13;47,3
23380007074000;3;2;1;0,0
23380007075000;37;21;16;35,6
23380007076000;53;30;23;34,8
23380007077000;3;2;1;0,0
23380007082000;3;2;1;0,0
23380007083000;16;10;6;41,3
23380007084000;5;3;2;56,4
23380007100000;1;1;0;0,0
23380007103000;6;4;2;29,2
23380007105000;10;4;6;33,1
23380007107000;20;10;10;35,1
23380007108000;7;5;2;19,9
23380007109000;16;9;7;37,2
23380007110000;24;13;11;38,5
23380007111000;2;1;1;0,0
23380007112000;13;9;4;33,2
23380007113000;9;6;3;39,8
23380007114000;2;2;0;0,0
23380007115000;1;1;0;0,0
23380007116000;37;18;19;34,8
23380007155000;4;1;3;0,0
23380007166000;23;11;12;46,6
23380007167000;15;10;5;40,6
23380007186000;28;13;15;55,4
23380007193000;16;8;8;50,1
23380007196000;110;59;51;36,0
23380007197000;540;277;263;38,2
23380007198000;101;51;50;34,4
23380007200000;2;1;1;0,0
23380007202000;4;4;0;0,0
23380007203000;2;1;1;0,0
23380007204000;3;2;1;0,0
23380007217000;2;1;1;0,0
23380007218000;4;3;1;0,0
23380007219000;25;13;12;52,2
23380007221000;2;2;0;0,0
23380007222000;2;1;1;0,0
23390006649000;6;2;4;43,7
23390006650000;44;25;19;46,7
23390006651000;45;23;22;35,4
23390006652000;172;85;87;44,4
23390006653000;590;223;367;56,8
23390006654000;58;30;28;36,8
23390006655000;50;23;27;42,6
23390006656000;27;17;10;39,4
23390006657000;117;59;58;40,3
23390006658000;69;30;39;37,5
23390006659000;8;2;6;62,1
23390006660000;14;8;6;38,6
23390006661000;27;17;10;34,0
23390006662000;20;10;10;46,5
23390006663000;10;7;3;52,6
23390006664000;3;2;1;0,0
23390006665000;3;1;2;0,0
23390006666000;13;10;3;46,7
23390006667000;86;46;40;44,3
23390006668000;38;18;20;46,8
23390006669000;15;5;10;32,7
23390006670000;3;1;2;0,0
23390006674000;14;8;6;30,6
23390006675000;18;11;7;47,6
23390006676000;8;3;5;49,5
23390006677000;12;7;5;55,4
23390006678000;16;8;8;52,0
23390006679000;10;3;7;36,1
23390006680000;8;4;4;46,0
23390006681000;17;8;9;53,9
23390006682000;48;26;22;41,3
23390006683000;7;4;3;52,6
23390006685000;35;19;16;44,0
23390006686000;15;8;7;37,1
23390006687000;6;2;4;33,5
23390006689000;13;5;8;40,8
23390006690000;2;1;1;0,0
23390006698000;23;11;12;51,2
23390006699000;21;10;11;53,3
23390006700000;34;18;16;43,5
23390006701000;27;12;15;39,1
23390006702000;27;15;12;45,1
23390006703000;5;3;2;35,8
23390006704000;32;19;13;39,8
23390006705000;137;48;89;72,5
23390006706000;6;2;4;38,0
23390006707000;30;14;16;49,4
23390006708000;49;28;21;36,3
23390006709000;119;58;61;45,3
23390006710000;202;91;111;43,3
23390006711000;71;36;35;45,0
23390006712000;8;3;5;60,8
23390006713000;11;5;6;57,3
23390006714000;15;10;5;42,0
23390006715000;44;22;22;38,0
23390006716000;76;35;41;48,9
23390006717000;54;26;28;43,6
23390006718000;19;9;10;47,4
23390006719000;30;20;10;40,9
23390006720000;32;19;13;35,9
23390006721000;8;4;4;46,1
23390006722000;2;1;1;0,0
23390006723000;4;2;2;0,0
23390006724000;5;3;2;26,4
23390006725000;30;14;16;43,0
23390006726000;32;16;16;42,6
23390006727000;8;3;5;62,1
23390006728000;105;45;60;48,0
23390006729000;7;4;3;36,6
23390006748000;2;1;1;0,0
23390006751000;8;4;4;51,3
23390006752000;7;4;3;51,9
23390006793000;3;2;1;0,0
23390006794000;3;2;1;0,0
23390006795000;12;7;5;32,8
23390006801000;1;0;1;0,0
23390006802000;1;1;0;0,0
23390006803000;1;1;0;0,0
23390006807000;1;0;1;0,0
23390006809000;8;4;4;36,3
23390006847000;3;0;3;0,0
23390006849000;5;2;3;23,8
23390006850000;87;45;42;43,8
23390006851000;65;33;32;46,9
23390006854000;2;2;0;0,0
23390006859000;12;5;7;44,0
23390006860000;7;2;5;49,0
23390006868000;3;2;1;0,0
23390006874000;14;9;5;59,9
23390006875000;8;4;4;50,6
23390006949000;4;2;2;0,0
23390006950000;109;58;51;48,3
23390006951000;9;6;3;48,4
23390006952000;6;3;3;52,7
23390006953000;3;2;1;0,0
23390006982000;9;5;4;31,4
23390007019000;1;1;0;0,0
23390007020000;5;2;3;54,0
23390007021000;4;2;2;0,0
23390007032000;12;7;5;60,7
23390007033000;79;46;33;45,8
23390007034000;31;16;15;48,6
23390007037000;3;1;2;0,0
23390007038000;4;1;3;0,0
23390007070000;10;7;3;40,7
23390007071000;28;13;15;42,4
23390007072000;53;28;25;28,4
23390007074000;5;3;2;15,2
23390007075000;25;16;9;56,2
23390007076000;161;78;83;41,0
23390007077000;5;3;2;26,0
23390007103000;16;7;9;28,1
23390007104000;1;1;0;0,0
23390007105000;17;10;7;39,4
23390007108000;2;1;1;0,0
23390007109000;14;7;7;18,8
23390007110000;61;34;27;41,0
23390007111000;148;77;71;46,9
23390007113000;12;6;6;24,5
23390007116000;37;18;19;37,3
23390007117000;34;16;18;43,1
23390007118000;8;5;3;25,5
23390007119000;3;1;2;0,0
23390007152000;14;5;9;39,6
23390007154000;23;11;12;38,2
23390007155000;47;25;22;36,5
23390007156000;8;3;5;31,1
23390007166000;4;2;2;0,0
23390007184000;1;1;0;0,0
23390007186000;10;6;4;50,9
23390007191000;3;2;1;0,0
23390007192000;6;2;4;40,2
23390007193000;22;10;12;47,0
23390007196000;87;45;42;31,6
23390007197000;842;409;433;42,3
23390007198000;98;51;47;41,3
23390007203000;13;6;7;28,6
23390007204000;2;1;1;0,0
23390007218000;2;1;1;0,0
23390007221000;8;5;3;39,3
23390007222000;7;4;3;35,4
23390007223000;12;7;5;35,1
23400006647000;6;2;4;41,0
23400006648000;22;12;10;43,5
23400006649000;12;4;8;27,8
23400006650000;51;32;19;40,7
23400006651000;30;15;15;33,1
23400006652000;465;227;238;46,2
23400006653000;72;36;36;47,7
23400006654000;10;5;5;38,5
23400006655000;17;7;10;37,4
23400006656000;45;26;19;34,8
23400006657000;18;8;10;40,7
23400006658000;25;13;12;56,5
23400006659000;36;17;19;40,8
23400006660000;10;6;4;42,9
23400006661000;14;8;6;34,2
23400006663000;6;3;3;43,3
23400006664000;4;1;3;0,0
23400006665000;1;1;0;0,0
23400006666000;20;11;9;39,9
23400006667000;11;6;5;47,3
23400006679000;10;5;5;21,3
23400006681000;3;1;2;0,0
23400006682000;1;0;1;0,0
23400006683000;9;7;2;37,1
23400006684000;90;46;44;43,1
23400006685000;69;32;37;46,9
23400006686000;119;57;62;43,9
23400006687000;37;19;18;41,9
23400006699000;7;4;3;27,3
23400006701000;9;5;4;59,3
23400006702000;19;7;12;43,1
23400006703000;95;55;40;45,4
23400006704000;65;30;35;42,8
23400006705000;201;104;97;44,9
23400006706000;3;2;1;0,0
23400006708000;1;1;0;0,0
23400006709000;10;6;4;53,4
23400006710000;77;44;33;43,8
23400006711000;12;5;7;58,3
23400006712000;12;6;6;40,3
23400006713000;16;9;7;33,7
23400006714000;12;6;6;53,0
23400006715000;20;11;9;36,1
23400006716000;33;16;17;52,2
23400006717000;4;3;1;0,0
23400006719000;8;6;2;42,0
23400006720000;38;19;19;44,5
23400006721000;70;35;35;45,7
23400006725000;3;2;1;0,0
23400006726000;7;2;5;37,6
23400006727000;21;11;10;39,9
23400006728000;155;79;76;44,5
23400006729000;49;24;25;42,8
23400006746000;1;1;0;0,0
23400006748000;14;6;8;55,3
23400006750000;4;2;2;0,0
23400006751000;4;3;1;0,0
23400006792000;4;2;2;0,0
23400006793000;8;4;4;66,4
23400006794000;48;28;20;41,2
23400006809000;1;0;1;0,0
23400006819000;3;2;1;0,0
23400006843000;2;0;2;0,0
23400006844000;8;4;4;48,8
23400006847000;2;1;1;0,0
23400006848000;12;4;8;46,6
23400006849000;22;10;12;46,7
23400006851000;1;0;1;0,0
23400006874000;1;1;0;0,0
23400006875000;1;0;1;0,0
23400006895000;9;4;5;64,9
23400006896000;17;7;10;51,1
23400006912000;4;2;2;0,0
23400006949000;17;11;6;45,7
23400006950000;35;21;14;44,3
23400006951000;2;1;1;0,0
23400006952000;6;3;3;62,5
23400006955000;4;3;1;0,0
23400006977000;7;4;3;50,0
23400006978000;2;1;1;0,0
23400006982000;1;0;1;0,0
23400007022000;2;1;1;0,0
23400007030000;2;1;1;0,0
23400007032000;10;6;4;42,6
23400007033000;36;22;14;54,0
23400007034000;3;2;1;0,0
23400007043000;2;2;0;0,0
23400007070000;9;5;4;42,1
23400007071000;72;40;32;36,0
23400007072000;55;27;28;40,6
23400007074000;11;6;5;23,4
23400007075000;24;13;11;32,3
23400007076000;48;27;21;37,5
23400007077000;15;8;7;48,9
23400007079000;2;1;1;0,0
23400007081000;1;1;0;0,0
23400007101000;3;1;2;0,0
23400007102000;25;15;10;36,0
23400007106000;15;9;6;39,4
23400007108000;15;5;10;39,5
23400007109000;15;9;6;39,7
23400007110000;24;11;13;40,8
23400007111000;5;1;4;23,8
23400007112000;62;33;29;42,1
23400007113000;22;11;11;39,4
23400007114000;45;23;22;26,3
23400007115000;2;1;1;0,0
23400007116000;23;11;12;46,9
23400007120000;8;5;3;27,5
23400007152000;3;1;2;0,0
23400007153000;1;1;0;0,0
23400007155000;19;12;7;35,2
23400007165000;1;1;0;0,0
23400007166000;5;2;3;25,6
23400007187000;2;1;1;0,0
23400007192000;7;5;2;47,9
23400007196000;4;2;2;0,0
23400007197000;12;7;5;45,4
23400007199000;7;5;2;47,9
23400007205000;23;13;10;37,2
23400007210000;5;2;3;56,6
23400007211000;11;7;4;45,5
23400007217000;9;6;3;38,7
23400007218000;27;13;14;56,7
23400007219000;7;4;3;64,3
23400007223000;1;1;0;0,0
23410006643000;5;3;2;27,2
23410006645000;7;5;2;56,3
23410006646000;3;2;1;0,0
23410006647000;27;15;12;48,4
23410006648000;37;18;19;45,9
23410006649000;5;2;3;61,4
23410006650000;22;9;13;49,7
23410006651000;27;13;14;57,9
23410006652000;26;12;14;48,5
23410006653000;21;13;8;56,8
23410006660000;16;9;7;45,6
23410006661000;17;10;7;43,2
23410006662000;15;8;7;39,7
23410006663000;5;2;3;46,0
23410006664000;18;12;6;42,2
23410006665000;4;3;1;0,0
23410006666000;16;9;7;46,8
23410006668000;4;2;2;0,0
23410006673000;7;4;3;56,4
23410006676000;4;2;2;0,0
23410006680000;3;2;1;0,0
23410006683000;17;8;9;39,2
23410006684000;28;15;13;49,9
23410006685000;33;17;16;51,6
23410006686000;25;13;12;36,7
23410006702000;23;14;9;50,0
23410006703000;22;14;8;47,5
23410006704000;5;2;3;57,0
23410006709000;1;0;1;0,0
23410006710000;31;16;15;48,8
23410006711000;7;3;4;67,9
23410006712000;7;4;3;37,7
23410006714000;3;2;1;0,0
23410006716000;11;9;2;31,9
23410006721000;14;8;6;56,6
23410006725000;4;2;2;0,0
23410006726000;13;8;5;48,5
23410006727000;12;5;7;36,7
23410006728000;7;4;3;37,4
23410006729000;73;36;37;50,8
23410006730000;36;13;23;47,6
23410006731000;26;13;13;39,5
23410006732000;18;9;9;39,6
23410006745000;2;1;1;0,0
23410006772000;1;0;1;0,0
23410006779000;17;7;10;59,1
23410006791000;21;11;10;43,4
23410006793000;12;6;6;44,3
23410006794000;32;15;17;49,9
23410006810000;3;2;1;0,0
23410006812000;3;1;2;0,0
23410006813000;2;1;1;0,0
23410006815000;1;1;0;0,0
23410006817000;9;3;6;48,4
23410006840000;4;2;2;0,0
23410006841000;73;37;36;39,1
23410006842000;8;4;4;46,3
23410006860000;6;2;4;44,5
23410006874000;3;2;1;0,0
23410006896000;21;11;10;35,8
23410006977000;12;6;6;54,3
23410006978000;12;7;5;50,2
23410006979000;2;0;2;0,0
23410006980000;7;4;3;63,0
23410007022000;15;6;9;44,3
23410007023000;6;3;3;40,3
23410007024000;3;2;1;0,0
23410007025000;6;3;3;46,0
23410007033000;11;5;6;60,2
23410007034000;22;11;11;37,9
23410007070000;41;24;17;32,9
23410007071000;5;3;2;49,8
23410007072000;2;1;1;0,0
23410007074000;9;5;4;34,4
23410007075000;8;5;3;27,1
23410007076000;6;4;2;41,0
23410007102000;13;7;6;45,0
23410007106000;6;4;2;24,0
23410007107000;22;13;9;45,4
23410007108000;4;1;3;0,0
23410007109000;1;1;0;0,0
23410007110000;11;7;4;32,4
23410007111000;33;17;16;30,5
23410007112000;10;6;4;50,2
23410007113000;32;17;15;38,2
23410007114000;5;3;2;47,2
23410007115000;6;3;3;43,7
23410007116000;71;33;38;57,7
23410007117000;6;4;2;39,0
23410007152000;4;2;2;0,0
23410007153000;4;2;2;0,0
23410007154000;2;1;1;0,0
23410007155000;12;5;7;50,3
23410007156000;5;3;2;38,6
23410007167000;2;1;1;0,0
23410007196000;2;2;0;0,0
23410007197000;1;1;0;0,0
23410007198000;7;3;4;43,3
23410007199000;11;7;4;33,8
23410007204000;7;3;4;30,9
23410007205000;7;5;2;29,0
23410007219000;16;8;8;30,9
23410007224000;1;0;1;0,0
23420006646000;5;3;2;41,4
23420006647000;23;11;12;44,2
23420006648000;79;36;43;45,9
23420006649000;87;45;42;37,0
23420006650000;12;7;5;43,3
23420006651000;9;5;4;45,3
23420006652000;20;10;10;54,6
23420006653000;22;12;10;50,7
23420006654000;11;4;7;42,8
23420006662000;3;2;1;0,0
23420006663000;11;6;5;54,5
23420006664000;1;0;1;0,0
23420006670000;6;4;2;38,8
23420006671000;3;2;1;0,0
23420006675000;2;1;1;0,0
23420006683000;2;2;0;0,0
23420006685000;18;7;11;35,6
23420006686000;3;1;2;0,0
23420006710000;34;21;13;47,8
23420006721000;4;3;1;0,0
23420006726000;3;2;1;0,0
23420006727000;15;8;7;46,4
23420006728000;2;1;1;0,0
23420006730000;12;8;4;45,3
23420006777000;5;4;1;21,0
23420006778000;1;1;0;0,0
23420006779000;19;10;9;46,6
23420006780000;29;19;10;43,2
23420006781000;3;1;2;0,0
23420006782000;16;6;10;40,9
23420006783000;1;1;0;0,0
23420006809000;7;3;4;37,3
23420006810000;1;1;0;0,0
23420006811000;2;1;1;0,0
23420006812000;10;4;6;34,7
23420006814000;10;6;4;41,0
23420006815000;4;2;2;0,0
23420006817000;5;4;1;37,4
23420006832000;6;3;3;23,5
23420006834000;2;1;1;0,0
23420006835000;6;3;3;49,3
23420006836000;19;9;10;46,9
23420006837000;56;29;27;46,7
23420006838000;11;7;4;47,2
23420006839000;1;1;0;0,0
23420006859000;1;1;0;0,0
23420006860000;32;17;15;48,0
23420006861000;2;1;1;0,0
23420006866000;39;20;19;43,7
23420006911000;2;1;1;0,0
23420006977000;6;4;2;43,3
23420006978000;9;5;4;50,0
23420006979000;31;12;19;45,3
23420006980000;4;1;3;0,0
23420007022000;8;4;4;36,0
23420007024000;8;5;3;22,9
23420007032000;2;1;1;0,0
23420007033000;159;83;76;39,6
23420007070000;6;4;2;42,3
23420007074000;15;8;7;46,2
23420007075000;5;3;2;39,6
23420007076000;17;8;9;37,4
23420007077000;38;21;17;31,1
23420007078000;7;3;4;34,0
23420007079000;14;8;6;33,7
23420007103000;13;7;6;51,5
23420007107000;2;1;1;0,0
23420007110000;3;2;1;0,0
23420007111000;8;5;3;40,5
23420007112000;8;5;3;44,5
23420007113000;5;1;4;41,4
23420007114000;25;11;14;31,7
23420007117000;40;21;19;32,5
23420007118000;7;4;3;54,7
23420007121000;5;3;2;46,6
23420007152000;1;1;0;0,0
23420007154000;2;2;0;0,0
23420007155000;4;2;2;0,0
23420007167000;3;2;1;0,0
23420007197000;3;2;1;0,0
23420007199000;3;1;2;0,0
23420007201000;2;1;1;0,0
23420007202000;4;2;2;0,0
23420007205000;11;5;6;21,6
23420007207000;9;4;5;66,2
23420007208000;7;3;4;48,0
23420007212000;10;5;5;33,9
23420007213000;4;1;3;0,0
23420007217000;1;1;0;0,0
23420007218000;2;1;1;0,0
23430006646000;6;3;3;71,7
23430006647000;52;23;29;49,6
23430006648000;338;155;183;47,2
23430006649000;385;172;213;43,4
23430006650000;39;20;19;44,5
23430006651000;9;4;5;37,8
23430006653000;13;6;7;46,4
23430006654000;4;3;1;0,0
23430006655000;2;1;1;0,0
23430006664000;1;0;1;0,0
23430006669000;1;0;1;0,0
23430006672000;6;3;3;36,2
23430006686000;9;5;4;51,7
23430006729000;1;1;0;0,0
23430006730000;36;20;16;51,8
23430006776000;10;5;5;49,8
23430006777000;7;4;3;62,1
23430006778000;2;1;1;0,0
23430006780000;15;5;10;55,8
23430006781000;47;22;25;49,7
23430006782000;28;14;14;45,4
23430006793000;2;1;1;0,0
23430006809000;1;0;1;0,0
23430006810000;2;1;1;0,0
23430006811000;15;8;7;59,0
23430006812000;20;11;9;44,5
23430006814000;6;3;3;70,0
23430006815000;4;2;2;0,0
23430006824000;1;1;0;0,0
23430006830000;6;3;3;35,7
23430006834000;13;10;3;29,2
23430006860000;22;13;9;44,9
23430006861000;23;11;12;39,7
23430006863000;10;5;5;61,0
23430006864000;82;40;42;52,8
23430006865000;49;23;26;45,9
23430006866000;14;8;6;42,4
23430007049000;1;1;0;0,0
23430007069000;2;1;1;0,0
23430007077000;25;14;11;31,5
23430007078000;57;29;28;40,3
23430007079000;18;10;8;41,6
23430007113000;1;0;1;0,0
23430007114000;6;5;1;65,5
23430007115000;3;2;1;0,0
23430007117000;3;1;2;0,0
23430007118000;11;6;5;45,7
23430007119000;2;1;1;0,0
23430007120000;5;2;3;26,4
23430007121000;2;1;1;0,0
23430007151000;6;4;2;27,0
23430007152000;21;13;8;38,0
23430007153000;242;111;131;35,5
23430007154000;22;13;9;40,6
23430007166000;2;1;1;0,0
23430007191000;7;4;3;35,0
23430007212000;18;10;8;31,6
23430007218000;1;0;1;0,0
23430007219000;5;0;5;35,2
23430007220000;40;20;20;39,8
23430007221000;4;2;2;0,0
23430007224000;1;0;1;0,0
23440006646000;35;17;18;38,9
23440006647000;27;17;10;46,9
23440006648000;2;1;1;0,0
23440006649000;92;43;49;46,6
23440006650000;27;13;14;41,6
23440006651000;39;20;19;34,5
23440006652000;4;2;2;0,0
23440006653000;1;0;1;0,0
23440006654000;10;6;4;52,7
23440006655000;8;4;4;60,4
23440006666000;6;3;3;35,5
23440006673000;1;0;1;0,0
23440006688000;4;1;3;0,0
23440006722000;1;1;0;0,0
23440006729000;13;7;6;54,5
23440006730000;27;14;13;52,8
23440006776000;6;4;2;48,2
23440006780000;2;1;1;0,0
23440006781000;62;29;33;50,5
23440006782000;10;6;4;48,0
23440006811000;7;5;2;30,4
23440006812000;1;1;0;0,0
23440006813000;20;8;12;45,1
23440006824000;10;5;5;50,6
23440006825000;4;3;1;0,0
23440006826000;13;7;6;48,8
23440006827000;17;11;6;40,6
23440006829000;3;1;2;0,0
23440006864000;30;18;12;40,3
23440006865000;20;10;10;44,4
23440006866000;30;16;14;41,8
23440006902000;3;2;1;0,0
23440006948000;5;2;3;19,0
23440007021000;10;4;6;29,5
23440007022000;4;2;2;0,0
23440007023000;5;3;2;42,2
23440007034000;3;1;2;0,0
23440007069000;2;1;1;0,0
23440007078000;14;6;8;40,6
23440007079000;21;11;10;43,1
23440007100000;1;1;0;0,0
23440007101000;9;3;6;18,2
23440007103000;10;7;3;40,8
23440007104000;4;1;3;0,0
23440007110000;2;2;0;0,0
23440007113000;1;1;0;0,0
23440007115000;4;3;1;0,0
23440007119000;7;3;4;36,0
23440007150000;9;4;5;55,8
23440007151000;9;5;4;50,8
23440007152000;243;127;116;41,1
23440007153000;301;153;148;31,0
23440007199000;3;2;1;0,0
23440007201000;2;1;1;0,0
23440007202000;2;1;1;0,0
23440007203000;5;4;1;29,4
23440007207000;1;0;1;0,0
23440007210000;7;5;2;58,0
23440007212000;10;5;5;23,7
23440007218000;2;1;1;0,0
23440007219000;14;9;5;52,1
23440007221000;38;21;17;48,0
23440007222000;1;0;1;0,0
23440007223000;13;7;6;43,4
23440007224000;12;4;8;39,7
23450006647000;7;4;3;63,7
23450006648000;10;4;6;46,7
23450006649000;8;4;4;62,1
23450006650000;18;12;6;44,2
23450006651000;22;14;8;38,1
23450006652000;18;11;7;43,8
23450006653000;14;8;6;37,8
23450006654000;25;13;12;51,1
23450006655000;7;2;5;39,0
23450006662000;3;2;1;0,0
23450006666000;43;25;18;41,8
23450006667000;13;7;6;56,2
23450006668000;14;4;10;36,5
23450006669000;2;1;1;0,0
23450006672000;3;1;2;0,0
23450006687000;1;0;1;0,0
23450006688000;4;2;2;0,0
23450006689000;2;1;1;0,0
23450006699000;2;1;1;0,0
23450006718000;7;4;3;62,9
23450006729000;39;21;18;46,9
23450006779000;3;1;2;0,0
23450006781000;1;0;1;0,0
23450006782000;5;2;3;21,8
23450006811000;9;4;5;41,9
23450006812000;11;4;7;33,0
23450006813000;19;12;7;45,8
23450006823000;3;0;3;0,0
23450006824000;9;7;2;43,8
23450006864000;11;5;6;60,3
23450007078000;8;6;2;51,0
23450007079000;18;8;10;40,5
23450007080000;25;12;13;37,4
23450007099000;4;3;1;0,0
23450007100000;9;5;4;33,1
23450007101000;17;10;7;37,8
23450007102000;6;3;3;44,3
23450007103000;27;15;12;32,6
23450007104000;6;1;5;32,3
23450007119000;7;4;3;24,9
23450007120000;11;6;5;39,3
23450007121000;3;2;1;0,0
23450007149000;4;2;2;0,0
23450007150000;4;1;3;0,0
23450007151000;6;4;2;44,3
23450007152000;32;18;14;46,5
23450007153000;7;4;3;44,3
23450007166000;1;1;0;0,0
23450007203000;5;3;2;28,0
23450007204000;4;1;3;0,0
23450007207000;1;0;1;0,0
23450007208000;4;2;2;0,0
23450007210000;2;1;1;0,0
23450007211000;19;11;8;30,0
23450007212000;42;21;21;47,1
23450007213000;13;5;8;54,5
23450007221000;9;4;5;47,4
23450007222000;108;54;54;42,6
23450007223000;65;36;29;45,3
23450007224000;18;10;8;38,1
23460006647000;8;4;4;41,5
23460006649000;1;1;0;0,0
23460006651000;4;2;2;0,0
23460006652000;1;0;1;0,0
23460006653000;6;3;3;48,8
23460006662000;15;10;5;52,7
23460006668000;2;1;1;0,0
23460006669000;13;9;4;43,3
23460006670000;2;2;0;0,0
23460006671000;4;2;2;0,0
23460006672000;8;5;3;31,1
23460006679000;2;1;1;0,0
23460006680000;2;1;1;0,0
23460006686000;2;1;1;0,0
23460006687000;1;1;0;0,0
23460006698000;3;2;1;0,0
23460006699000;8;4;4;51,1
23460006700000;9;5;4;72,3
23460006729000;47;22;25;50,8
23460006782000;2;2;0;0,0
23460006784000;2;1;1;0,0
23460006785000;20;13;7;54,5
23460006786000;1;0;1;0,0
23460006812000;34;18;16;32,2
23460006815000;8;3;5;44,5
23460006820000;12;6;6;46,2
23460006821000;20;11;9;53,0
23460006863000;2;2;0;0,0
23460006882000;3;2;1;0,0
23460006887000;1;0;1;0,0
23460007051000;1;1;0;0,0
23460007079000;10;6;4;44,5
23460007080000;20;10;10;24,5
23460007082000;3;2;1;0,0
23460007098000;2;1;1;0,0
23460007099000;14;7;7;26,8
23460007100000;53;29;24;40,4
23460007101000;17;9;8;38,2
23460007102000;9;5;4;50,0
23460007116000;1;0;1;0,0
23460007120000;5;3;2;29,4
23460007149000;10;6;4;38,2
23460007150000;75;38;37;33,7
23460007151000;3;1;2;0,0
23460007152000;9;5;4;54,7
23460007153000;1;1;0;0,0
23460007154000;34;14;20;48,4
23460007155000;19;11;8;42,3
23460007156000;14;8;6;44,9
23460007157000;4;2;2;0,0
23460007204000;13;6;7;44,0
23460007210000;1;0;1;0,0
23460007212000;6;2;4;32,5
23460007222000;24;13;11;47,5
23460007223000;20;9;11;54,7
23470006655000;4;2;2;0,0
23470006658000;3;1;2;0,0
23470006661000;4;2;2;0,0
23470006669000;5;3;2;57,8
23470006670000;1;1;0;0,0
23470006687000;21;13;8;46,3
23470006691000;2;1;1;0,0
23470006692000;2;1;1;0,0
23470006698000;1;0;1;0,0
23470006717000;1;0;1;0,0
23470006727000;4;3;1;0,0
23470006728000;20;12;8;59,7
23470006729000;80;42;38;49,3
23470006731000;7;3;4;25,7
23470006784000;1;1;0;0,0
23470006785000;8;4;4;66,6
23470006796000;2;1;1;0,0
23470006802000;1;1;0;0,0
23470006809000;7;3;4;49,1
23470006811000;5;3;2;62,6
23470006812000;96;50;46;32,8
23470006813000;130;68;62;46,3
23470006814000;1;1;0;0,0
23470006815000;10;3;7;51,7
23470006816000;2;1;1;0,0
23470006818000;1;0;1;0,0
23470006819000;25;11;14;43,3
23470006820000;2;1;1;0,0
23470006886000;4;2;2;0,0
23470006887000;6;4;2;32,5
23470006948000;2;1;1;0,0
23470006949000;3;1;2;0,0
23470007079000;2;2;0;0,0
23470007080000;14;9;5;40,0
23470007081000;20;12;8;38,4
23470007082000;1;0;1;0,0
23470007098000;19;10;9;32,8
23470007099000;6;2;4;43,2
23470007100000;6;2;4;24,3
23470007101000;12;6;6;42,7
23470007102000;6;5;1;29,2
23470007120000;23;11;12;43,7
23470007121000;21;11;10;40,6
23470007122000;1;1;0;0,0
23470007139000;4;2;2;0,0
23470007149000;15;8;7;45,3
23470007150000;38;20;18;39,7
23470007152000;30;16;14;33,5
23470007153000;12;6;6;28,4
23470007154000;16;9;7;35,4
23470007155000;8;5;3;50,6
23470007190000;5;2;3;30,4
23470007205000;5;2;3;31,0
23470007206000;7;4;3;41,3
23470007207000;2;1;1;0,0
23470007210000;11;7;4;53,9
23470007211000;8;5;3;63,4
23470007213000;1;1;0;0,0
23470007216000;1;1;0;0,0
23470007222000;6;2;4;36,8
23470007223000;1;1;0;0,0
23480006658000;7;4;3;54,6
23480006659000;14;9;5;29,9
23480006661000;17;7;10;56,5
23480006667000;3;3;0;0,0
23480006669000;7;4;3;28,1
23480006670000;2;1;1;0,0
23480006672000;2;2;0;0,0
23480006673000;4;2;2;0,0
23480006677000;3;3;0;0,0
23480006685000;1;1;0;0,0
23480006687000;7;4;3;58,3
23480006688000;24;9;15;30,7
23480006689000;4;2;2;0,0
23480006699000;2;1;1;0,0
23480006702000;1;1;0;0,0
23480006717000;16;8;8;35,1
23480006718000;2;0;2;0,0
23480006726000;8;4;4;44,4
23480006727000;10;5;5;21,0
23480006728000;20;12;8;42,5
23480006729000;7;2;5;67,4
23480006752000;10;4;6;73,6
23480006803000;2;1;1;0,0
23480006809000;1;0;1;0,0
23480006810000;38;20;18;47,1
23480006811000;7;4;3;65,9
23480006812000;6;4;2;52,0
23480006813000;14;9;5;36,5
23480006814000;9;4;5;43,6
23480006886000;5;2;3;27,0
23480007050000;3;1;2;0,0
23480007051000;5;2;3;47,4
23480007079000;5;4;1;22,0
23480007080000;31;15;16;45,3
23480007081000;5;3;2;67,4
23480007082000;21;12;9;48,9
23480007097000;6;3;3;43,5
23480007098000;3;1;2;0,0
23480007101000;13;7;6;44,8
23480007115000;1;1;0;0,0
23480007120000;12;5;7;57,1
23480007121000;8;3;5;30,0
23480007150000;26;13;13;45,6
23480007151000;5;3;2;54,4
23480007152000;6;4;2;40,5
23480007153000;31;14;17;45,2
23480007154000;6;3;3;56,3
23480007155000;10;6;4;37,5
23480007156000;5;3;2;64,2
23480007202000;10;5;5;29,7
23480007207000;5;2;3;63,6
23480007208000;7;4;3;43,1
23480007214000;2;1;1;0,0
23490006653000;1;1;0;0,0
23490006654000;5;2;3;43,0
23490006655000;15;10;5;44,2
23490006657000;3;1;2;0,0
23490006661000;14;7;7;34,5
23490006662000;3;1;2;0,0
23490006663000;1;0;1;0,0
23490006664000;4;3;1;0,0
23490006666000;7;3;4;45,4
23490006670000;6;3;3;50,7
23490006671000;6;5;1;23,5
23490006674000;2;1;1;0,0
23490006676000;2;1;1;0,0
23490006678000;1;1;0;0,0
23490006687000;57;28;29;44,7
23490006689000;7;2;5;61,1
23490006690000;11;4;7;44,1
23490006695000;2;2;0;0,0
23490006702000;10;5;5;54,4
23490006703000;4;2;2;0,0
23490006718000;17;7;10;43,0
23490006719000;4;2;2;0,0
23490006722000;2;1;1;0,0
23490006725000;13;6;7;53,8
23490006726000;24;13;11;43,8
23490006727000;10;5;5;55,7
23490006752000;4;2;2;0,0
23490006753000;7;6;1;49,3
23490006786000;5;4;1;16,6
23490006787000;9;5;4;46,9
23490006791000;9;6;3;32,4
23490006792000;3;2;1;0,0
23490006805000;16;10;6;40,8
23490006807000;4;3;1;0,0
23490006809000;3;2;1;0,0
23490006863000;9;3;6;41,7
23490006886000;11;7;4;46,8
23490006949000;2;1;1;0,0
23490007030000;4;2;2;0,0
23490007065000;5;3;2;50,6
23490007079000;14;9;5;39,9
23490007080000;5;3;2;33,0
23490007081000;1;1;0;0,0
23490007082000;8;4;4;31,6
23490007097000;1;1;0;0,0
23490007098000;23;11;12;26,9
23490007115000;6;5;1;33,3
23490007116000;3;2;1;0,0
23490007121000;46;25;21;39,6
23490007122000;1;0;1;0,0
23490007150000;2;1;1;0,0
23490007151000;4;2;2;0,0
23490007153000;18;10;8;38,4
23490007154000;48;25;23;31,3
23490007155000;12;5;7;44,3
23490007189000;28;14;14;57,4
23490007190000;36;21;15;61,1
23490007202000;10;6;4;28,6
23490007208000;3;2;1;0,0
23490007212000;5;4;1;45,8
23490007213000;3;2;1;0,0
23490007215000;3;1;2;0,0
23490007220000;2;1;1;0,0
23500006653000;2;0;2;0,0
23500006654000;28;14;14;64,0
23500006663000;4;2;2;0,0
23500006664000;29;16;13;56,3
23500006665000;147;77;70;46,6
23500006666000;16;8;8;62,5
23500006667000;16;7;9;39,7
23500006668000;14;8;6;45,5
23500006671000;13;7;6;39,2
23500006675000;6;4;2;63,8
23500006676000;5;2;3;42,8
23500006687000;15;8;7;51,1
23500006689000;4;0;4;0,0
23500006690000;1;0;1;0,0
23500006691000;11;4;7;54,8
23500006692000;7;4;3;55,1
23500006693000;6;3;3;69,0
23500006719000;3;1;2;0,0
23500006721000;5;2;3;20,2
23500006722000;4;2;2;0,0
23500006723000;1;0;1;0,0
23500006724000;9;6;3;56,8
23500006725000;21;11;10;49,4
23500006726000;5;2;3;46,6
23500006729000;2;1;1;0,0
23500006752000;16;8;8;63,8
23500006753000;7;5;2;39,1
23500006774000;6;2;4;27,0
23500006790000;4;3;1;0,0
23500006791000;21;10;11;51,0
23500006797000;2;1;1;0,0
23500006798000;2;0;2;0,0
23500006799000;2;1;1;0,0
23500006863000;17;10;7;42,5
23500006864000;2;1;1;0,0
23500007029000;2;1;1;0,0
23500007079000;15;7;8;37,9
23500007080000;12;6;6;36,4
23500007116000;6;3;3;54,3
23500007120000;15;9;6;44,0
23500007121000;8;3;5;39,3
23500007149000;11;4;7;47,9
23500007150000;11;4;7;47,6
23500007151000;9;5;4;24,8
23500007152000;35;18;17;43,0
23500007153000;48;24;24;37,7
23500007154000;19;12;7;40,9
23500007155000;9;4;5;48,3
23500007156000;5;2;3;35,8
23500007189000;44;25;19;50,7
23500007190000;8;4;4;58,5
23500007202000;2;2;0;0,0
23500007208000;4;2;2;0,0
23500007209000;10;6;4;40,1
23500007210000;8;4;4;31,0
23500007214000;1;1;0;0,0
23500007221000;12;6;6;70,5
23510006650000;2;1;1;0,0
23510006651000;17;11;6;36,6
23510006652000;16;5;11;50,3
23510006653000;18;11;7;43,4
23510006661000;1;1;0;0,0
23510006662000;6;3;3;48,2
23510006663000;8;4;4;38,5
23510006664000;14;10;4;40,4
23510006665000;106;47;59;47,8
23510006666000;38;18;20;36,3
23510006667000;6;3;3;32,5
23510006669000;3;2;1;0,0
23510006670000;4;2;2;0,0
23510006671000;13;6;7;43,2
23510006672000;15;7;8;47,2
23510006673000;2;1;1;0,0
23510006674000;6;2;4;38,7
23510006675000;6;3;3;53,8
23510006687000;5;2;3;36,8
23510006700000;2;1;1;0,0
23510006712000;1;1;0;0,0
23510006722000;4;3;1;0,0
23510006723000;8;5;3;63,8
23510006724000;3;2;1;0,0
23510006725000;11;4;7;53,8
23510006726000;23;14;9;37,7
23510006729000;5;3;2;47,6
23510006774000;11;7;4;51,0
23510006790000;29;19;10;52,0
23510006791000;12;5;7;38,3
23510006796000;2;1;1;0,0
23510006797000;1;0;1;0,0
23510006798000;2;2;0;0,0
23510006799000;4;2;2;0,0
23510006802000;16;8;8;37,9
23510006803000;29;15;14;40,1
23510006804000;17;7;10;39,5
23510006805000;4;3;1;0,0
23510006806000;5;3;2;50,2
23510006823000;3;2;1;0,0
23510006863000;8;5;3;42,1
23510007026000;3;1;2;0,0
23510007027000;12;7;5;46,3
23510007029000;1;1;0;0,0
23510007062000;3;1;2;0,0
23510007063000;13;10;3;58,0
23510007080000;8;4;4;44,4
23510007081000;9;4;5;36,8
23510007117000;2;1;1;0,0
23510007120000;3;2;1;0,0
23510007121000;13;7;6;34,2
23510007122000;3;2;1;0,0
23510007149000;28;15;13;35,8
23510007150000;22;11;11;41,8
23510007151000;20;8;12;37,1
23510007152000;46;22;24;50,6
23510007153000;53;25;28;44,4
23510007154000;8;3;5;30,1
23510007155000;12;6;6;45,0
23510007156000;5;1;4;34,8
23510007189000;37;25;12;36,3
23510007190000;8;5;3;72,3
23510007191000;3;2;1;0,0
23510007203000;7;3;4;46,3
23510007214000;4;3;1;0,0
23510007215000;2;1;1;0,0
23510007216000;6;4;2;43,3
23510007221000;18;6;12;62,0
23510007222000;9;4;5;50,0
23520006652000;2;1;1;0,0
23520006653000;4;3;1;0,0
23520006654000;1;1;0;0,0
23520006657000;2;1;1;0,0
23520006658000;10;5;5;25,6
23520006659000;1;0;1;0,0
23520006660000;6;3;3;38,0
23520006661000;6;4;2;33,8
23520006662000;12;5;7;56,5
23520006663000;14;7;7;55,6
23520006665000;8;4;4;27,9
23520006667000;4;3;1;0,0
23520006670000;4;2;2;0,0
23520006672000;1;1;0;0,0
23520006686000;11;5;6;25,8
23520006687000;15;8;7;38,5
23520006688000;14;7;7;43,1
23520006689000;10;4;6;37,2
23520006693000;6;4;2;57,3
23520006694000;5;3;2;56,0
23520006705000;2;1;1;0,0
23520006707000;1;1;0;0,0
23520006719000;3;2;1;0,0
23520006723000;7;3;4;31,0
23520006725000;5;2;3;57,4
23520006726000;9;6;3;47,8
23520006727000;7;4;3;45,6
23520006729000;5;3;2;50,6
23520006733000;2;1;1;0,0
23520006749000;7;4;3;44,1
23520006753000;2;2;0;0,0
23520006774000;19;11;8;43,6
23520006791000;9;4;5;66,6
23520006792000;8;5;3;47,1
23520006799000;177;91;86;36,2
23520006800000;334;165;169;42,2
23520006801000;165;82;83;40,3
23520006802000;57;26;31;43,4
23520006803000;10;6;4;41,4
23520006804000;14;8;6;34,2
23520006805000;101;51;50;32,1
23520006806000;36;19;17;37,5
23520006819000;2;1;1;0,0
23520006820000;2;0;2;0,0
23520006822000;4;2;2;0,0
23520006823000;1;1;0;0,0
23520006885000;9;2;7;46,6
23520007062000;4;3;1;0,0
23520007063000;14;9;5;41,8
23520007064000;9;5;4;28,9
23520007081000;11;4;7;40,7
23520007082000;16;7;9;43,8
23520007122000;9;5;4;43,4
23520007151000;4;2;2;0,0
23520007152000;4;2;2;0,0
23520007153000;17;8;9;46,1
23520007154000;20;13;7;38,0
23520007155000;69;28;41;32,7
23520007156000;26;8;18;26,7
23520007157000;26;15;11;37,8
23520007183000;1;1;0;0,0
23520007190000;2;1;1;0,0
23520007191000;4;2;2;0,0
23520007203000;27;18;9;40,4
23520007204000;1;0;1;0,0
23520007215000;7;5;2;43,6
23520007222000;12;7;5;57,4
23520007223000;5;3;2;42,6
23520007224000;2;1;1;0,0
23530006653000;6;3;3;56,2
23530006654000;16;10;6;57,3
23530006655000;14;8;6;43,9
23530006656000;6;4;2;30,7
23530006658000;57;31;26;40,1
23530006659000;29;14;15;52,2
23530006660000;27;13;14;43,7
23530006661000;11;6;5;37,5
23530006676000;17;8;9;47,0
23530006682000;1;0;1;0,0
23530006694000;21;11;10;41,4
23530006695000;7;5;2;44,9
23530006707000;3;2;1;0,0
23530006719000;7;5;2;48,6
23530006731000;5;3;2;66,2
23530006733000;7;4;3;24,0
23530006735000;5;2;3;23,8
23530006736000;11;4;7;38,3
23530006737000;3;2;1;0,0
23530006749000;3;1;2;0,0
23530006792000;5;2;3;28,2
23530006799000;180;91;89;38,4
23530006800000;505;227;278;57,5
23530006801000;646;311;335;43,6
23530006802000;81;37;44;43,4
23530006817000;9;3;6;48,7
23530006818000;4;2;2;0,0
23530006820000;3;2;1;0,0
23530006822000;1;0;1;0,0
23530007081000;2;1;1;0,0
23530007082000;24;12;12;38,3
23530007083000;3;1;2;0,0
23530007118000;1;1;0;0,0
23530007122000;9;4;5;59,7
23530007150000;8;5;3;50,9
23530007154000;21;11;10;42,1
23530007155000;373;181;192;48,9
23530007156000;177;96;81;33,9
23530007157000;130;71;59;44,3
23530007158000;20;12;8;37,0
23530007203000;9;6;3;43,8
23530007204000;3;2;1;0,0
23530007216000;12;8;4;37,3
23530007217000;6;2;4;50,5
23530007225000;4;1;3;0,0
23530007287000;5;3;2;64,0
23540006657000;12;5;7;40,3
23540006658000;13;6;7;41,5
23540006659000;3;2;1;0,0
23540006667000;7;3;4;31,7
23540006693000;7;4;3;55,9
23540006694000;16;8;8;52,9
23540006695000;5;3;2;60,8
23540006697000;3;1;2;0,0
23540006698000;1;1;0;0,0
23540006718000;5;3;2;37,4
23540006719000;9;4;5;50,4
23540006720000;2;1;1;0,0
23540006724000;1;1;0;0,0
23540006731000;3;2;1;0,0
23540006732000;2;1;1;0,0
23540006733000;2;1;1;0,0
23540006734000;2;1;1;0,0
23540006797000;28;14;14;38,4
23540006798000;83;42;41;41,2
23540006799000;210;109;101;40,1
23540006800000;96;49;47;43,8
23540006801000;46;28;18;36,3
23540006802000;26;16;10;46,1
23540006805000;3;1;2;0,0
23540006817000;6;3;3;48,8
23540006824000;6;2;4;47,2
23540006825000;2;1;1;0,0
23540006826000;9;4;5;37,7
23540006885000;3;2;1;0,0
23540007062000;1;1;0;0,0
23540007082000;2;1;1;0,0
23540007119000;2;1;1;0,0
23540007154000;12;7;5;63,8
23540007155000;91;38;53;34,1
23540007156000;59;33;26;37,9
23540007157000;2;2;0;0,0
23540007158000;18;9;9;46,1
23540007159000;18;10;8;35,9
23540007204000;3;2;1;0,0
23540007205000;12;6;6;49,0
23540007225000;3;2;1;0,0
23540007280000;37;20;17;40,2
23540007289000;7;3;4;38,4
23550006660000;4;2;2;0,0
23550006666000;13;5;8;38,8
23550006667000;2;1;1;0,0
23550006674000;7;3;4;45,3
23550006693000;3;2;1;0,0
23550006705000;2;1;1;0,0
23550006706000;3;1;2;0,0
23550006707000;3;2;1;0,0
23550006708000;3;2;1;0,0
23550006718000;2;2;0;0,0
23550006723000;7;3;4;59,0
23550006731000;2;1;1;0,0
23550006732000;24;10;14;45,1
23550006794000;6;4;2;43,8
23550006795000;23;12;11;40,4
23550006796000;52;30;22;39,1
23550006797000;7;3;4;32,9
23550006805000;12;6;6;45,8
23550006806000;11;6;5;46,9
23550006807000;2;1;1;0,0
23550006808000;2;1;1;0,0
23550006818000;3;2;1;0,0
23550006819000;5;4;1;55,4
23550007123000;1;1;0;0,0
23550007154000;8;6;2;38,9
23550007156000;50;29;21;36,5
23550007157000;24;14;10;42,4
23550007158000;16;13;3;34,9
23550007159000;4;2;2;0,0
23550007206000;9;3;6;42,3
23550007219000;2;1;1;0,0
23550007279000;1;0;1;0,0
23550007280000;2;1;1;0,0
23550007287000;8;5;3;46,5
23550007288000;20;11;9;41,0
23550007289000;2;1;1;0,0
23550007290000;12;9;3;66,1
23560006662000;4;2;2;0,0
23560006666000;17;9;8;52,1
23560006667000;7;3;4;44,1
23560006668000;3;1;2;0,0
23560006674000;4;2;2;0,0
23560006678000;12;8;4;46,5
23560006699000;2;1;1;0,0
23560006700000;46;22;24;51,0
23560006701000;32;16;16;55,5
23560006705000;3;1;2;0,0
23560006710000;2;1;1;0,0
23560006731000;15;8;7;46,9
23560006732000;4;2;2;0,0
23560006733000;5;3;2;61,0
23560006794000;248;131;117;40,7
23560006795000;119;62;57;40,3
23560006806000;2;1;1;0,0
23560006807000;14;8;6;32,9
23560006818000;2;1;1;0,0
23560006819000;4;2;2;0,0
23560006895000;5;2;3;57,4
23560007123000;9;5;4;52,9
23560007124000;4;2;2;0,0
23560007151000;8;3;5;52,3
23560007152000;2;1;1;0,0
23560007153000;12;5;7;27,3
23560007154000;34;17;17;26,8
23560007156000;36;19;17;39,3
23560007157000;191;99;92;35,8
23560007158000;9;5;4;41,2
23560007205000;10;4;6;59,0
23560007206000;18;10;8;53,6
23560007217000;1;0;1;0,0
23560007219000;8;4;4;46,3
23560007220000;17;7;10;39,6
23560007223000;5;4;1;36,4
23560007280000;22;10;12;36,0
23560007288000;25;10;15;49,1
23560007289000;30;16;14;42,7
23560007290000;8;4;4;52,5
23570006657000;3;1;2;0,0
23570006667000;9;5;4;61,7
23570006668000;6;4;2;32,2
23570006676000;2;1;1;0,0
23570006682000;6;3;3;48,0
23570006699000;13;7;6;39,5
23570006700000;79;38;41;52,7
23570006701000;27;11;16;64,5
23570006730000;2;1;1;0,0
23570006732000;17;10;7;44,3
23570006735000;2;1;1;0,0
23570006791000;4;2;2;0,0
23570006792000;22;12;10;39,5
23570006793000;22;11;11;46,1
23570006794000;33;17;16;38,7
23570006795000;11;5;6;33,0
23570006814000;2;1;1;0,0
23570007080000;10;4;6;37,7
23570007097000;5;2;3;45,0
23570007101000;1;1;0;0,0
23570007124000;6;2;4;45,8
23570007150000;5;2;3;49,0
23570007151000;11;7;4;54,8
23570007152000;19;13;6;31,5
23570007153000;9;4;5;18,3
23570007154000;15;8;7;42,1
23570007155000;12;6;6;52,8
23570007156000;34;17;17;40,3
23570007157000;44;24;20;37,0
23570007158000;10;7;3;27,9
23570007159000;10;6;4;26,9
23570007205000;4;2;2;0,0
23570007219000;5;3;2;62,6
23570007220000;6;4;2;52,3
23570007221000;5;2;3;56,4
23570007223000;6;2;4;59,2
23570007280000;20;10;10;37,5
23570007281000;21;12;9;48,3
23570007284000;11;4;7;47,6
23570007285000;22;15;7;43,0
23570007286000;11;4;7;32,5
23580006666000;1;1;0;0,0
23580006667000;9;5;4;41,0
23580006670000;3;2;1;0,0
23580006671000;6;3;3;62,3
23580006676000;3;2;1;0,0
23580006681000;6;3;3;35,0
23580006682000;8;5;3;37,8
23580006689000;1;1;0;0,0
23580006691000;3;2;1;0,0
23580006695000;1;1;0;0,0
23580006696000;7;3;4;43,7
23580006697000;2;0;2;0,0
23580006698000;3;2;1;0,0
23580006700000;7;2;5;66,3
23580006701000;2;1;1;0,0
23580006728000;11;4;7;46,6
23580006730000;10;5;5;42,7
23580006731000;5;2;3;71,6
23580006732000;2;1;1;0,0
23580006790000;1;0;1;0,0
23580006791000;4;3;1;0,0
23580006792000;2;2;0;0,0
23580006794000;1;1;0;0,0
23580007079000;1;1;0;0,0
23580007095000;3;1;2;0,0
23580007097000;11;7;4;39,7
23580007098000;8;3;5;44,0
23580007119000;7;4;3;44,0
23580007151000;111;62;49;36,4
23580007152000;31;16;15;36,4
23580007158000;9;5;4;48,0
23580007206000;13;9;4;44,5
23580007220000;7;5;2;59,3
23580007221000;9;3;6;44,4
23580007223000;23;12;11;45,1
23580007224000;27;14;13;45,1
23580007235000;1;1;0;0,0
23580007284000;2;2;0;0,0
23580007285000;15;9;6;35,8
23580007286000;15;10;5;45,3
23580007288000;25;15;10;32,4
23580007289000;20;6;14;44,6
23580007290000;108;58;50;44,0
23580007291000;4;3;1;0,0
23590006665000;4;1;3;0,0
23590006679000;1;0;1;0,0
23590006681000;9;6;3;30,9
23590006682000;14;8;6;51,0
23590006683000;7;5;2;38,9
23590006697000;3;2;1;0,0
23590006700000;2;1;1;0,0
23590006702000;2;1;1;0,0
23590006721000;1;1;0;0,0
23590006723000;2;1;1;0,0
23590006724000;1;0;1;0,0
23590006725000;2;1;1;0,0
23590006726000;8;5;3;63,4
23590006727000;2;1;1;0,0
23590006728000;3;2;1;0,0
23590006729000;3;3;0;0,0
23590006783000;5;3;2;51,8
23590006789000;7;4;3;48,3
23590006790000;4;2;2;0,0
23590006795000;6;3;3;60,2
23590006813000;4;3;1;0,0
23590006824000;1;1;0;0,0
23590006826000;2;1;1;0,0
23590006830000;2;2;0;0,0
23590007078000;6;3;3;56,7
23590007079000;5;3;2;60,6
23590007119000;5;2;3;41,2
23590007124000;1;1;0;0,0
23590007151000;39;24;15;36,1
23590007152000;1;0;1;0,0
23590007158000;26;14;12;38,9
23590007159000;8;5;3;22,6
23590007207000;22;12;10;48,5
23590007216000;2;1;1;0,0
23590007221000;8;5;3;53,0
23590007222000;2;1;1;0,0
23590007223000;10;3;7;54,2
23590007225000;3;2;1;0,0
23590007226000;4;2;2;0,0
23590007238000;3;2;1;0,0
23590007282000;4;3;1;0,0
23590007283000;25;14;11;46,2
23590007284000;4;2;2;0,0
23590007285000;3;2;1;0,0
23590007286000;2;1;1;0,0
23590007287000;61;29;32;45,1
23590007288000;29;15;14;43,3
23590007289000;18;9;9;41,9
23590007290000;75;35;40;47,3
23600006664000;2;1;1;0,0
23600006681000;2;1;1;0,0
23600006687000;1;1;0;0,0
23600006688000;1;1;0;0,0
23600006692000;3;1;2;0,0
23600006700000;4;3;1;0,0
23600006701000;1;0;1;0,0
23600006703000;1;1;0;0,0
23600006723000;3;1;2;0,0
23600006724000;1;1;0;0,0
23600006725000;2;1;1;0,0
23600006728000;1;1;0;0,0
23600006730000;2;2;0;0,0
23600006784000;1;0;1;0,0
23600006788000;4;1;3;0,0
23600006789000;5;4;1;60,2
23600006795000;16;7;9;59,1
23600006812000;5;3;2;59,8
23600006824000;5;2;3;27,8
23600007078000;4;2;2;0,0
23600007119000;1;1;0;0,0
23600007150000;1;1;0;0,0
23600007151000;23;11;12;43,5
23600007152000;7;3;4;36,1
23600007157000;5;4;1;54,8
23600007158000;30;14;16;31,4
23600007159000;3;1;2;0,0
23600007208000;5;3;2;39,8
23600007221000;15;10;5;43,1
23600007226000;3;1;2;0,0
23600007227000;16;11;5;30,6
23600007228000;2;1;1;0,0
23600007229000;9;4;5;39,2
23600007236000;11;6;5;39,7
23600007237000;14;10;4;40,5
23600007238000;2;1;1;0,0
23600007281000;14;7;7;49,8
23600007284000;4;2;2;0,0
23600007286000;11;8;3;33,2
23600007287000;266;135;131;42,6
23600007288000;15;7;8;50,3
23610006680000;1;1;0;0,0
23610006687000;9;6;3;63,1
23610006703000;3;2;1;0,0
23610006721000;2;2;0;0,0
23610006730000;3;1;2;0,0
23610006787000;3;1;2;0,0
23610006788000;4;2;2;0,0
23610006794000;2;1;1;0,0
23610006795000;6;4;2;38,8
23610006817000;2;1;1;0,0
23610007119000;2;1;1;0,0
23610007120000;2;1;1;0,0
23610007126000;4;3;1;0,0
23610007151000;2;1;1;0,0
23610007152000;9;4;5;49,2
23610007157000;4;2;2;0,0
23610007161000;10;6;4;38,6
23610007207000;1;1;0;0,0
23610007208000;11;5;6;55,5
23610007235000;17;11;6;53,1
23610007236000;13;7;6;46,5
23610007282000;9;4;5;60,1
23610007284000;7;4;3;54,0
23610007285000;8;4;4;53,8
23610007286000;5;3;2;48,6
23610007287000;6;2;4;71,2
23610007289000;8;3;5;55,4
23620006670000;2;1;1;0,0
23620006678000;2;2;0;0,0
23620006680000;9;4;5;53,1
23620006683000;2;2;0;0,0
23620006699000;8;3;5;40,5
23620006703000;2;1;1;0,0
23620006773000;6;3;3;26,3
23620006774000;10;5;5;35,6
23620006775000;2;1;1;0,0
23620006783000;1;1;0;0,0
23620006784000;1;0;1;0,0
23620006786000;2;1;1;0,0
23620006793000;1;0;1;0,0
23620006795000;1;1;0;0,0
23620007061000;6;4;2;32,5
23620007122000;7;3;4;26,0
23620007126000;4;3;1;0,0
23620007152000;53;26;27;40,4
23620007153000;3;2;1;0,0
23620007159000;10;5;5;46,3
23620007160000;5;3;2;42,2
23620007162000;9;5;4;45,9
23620007207000;13;7;6;40,4
23620007208000;14;6;8;42,3
23620007220000;16;10;6;35,3
23620007223000;2;1;1;0,0
23620007235000;3;3;0;0,0
23620007236000;4;2;2;0,0
23620007284000;18;9;9;53,1
23620007287000;4;3;1;0,0
23620007288000;5;3;2;49,2
23620007289000;21;12;9;46,3
23620007290000;5;3;2;41,8
23620007301000;2;2;0;0,0
23620007310000;2;1;1;0,0
23620007311000;5;2;3;55,0
23630006698000;1;1;0;0,0
23630006699000;4;2;2;0,0
23630006704000;2;1;1;0,0
23630006712000;1;0;1;0,0
23630006722000;2;1;1;0,0
23630006788000;2;0;2;0,0
23630006797000;2;1;1;0,0
23630007061000;1;1;0;0,0
23630007121000;8;4;4;42,9
23630007122000;8;5;3;20,3
23630007127000;2;1;1;0,0
23630007151000;14;6;8;31,3
23630007152000;38;19;19;47,9
23630007153000;14;8;6;47,7
23630007162000;4;2;2;0,0
23630007215000;2;1;1;0,0
23630007216000;2;1;1;0,0
23630007223000;1;1;0;0,0
23630007224000;11;5;6;52,2
23630007237000;2;1;1;0,0
23630007286000;8;3;5;33,0
23630007287000;4;2;2;0,0
23630007288000;15;6;9;42,5
23630007289000;6;3;3;53,5
23630007290000;11;4;7;38,3
23630007310000;1;0;1;0,0
23630007311000;9;4;5;64,4
23640006697000;5;3;2;60,4
23640006711000;1;0;1;0,0
23640006712000;2;1;1;0,0
23640006780000;4;3;1;0,0
23640006781000;1;1;0;0,0
23640006786000;63;33;30;44,8
23640006787000;4;3;1;0,0
23640006793000;1;1;0;0,0
23640006794000;3;1;2;0,0
23640006795000;15;8;7;55,3
23640006797000;6;3;3;41,0
23640006798000;2;0;2;0,0
23640006799000;2;1;1;0,0
23640006801000;2;2;0;0,0
23640007122000;8;5;3;41,9
23640007128000;2;1;1;0,0
23640007150000;20;8;12;37,1
23640007151000;7;4;3;28,9
23640007152000;12;4;8;33,4
23640007153000;11;5;6;41,2
23640007161000;14;7;7;42,4
23640007162000;8;4;4;64,3
23640007226000;1;1;0;0,0
23640007231000;2;1;1;0,0
23640007232000;4;2;2;0,0
23640007237000;6;3;3;68,3
23640007238000;23;14;9;37,4
23640007239000;4;3;1;0,0
23640007257000;19;11;8;43,3
23640007258000;26;15;11;46,6
23640007259000;14;7;7;52,9
23640007286000;3;2;1;0,0
23640007287000;1;1;0;0,0
23650006697000;1;0;1;0,0
23650006704000;9;4;5;50,1
23650006705000;1;1;0;0,0
23650006779000;6;2;4;30,5
23650006780000;22;13;9;37,7
23650006786000;4;3;1;0,0
23650006791000;4;2;2;0,0
23650006793000;8;3;5;24,8
23650006794000;3;1;2;0,0
23650006795000;2;1;1;0,0
23650006796000;2;1;1;0,0
23650006801000;6;2;4;72,2
23650007122000;42;22;20;37,3
23650007123000;72;43;29;33,6
23650007150000;12;7;5;28,9
23650007151000;27;16;11;48,7
23650007152000;71;39;32;44,0
23650007153000;5;3;2;47,2
23650007161000;19;12;7;38,0
23650007162000;10;6;4;21,5
23650007164000;9;5;4;44,4
23650007216000;2;1;1;0,0
23650007217000;4;2;2;0,0
23650007225000;5;2;3;43,0
23650007227000;2;2;0;0,0
23650007229000;8;4;4;40,4
23650007231000;20;11;9;40,0
23650007232000;16;13;3;32,4
23650007237000;4;2;2;0,0
23650007238000;11;8;3;31,2
23650007239000;14;9;5;41,5
23650007241000;16;7;9;26,5
23650007243000;6;5;1;48,0
23650007245000;6;4;2;49,7
23650007255000;5;2;3;16,8
23650007256000;2;2;0;0,0
23650007257000;48;23;25;36,3
23650007258000;34;18;16;41,6
23650007259000;4;2;2;0,0
23650007265000;1;1;0;0,0
23660006696000;11;7;4;39,3
23660006704000;6;3;3;69,5
23660006705000;3;2;1;0,0
23660006708000;3;2;1;0,0
23660006716000;2;1;1;0,0
23660006779000;5;3;2;24,2
23660006783000;2;1;1;0,0
23660006784000;15;7;8;37,7
23660006785000;11;5;6;58,6
23660006787000;2;1;1;0,0
23660006791000;3;1;2;0,0
23660006792000;5;3;2;60,6
23660006793000;30;16;14;47,6
23660006794000;4;2;2;0,0
23660006821000;1;1;0;0,0
23660006827000;5;2;3;32,2
23660007121000;3;2;1;0,0
23660007122000;99;54;45;41,0
23660007123000;14;6;8;45,2
23660007124000;10;7;3;39,9
23660007128000;5;3;2;66,4
23660007150000;17;8;9;41,4
23660007151000;20;13;7;51,8
23660007152000;191;108;83;36,3
23660007164000;5;3;2;48,0
23660007165000;23;13;10;42,0
23660007166000;7;3;4;32,7
23660007205000;3;2;1;0,0
23660007206000;14;8;6;48,1
23660007207000;123;63;60;41,2
23660007216000;8;4;4;72,9
23660007217000;3;2;1;0,0
23660007225000;4;2;2;0,0
23660007232000;18;10;8;43,7
23660007233000;2;1;1;0,0
23660007240000;12;5;7;33,5
23660007241000;21;10;11;35,8
23660007242000;27;15;12;48,8
23660007243000;32;12;20;38,3
23660007244000;2;1;1;0,0
23660007245000;24;11;13;48,4
23660007246000;22;9;13;37,0
23660007247000;2;1;1;0,0
23660007248000;5;3;2;60,8
23660007257000;6;2;4;45,7
23660007258000;12;7;5;46,9
23660007259000;29;16;13;23,8
23660007266000;2;1;1;0,0
23660007286000;11;4;7;52,8
23660007331000;1;1;0;0,0
23670006776000;5;3;2;55,0
23670006777000;10;5;5;52,1
23670006781000;1;0;1;0,0
23670006782000;7;5;2;67,4
23670006783000;9;6;3;57,0
23670006786000;1;1;0;0,0
23670006793000;175;97;78;43,3
23670006794000;16;11;5;37,3
23670006821000;8;3;5;75,1
23670006822000;6;4;2;60,5
23670006823000;5;2;3;62,8
23670006824000;3;1;2;0,0
23670006825000;4;3;1;0,0
23670006826000;5;2;3;57,8
23670006827000;9;5;4;49,8
23670007078000;2;2;0;0,0
23670007119000;2;1;1;0,0
23670007121000;41;22;19;36,1
23670007122000;32;18;14;46,0
23670007123000;2;1;1;0,0
23670007124000;7;4;3;42,1
23670007129000;13;6;7;38,7
23670007150000;9;4;5;34,7
23670007151000;4;2;2;0,0
23670007152000;4;3;1;0,0
23670007166000;2;1;1;0,0
23670007167000;23;15;8;46,3
23670007203000;6;3;3;58,3
23670007206000;12;9;3;32,1
23670007207000;15;9;6;49,1
23670007209000;2;1;1;0,0
23670007211000;2;1;1;0,0
23670007214000;2;1;1;0,0
23670007225000;4;2;2;0,0
23670007226000;1;1;0;0,0
23670007231000;2;0;2;0,0
23670007232000;10;6;4;39,8
23670007237000;3;1;2;0,0
23670007238000;9;4;5;45,8
23670007239000;4;1;3;0,0
23670007241000;7;4;3;42,9
23670007242000;23;12;11;44,6
23670007243000;20;11;9;34,1
23670007244000;51;23;28;37,8
23670007245000;138;68;70;39,7
23670007246000;74;38;36;40,4
23670007258000;9;5;4;36,2
23670007261000;20;12;8;34,4
23670007262000;25;13;12;42,7
23670007263000;234;130;104;36,0
23670007286000;3;1;2;0,0
23670007287000;24;14;10;44,0
23670007288000;12;2;10;45,6
23680006710000;14;5;9;46,8
23680006773000;5;1;4;28,8
23680006775000;9;4;5;25,1
23680006776000;2;2;0;0,0
23680006781000;2;1;1;0,0
23680006782000;8;4;4;60,9
23680006783000;5;2;3;46,8
23680006784000;2;1;1;0,0
23680006785000;14;9;5;47,9
23680006793000;8;4;4;50,0
23680006794000;3;2;1;0,0
23680006802000;1;1;0;0,0
23680006803000;4;2;2;0,0
23680006818000;4;2;2;0,0
23680007119000;9;5;4;26,4
23680007121000;21;11;10;37,7
23680007122000;4;1;3;0,0
23680007123000;9;4;5;42,8
23680007124000;1;1;0;0,0
23680007125000;7;3;4;63,0
23680007129000;11;5;6;43,5
23680007130000;2;1;1;0,0
23680007150000;36;20;16;40,4
23680007151000;2;1;1;0,0
23680007152000;2;2;0;0,0
23680007163000;10;4;6;33,6
23680007167000;64;29;35;41,1
23680007168000;15;7;8;35,5
23680007205000;5;4;1;35,0
23680007206000;3;1;2;0,0
23680007218000;2;2;0;0,0
23680007224000;2;1;1;0,0
23680007225000;15;8;7;53,8
23680007244000;7;4;3;68,4
23680007245000;143;68;75;47,0
23680007246000;100;47;53;46,6
23680007247000;10;6;4;36,9
23680007248000;3;1;2;0,0
23680007250000;1;1;0;0,0
23680007251000;13;6;7;37,0
23680007252000;19;10;9;50,2
23680007253000;5;2;3;46,0
23680007254000;80;46;34;35,0
23680007261000;1;1;0;0,0
23680007262000;10;6;4;58,5
23680007263000;259;124;135;32,1
23680007264000;25;13;12;41,0
23680007270000;1;1;0;0,0
23680007278000;1;1;0;0,0
23680007287000;25;13;12;46,2
23680007304000;1;1;0;0,0
23680007312000;12;7;5;55,1
23680007313000;24;16;8;57,1
23680007379000;1;1;0;0,0
23680007485000;1;1;0;0,0
23690006772000;1;0;1;0,0
23690006773000;1;1;0;0,0
23690006774000;14;7;7;30,1
23690006783000;3;1;2;0,0
23690006795000;3;2;1;0,0
23690006801000;2;1;1;0,0
23690006816000;6;4;2;55,5
23690006817000;4;2;2;0,0
23690006818000;11;6;5;35,3
23690007120000;26;16;10;43,2
23690007121000;1;0;1;0,0
23690007123000;36;17;19;28,6
23690007125000;26;13;13;42,8
23690007129000;18;8;10;29,4
23690007130000;5;2;3;61,6
23690007149000;12;5;7;47,3
23690007150000;32;19;13;46,3
23690007151000;20;11;9;35,4
23690007167000;16;8;8;52,9
23690007168000;41;21;20;38,4
23690007169000;19;8;11;49,6
23690007204000;2;1;1;0,0
23690007205000;11;4;7;50,6
23690007206000;9;7;2;40,2
23690007217000;4;2;2;0,0
23690007225000;54;25;29;51,4
23690007226000;35;19;16;52,4
23690007234000;1;1;0;0,0
23690007245000;3;2;1;0,0
23690007246000;18;9;9;32,4
23690007248000;10;5;5;30,4
23690007249000;47;23;24;38,6
23690007250000;11;7;4;41,8
23690007251000;47;20;27;41,7
23690007252000;427;210;217;39,8
23690007253000;35;19;16;41,5
23690007254000;12;6;6;44,6
23690007261000;138;75;63;40,8
23690007262000;48;24;24;44,4
23690007263000;264;128;136;35,6
23690007264000;114;58;56;31,9
23690007281000;1;0;1;0,0
23690007282000;21;11;10;56,3
23690007312000;1;1;0;0,0
23690007313000;12;6;6;67,7
23700006771000;19;14;5;46,7
23700006772000;19;8;11;53,7
23700006791000;2;0;2;0,0
23700006792000;9;3;6;45,0
23700006799000;2;1;1;0,0
23700006801000;2;1;1;0,0
23700006815000;4;2;2;0,0
23700006816000;7;4;3;64,3
23700007075000;10;5;5;39,2
23700007120000;20;8;12;45,6
23700007121000;13;7;6;40,9
23700007122000;12;7;5;45,8
23700007125000;15;8;7;48,1
23700007126000;26;11;15;41,1
23700007151000;248;110;138;59,5
23700007152000;34;20;14;41,1
23700007167000;2;1;1;0,0
23700007168000;58;28;30;35,9
23700007169000;302;153;149;44,6
23700007170000;80;40;40;38,0
23700007171000;7;4;3;37,9
23700007205000;1;1;0;0,0
23700007217000;2;1;1;0,0
23700007223000;3;2;1;0,0
23700007224000;42;22;20;35,4
23700007225000;122;60;62;42,5
23700007226000;4;2;2;0,0
23700007229000;1;1;0;0,0
23700007230000;4;3;1;0,0
23700007233000;13;8;5;57,9
23700007244000;6;4;2;46,3
23700007245000;7;4;3;31,1
23700007247000;22;9;13;42,8
23700007248000;26;13;13;33,8
23700007249000;31;17;14;48,1
23700007250000;9;4;5;45,7
23700007251000;49;21;28;50,6
23700007252000;63;33;30;44,2
23700007253000;29;15;14;40,2
23700007256000;2;1;1;0,0
23700007257000;21;12;9;41,8
23700007262000;406;195;211;45,4
23700007263000;959;442;517;43,9
23700007264000;162;75;87;35,8
23700007282000;2;1;1;0,0
23700007312000;22;9;13;60,3
23700007313000;10;3;7;59,2
23700007378000;268;141;127;38,2
23700007379000;90;45;45;37,4
23710006791000;2;1;1;0,0
23710006798000;3;2;1;0,0
23710006799000;10;3;7;27,9
23710007077000;3;2;1;0,0
23710007120000;1;1;0;0,0
23710007122000;21;9;12;44,0
23710007124000;8;3;5;42,6
23710007125000;9;5;4;51,7
23710007126000;131;62;69;39,0
23710007127000;8;4;4;58,9
23710007129000;30;16;14;43,5
23710007136000;4;1;3;0,0
23710007144000;25;11;14;44,0
23710007146000;1;1;0;0,0
23710007147000;11;7;4;44,0
23710007148000;15;9;6;42,4
23710007149000;84;50;34;38,8
23710007150000;362;185;177;34,8
23710007151000;272;132;140;41,1
23710007152000;12;8;4;19,3
23710007153000;3;2;1;0,0
23710007154000;2;1;1;0,0
23710007169000;52;30;22;34,4
23710007170000;28;14;14;53,6
23710007171000;46;22;24;40,8
23710007172000;6;2;4;42,2
23710007181000;15;7;8;26,9
23710007203000;13;6;7;45,8
23710007205000;3;2;1;0,0
23710007225000;23;13;10;49,6
23710007226000;1;0;1;0,0
23710007231000;9;6;3;44,0
23710007232000;2;1;1;0,0
23710007233000;8;5;3;60,9
23710007241000;3;1;2;0,0
23710007242000;4;2;2;0,0
23710007244000;6;4;2;24,5
23710007245000;1;0;1;0,0
23710007247000;4;3;1;0,0
23710007248000;11;4;7;47,1
23710007249000;20;11;9;35,1
23710007250000;34;23;11;35,5
23710007251000;3;1;2;0,0
23710007252000;10;4;6;53,7
23710007254000;23;11;12;47,8
23710007258000;3;1;2;0,0
23710007263000;190;92;98;43,4
23710007264000;1015;488;527;42,9
23710007265000;624;305;319;40,4
23710007266000;3;1;2;0,0
23710007312000;5;2;3;57,4
23710007313000;15;9;6;47,5
23710007378000;30;18;12;36,1
23710007379000;9;5;4;64,2
23720006773000;6;3;3;53,3
23720006791000;17;9;8;59,6
23720006799000;3;2;1;0,0
23720006811000;6;2;4;35,7
23720006813000;2;1;1;0,0
23720006814000;2;1;1;0,0
23720007125000;2;1;1;0,0
23720007126000;133;58;75;50,5
23720007127000;273;134;139;47,2
23720007128000;13;6;7;46,5
23720007129000;21;12;9;55,0
23720007143000;1;1;0;0,0
23720007144000;16;7;9;33,1
23720007145000;6;4;2;43,5
23720007148000;2;1;1;0,0
23720007149000;130;63;67;41,3
23720007150000;28;12;16;35,6
23720007153000;4;2;2;0,0
23720007154000;7;4;3;53,4
23720007156000;1;1;0;0,0
23720007168000;4;2;2;0,0
23720007169000;17;6;11;37,5
23720007170000;20;9;11;46,2
23720007171000;9;5;4;45,2
23720007172000;3;2;1;0,0
23720007173000;2;1;1;0,0
23720007174000;14;6;8;36,0
23720007176000;11;6;5;33,5
23720007177000;5;3;2;23,8
23720007178000;5;4;1;32,4
23720007179000;4;2;2;0,0
23720007180000;3;2;1;0,0
23720007181000;4;2;2;0,0
23720007183000;9;5;4;46,9
23720007184000;6;2;4;33,0
23720007205000;4;3;1;0,0
23720007218000;1;1;0;0,0
23720007229000;12;6;6;34,0
23720007231000;11;8;3;39,2
23720007242000;20;8;12;47,8
23720007243000;1;0;1;0,0
23720007249000;5;3;2;47,6
23720007250000;29;13;16;42,4
23720007251000;6;2;4;27,8
23720007252000;1;1;0;0,0
23720007253000;11;7;4;50,7
23720007254000;7;4;3;33,4
23720007255000;2;1;1;0,0
23720007259000;8;4;4;41,1
23720007263000;3;1;2;0,0
23720007264000;5;1;4;28,4
23720007265000;671;330;341;33,3
23720007266000;589;284;305;36,2
23720007267000;29;16;13;38,4
23720007268000;2;1;1;0,0
23720007314000;4;1;3;0,0
23720007323000;2;1;1;0,0
23730006788000;12;7;5;36,6
23730006790000;1;1;0;0,0
23730006791000;15;6;9;69,7
23730006809000;1;1;0;0,0
23730006810000;1;1;0;0,0
23730007124000;10;6;4;37,2
23730007125000;5;4;1;48,8
23730007126000;86;45;41;45,3
23730007127000;109;60;49;35,9
23730007128000;9;7;2;30,3
23730007129000;18;7;11;42,8
23730007157000;1;1;0;0,0
23730007171000;16;6;10;32,8
23730007176000;30;16;14;44,0
23730007180000;1;0;1;0,0
23730007181000;2;0;2;0,0
23730007182000;18;9;9;32,7
23730007183000;3;1;2;0,0
23730007184000;9;3;6;31,1
23730007187000;6;2;4;34,8
23730007204000;9;5;4;59,2
23730007239000;5;2;3;51,2
23730007247000;8;4;4;42,3
23730007251000;12;6;6;49,5
23730007253000;10;5;5;34,1
23730007254000;28;16;12;32,2
23730007255000;24;16;8;37,6
23730007259000;4;2;2;0,0
23730007265000;39;23;16;45,4
23730007266000;104;50;54;38,7
23730007267000;30;15;15;30,5
23730007269000;26;14;12;36,2
23730007270000;7;3;4;50,6
23730007271000;26;16;10;38,9
23730007304000;9;5;4;67,2
23730007305000;13;8;5;46,5
23730007318000;2;1;1;0,0
23730007323000;9;5;4;40,7
23730007324000;9;4;5;50,7
23730007380000;4;3;1;0,0
23730007381000;1;0;1;0,0
23740006790000;3;2;1;0,0
23740006809000;12;8;4;39,9
23740007077000;4;2;2;0,0
23740007124000;39;20;19;35,3
23740007125000;5;3;2;31,8
23740007126000;53;27;26;37,4
23740007127000;12;7;5;36,6
23740007130000;2;2;0;0,0
23740007158000;27;14;13;37,1
23740007159000;19;9;10;41,3
23740007180000;14;8;6;42,4
23740007182000;6;4;2;52,7
23740007183000;2;1;1;0,0
23740007189000;9;5;4;43,1
23740007239000;4;3;1;0,0
23740007252000;2;1;1;0,0
23740007253000;8;5;3;39,9
23740007254000;11;7;4;54,5
23740007255000;24;13;11;28,6
23740007256000;5;2;3;30,4
23740007259000;7;4;3;36,1
23740007260000;18;10;8;42,9
23740007265000;3;3;0;0,0
23740007269000;10;6;4;67,1
23740007272000;8;5;3;49,6
23740007273000;4;2;2;0,0
23740007276000;3;1;2;0,0
23740007305000;17;9;8;40,6
23740007306000;12;6;6;53,5
23740007317000;17;9;8;43,0
23740007318000;4;2;2;0,0
23740007319000;14;9;5;41,0
23740007321000;32;17;15;41,8
23740007322000;56;29;27;34,8
23740007323000;23;12;11;43,6
23740007325000;88;43;45;46,8
23740007326000;5;2;3;43,0
23740007490000;11;5;6;39,3
23740007491000;17;9;8;55,1
23750006806000;2;1;1;0,0
23750006807000;1;1;0;0,0
23750006808000;52;26;26;52,0
23750006809000;8;5;3;34,3
23750007117000;3;2;1;0,0
23750007124000;8;5;3;30,3
23750007125000;12;6;6;25,8
23750007126000;11;4;7;53,1
23750007127000;19;9;10;44,8
23750007130000;4;2;2;0,0
23750007157000;11;6;5;50,4
23750007158000;52;24;28;41,1
23750007159000;10;5;5;51,6
23750007189000;2;1;1;0,0
23750007190000;7;3;4;34,9
23750007219000;14;9;5;35,1
23750007220000;200;99;101;39,5
23750007231000;1;1;0;0,0
23750007253000;5;3;2;42,6
23750007254000;12;7;5;35,3
23750007256000;3;2;1;0,0
23750007260000;7;4;3;44,3
23750007261000;7;2;5;50,0
23750007263000;7;4;3;55,9
23750007264000;30;19;11;42,4
23750007265000;36;22;14;29,8
23750007266000;24;8;16;36,3
23750007267000;6;3;3;62,7
23750007268000;4;2;2;0,0
23750007273000;14;7;7;30,4
23750007274000;20;10;10;30,7
23750007275000;21;10;11;48,5
23750007309000;3;1;2;0,0
23750007317000;24;12;12;60,9
23750007318000;43;23;20;39,7
23750007320000;6;4;2;64,3
23750007321000;80;40;40;41,5
23750007325000;40;20;20;52,2
23750007326000;10;6;4;28,8
23750007490000;30;16;14;38,3
23750007491000;52;30;22;42,5
23760006807000;68;29;39;50,1
23760006808000;17;10;7;61,5
23760007117000;10;6;4;56,5
23760007125000;4;2;2;0,0
23760007126000;14;6;8;38,7
23760007127000;42;20;22;38,8
23760007128000;13;8;5;47,8
23760007156000;11;6;5;44,9
23760007157000;10;6;4;40,3
23760007158000;3;2;1;0,0
23760007201000;3;2;1;0,0
23760007220000;254;118;136;52,5
23760007221000;9;4;5;60,3
23760007224000;7;4;3;43,9
23760007236000;4;3;1;0,0
23760007247000;2;2;0;0,0
23760007248000;4;3;1;0,0
23760007253000;3;1;2;0,0
23760007254000;7;3;4;26,7
23760007260000;12;7;5;45,1
23760007261000;15;8;7;33,9
23760007262000;4;2;2;0,0
23760007263000;18;14;4;31,4
23760007264000;81;42;39;36,8
23760007265000;28;17;11;35,8
23760007266000;26;13;13;43,7
23760007267000;20;11;9;28,9
23760007268000;11;7;4;44,7
23760007273000;5;3;2;58,4
23760007275000;7;3;4;32,9
23760007285000;4;3;1;0,0
23760007309000;13;8;5;46,2
23760007317000;6;3;3;45,7
23760007318000;30;12;18;41,4
23760007319000;171;95;76;35,0
23760007320000;350;179;171;39,8
23760007321000;146;82;64;40,4
23760007322000;7;5;2;50,7
23760007325000;4;2;2;0,0
23760007326000;2;0;2;0,0
23760007491000;168;87;81;45,9
23760007492000;43;19;24;38,1
23770006790000;1;1;0;0,0
23770006806000;7;4;3;49,0
23770006807000;15;6;9;45,1
23770007117000;6;4;2;33,5
23770007125000;13;7;6;32,1
23770007126000;18;8;10;31,2
23770007128000;9;5;4;35,7
23770007130000;5;3;2;48,4
23770007157000;8;5;3;41,9
23770007160000;1;1;0;0,0
23770007194000;14;8;6;40,2
23770007195000;17;8;9;33,9
23770007199000;1;0;1;0,0
23770007220000;16;8;8;58,5
23770007221000;44;21;23;43,3
23770007247000;6;3;3;56,7
23770007249000;2;1;1;0,0
23770007262000;29;18;11;33,9
23770007263000;67;37;30;31,4
23770007264000;7;4;3;50,9
23770007265000;62;30;32;35,8
23770007266000;34;17;17;41,9
23770007267000;2;1;1;0,0
23770007268000;2;1;1;0,0
23770007319000;11;6;5;21,5
23770007320000;127;62;65;41,8
23770007321000;127;70;57;37,2
23770007322000;69;35;34;45,7
23770007325000;3;2;1;0,0
23770007326000;7;4;3;51,0
23770007337000;1;1;0;0,0
23770007387000;37;19;18;55,2
23770007388000;16;11;5;55,8
23770007491000;49;25;24;53,9
23770007492000;144;68;76;42,3
23770007493000;17;10;7;51,3
23780006784000;11;7;4;69,5
23780006805000;9;3;6;51,3
23780006806000;12;6;6;47,5
23780007117000;4;1;3;0,0
23780007125000;8;4;4;56,5
23780007126000;24;12;12;53,0
23780007128000;5;3;2;50,2
23780007129000;18;8;10;44,3
23780007147000;2;1;1;0,0
23780007160000;15;9;6;38,4
23780007161000;23;12;11;39,5
23780007194000;9;2;7;37,8
23780007195000;5;2;3;54,8
23780007196000;37;19;18;47,4
23780007197000;16;10;6;50,3
23780007221000;14;5;9;42,5
23780007263000;2;1;1;0,0
23780007264000;14;8;6;37,9
23780007268000;2;1;1;0,0
23780007278000;7;5;2;55,9
23780007281000;10;7;3;41,4
23780007282000;3;2;1;0,0
23780007287000;7;6;1;47,3
23780007313000;15;9;6;44,4
23780007314000;7;4;3;67,0
23780007321000;8;5;3;43,5
23780007322000;73;40;33;42,0
23780007323000;19;11;8;43,6
23780007325000;1;1;0;0,0
23780007336000;2;1;1;0,0
23780007338000;6;4;2;65,0
23780007492000;1;1;0;0,0
23780007493000;2;2;0;0,0
23790006784000;6;2;4;39,0
23790006791000;5;3;2;53,2
23790007126000;11;6;5;46,1
23790007127000;3;1;2;0,0
23790007129000;31;19;12;46,2
23790007130000;8;5;3;44,6
23790007148000;7;2;5;39,0
23790007161000;53;29;24;40,0
23790007162000;87;42;45;47,7
23790007197000;9;4;5;33,4
23790007198000;8;5;3;27,3
23790007224000;4;2;2;0,0
23790007241000;5;3;2;65,2
23790007258000;2;1;1;0,0
23790007266000;2;1;1;0,0
23790007281000;2;1;1;0,0
23790007282000;14;10;4;44,2
23790007283000;10;7;3;50,6
23790007288000;2;0;2;0,0
23790007313000;2;1;1;0,0
23790007314000;25;15;10;47,5
23790007315000;25;11;14;49,1
23790007321000;2;1;1;0,0
23790007322000;2;1;1;0,0
23790007323000;7;4;3;64,1
23790007338000;2;1;1;0,0
23790007341000;4;1;3;0,0
23800006798000;1;1;0;0,0
23800007127000;6;2;4;47,0
23800007130000;59;34;25;40,2
23800007161000;1;1;0;0,0
23800007162000;51;25;26;47,1
23800007198000;2;1;1;0,0
23800007217000;1;0;1;0,0
23800007218000;4;1;3;0,0
23800007219000;4;2;2;0,0
23800007241000;6;4;2;42,5
23800007259000;22;12;10;57,4
23800007265000;6;3;3;40,8
23800007266000;1;0;1;0,0
23800007267000;1;0;1;0,0
23800007284000;6;3;3;31,5
23800007285000;10;5;5;29,4
23800007286000;9;5;4;28,3
23800007287000;6;3;3;67,3
23800007288000;1;1;0;0,0
23800007295000;2;1;1;0,0
23800007314000;5;3;2;53,0
23800007323000;20;14;6;51,7
23800007325000;5;3;2;42,2
23800007331000;19;10;9;43,9
23800007332000;7;2;5;63,9
23800007339000;1;1;0;0,0
23800007340000;2;1;1;0,0
23800007341000;11;5;6;48,7
23800007342000;2;1;1;0,0
23810006795000;6;4;2;42,5
23810007127000;2;1;1;0,0
23810007128000;26;12;14;45,0
23810007129000;8;3;5;50,9
23810007130000;3;2;1;0,0
23810007131000;8;5;3;43,5
23810007134000;2;2;0;0,0
23810007162000;6;4;2;27,5
23810007163000;8;3;5;49,5
23810007164000;4;3;1;0,0
23810007217000;11;5;6;53,8
23810007222000;4;3;1;0,0
23810007252000;2;1;1;0,0
23810007254000;4;3;1;0,0
23810007257000;2;1;1;0,0
23810007258000;9;4;5;54,7
23810007259000;12;6;6;68,0
23810007264000;5;4;1;51,6
23810007265000;9;4;5;37,6
23810007286000;11;6;5;56,3
23810007287000;64;36;28;31,8
23810007288000;44;22;22;32,3
23810007289000;4;3;1;0,0
23810007295000;1;1;0;0,0
23810007296000;10;6;4;52,3
23810007302000;9;5;4;69,7
23810007310000;5;2;3;36,0
23810007311000;14;7;7;43,4
23810007331000;5;2;3;30,0
23810007332000;3;2;1;0,0
23810007362000;36;18;18;28,9
23810007363000;321;173;148;30,9
23820006793000;16;10;6;51,3
23820006794000;2;1;1;0,0
23820007128000;18;7;11;51,8
23820007130000;8;6;2;60,9
23820007131000;6;3;3;41,8
23820007132000;7;2;5;38,9
23820007133000;1;1;0;0,0
23820007163000;35;17;18;36,4
23820007216000;6;3;3;36,7
23820007217000;4;2;2;0,0
23820007223000;65;33;32;35,6
23820007248000;2;1;1;0,0
23820007256000;4;2;2;0,0
23820007287000;11;6;5;43,7
23820007288000;98;49;49;49,2
23820007289000;40;19;21;36,9
23820007291000;9;6;3;33,4
23820007296000;11;5;6;42,4
23820007301000;6;1;5;34,3
23820007302000;199;107;92;48,1
23820007311000;3;2;1;0,0
23820007312000;4;3;1;0,0
23820007313000;18;9;9;38,1
23820007329000;3;2;1;0,0
23820007339000;1;1;0;0,0
23820007362000;12;6;6;36,8
23820007363000;110;61;49;37,3
23830006793000;3;1;2;0,0
23830007130000;10;5;5;33,9
23830007149000;8;4;4;47,3
23830007162000;6;4;2;17,7
23830007164000;29;15;14;41,3
23830007214000;1;1;0;0,0
23830007216000;8;5;3;55,5
23830007217000;5;3;2;48,8
23830007223000;8;3;5;45,6
23830007224000;15;8;7;41,3
23830007248000;19;9;10;21,6
23830007255000;4;2;2;0,0
23830007258000;3;2;1;0,0
23830007289000;11;5;6;54,9
23830007290000;22;14;8;55,1
23830007296000;6;3;3;46,8
23830007298000;4;3;1;0,0
23830007299000;8;4;4;44,5
23830007303000;7;4;3;49,1
23830007307000;8;3;5;56,1
23830007313000;194;99;95;38,3
23830007314000;1;1;0;0,0
23830007326000;5;4;1;28,0
23840007162000;1;1;0;0,0
23840007167000;10;6;4;36,6
23840007168000;16;9;7;44,9
23840007214000;24;11;13;39,5
23840007215000;12;4;8;57,8
23840007217000;15;9;6;32,1
23840007224000;3;2;1;0,0
23840007249000;2;1;1;0,0
23840007250000;7;4;3;40,3
23840007253000;2;2;0;0,0
23840007255000;1;1;0;0,0
23840007258000;3;1;2;0,0
23840007290000;9;5;4;42,0
23840007291000;10;6;4;35,7
23840007296000;1;0;1;0,0
23840007297000;18;11;7;36,8
23840007298000;13;3;10;47,7
23840007307000;30;13;17;41,9
23840007308000;4;2;2;0,0
23840007310000;2;1;1;0,0
23840007313000;2;1;1;0,0
23840007314000;32;21;11;52,4
23840007315000;22;10;12;52,6
23840007316000;46;24;22;46,7
23840007326000;10;7;3;62,2
23840007330000;2;1;1;0,0
23840007331000;5;3;2;28,4
23840007332000;20;10;10;41,7
23850007149000;1;0;1;0,0
23850007167000;4;3;1;0,0
23850007168000;5;1;4;58,0
23850007169000;1;1;0;0,0
23850007170000;2;1;1;0,0
23850007251000;5;3;2;15,2
23850007254000;1;0;1;0,0
23850007255000;6;2;4;39,0
23850007256000;58;20;38;32,3
23850007260000;2;1;1;0,0
23850007291000;4;3;1;0,0
23850007292000;15;7;8;33,7
23850007298000;3;2;1;0,0
23850007307000;8;6;2;46,3
23850007308000;8;4;4;45,9
23850007311000;7;5;2;55,6
23850007314000;30;15;15;31,9
23850007315000;7;3;4;38,9
23850007316000;4;2;2;0,0
23850007317000;7;3;4;39,9
23850007318000;8;3;5;40,6
23850007331000;2;2;0;0,0
23850007332000;4;1;3;0,0
23850007333000;17;6;11;35,6
23850007334000;23;12;11;49,7
23860007101000;1;1;0;0,0
23860007149000;1;1;0;0,0
23860007254000;9;4;5;50,4
23860007255000;148;62;86;48,8
23860007256000;129;64;65;36,4
23860007257000;7;2;5;32,7
23860007259000;2;1;1;0,0
23860007260000;2;1;1;0,0
23860007292000;2;1;1;0,0
23860007298000;4;3;1;0,0
23860007299000;6;2;4;55,2
23860007306000;6;3;3;51,2
23860007308000;3;2;1;0,0
23860007309000;2;1;1;0,0
23860007311000;3;1;2;0,0
23860007315000;2;1;1;0,0
23860007316000;22;9;13;35,2
23860007317000;19;10;9;27,9
23860007318000;4;2;2;0,0
23860007319000;3;2;1;0,0
23860007320000;6;4;2;55,7
23860007327000;15;7;8;32,2
23860007333000;23;14;9;40,4
23860007334000;243;127;116;34,8
23860007335000;7;3;4;36,3
23860007336000;1;0;1;0,0
23860007343000;1;1;0;0,0
23870007172000;2;1;1;0,0
23870007255000;2;1;1;0,0
23870007258000;4;2;2;0,0
23870007259000;22;14;8;40,2
23870007267000;1;1;0;0,0
23870007294000;1;1;0;0,0
23870007299000;10;4;6;58,5
23870007300000;3;1;2;0,0
23870007310000;3;2;1;0,0
23870007311000;12;9;3;42,7
23870007317000;9;5;4;52,9
23870007318000;28;16;12;43,3
23870007319000;33;16;17;40,7
23870007320000;11;6;5;50,4
23870007321000;3;2;1;0,0
23870007327000;2;1;1;0,0
23870007328000;7;4;3;70,1
23870007333000;20;10;10;49,1
23870007334000;26;15;11;36,5
23870007335000;5;2;3;42,8
23870007336000;1;0;1;0,0
23870007337000;14;10;4;52,7
23870007342000;11;7;4;38,9
23880007173000;8;4;4;39,0
23880007239000;2;2;0;0,0
23880007254000;27;14;13;31,8
23880007259000;31;14;17;45,5
23880007269000;1;1;0;0,0
23880007294000;5;3;2;35,2
23880007295000;15;6;9;41,7
23880007311000;7;4;3;32,1
23880007319000;6;2;4;22,5
23880007320000;28;14;14;30,9
23880007321000;251;127;124;31,8
23880007322000;195;94;101;36,1
23880007328000;1;0;1;0,0
23880007333000;3;0;3;0,0
23880007337000;10;5;5;55,0
23880007341000;4;2;2;0,0
23880007344000;1;1;0;0,0
23880007406000;3;2;1;0,0
23890007173000;2;1;1;0,0
23890007245000;2;2;0;0,0
23890007253000;2;1;1;0,0
23890007254000;10;7;3;49,6
23890007257000;6;3;3;44,5
23890007288000;6;3;3;65,7
23890007291000;33;18;15;43,2
23890007294000;2;1;1;0,0
23890007295000;1;0;1;0,0
23890007296000;2;1;1;0,0
23890007319000;19;11;8;46,4
23890007320000;12;6;6;59,0
23890007321000;45;24;21;33,7
23890007322000;758;387;371;38,6
23890007323000;19;7;12;41,0
23890007329000;6;2;4;64,0
23890007333000;3;2;1;0,0
23890007334000;1;1;0;0,0
23890007336000;14;6;8;43,6
23890007337000;23;12;11;57,6
23890007340000;32;12;20;50,0
23890007341000;54;28;26;47,9
23890007342000;4;2;2;0,0
23890007344000;3;2;1;0,0
23890007345000;1;1;0;0,0
23890007407000;6;3;3;62,8
23900007184000;6;3;3;41,7
23900007185000;3;2;1;0,0
23900007241000;3;2;1;0,0
23900007243000;10;4;6;43,7
23900007244000;2;1;1;0,0
23900007245000;19;8;11;27,5
23900007246000;24;13;11;44,5
23900007250000;2;1;1;0,0
23900007251000;2;1;1;0,0
23900007291000;7;2;5;53,4
23900007319000;7;3;4;44,1
23900007320000;23;13;10;38,4
23900007321000;37;16;21;35,0
23900007322000;281;129;152;42,5
23900007323000;895;441;454;43,3
23900007329000;5;3;2;51,8
23900007330000;5;2;3;46,6
23900007331000;125;68;57;36,2
23900007332000;2;1;1;0,0
23900007334000;1;1;0;0,0
23900007338000;8;5;3;60,1
23900007340000;14;7;7;57,9
23900007341000;92;44;48;35,2
23900007345000;26;14;12;45,3
23900007346000;1;1;0;0,0
23900007361000;2;1;1;0,0
23910007175000;6;3;3;62,5
23910007176000;5;3;2;50,6
23910007240000;5;2;3;62,8
23910007241000;4;2;2;0,0
23910007246000;20;8;12;28,8
23910007247000;7;3;4;26,9
23910007248000;5;4;1;61,2
23910007249000;4;3;1;0,0
23910007251000;7;4;3;39,1
23910007252000;2;2;0;0,0
23910007306000;5;3;2;73,8
23910007319000;5;1;4;22,4
23910007320000;2;1;1;0,0
23910007321000;19;9;10;38,0
23910007322000;154;76;78;37,4
23910007323000;1031;491;540;41,9
23910007324000;227;112;115;41,6
23910007331000;1;1;0;0,0
23910007332000;17;10;7;54,2
23910007334000;6;3;3;32,2
23910007336000;6;4;2;34,0
23910007338000;2;1;1;0,0
23910007343000;2;2;0;0,0
23910007344000;24;15;9;35,5
23910007345000;21;11;10;51,5
23910007346000;25;13;12;49,8
23910007361000;2;1;1;0,0
23910007362000;90;43;47;47,8
23920007176000;1;1;0;0,0
23920007238000;2;1;1;0,0
23920007239000;1;1;0;0,0
23920007243000;7;4;3;54,3
23920007246000;2;0;2;0,0
23920007248000;3;0;3;0,0
23920007249000;7;4;3;29,9
23920007252000;2;1;1;0,0
23920007320000;2;1;1;0,0
23920007321000;11;6;5;31,6
23920007322000;154;90;64;37,4
23920007323000;939;476;463;38,6
23920007324000;764;380;384;44,2
23920007332000;6;3;3;46,8
23920007335000;4;2;2;0,0
23920007336000;11;5;6;49,2
23920007337000;1;1;0;0,0
23920007339000;75;28;47;51,9
23920007340000;6;3;3;61,2
23920007341000;14;6;8;29,5
23920007342000;2;1;1;0,0
23920007343000;29;15;14;43,3
23920007344000;12;7;5;35,1
23920007345000;19;10;9;54,8
23920007346000;2;1;1;0,0
23920007362000;130;61;69;49,1
23920007363000;32;19;13;40,1
23930007176000;10;5;5;67,9
23930007239000;2;1;1;0,0
23930007248000;2;1;1;0,0
23930007302000;1;1;0;0,0
23930007303000;1;1;0;0,0
23930007323000;322;172;150;37,5
23930007324000;87;44;43;35,7
23930007342000;1;1;0;0,0
23930007343000;3;1;2;0,0
23930007362000;41;18;23;50,7
23930007363000;3;2;1;0,0
23940007178000;17;9;8;37,9
23940007179000;3;1;2;0,0
23940007239000;4;2;2;0,0
23940007304000;1;1;0;0,0
23940007324000;8;5;3;42,6
23940007325000;3;2;1;0,0
23940007326000;4;3;1;0,0
23940007328000;9;3;6;24,2
23940007360000;2;2;0;0,0
23940007362000;1;1;0;0,0
23940007363000;4;2;2;0,0
23940007385000;7;4;3;30,3
23940007386000;10;5;5;42,6
23950007175000;3;2;1;0,0
23950007179000;6;3;3;53,3
23950007180000;2;1;1;0,0
23950007314000;3;2;1;0,0
23950007326000;114;56;58;33,9
23950007327000;14;5;9;48,1
23950007328000;71;35;36;46,1
23950007329000;16;8;8;29,3
23950007383000;2;1;1;0,0
23950007385000;21;12;9;46,3
23950007387000;45;26;19;32,8
23950007388000;13;7;6;44,6
23960007174000;8;2;6;59,0
23960007180000;9;5;4;40,0
23960007238000;7;4;3;66,9
23960007239000;1;0;1;0,0
23960007280000;6;5;1;28,2
23960007282000;5;2;3;40,6
23960007314000;6;4;2;44,8
23960007326000;45;31;14;24,8
23960007327000;57;30;27;45,6
23960007328000;21;12;9;24,9
23960007329000;2;1;1;0,0
23960007330000;5;2;3;54,8
23960007331000;3;2;1;0,0
23960007337000;7;3;4;30,1
23960007338000;4;2;2;0,0
23960007339000;6;3;3;59,0
23960007341000;6;4;2;41,0
23960007385000;1;1;0;0,0
23960007387000;15;7;8;46,1
23960007388000;2;1;1;0,0
23970007181000;63;32;31;48,7
23970007182000;49;29;20;42,3
23970007310000;4;2;2;0,0
23970007312000;2;1;1;0,0
23970007327000;12;6;6;29,9
23970007328000;10;6;4;49,8
23970007329000;6;2;4;37,2
23970007331000;3;2;1;0,0
23970007337000;4;2;2;0,0
23970007338000;35;19;16;40,6
23970007340000;5;2;3;71,4
23970007341000;25;16;9;45,8
23970007342000;1;1;0;0,0
23970007349000;3;2;1;0,0
23970007350000;1;1;0;0,0
23970007351000;2;1;1;0,0
23970007385000;3;1;2;0,0
23970007386000;4;3;1;0,0
23980007182000;11;5;6;44,8
23980007184000;5;3;2;56,0
23980007318000;1;0;1;0,0
23980007327000;31;15;16;39,4
23980007328000;65;35;30;42,5
23980007338000;2;1;1;0,0
23980007349000;2;1;1;0,0
23990007185000;5;3;2;25,0
23990007195000;8;4;4;40,0
23990007310000;1;1;0;0,0
23990007319000;21;11;10;56,8
23990007327000;19;12;7;43,1
23990007328000;19;10;9;40,8
23990007329000;5;3;2;43,0
23990007333000;9;4;5;46,0
23990007339000;17;6;11;36,9
23990007346000;47;25;22;40,2
23990007348000;1;1;0;0,0
23990007349000;4;1;3;0,0
24000007310000;8;4;4;43,4
24000007317000;2;1;1;0,0
24000007319000;8;4;4;56,5
24000007328000;12;3;9;29,1
24000007329000;21;13;8;49,4
24000007338000;3;2;1;0,0
24000007339000;20;9;11;50,8
24000007346000;5;4;1;35,4
24000007508000;3;2;1;0,0
24010007187000;1;1;0;0,0
24010007190000;1;0;1;0,0
24010007327000;11;5;6;55,0
24010007328000;2;1;1;0,0
24010007329000;9;4;5;41,8
24010007334000;4;3;1;0,0
24010007345000;2;1;1;0,0
24010007346000;7;3;4;47,7
24010007354000;2;1;1;0,0
24010007506000;27;13;14;52,6
24010007507000;101;48;53;41,0
24010007508000;32;20;12;46,5
24020007172000;2;1;1;0,0
24020007173000;5;3;2;27,6
24020007245000;3;2;1;0,0
24020007246000;3;2;1;0,0
24020007317000;2;1;1;0,0
24020007318000;4;2;2;0,0
24020007320000;18;11;7;46,7
24020007327000;7;5;2;58,4
24020007329000;46;24;22;40,2
24020007335000;9;5;4;74,8
24020007346000;3;1;2;0,0
24020007354000;1;1;0;0,0
24020007364000;4;2;2;0,0
24020007365000;8;5;3;25,8
24020007505000;15;7;8;35,7
24020007506000;134;72;62;43,5
24020007507000;241;121;120;42,2
24020007508000;3;3;0;0,0
24020007510000;30;15;15;41,1
24030007172000;1;1;0;0,0
24030007328000;9;4;5;20,0
24030007329000;41;24;17;33,8
24030007340000;4;3;1;0,0
24030007348000;5;2;3;73,4
24030007365000;94;46;48;51,4
24030007366000;4;3;1;0,0
24030007367000;10;6;4;27,8
24030007368000;50;23;27;37,5
24030007370000;4;2;2;0,0
24030007371000;2;1;1;0,0
24030007379000;2;1;1;0,0
24030007380000;4;2;2;0,0
24030007382000;1;1;0;0,0
24030007383000;1;1;0;0,0
24030007506000;141;72;69;39,7
24030007510000;10;5;5;56,9
24040007246000;8;5;3;57,5
24040007311000;5;2;3;39,2
24040007319000;1;1;0;0,0
24040007321000;2;2;0;0,0
24040007322000;1;1;0;0,0
24040007323000;17;10;7;49,0
24040007328000;4;2;2;0,0
24040007329000;39;21;18;43,2
24040007330000;3;2;1;0,0
24040007341000;6;4;2;42,8
24040007348000;2;1;1;0,0
24040007349000;2;1;1;0,0
24040007350000;1;1;0;0,0
24040007351000;1;0;1;0,0
24040007365000;50;27;23;44,9
24040007366000;110;56;54;45,1
24040007367000;30;17;13;47,0
24040007368000;6;2;4;36,5
24040007379000;2;2;0;0,0
24040007382000;13;8;5;40,0
24040007383000;4;3;1;0,0
24050007192000;99;47;52;42,0
24050007246000;12;7;5;57,5
24050007311000;5;3;2;64,8
24050007312000;1;1;0;0,0
24050007322000;5;3;2;46,2
24050007323000;23;10;13;49,4
24050007327000;7;3;4;38,0
24050007328000;15;9;6;43,3
24050007329000;20;10;10;42,9
24050007330000;21;12;9;34,5
24050007365000;2;0;2;0,0
24050007366000;36;18;18;45,8
24050007382000;1;0;1;0,0
24050007383000;3;1;2;0,0
24060007110000;2;2;0;0,0
24060007192000;12;7;5;43,0
24060007193000;16;8;8;34,9
24060007313000;3;1;2;0,0
24060007317000;1;1;0;0,0
24060007322000;2;1;1;0,0
24060007323000;7;3;4;21,9
24060007324000;5;1;4;49,0
24060007328000;343;179;164;38,5
24060007329000;161;85;76;35,9
24060007330000;18;8;10;31,8
24060007340000;4;2;2;0,0
24060007346000;4;2;2;0,0
24060007347000;2;1;1;0,0
24070007192000;5;3;2;26,4
24070007313000;1;1;0;0,0
24070007322000;8;4;4;62,3
24070007323000;16;6;10;33,8
24070007324000;27;14;13;34,4
24070007325000;35;18;17;37,1
24070007326000;1;1;0;0,0
24070007328000;215;105;110;38,8
24070007329000;5;2;3;39,6
24070007341000;19;12;7;55,2
24070007342000;22;10;12;51,1
24070007343000;2;1;1;0,0
24070007347000;10;6;4;33,4
24080007190000;4;1;3;0,0
24080007192000;9;5;4;30,8
24080007193000;1;0;1;0,0
24080007196000;7;4;3;41,7
24080007199000;13;5;8;39,2
24080007200000;7;3;4;36,7
24080007323000;4;3;1;0,0
24080007324000;4;1;3;0,0
24080007325000;9;5;4;37,8
24080007326000;14;11;3;29,4
24080007328000;12;9;3;27,8
24080007329000;18;12;6;32,8
24080007342000;7;4;3;24,0
24080007343000;2;1;1;0,0
24080007344000;10;6;4;36,4
24080007348000;1;0;1;0,0
24080007349000;5;2;3;63,0
24080007366000;1;1;0;0,0
24080007372000;1;1;0;0,0
24080007375000;5;3;2;17,0
24080007386000;3;2;1;0,0
24080007387000;2;1;1;0,0
24090007169000;7;5;2;37,9
24090007170000;10;6;4;55,5
24090007199000;8;3;5;55,8
24090007200000;6;4;2;40,2
24090007326000;23;11;12;42,4
24090007327000;22;12;10;46,5
24090007329000;24;13;11;43,9
24090007338000;7;4;3;42,6
24090007347000;7;6;1;36,6
24090007351000;2;1;1;0,0
24090007375000;32;16;16;43,0
24090007376000;27;12;15;28,0
24100007169000;5;3;2;64,8
24100007170000;2;1;1;0,0
24100007194000;6;4;2;33,5
24100007195000;5;3;2;18,0
24100007327000;3;1;2;0,0
24100007329000;23;12;11;49,7
24100007330000;14;8;6;38,3
24100007342000;87;44;43;34,6
24100007343000;581;289;292;40,8
24100007347000;4;3;1;0,0
24100007351000;5;3;2;55,8
24100007358000;20;10;10;40,9
24100007359000;1;0;1;0,0
24100007385000;8;5;3;55,5
24110007195000;2;1;1;0,0
24110007196000;11;5;6;40,6
24110007315000;1;1;0;0,0
24110007328000;1;0;1;0,0
24110007329000;16;8;8;47,6
24110007330000;29;14;15;42,3
24110007331000;4;2;2;0,0
24110007341000;8;3;5;57,0
24110007342000;193;105;88;35,7
24110007343000;538;273;265;36,6
24110007348000;5;2;3;64,2
24110007358000;28;14;14;48,8
24110007359000;4;1;3;0,0
24110007378000;55;28;27;49,9
24110007379000;5;4;1;39,4
24110007380000;4;2;2;0,0
24110007384000;17;7;10;43,2
24110007385000;8;4;4;35,0
24110007388000;2;2;0;0,0
24110007389000;23;12;11;43,5
24110007390000;21;8;13;37,5
24120007171000;5;3;2;33,4
24120007197000;5;2;3;58,6
24120007198000;10;7;3;41,4
24120007200000;5;3;2;28,0
24120007201000;145;69;76;50,4
24120007202000;30;17;13;43,7
24120007313000;6;3;3;63,5
24120007329000;1;1;0;0,0
24120007330000;21;10;11;31,8
24120007332000;13;6;7;41,9
24120007333000;5;2;3;62,0
24120007338000;9;5;4;37,0
24120007341000;4;2;2;0,0
24120007343000;6;4;2;26,3
24120007344000;2;2;0;0,0
24120007345000;8;4;4;53,5
24120007348000;6;4;2;52,2
24120007362000;3;2;1;0,0
24120007368000;3;2;1;0,0
24120007376000;2;1;1;0,0
24120007377000;16;9;7;53,1
24120007378000;22;13;9;43,6
24120007388000;2;1;1;0,0
24120007389000;8;5;3;33,9
24120007390000;16;9;7;33,4
24120007391000;3;1;2;0,0
24130007171000;20;9;11;50,6
24130007172000;2;1;1;0,0
24130007197000;2;1;1;0,0
24130007198000;4;2;2;0,0
24130007199000;22;13;9;45,0
24130007200000;8;4;4;42,3
24130007201000;45;23;22;44,3
24130007202000;21;11;10;45,9
24130007203000;1;1;0;0,0
24130007308000;2;2;0;0,0
24130007313000;2;1;1;0,0
24130007314000;1;1;0;0,0
24130007330000;1;0;1;0,0
24130007332000;1;1;0;0,0
24130007333000;22;10;12;41,7
24130007338000;23;13;10;34,8
24130007341000;13;5;8;46,5
24130007345000;4;3;1;0,0
24130007349000;9;3;6;59,1
24130007362000;3;1;2;0,0
24130007369000;2;1;1;0,0
24130007376000;8;5;3;55,0
24130007392000;2;1;1;0,0
24140007201000;4;1;3;0,0
24140007202000;21;8;13;33,3
24140007203000;5;3;2;44,6
24140007204000;9;5;4;64,4
24140007277000;1;1;0;0,0
24140007279000;1;1;0;0,0
24140007314000;6;3;3;35,3
24140007315000;23;9;14;34,2
24140007331000;8;5;3;52,3
24140007333000;8;4;4;33,0
24140007338000;35;19;16;46,1
24140007339000;5;3;2;59,6
24140007342000;26;14;12;44,2
24140007345000;7;4;3;28,3
24140007346000;10;7;3;39,6
24140007347000;3;1;2;0,0
24140007349000;3;2;1;0,0
24140007350000;8;4;4;63,9
24140007356000;6;3;3;59,2
24140007363000;23;10;13;38,5
24140007376000;23;12;11;45,0
24140007377000;3;1;2;0,0
24140007381000;1;1;0;0,0
24140007394000;37;15;22;44,1
24140007395000;46;22;24;48,6
24140007530000;4;2;2;0,0
24140007531000;4;4;0;0,0
24150007206000;6;4;2;41,0
24150007279000;9;6;3;50,9
24150007284000;3;1;2;0,0
24150007286000;2;1;1;0,0
24150007311000;22;13;9;48,1
24150007312000;41;22;19;46,8
24150007313000;22;14;8;45,4
24150007314000;21;9;12;61,0
24150007315000;82;44;38;44,6
24150007316000;5;2;3;44,4
24150007339000;5;3;2;54,2
24150007347000;7;6;1;49,9
24150007348000;1;1;0;0,0
24150007349000;10;5;5;41,7
24150007351000;2;1;1;0,0
24150007357000;5;2;3;35,8
24150007363000;2;1;1;0,0
24150007364000;24;10;14;49,8
24150007365000;15;8;7;40,3
24150007371000;3;0;3;0,0
24150007374000;2;1;1;0,0
24150007375000;4;2;2;0,0
24150007376000;46;21;25;45,2
24150007377000;60;28;32;49,8
24150007379000;1;0;1;0,0
24150007394000;19;8;11;39,6
24150007395000;47;21;26;35,2
24150007530000;69;41;28;43,0
24150007531000;40;23;17;52,2
24150007540000;2;1;1;0,0
24160007179000;2;2;0;0,0
24160007297000;11;7;4;39,5
24160007298000;1;1;0;0,0
24160007306000;24;13;11;33,8
24160007307000;40;20;20;33,0
24160007310000;99;53;46;41,1
24160007311000;42;21;21;39,8
24160007315000;22;14;8;37,2
24160007316000;35;18;17;49,1
24160007317000;4;3;1;0,0
24160007348000;18;9;9;41,3
24160007358000;3;1;2;0,0
24160007359000;1;1;0;0,0
24160007364000;51;27;24;56,5
24160007365000;12;10;2;51,3
24160007376000;25;14;11;42,2
24160007531000;127;64;63;45,2
24160007532000;9;7;2;53,7
24160007539000;2;1;1;0,0
24160007542000;1;0;1;0,0
24170007209000;4;3;1;0,0
24170007210000;4;3;1;0,0
24170007211000;9;4;5;55,8
24170007288000;2;1;1;0,0
24170007298000;19;11;8;42,3
24170007299000;10;5;5;29,5
24170007300000;27;14;13;51,3
24170007301000;41;24;17;35,2
24170007302000;1059;517;542;50,6
24170007303000;1053;553;500;46,0
24170007304000;628;333;295;37,9
24170007305000;624;336;288;42,3
24170007306000;1441;740;701;37,0
24170007307000;271;135;136;30,6
24170007308000;33;16;17;42,0
24170007309000;3;2;1;0,0
24170007310000;27;18;9;33,4
24170007311000;3;1;2;0,0
24170007316000;33;15;18;44,5
24170007317000;19;10;9;54,6
24170007318000;5;3;2;36,6
24170007340000;10;5;5;42,0
24170007349000;18;8;10;43,1
24170007350000;7;4;3;38,4
24170007358000;15;10;5;30,3
24170007359000;1;1;0;0,0
24170007365000;26;16;10;53,6
24170007366000;18;11;7;58,4
24170007368000;8;4;4;28,3
24170007369000;4;2;2;0,0
24170007370000;4;1;3;0,0
24170007372000;1;1;0;0,0
24170007373000;4;3;1;0,0
24170007390000;1;1;0;0,0
24170007531000;60;29;31;42,3
24170007532000;216;112;104;46,5
24170007533000;27;13;14;59,1
24170007543000;1;1;0;0,0
24180007151000;4;2;2;0,0
24180007213000;16;9;7;35,4
24180007288000;2;1;1;0,0
24180007289000;2;2;0;0,0
24180007290000;14;6;8;48,6
24180007291000;25;15;10;32,0
24180007292000;45;21;24;41,7
24180007293000;2;1;1;0,0
24180007294000;3;1;2;0,0
24180007295000;29;14;15;46,6
24180007296000;29;16;13;44,9
24180007297000;11;6;5;49,2
24180007298000;12;7;5;42,3
24180007299000;15;7;8;39,4
24180007300000;241;133;108;39,3
24180007301000;1422;710;712;42,6
24180007302000;802;395;407;49,5
24180007303000;759;364;395;41,6
24180007304000;193;94;99;42,1
24180007305000;199;100;99;43,5
24180007306000;147;75;72;39,3
24180007307000;13;5;8;48,1
24180007315000;26;12;14;39,3
24180007316000;23;13;10;50,0
24180007317000;27;13;14;36,5
24180007318000;175;91;84;33,5
24180007349000;8;3;5;55,4
24180007350000;6;5;1;44,8
24180007351000;18;11;7;26,1
24180007364000;6;4;2;50,5
24180007366000;2;1;1;0,0
24180007372000;4;2;2;0,0
24180007373000;32;16;16;45,7
24180007532000;1;0;1;0,0
24180007533000;26;15;11;43,3
24180007539000;1;1;0;0,0
24180007540000;2;1;1;0,0
24190007151000;6;4;2;37,3
24190007213000;1;1;0;0,0
24190007214000;3;2;1;0,0
24190007284000;2;2;0;0,0
24190007285000;8;6;2;49,5
24190007286000;5;2;3;68,0
24190007288000;3;2;1;0,0
24190007293000;12;8;4;27,1
24190007294000;38;17;21;39,5
24190007295000;13;6;7;42,1
24190007296000;30;16;14;23,4
24190007298000;2;2;0;0,0
24190007299000;3;2;1;0,0
24190007301000;779;368;411;41,5
24190007302000;281;143;138;30,3
24190007305000;14;6;8;30,6
24190007306000;6;4;2;64,3
24190007307000;17;9;8;26,7
24190007308000;36;21;15;29,4
24190007315000;1;1;0;0,0
24190007317000;57;31;26;26,4
24190007318000;13;7;6;37,7
24190007319000;9;5;4;36,4
24190007320000;2;1;1;0,0
24190007351000;8;5;3;60,3
24190007384000;9;3;6;27,0
24190007535000;2;2;0;0,0
24190007536000;192;99;93;47,0
24190007537000;126;69;57;43,8
24190007548000;1;1;0;0,0
24200007154000;3;2;1;0,0
24200007215000;1;1;0;0,0
24200007216000;5;2;3;62,6
24200007217000;2;1;1;0,0
24200007218000;12;4;8;53,4
24200007279000;2;2;0;0,0
24200007280000;4;3;1;0,0
24200007282000;1;0;1;0,0
24200007284000;11;7;4;54,9
24200007285000;5;3;2;53,0
24200007287000;3;1;2;0,0
24200007288000;6;3;3;25,7
24200007293000;7;4;3;36,1
24200007296000;2;1;1;0,0
24200007297000;14;6;8;43,6
24200007298000;9;4;5;55,6
24200007299000;16;5;11;32,8
24200007300000;14;8;6;31,3
24200007301000;70;38;32;41,1
24200007302000;3;2;1;0,0
24200007303000;10;4;6;55,7
24200007304000;9;5;4;38,7
24200007305000;36;19;17;36,6
24200007308000;21;16;5;31,2
24200007309000;18;12;6;52,5
24200007311000;7;5;2;26,7
24200007312000;2;1;1;0,0
24200007318000;33;18;15;28,9
24200007319000;9;5;4;19,7
24200007320000;25;13;12;39,8
24200007341000;9;5;4;54,9
24200007351000;2;1;1;0,0
24200007370000;2;1;1;0,0
24200007371000;3;1;2;0,0
24200007372000;21;12;9;57,6
24200007375000;18;11;7;41,1
24200007376000;41;19;22;34,3
24200007377000;27;13;14;44,3
24200007378000;5;1;4;52,2
24200007393000;5;1;4;49,2
24200007536000;23;13;10;35,5
24200007537000;84;43;41;41,1
24210007153000;18;9;9;42,3
24210007178000;6;4;2;63,2
24210007181000;4;3;1;0,0
24210007218000;5;2;3;55,2
24210007219000;7;4;3;69,6
24210007221000;4;3;1;0,0
24210007278000;7;4;3;47,4
24210007279000;6;5;1;32,0
24210007288000;2;1;1;0,0
24210007289000;4;2;2;0,0
24210007290000;19;10;9;30,3
24210007293000;7;4;3;35,0
24210007294000;13;7;6;35,0
24210007296000;3;3;0;0,0
24210007300000;7;3;4;31,3
24210007301000;79;41;38;39,8
24210007302000;20;10;10;49,6
24210007303000;35;18;17;41,9
24210007304000;57;30;27;43,7
24210007305000;7;5;2;51,3
24210007309000;54;30;24;42,5
24210007311000;50;27;23;32,3
24210007312000;14;8;6;49,6
24210007319000;4;3;1;0,0
24210007321000;5;4;1;39,8
24210007322000;11;5;6;25,0
24210007372000;8;5;3;53,8
24210007375000;4;1;3;0,0
24210007389000;5;3;2;36,6
24210007392000;2;1;1;0,0
24210007396000;13;8;5;50,8
24210007410000;26;12;14;50,9
24210007537000;8;4;4;45,6
24210007538000;31;14;17;44,2
24210007549000;1;1;0;0,0
24220007153000;5;2;3;77,2
24220007224000;1;0;1;0,0
24220007225000;1;1;0;0,0
24220007248000;2;1;1;0,0
24220007276000;1;0;1;0,0
24220007277000;5;3;2;63,4
24220007278000;1;1;0;0,0
24220007300000;22;15;7;41,3
24220007301000;33;17;16;40,4
24220007302000;21;15;6;29,9
24220007303000;20;10;10;35,7
24220007304000;36;22;14;34,2
24220007309000;16;8;8;34,0
24220007310000;59;32;27;41,1
24220007311000;38;20;18;42,9
24220007312000;30;14;16;32,5
24220007319000;2;1;1;0,0
24220007320000;2;1;1;0,0
24220007321000;2;1;1;0,0
24220007322000;2;1;1;0,0
24220007323000;6;2;4;48,0
24220007387000;2;1;1;0,0
24220007390000;4;2;2;0,0
24220007395000;28;14;14;41,5
24220007410000;79;40;39;43,8
24220007549000;6;4;2;64,8
24220007550000;2;0;2;0,0
24220007551000;1;1;0;0,0
24220007552000;8;5;3;44,4
24220007553000;11;5;6;27,4
24220007554000;33;12;21;38,6
24220007555000;1;1;0;0,0
24230007151000;5;2;3;39,2
24230007152000;8;4;4;57,1
24230007153000;3;3;0;0,0
24230007186000;13;6;7;43,7
24230007226000;2;1;1;0,0
24230007227000;16;8;8;49,5
24230007228000;18;8;10;53,6
24230007229000;9;3;6;56,6
24230007234000;1;0;1;0,0
24230007251000;2;1;1;0,0
24230007275000;9;4;5;40,1
24230007276000;2;2;0;0,0
24230007297000;6;3;3;28,7
24230007298000;10;7;3;26,7
24230007299000;5;2;3;42,4
24230007300000;10;5;5;40,7
24230007309000;6;4;2;40,0
24230007310000;41;21;20;38,9
24230007312000;11;8;3;43,0
24230007319000;12;8;4;27,6
24230007320000;2;1;1;0,0
24230007321000;4;1;3;0,0
24230007322000;9;5;4;45,4
24230007323000;11;5;6;40,5
24230007324000;9;4;5;33,8
24230007325000;6;4;2;35,7
24230007341000;4;3;1;0,0
24230007374000;4;2;2;0,0
24230007375000;5;3;2;38,4
24230007389000;7;5;2;25,7
24230007390000;11;5;6;18,4
24230007391000;1;1;0;0,0
24230007392000;4;1;3;0,0
24230007399000;5;2;3;28,8
24230007400000;2;1;1;0,0
24230007401000;23;9;14;33,9
24230007402000;6;4;2;27,5
24230007404000;17;10;7;31,7
24230007405000;8;4;4;24,9
24230007543000;5;3;2;56,6
24230007544000;18;8;10;56,1
24230007545000;15;8;7;57,8
24230007546000;28;15;13;49,5
24230007548000;5;2;3;29,4
24230007550000;2;0;2;0,0
24230007552000;31;15;16;44,8
24230007553000;90;43;47;46,6
24230007554000;20;12;8;43,3
24240007152000;10;5;5;46,0
24240007183000;4;2;2;0,0
24240007193000;15;10;5;48,6
24240007224000;2;2;0;0,0
24240007252000;1;0;1;0,0
24240007255000;4;2;2;0,0
24240007299000;3;1;2;0,0
24240007300000;6;3;3;47,3
24240007301000;20;11;9;46,7
24240007310000;7;4;3;57,0
24240007312000;2;1;1;0,0
24240007319000;1;0;1;0,0
24240007324000;11;5;6;30,0
24240007325000;13;6;7;34,5
24240007375000;2;1;1;0,0
24240007376000;5;3;2;50,0
24240007377000;6;2;4;61,3
24240007389000;36;21;15;36,2
24240007390000;103;55;48;35,6
24240007392000;10;5;5;40,0
24240007398000;5;3;2;46,6
24240007399000;31;15;16;38,9
24240007400000;35;16;19;39,5
24240007401000;6;2;4;37,5
24240007404000;1;1;0;0,0
24240007544000;14;10;4;40,3
24240007545000;8;4;4;35,9
24240007546000;36;19;17;37,2
24240007553000;4;1;3;0,0
24240007555000;2;1;1;0,0
24250007146000;6;2;4;35,5
24250007149000;6;3;3;36,8
24250007152000;12;7;5;43,1
24250007183000;16;5;11;39,3
24250007193000;3;1;2;0,0
24250007229000;2;1;1;0,0
24250007255000;6;3;3;31,7
24250007256000;6;3;3;57,7
24250007257000;12;7;5;48,1
24250007258000;44;23;21;49,4
24250007259000;7;2;5;30,6
24250007260000;16;6;10;44,7
24250007261000;16;10;6;41,5
24250007264000;1;1;0;0,0
24250007265000;3;1;2;0,0
24250007266000;1;1;0;0,0
24250007267000;20;10;10;59,1
24250007268000;26;11;15;56,2
24250007269000;311;164;147;46,0
24250007270000;28;15;13;50,3
24250007271000;14;9;5;41,9
24250007274000;16;6;10;52,3
24250007275000;31;17;14;46,0
24250007276000;1;0;1;0,0
24250007300000;9;5;4;43,7
24250007301000;14;8;6;39,4
24250007302000;3;1;2;0,0
24250007303000;27;12;15;29,2
24250007309000;6;1;5;30,7
24250007310000;3;1;2;0,0
24250007312000;6;3;3;53,3
24250007319000;9;5;4;45,9
24250007325000;8;4;4;41,3
24250007326000;17;10;7;36,3
24250007343000;11;7;4;34,3
24250007390000;4;2;2;0,0
24250007391000;2;1;1;0,0
24250007398000;19;10;9;44,8
24250007399000;11;7;4;27,7
24250007402000;3;2;1;0,0
24250007404000;2;1;1;0,0
24250007405000;1;0;1;0,0
24250007544000;52;27;25;43,5
24250007545000;12;6;6;40,8
24260007146000;5;2;3;22,2
24260007148000;3;2;1;0,0
24260007149000;5;2;3;34,4
24260007152000;5;2;3;50,4
24260007229000;2;1;1;0,0
24260007236000;1;1;0;0,0
24260007237000;4;1;3;0,0
24260007258000;8;5;3;33,3
24260007260000;11;5;6;58,5
24260007268000;303;158;145;42,0
24260007269000;162;95;67;38,3
24260007270000;4;2;2;0,0
24260007271000;7;2;5;37,3
24260007272000;13;8;5;45,0
24260007273000;14;9;5;34,4
24260007274000;31;14;17;47,2
24260007275000;1;0;1;0,0
24260007276000;1;1;0;0,0
24260007303000;10;5;5;39,7
24260007308000;3;1;2;0,0
24260007309000;33;15;18;45,8
24260007312000;2;1;1;0,0
24260007320000;7;3;4;38,0
24260007327000;7;2;5;32,0
24260007328000;1;1;0;0,0
24260007343000;10;6;4;44,8
24260007344000;48;23;25;36,9
24260007345000;6;3;3;54,3
24260007357000;4;2;2;0,0
24260007358000;5;3;2;73,6
24260007391000;14;4;10;41,8
24260007398000;6;4;2;31,3
24260007399000;8;5;3;26,5
24260007404000;9;3;6;33,3
24260007412000;1;1;0;0,0
24260007549000;10;5;5;52,3
24260007550000;46;22;24;43,0
24260007551000;8;4;4;34,6
24260007553000;80;40;40;43,5
24260007554000;122;53;69;42,2
24260007555000;56;29;27;43,6
24270007147000;5;3;2;45,2
24270007152000;11;5;6;47,6
24270007172000;6;4;2;30,7
24270007179000;4;2;2;0,0
24270007239000;1;1;0;0,0
24270007268000;36;18;18;21,9
24270007277000;4;2;2;0,0
24270007278000;3;2;1;0,0
24270007303000;1;0;1;0,0
24270007309000;37;17;20;33,9
24270007312000;22;11;11;48,5
24270007313000;1;1;0;0,0
24270007314000;50;32;18;44,9
24270007315000;15;5;10;45,5
24270007328000;6;3;3;67,2
24270007343000;7;4;3;65,7
24270007344000;9;6;3;61,7
24270007345000;8;5;3;54,3
24270007358000;1;1;0;0,0
24270007391000;2;1;1;0,0
24270007392000;4;3;1;0,0
24270007399000;1;1;0;0,0
24270007404000;8;4;4;46,5
24270007407000;1;1;0;0,0
24270007408000;27;17;10;30,8
24270007412000;24;14;10;65,2
24270007548000;17;10;7;53,9
24270007549000;27;19;8;45,0
24270007554000;12;5;7;45,7
24270007555000;22;8;14;55,9
24280007147000;4;1;3;0,0
24280007150000;5;1;4;27,0
24280007158000;2;1;1;0,0
24280007171000;1;1;0;0,0
24280007172000;3;1;2;0,0
24280007258000;4;1;3;0,0
24280007259000;4;2;2;0,0
24280007260000;4;2;2;0,0
24280007268000;4;2;2;0,0
24280007279000;4;2;2;0,0
24280007307000;14;6;8;25,5
24280007308000;54;26;28;38,2
24280007309000;4;1;3;0,0
24280007310000;9;4;5;51,7
24280007311000;12;5;7;28,3
24280007313000;1;0;1;0,0
24280007316000;5;2;3;25,6
24280007317000;8;5;3;38,9
24280007320000;3;1;2;0,0
24280007321000;25;14;11;36,6
24280007328000;8;5;3;48,4
24280007344000;2;2;0;0,0
24280007345000;2;1;1;0,0
24280007358000;4;2;2;0,0
24280007391000;1;0;1;0,0
24280007397000;6;3;3;39,0
24280007398000;9;4;5;53,8
24280007401000;4;3;1;0,0
24280007402000;4;2;2;0,0
24280007407000;1;1;0;0,0
24280007408000;24;16;8;31,4
24280007413000;1;1;0;0,0
24290007150000;7;4;3;36,0
24290007168000;2;1;1;0,0
24290007196000;2;2;0;0,0
24290007268000;9;4;5;46,8
24290007306000;1;0;1;0,0
24290007307000;4;2;2;0,0
24290007308000;10;7;3;46,4
24290007309000;6;3;3;58,8
24290007318000;4;3;1;0,0
24290007319000;18;10;8;45,1
24290007320000;1;1;0;0,0
24290007321000;6;3;3;53,8
24290007322000;3;2;1;0,0
24290007323000;6;3;3;30,2
24290007327000;25;11;14;58,1
24290007328000;40;18;22;41,7
24290007354000;3;2;1;0,0
24290007357000;8;5;3;52,5
24290007359000;4;4;0;0,0
24290007393000;3;1;2;0,0
24290007397000;4;3;1;0,0
24290007398000;23;14;9;35,7
24290007399000;16;9;7;46,7
24290007402000;5;3;2;56,6
24290007412000;43;24;19;38,5
24290007413000;18;7;11;52,3
24290007553000;18;8;10;51,9
24290007555000;3;2;1;0,0
24290007558000;7;2;5;31,7
24290007559000;19;8;11;67,6
24300007147000;3;2;1;0,0
24300007150000;20;11;9;42,9
24300007156000;4;2;2;0,0
24300007169000;6;4;2;37,5
24300007304000;3;2;1;0,0
24300007305000;27;12;15;36,6
24300007307000;6;3;3;41,5
24300007322000;2;1;1;0,0
24300007323000;12;4;8;22,6
24300007324000;5;2;3;66,6
24300007328000;20;11;9;36,9
24300007329000;10;5;5;52,1
24300007330000;10;6;4;46,6
24300007341000;1;0;1;0,0
24300007342000;2;1;1;0,0
24300007353000;1;1;0;0,0
24300007354000;6;2;4;41,5
24300007357000;2;1;1;0,0
24300007359000;22;11;11;53,4
24300007397000;26;15;11;34,7
24300007398000;109;57;52;38,3
24300007399000;5;3;2;29,0
24300007401000;2;2;0;0,0
24300007407000;7;3;4;63,0
24300007408000;2;1;1;0,0
24300007409000;22;10;12;37,9
24300007411000;16;10;6;24,4
24300007412000;52;27;25;37,7
24300007413000;19;10;9;35,4
24300007414000;4;2;2;0,0
24300007547000;11;4;7;52,7
24300007552000;10;4;6;28,8
24300007553000;4;3;1;0,0
24300007555000;8;4;4;45,0
24300007557000;2;1;1;0,0
24300007559000;53;30;23;31,7
24310007121000;11;5;6;45,5
24310007134000;2;1;1;0,0
24310007149000;25;15;10;49,2
24310007194000;4;1;3;0,0
24310007196000;165;80;85;42,4
24310007197000;53;29;24;46,5
24310007205000;6;3;3;40,2
24310007245000;3;2;1;0,0
24310007267000;4;2;2;0,0
24310007303000;4;2;2;0,0
24310007305000;4;2;2;0,0
24310007324000;7;5;2;35,6
24310007330000;1;1;0;0,0
24310007331000;1;1;0;0,0
24310007341000;2;1;1;0,0
24310007354000;6;2;4;49,8
24310007356000;7;2;5;35,0
24310007359000;3;2;1;0,0
24310007390000;3;1;2;0,0
24310007396000;1;1;0;0,0
24310007397000;46;21;25;38,7
24310007401000;21;11;10;49,3
24310007402000;1;1;0;0,0
24310007407000;3;2;1;0,0
24310007408000;26;12;14;29,0
24310007409000;87;46;41;38,7
24310007412000;5;2;3;57,2
24310007423000;9;3;6;46,6
24310007424000;9;5;4;67,0
24310007547000;14;7;7;44,6
24310007552000;2;2;0;0,0
24310007556000;34;17;17;46,8
24310007557000;16;8;8;50,0
24310007561000;2;1;1;0,0
24310007562000;1;1;0;0,0
24320007121000;11;5;6;49,0
24320007134000;3;2;1;0,0
24320007148000;40;19;21;47,9
24320007149000;197;92;105;46,8
24320007155000;4;2;2;0,0
24320007176000;4;2;2;0,0
24320007196000;25;10;15;39,6
24320007199000;3;2;1;0,0
24320007243000;4;2;2;0,0
24320007246000;1;0;1;0,0
24320007267000;23;13;10;43,1
24320007303000;1;1;0;0,0
24320007323000;4;2;2;0,0
24320007324000;3;2;1;0,0
24320007325000;9;2;7;29,9
24320007354000;46;21;25;36,8
24320007356000;8;3;5;52,9
24320007396000;3;2;1;0,0
24320007397000;25;13;12;50,7
24320007399000;2;1;1;0,0
24320007400000;31;16;15;59,3
24320007401000;11;7;4;54,7
24320007405000;2;1;1;0,0
24320007407000;5;2;3;53,4
24320007413000;5;3;2;41,6
24320007422000;3;1;2;0,0
24320007423000;5;2;3;71,4
24320007424000;1;0;1;0,0
24320007557000;1;0;1;0,0
24320007558000;14;9;5;28,1
24320007561000;12;6;6;67,3
24330007120000;1;0;1;0,0
24330007139000;1;1;0;0,0
24330007147000;13;8;5;48,8
24330007155000;4;3;1;0,0
24330007169000;3;1;2;0,0
24330007192000;1;0;1;0,0
24330007202000;1;1;0;0,0
24330007207000;25;12;13;42,2
24330007243000;4;1;3;0,0
24330007266000;2;1;1;0,0
24330007267000;9;3;6;27,3
24330007325000;10;6;4;66,4
24330007347000;1;1;0;0,0
24330007349000;4;1;3;0,0
24330007353000;20;10;10;40,2
24330007354000;12;6;6;35,8
24330007355000;3;1;2;0,0
24330007356000;11;5;6;44,2
24330007400000;9;6;3;54,6
24330007403000;6;3;3;47,0
24330007408000;6;4;2;24,8
24330007409000;3;1;2;0,0
24330007412000;1;0;1;0,0
24330007413000;4;2;2;0,0
24330007558000;49;22;27;39,9
24340007120000;8;4;4;34,5
24340007129000;19;7;12;35,1
24340007130000;21;12;9;44,2
24340007146000;16;8;8;37,9
24340007147000;1;1;0;0,0
24340007155000;10;6;4;53,9
24340007170000;1;1;0;0,0
24340007186000;5;4;1;52,2
24340007189000;8;5;3;37,5
24340007190000;5;2;3;44,6
24340007250000;3;2;1;0,0
24340007266000;5;2;3;24,8
24340007267000;2;1;1;0,0
24340007299000;5;3;2;46,6
24340007326000;5;2;3;48,0
24340007327000;5;3;2;71,8
24340007328000;1;1;0;0,0
24340007329000;7;3;4;35,4
24340007330000;16;8;8;49,6
24340007331000;6;3;3;48,7
24340007332000;42;20;22;51,3
24340007350000;8;4;4;52,0
24340007353000;40;22;18;43,8
24340007354000;5;3;2;52,6
24340007355000;5;3;2;49,8
24340007402000;1;0;1;0,0
24340007403000;47;21;26;43,9
24340007408000;71;32;39;35,7
24340007409000;46;21;25;48,9
24340007410000;33;16;17;47,5
24340007412000;6;3;3;36,2
24340007413000;2;1;1;0,0
24340007558000;85;44;41;43,4
24340007560000;6;3;3;28,3
24340007561000;11;8;3;31,0
24350007128000;5;4;1;34,8
24350007129000;5;4;1;26,6
24350007141000;9;5;4;41,2
24350007143000;1;1;0;0,0
24350007147000;18;8;10;39,7
24350007173000;9;3;6;35,2
24350007174000;5;3;2;23,2
24350007185000;18;11;7;44,7
24350007186000;7;3;4;48,3
24350007248000;1;1;0;0,0
24350007251000;2;1;1;0,0
24350007260000;3;3;0;0,0
24350007266000;1;1;0;0,0
24350007324000;3;2;1;0,0
24350007326000;6;2;4;27,8
24350007327000;4;3;1;0,0
24350007333000;1;1;0;0,0
24350007334000;2;0;2;0,0
24350007344000;3;2;1;0,0
24350007351000;8;3;5;41,5
24350007352000;12;6;6;43,7
24350007353000;96;46;50;37,5
24350007354000;23;12;11;35,6
24350007355000;12;8;4;38,1
24350007379000;2;1;1;0,0
24350007395000;11;3;8;34,7
24350007403000;19;11;8;50,8
24350007406000;9;4;5;67,4
24350007407000;190;86;104;42,1
24350007408000;19;7;12;42,3
24350007409000;27;14;13;41,1
24350007410000;22;8;14;45,2
24350007425000;13;7;6;25,0
24350007558000;130;64;66;40,7
24350007559000;26;11;15;40,8
24360007127000;3;2;1;0,0
24360007147000;11;7;4;43,8
24360007154000;4;1;3;0,0
24360007155000;14;10;4;40,1
24360007169000;2;1;1;0,0
24360007170000;11;7;4;34,4
24360007172000;6;2;4;34,0
24360007260000;2;1;1;0,0
24360007261000;12;7;5;42,8
24360007267000;2;2;0;0,0
24360007322000;9;6;3;42,2
24360007324000;1;1;0;0,0
24360007326000;3;2;1;0,0
24360007334000;5;3;2;44,6
24360007335000;6;5;1;62,7
24360007349000;1;1;0;0,0
24360007350000;1;1;0;0,0
24360007352000;2;1;1;0,0
24360007353000;143;79;64;42,4
24360007354000;9;4;5;28,2
24360007392000;4;3;1;0,0
24360007393000;4;2;2;0,0
24360007401000;4;2;2;0,0
24360007402000;74;42;32;40,8
24360007403000;194;95;99;41,1
24360007404000;58;34;24;37,6
24360007406000;42;23;19;35,9
24360007407000;13;8;5;33,3
24360007410000;2;1;1;0,0
24360007413000;14;8;6;38,6
24360007421000;4;4;0;0,0
24360007424000;15;9;6;45,2
24360007425000;1;1;0;0,0
24360007553000;3;2;1;0,0
24360007554000;2;0;2;0,0
24360007555000;35;22;13;43,7
24360007556000;12;6;6;37,3
24360007557000;4;3;1;0,0
24370007117000;10;5;5;43,4
24370007124000;6;2;4;42,5
24370007126000;38;22;16;36,4
24370007147000;7;4;3;38,4
24370007154000;5;3;2;38,2
24370007155000;12;5;7;44,9
24370007156000;7;3;4;59,3
24370007167000;2;0;2;0,0
24370007168000;5;3;2;51,8
24370007169000;25;12;13;48,8
24370007184000;6;2;4;39,5
24370007196000;12;6;6;65,8
24370007197000;2;1;1;0,0
24370007254000;1;1;0;0,0
24370007255000;2;2;0;0,0
24370007256000;10;7;3;43,6
24370007261000;2;1;1;0,0
24370007262000;6;5;1;55,5
24370007274000;2;1;1;0,0
24370007325000;6;4;2;50,3
24370007345000;530;270;260;45,7
24370007353000;18;10;8;32,7
24370007393000;2;2;0;0,0
24370007401000;1;1;0;0,0
24370007402000;24;11;13;41,5
24370007403000;159;73;86;34,9
24370007404000;11;3;8;41,2
24370007406000;38;20;18;38,0
24370007410000;5;2;3;72,4
24370007421000;17;10;7;52,6
24370007424000;2;1;1;0,0
24370007425000;1;1;0;0,0
24370007555000;1;1;0;0,0
24370007556000;9;4;5;47,7
24370007557000;32;17;15;40,0
24370007558000;19;10;9;40,0
24370007563000;2;1;1;0,0
24380007117000;5;3;2;20,0
24380007125000;12;7;5;52,5
24380007126000;2;2;0;0,0
24380007147000;18;10;8;48,1
24380007155000;3;2;1;0,0
24380007169000;1;0;1;0,0
24380007196000;5;3;2;48,2
24380007255000;3;2;1;0,0
24380007257000;5;2;3;59,6
24380007258000;3;2;1;0,0
24380007260000;5;3;2;46,4
24380007261000;2;1;1;0,0
24380007269000;2;2;0;0,0
24380007343000;15;7;8;41,7
24380007345000;600;289;311;42,7
24380007346000;132;67;65;38,7
24380007352000;12;5;7;38,5
24380007353000;7;4;3;30,1
24380007400000;2;1;1;0,0
24380007403000;10;6;4;40,7
24380007404000;5;2;3;28,2
24380007406000;3;2;1;0,0
24380007410000;29;15;14;58,8
24380007421000;10;4;6;43,4
24380007422000;80;41;39;37,4
24380007550000;2;2;0;0,0
24380007551000;63;29;34;41,2
24380007552000;72;38;34;34,4
24380007553000;6;4;2;39,0
24380007556000;92;41;51;42,6
24380007557000;173;79;94;35,1
24380007558000;35;16;19;52,2
24380007559000;17;7;10;27,5
24380007560000;8;4;4;29,0
24380007562000;6;3;3;46,3
24380007563000;2;1;1;0,0
24380007566000;1;0;1;0,0
24380007567000;19;7;12;42,0
24390007117000;2;2;0;0,0
24390007124000;4;2;2;0,0
24390007125000;40;18;22;39,4
24390007154000;6;5;1;35,3
24390007176000;2;1;1;0,0
24390007181000;1;1;0;0,0
24390007195000;2;1;1;0,0
24390007261000;1;1;0;0,0
24390007266000;7;3;4;35,7
24390007267000;2;2;0;0,0
24390007268000;3;1;2;0,0
24390007343000;35;20;15;35,6
24390007344000;9;5;4;64,6
24390007345000;14;6;8;55,9
24390007346000;7;4;3;58,9
24390007353000;13;6;7;50,5
24390007403000;10;3;7;35,1
24390007404000;1;1;0;0,0
24390007406000;7;3;4;47,3
24390007410000;4;3;1;0,0
24390007419000;2;1;1;0,0
24390007421000;53;26;27;35,2
24390007422000;86;46;40;37,6
24390007423000;45;20;25;43,6
24390007424000;6;4;2;48,3
24390007551000;354;185;169;37,2
24390007552000;343;183;160;39,1
24390007553000;119;65;54;29,9
24390007554000;97;57;40;41,2
24390007555000;89;52;37;42,9
24390007556000;510;257;253;37,0
24390007557000;578;273;305;38,2
24390007558000;96;51;45;43,9
24390007559000;51;22;29;37,3
24390007560000;46;23;23;31,4
24390007561000;13;6;7;51,8
24390007563000;5;2;3;53,2
24390007565000;15;10;5;34,5
24400007124000;46;28;18;41,3
24400007154000;10;6;4;35,5
24400007176000;8;5;3;36,5
24400007195000;10;6;4;46,4
24400007264000;1;0;1;0,0
24400007267000;1;0;1;0,0
24400007269000;4;1;3;0,0
24400007340000;1;1;0;0,0
24400007341000;4;1;3;0,0
24400007346000;5;4;1;63,8
24400007347000;3;2;1;0,0
24400007353000;18;8;10;39,3
24400007378000;2;1;1;0,0
24400007400000;1;1;0;0,0
24400007404000;6;2;4;43,8
24400007405000;5;3;2;31,4
24400007406000;9;4;5;37,6
24400007416000;1;0;1;0,0
24400007418000;2;1;1;0,0
24400007419000;3;2;1;0,0
24400007420000;11;7;4;59,2
24400007421000;121;57;64;44,0
24400007422000;83;38;45;38,7
24400007423000;2;1;1;0,0
24400007552000;1;1;0;0,0
24400007553000;3;2;1;0,0
24400007554000;6;2;4;55,2
24400007555000;26;14;12;50,4
24400007556000;230;111;119;40,2
24400007558000;36;19;17;46,7
24400007559000;5;3;2;48,6
24400007562000;8;3;5;48,4
24400007563000;4;3;1;0,0
24410007123000;7;4;3;37,1
24410007154000;1;1;0;0,0
24410007195000;2;1;1;0,0
24410007340000;1;1;0;0,0
24410007346000;4;2;2;0,0
24410007347000;9;3;6;41,8
24410007353000;8;3;5;51,5
24410007378000;3;3;0;0,0
24410007404000;11;7;4;37,7
24410007405000;11;6;5;57,9
24410007406000;14;7;7;62,4
24410007414000;2;2;0;0,0
24410007415000;4;2;2;0,0
24410007418000;29;16;13;36,4
24410007419000;5;2;3;57,2
24410007421000;23;12;11;34,3
24410007422000;20;11;9;49,3
24410007558000;170;72;98;33,5
24410007559000;614;265;349;43,6
24410007560000;21;10;11;51,0
24410007561000;29;12;17;32,3
24410007563000;9;4;5;32,4
24410007564000;34;14;20;46,3
24410007565000;8;5;3;27,1
24410007570000;6;4;2;33,0
24410007573000;15;10;5;66,8
24420007122000;19;9;10;46,1
24420007123000;3;2;1;0,0
24420007145000;2;1;1;0,0
24420007146000;1;1;0;0,0
24420007154000;8;5;3;32,4
24420007272000;2;1;1;0,0
24420007306000;2;1;1;0,0
24420007340000;7;3;4;37,4
24420007341000;3;2;1;0,0
24420007349000;3;2;1;0,0
24420007351000;4;2;2;0,0
24420007353000;26;15;11;44,3
24420007401000;4;3;1;0,0
24420007404000;5;2;3;55,6
24420007410000;1;1;0;0,0
24420007415000;8;5;3;37,5
24420007416000;2;1;1;0,0
24420007417000;7;3;4;28,3
24420007418000;110;50;60;43,2
24420007421000;16;9;7;42,9
24420007422000;23;14;9;54,8
24420007425000;3;2;1;0,0
24420007426000;2;2;0;0,0
24420007558000;69;41;28;41,2
24420007559000;667;325;342;44,1
24420007560000;590;300;290;36,8
24420007561000;29;19;10;45,8
24420007562000;18;12;6;48,9
24420007563000;11;6;5;46,1
24420007564000;14;9;5;40,4
24420007565000;4;0;4;0,0
24420007571000;15;6;9;42,7
24430007116000;10;4;6;46,6
24430007117000;9;4;5;51,7
24430007118000;6;4;2;60,3
24430007120000;11;5;6;27,0
24430007121000;7;3;4;54,0
24430007122000;111;51;60;43,1
24430007128000;2;1;1;0,0
24430007148000;2;1;1;0,0
24430007154000;14;7;7;39,4
24430007196000;1;1;0;0,0
24430007308000;3;1;2;0,0
24430007309000;5;4;1;67,8
24430007339000;1;0;1;0,0
24430007341000;7;5;2;49,6
24430007347000;1;0;1;0,0
24430007349000;12;4;8;39,8
24430007351000;11;5;6;52,6
24430007352000;21;9;12;39,2
24430007353000;15;9;6;42,0
24430007399000;2;1;1;0,0
24430007404000;2;2;0;0,0
24430007410000;2;1;1;0,0
24430007414000;63;32;31;47,7
24430007415000;243;122;121;41,9
24430007416000;152;74;78;43,1
24430007417000;452;219;233;47,2
24430007418000;455;226;229;41,9
24430007421000;6;2;4;23,7
24430007422000;15;9;6;36,8
24430007425000;28;14;14;35,4
24430007552000;14;3;11;37,9
24430007553000;14;8;6;34,1
24430007554000;10;5;5;38,0
24430007555000;35;20;15;48,1
24430007556000;26;12;14;42,3
24430007557000;93;48;45;39,1
24430007558000;31;20;11;37,7
24430007559000;599;307;292;40,0
24430007560000;478;223;255;34,4
24430007561000;273;142;131;34,9
24430007562000;70;34;36;36,0
24430007563000;36;19;17;37,9
24430007564000;19;11;8;41,7
24430007566000;6;3;3;18,3
24430007570000;54;24;30;33,9
24430007571000;31;18;13;36,0
24440007116000;62;33;29;43,9
24440007195000;4;2;2;0,0
24440007283000;4;2;2;0,0
24440007306000;8;4;4;62,1
24440007317000;2;1;1;0,0
24440007339000;4;1;3;0,0
24440007341000;21;12;9;38,3
24440007349000;2;1;1;0,0
24440007351000;2;1;1;0,0
24440007353000;19;9;10;61,2
24440007404000;29;16;13;36,9
24440007414000;158;88;70;40,8
24440007415000;83;43;40;39,3
24440007416000;178;90;88;40,4
24440007417000;7;3;4;67,6
24440007418000;18;9;9;36,3
24440007421000;6;3;3;25,2
24440007422000;14;7;7;46,6
24440007425000;31;16;15;50,5
24440007426000;3;1;2;0,0
24440007428000;2;0;2;0,0
24440007554000;14;6;8;51,5
24440007555000;33;17;16;37,1
24440007556000;44;22;22;35,8
24440007558000;68;38;30;33,2
24440007559000;52;25;27;36,7
24440007560000;37;17;20;45,9
24440007561000;19;12;7;30,8
24440007564000;103;55;48;33,1
24440007565000;38;22;16;32,4
24440007566000;32;14;18;40,2
24440007567000;3;3;0;0,0
24440007569000;5;2;3;18,4
24440007570000;49;22;27;33,8
24440007571000;12;7;5;42,8
24450007111000;5;1;4;47,4
24450007112000;2;1;1;0,0
24450007115000;36;22;14;42,5
24450007116000;3;1;2;0,0
24450007195000;7;4;3;63,3
24450007274000;7;3;4;44,4
24450007283000;3;2;1;0,0
24450007284000;5;3;2;54,0
24450007307000;2;2;0;0,0
24450007308000;28;16;12;43,8
24450007309000;26;13;13;48,2
24450007310000;58;30;28;48,0
24450007311000;5;3;2;36,4
24450007312000;1;1;0;0,0
24450007313000;2;1;1;0,0
24450007314000;2;1;1;0,0
24450007325000;3;2;1;0,0
24450007326000;75;41;34;29,4
24450007327000;12;6;6;55,3
24450007328000;157;82;75;42,7
24450007329000;87;47;40;44,1
24450007330000;19;10;9;39,7
24450007331000;10;4;6;51,8
24450007332000;25;12;13;33,1
24450007333000;10;5;5;32,9
24450007334000;19;13;6;44,9
24450007335000;8;4;4;35,9
24450007336000;13;7;6;39,8
24450007337000;6;4;2;63,2
24450007338000;9;6;3;44,2
24450007340000;35;14;21;43,3
24450007341000;287;150;137;38,5
24450007342000;59;30;29;30,9
24450007344000;4;3;1;0,0
24450007350000;3;1;2;0,0
24450007352000;12;6;6;45,3
24450007353000;13;7;6;43,2
24450007402000;3;1;2;0,0
24450007404000;18;11;7;41,2
24450007405000;6;3;3;42,2
24450007408000;1;0;1;0,0
24450007413000;140;67;73;40,0
24450007414000;157;84;73;38,3
24450007415000;14;6;8;43,8
24450007416000;51;28;23;35,9
24450007417000;5;2;3;30,2
24450007422000;5;2;3;43,6
24450007425000;4;1;3;0,0
24450007426000;32;16;16;45,5
24450007465000;14;7;7;45,2
24450007555000;18;8;10;47,2
24450007556000;3;1;2;0,0
24450007560000;15;9;6;36,5
24450007561000;3;2;1;0,0
24450007564000;1;0;1;0,0
24450007565000;44;22;22;34,9
24450007566000;61;36;25;34,8
24450007567000;27;16;11;43,1
24450007568000;6;4;2;21,8
24450007570000;69;29;40;32,2
24450007571000;28;11;17;33,4
24450007577000;62;33;29;46,0
24460007111000;2;1;1;0,0
24460007150000;1;1;0;0,0
24460007273000;9;5;4;48,6
24460007274000;1;1;0;0,0
24460007309000;2;1;1;0,0
24460007310000;67;36;31;48,3
24460007311000;8;4;4;59,4
24460007324000;3;1;2;0,0
24460007325000;8;5;3;53,1
24460007326000;5;3;2;53,4
24460007327000;4;3;1;0,0
24460007328000;211;110;101;39,9
24460007329000;236;111;125;47,5
24460007330000;18;10;8;30,2
24460007331000;20;9;11;27,3
24460007333000;5;3;2;63,6
24460007334000;7;4;3;39,1
24460007335000;32;17;15;43,9
24460007336000;21;11;10;45,3
24460007340000;17;9;8;41,4
24460007341000;9;6;3;17,1
24460007343000;2;1;1;0,0
24460007344000;3;2;1;0,0
24460007351000;4;2;2;0,0
24460007352000;9;5;4;39,3
24460007353000;5;3;2;40,4
24460007401000;2;1;1;0,0
24460007402000;11;7;4;39,1
24460007404000;4;2;2;0,0
24460007413000;139;74;65;46,0
24460007414000;2;1;1;0,0
24460007417000;5;2;3;35,6
24460007449000;1;1;0;0,0
24460007451000;2;1;1;0,0
24460007553000;5;3;2;47,8
24460007554000;6;4;2;43,0
24460007555000;53;24;29;48,8
24460007556000;47;22;25;50,1
24460007566000;24;11;13;33,4
24460007567000;22;11;11;43,4
24460007569000;4;1;3;0,0
24460007570000;39;18;21;37,9
24460007571000;43;22;21;35,4
24460007577000;12;7;5;48,3
24470007109000;5;2;3;14,6
24470007152000;4;2;2;0,0
24470007196000;2;1;1;0,0
24470007273000;3;2;1;0,0
24470007274000;2;1;1;0,0
24470007285000;6;4;2;31,5
24470007307000;2;1;1;0,0
24470007308000;4;2;2;0,0
24470007309000;8;4;4;35,0
24470007310000;4;2;2;0,0
24470007311000;2;1;1;0,0
24470007316000;2;2;0;0,0
24470007320000;4;2;2;0,0
24470007321000;4;3;1;0,0
24470007322000;7;5;2;33,4
24470007323000;47;26;21;43,0
24470007324000;9;5;4;51,9
24470007325000;7;4;3;37,7
24470007327000;17;8;9;36,1
24470007328000;10;4;6;38,3
24470007329000;187;92;95;51,0
24470007330000;44;18;26;44,3
24470007331000;10;4;6;58,7
24470007333000;3;1;2;0,0
24470007335000;28;14;14;46,0
24470007336000;347;189;158;35,5
24470007337000;123;61;62;46,0
24470007338000;28;14;14;33,1
24470007344000;5;3;2;53,6
24470007351000;13;7;6;41,9
24470007353000;3;1;2;0,0
24470007401000;10;6;4;35,3
24470007402000;5;2;3;23,4
24470007404000;1;1;0;0,0
24470007411000;65;36;29;40,3
24470007417000;2;1;1;0,0
24470007427000;5;1;4;65,8
24470007428000;18;10;8;45,8
24470007450000;5;3;2;70,0
24470007451000;1;1;0;0,0
24470007554000;9;6;3;31,9
24470007555000;15;6;9;25,5
24470007556000;1;0;1;0,0
24470007558000;6;3;3;41,7
24470007559000;9;4;5;52,0
24470007560000;39;20;19;40,5
24470007566000;18;9;9;50,9
24470007567000;44;20;24;37,9
24470007568000;64;35;29;42,5
24470007569000;52;32;20;35,2
24470007573000;17;9;8;46,6
24470007574000;10;5;5;58,6
24470007575000;4;2;2;0,0
24480007108000;1;0;1;0,0
24480007152000;2;1;1;0,0
24480007283000;7;3;4;44,0
24480007286000;8;3;5;31,6
24480007302000;3;1;2;0,0
24480007307000;6;4;2;44,3
24480007308000;1;1;0;0,0
24480007310000;1;1;0;0,0
24480007311000;71;42;29;42,3
24480007312000;3;2;1;0,0
24480007313000;1;0;1;0,0
24480007322000;19;12;7;44,4
24480007323000;11;6;5;47,6
24480007329000;48;26;22;35,8
24480007330000;2;1;1;0,0
24480007336000;17;9;8;22,8
24480007337000;20;8;12;49,8
24480007338000;8;5;3;41,3
24480007344000;2;1;1;0,0
24480007345000;6;2;4;36,7
24480007401000;7;4;3;67,3
24480007427000;32;18;14;44,7
24480007558000;13;6;7;38,3
24480007559000;34;20;14;49,4
24480007560000;41;20;21;41,7
24480007561000;12;7;5;35,3
24480007569000;48;23;25;46,6
24480007570000;157;78;79;42,4
24480007571000;44;21;23;43,7
24490007107000;2;1;1;0,0
24490007110000;3;2;1;0,0
24490007113000;2;1;1;0,0
24490007275000;9;6;3;37,9
24490007276000;5;3;2;21,8
24490007277000;4;2;2;0,0
24490007278000;4;3;1;0,0
24490007301000;2;2;0;0,0
24490007313000;4;2;2;0,0
24490007321000;9;4;5;36,1
24490007322000;1;1;0;0,0
24490007329000;25;16;9;40,9
24490007337000;7;3;4;28,6
24490007346000;4;2;2;0,0
24490007368000;4;4;0;0,0
24490007371000;3;2;1;0,0
24490007372000;2;1;1;0,0
24490007402000;3;1;2;0,0
24490007417000;1;1;0;0,0
24490007556000;38;19;19;51,9
24490007557000;10;5;5;52,7
24490007558000;6;1;5;44,2
24490007559000;2;1;1;0,0
24490007560000;55;30;25;39,0
24490007561000;23;11;12;31,9
24490007569000;9;6;3;48,4
24490007570000;8;4;4;42,3
24490007571000;85;37;48;39,4
24490007572000;71;32;39;34,7
24490007574000;4;2;2;0,0
24490007575000;1;1;0;0,0
24500007109000;23;15;8;26,8
24500007277000;2;1;1;0,0
24500007278000;6;3;3;32,5
24500007294000;1;1;0;0,0
24500007306000;6;5;1;41,8
24500007307000;5;2;3;62,0
24500007321000;13;8;5;47,2
24500007328000;10;5;5;17,1
24500007329000;2;1;1;0,0
24500007337000;2;0;2;0,0
24500007346000;23;14;9;35,1
24500007350000;11;5;6;50,6
24500007367000;1;1;0;0,0
24500007370000;4;3;1;0,0
24500007402000;1;1;0;0,0
24500007560000;3;2;1;0,0
24500007561000;13;6;7;43,7
24500007569000;5;5;0;48,6
24500007572000;11;4;7;29,5
24500007573000;17;6;11;46,8
24500007575000;1;1;0;0,0
24510007108000;7;4;3;64,9
24510007196000;4;2;2;0,0
24510007255000;4;3;1;0,0
24510007275000;2;1;1;0,0
24510007276000;4;2;2;0,0
24510007278000;2;1;1;0,0
24510007288000;12;6;6;41,2
24510007289000;1;1;0;0,0
24510007305000;4;2;2;0,0
24510007321000;4;4;0;0,0
24510007328000;13;7;6;34,1
24510007337000;11;5;6;35,7
24510007346000;2;1;1;0,0
24510007353000;7;3;4;49,7
24510007368000;1;1;0;0,0
24510007401000;1;0;1;0,0
24510007402000;2;1;1;0,0
24510007556000;18;11;7;47,5
24510007557000;190;105;85;36,1
24510007558000;514;240;274;42,9
24510007559000;104;51;53;40,9
24510007560000;11;4;7;42,4
24510007562000;2;2;0;0,0
24510007565000;3;1;2;0,0
24510007570000;1;0;1;0,0
24510007571000;4;1;3;0,0
24510007572000;44;23;21;52,7
24510007573000;1;1;0;0,0
24520007104000;2;1;1;0,0
24520007108000;3;2;1;0,0
24520007114000;17;8;9;35,1
24520007253000;17;10;7;43,5
24520007254000;21;12;9;39,2
24520007255000;20;10;10;17,6
24520007256000;3;2;1;0,0
24520007275000;4;1;3;0,0
24520007297000;9;5;4;39,9
24520007306000;5;4;1;25,0
24520007327000;3;1;2;0,0
24520007328000;4;2;2;0,0
24520007337000;4;2;2;0,0
24520007338000;7;4;3;50,7
24520007346000;4;2;2;0,0
24520007347000;1;1;0;0,0
24520007354000;28;14;14;43,5
24520007368000;1;0;1;0,0
24520007402000;1;1;0;0,0
24520007432000;1;0;1;0,0
24520007476000;83;39;44;37,3
24520007477000;3;2;1;0,0
24520007478000;3;2;1;0,0
24520007556000;2;0;2;0,0
24520007557000;228;118;110;41,6
24520007558000;79;43;36;45,8
24520007559000;35;16;19;43,4
24520007560000;24;15;9;44,8
24520007563000;1;1;0;0,0
24520007564000;3;2;1;0,0
24520007569000;13;5;8;53,8
24520007570000;6;3;3;46,7
24520007571000;29;14;15;45,4
24520007572000;3;2;1;0,0
24520007574000;2;2;0;0,0
24520007577000;3;1;2;0,0
24530007108000;3;2;1;0,0
24530007114000;1;1;0;0,0
24530007115000;5;3;2;29,4
24530007151000;7;5;2;40,4
24530007251000;11;5;6;46,5
24530007252000;4;2;2;0,0
24530007253000;21;11;10;38,1
24530007254000;2;1;1;0,0
24530007256000;6;4;2;43,3
24530007257000;2;1;1;0,0
24530007267000;4;2;2;0,0
24530007273000;4;1;3;0,0
24530007274000;9;5;4;35,2
24530007275000;246;113;133;48,2
24530007276000;8;3;5;50,5
24530007306000;19;10;9;37,6
24530007327000;7;3;4;60,0
24530007328000;4;3;1;0,0
24530007338000;17;10;7;40,2
24530007347000;25;14;11;44,4
24530007348000;24;13;11;34,3
24530007349000;129;72;57;44,3
24530007350000;1;0;1;0,0
24530007354000;70;38;32;38,5
24530007356000;4;2;2;0,0
24530007357000;38;21;17;42,4
24530007367000;11;6;5;43,3
24530007410000;28;16;12;37,8
24530007411000;321;154;167;42,6
24530007477000;1;1;0;0,0
24530007564000;3;1;2;0,0
24530007565000;2;1;1;0,0
24530007566000;17;11;6;41,2
24530007569000;3;2;1;0,0
24530007575000;8;3;5;51,1
24530007576000;6;4;2;47,8
24530007577000;36;18;18;39,4
24530007578000;23;10;13;56,7
24530007579000;1;1;0;0,0
24530007580000;1;1;0;0,0
24540007114000;4;2;2;0,0
24540007251000;5;2;3;54,2
24540007252000;1;1;0;0,0
24540007259000;1;0;1;0,0
24540007260000;5;4;1;68,4
24540007261000;4;3;1;0,0
24540007263000;5;3;2;65,6
24540007264000;7;3;4;44,9
24540007265000;3;2;1;0,0
24540007266000;2;1;1;0,0
24540007268000;5;3;2;53,4
24540007272000;8;5;3;45,8
24540007273000;10;4;6;76,7
24540007274000;253;132;121;41,5
24540007275000;96;46;50;48,4
24540007276000;6;5;1;38,7
24540007277000;4;3;1;0,0
24540007298000;2;1;1;0,0
24540007306000;5;2;3;66,8
24540007307000;5;5;0;62,2
24540007327000;5;2;3;38,2
24540007347000;85;42;43;34,1
24540007348000;181;91;90;42,1
24540007349000;2;1;1;0,0
24540007350000;34;14;20;37,4
24540007354000;19;10;9;49,5
24540007355000;37;20;17;40,2
24540007357000;20;10;10;32,0
24540007363000;2;0;2;0,0
24540007410000;201;102;99;38,0
24540007411000;450;231;219;35,2
24540007427000;17;10;7;41,6
24540007432000;3;2;1;0,0
24540007446000;26;14;12;40,8
24540007479000;3;2;1;0,0
24540007565000;9;4;5;31,2
24540007566000;4;3;1;0,0
24540007570000;13;6;7;27,2
24540007574000;3;2;1;0,0
24540007575000;5;2;3;62,6
24540007577000;1;1;0;0,0
24540007578000;3;1;2;0,0
24540007580000;1;1;0;0,0
24550007112000;4;2;2;0,0
24550007249000;1;1;0;0,0
24550007251000;2;1;1;0,0
24550007258000;7;3;4;56,3
24550007262000;4;2;2;0,0
24550007263000;7;4;3;46,7
24550007267000;21;11;10;33,0
24550007274000;2;1;1;0,0
24550007275000;12;7;5;32,9
24550007276000;11;7;4;47,8
24550007277000;22;10;12;41,2
24550007278000;1;1;0;0,0
24550007279000;7;3;4;41,9
24550007306000;8;3;5;19,5
24550007326000;9;5;4;62,3
24550007337000;1;0;1;0,0
24550007347000;46;26;20;37,5
24550007348000;13;8;5;39,5
24550007350000;6;3;3;51,8
24550007354000;98;58;40;33,6
24550007355000;33;17;16;34,1
24550007359000;7;2;5;46,4
24550007363000;13;8;5;23,9
24550007365000;2;0;2;0,0
24550007410000;94;49;45;36,4
24550007411000;16;6;10;42,6
24550007427000;20;14;6;34,3
24550007428000;18;12;6;39,1
24550007429000;18;9;9;51,1
24550007432000;9;5;4;48,7
24550007446000;49;24;25;41,6
24550007447000;117;61;56;40,7
24550007448000;19;9;10;28,8
24550007449000;1;1;0;0,0
24550007564000;11;8;3;69,1
24550007565000;1;1;0;0,0
24550007569000;4;2;2;0,0
24550007572000;10;4;6;40,6
24550007573000;9;3;6;49,0
24550007574000;11;5;6;39,1
24550007576000;2;1;1;0,0
24550007578000;1;1;0;0,0
24550007579000;6;4;2;27,5
24550007581000;5;2;3;42,2
24560007114000;2;1;1;0,0
24560007249000;6;4;2;51,3
24560007259000;3;2;1;0,0
24560007267000;4;2;2;0,0
24560007274000;26;15;11;42,9
24560007275000;2;1;1;0,0
24560007277000;3;2;1;0,0
24560007280000;1;1;0;0,0
24560007325000;8;4;4;41,5
24560007326000;6;2;4;40,8
24560007338000;1;1;0;0,0
24560007346000;10;6;4;43,9
24560007347000;71;39;32;44,6
24560007350000;1;1;0;0,0
24560007351000;38;20;18;49,1
24560007354000;125;64;61;33,3
24560007355000;12;8;4;31,9
24560007362000;2;1;1;0,0
24560007363000;4;2;2;0,0
24560007428000;1;1;0;0,0
24560007429000;6;4;2;71,7
24560007448000;18;12;6;43,8
24560007449000;7;4;3;68,1
24560007462000;4;2;2;0,0
24560007463000;1;1;0;0,0
24560007478000;2;1;1;0,0
24560007480000;11;7;4;54,6
24560007564000;12;5;7;43,8
24560007565000;22;10;12;54,8
24560007572000;2;1;1;0,0
24560007573000;25;16;9;54,7
24570007249000;3;2;1;0,0
24570007267000;2;1;1;0,0
24570007274000;8;3;5;48,6
24570007276000;17;12;5;29,8
24570007277000;8;6;2;37,0
24570007279000;7;4;3;43,4
24570007280000;1;1;0;0,0
24570007281000;7;6;1;40,7
24570007290000;3;2;1;0,0
24570007291000;2;1;1;0,0
24570007292000;6;1;5;34,8
24570007307000;5;3;2;53,2
24570007325000;11;5;6;33,7
24570007335000;2;1;1;0,0
24570007346000;7;5;2;48,4
24570007347000;43;21;22;41,0
24570007351000;320;165;155;37,4
24570007352000;417;196;221;40,4
24570007355000;64;30;34;37,1
24570007359000;9;4;5;21,9
24570007368000;4;3;1;0,0
24570007434000;136;70;66;45,7
24570007435000;358;164;194;38,2
24570007436000;9;5;4;40,0
24570007442000;4;1;3;0,0
24570007443000;24;16;8;48,3
24570007449000;14;11;3;32,6
24570007564000;4;2;2;0,0
24570007565000;4;2;2;0,0
24570007572000;1;1;0;0,0
24570007573000;13;6;7;42,8
24570007574000;5;3;2;41,4
24570007581000;16;7;9;53,8
24580007249000;9;3;6;40,0
24580007258000;8;4;4;41,9
24580007276000;18;11;7;40,0
24580007279000;1;1;0;0,0
24580007281000;1;1;0;0,0
24580007307000;1;1;0;0,0
24580007325000;13;7;6;38,6
24580007339000;6;2;4;31,2
24580007347000;19;11;8;39,9
24580007351000;33;18;15;21,8
24580007352000;1013;517;496;37,7
24580007355000;1;0;1;0,0
24580007356000;68;34;34;37,2
24580007359000;4;1;3;0,0
24580007362000;4;2;2;0,0
24580007430000;2;1;1;0,0
24580007431000;1;1;0;0,0
24580007433000;13;7;6;38,0
24580007435000;111;58;53;41,0
24580007436000;95;49;46;41,4
24580007437000;1;1;0;0,0
24580007438000;6;3;3;55,8
24580007439000;24;11;13;47,7
24580007440000;23;10;13;38,8
24580007442000;11;6;5;70,1
24580007443000;6;4;2;32,8
24580007444000;21;9;12;50,0
24580007445000;2;1;1;0,0
24580007446000;3;2;1;0,0
24580007564000;2;1;1;0,0
24580007565000;7;5;2;54,6
24580007571000;3;1;2;0,0
24580007572000;4;2;2;0,0
24580007573000;1;1;0;0,0
24580007574000;10;2;8;59,9
24580007575000;5;2;3;50,8
24580007576000;8;5;3;28,3
24580007579000;2;0;2;0,0
24580007580000;3;2;1;0,0
24580007581000;1;1;0;0,0
24590007249000;10;5;5;39,8
24590007258000;1;1;0;0,0
24590007267000;1;1;0;0,0
24590007269000;3;2;1;0,0
24590007274000;2;1;1;0,0
24590007279000;2;2;0;0,0
24590007281000;9;6;3;33,0
24590007282000;4;2;2;0,0
24590007306000;2;2;0;0,0
24590007308000;3;2;1;0,0
24590007347000;1;1;0;0,0
24590007351000;7;3;4;36,7
24590007352000;357;186;171;37,4
24590007356000;69;33;36;41,0
24590007357000;1035;511;524;37,8
24590007358000;245;124;121;31,6
24590007363000;2;1;1;0,0
24590007430000;7;2;5;41,4
24590007431000;1;0;1;0,0
24590007439000;5;3;2;56,8
24590007440000;3;2;1;0,0
24590007445000;27;13;14;44,4
24590007446000;37;21;16;46,4
24590007571000;3;2;1;0,0
24590007572000;3;2;1;0,0
24590007574000;1;0;1;0,0
24590007576000;1;0;1;0,0
24590007577000;13;6;7;43,5
24590007578000;10;4;6;42,8
24590007579000;3;2;1;0,0
24600007249000;8;5;3;29,3
24600007268000;3;2;1;0,0
24600007270000;1;1;0;0,0
24600007271000;13;6;7;27,9
24600007282000;15;6;9;37,3
24600007283000;4;1;3;0,0
24600007301000;2;1;1;0,0
24600007303000;2;1;1;0,0
24600007306000;5;3;2;73,6
24600007308000;7;4;3;76,0
24600007353000;471;246;225;39,1
24600007354000;380;158;222;61,2
24600007355000;48;22;26;62,3
24600007357000;776;406;370;39,5
24600007358000;1101;588;513;36,2
24600007359000;106;53;53;35,4
24600007360000;8;6;2;36,5
24600007362000;2;1;1;0,0
24600007446000;18;10;8;54,3
24600007447000;55;21;34;41,3
24600007448000;25;11;14;50,5
24600007565000;4;1;3;0,0
24600007566000;11;6;5;59,7
24600007567000;5;3;2;60,2
24600007572000;9;2;7;69,4
24600007573000;9;7;2;44,7
24610007249000;2;1;1;0,0
24610007255000;6;3;3;36,8
24610007256000;2;1;1;0,0
24610007284000;2;1;1;0,0
24610007285000;11;5;6;31,4
24610007347000;1;1;0;0,0
24610007350000;2;1;1;0,0
24610007353000;210;116;94;52,5
24610007354000;1698;844;854;48,7
24610007355000;1537;786;751;43,4
24610007356000;3;2;1;0,0
24610007357000;279;148;131;37,6
24610007358000;1284;631;653;40,7
24610007359000;77;38;39;42,3
24610007365000;4;2;2;0,0
24610007434000;4;1;3;0,0
24610007435000;3;2;1;0,0
24610007436000;12;6;6;49,3
24610007447000;23;12;11;41,3
24610007448000;4;3;1;0,0
24610007567000;9;4;5;39,0
24610007568000;2;2;0;0,0
24610007573000;16;8;8;47,0
24610007574000;14;7;7;54,1
24620007249000;5;3;2;64,6
24620007255000;2;1;1;0,0
24620007263000;3;1;2;0,0
24620007272000;8;5;3;42,1
24620007300000;7;3;4;32,0
24620007305000;1;1;0;0,0
24620007350000;10;6;4;40,0
24620007354000;58;29;29;39,4
24620007355000;1776;865;911;41,3
24620007356000;475;231;244;44,6
24620007357000;488;243;245;38,5
24620007358000;228;118;110;36,9
24620007365000;2;1;1;0,0
24620007427000;1;1;0;0,0
24620007568000;3;2;1;0,0
24620007574000;2;1;1;0,0
24620007575000;1;1;0;0,0
24620007576000;6;5;1;19,5
24620007577000;5;3;2;44,4
24620007578000;2;1;1;0,0
24620007580000;1;1;0;0,0
24620007581000;4;2;2;0,0
24630007249000;4;2;2;0,0
24630007265000;5;3;2;39,6
24630007267000;2;2;0;0,0
24630007272000;7;4;3;50,6
24630007297000;8;2;6;34,8
24630007300000;17;8;9;36,5
24630007302000;7;3;4;33,6
24630007303000;7;3;4;67,3
24630007304000;1;1;0;0,0
24630007355000;1229;599;630;39,1
24630007356000;1564;763;801;44,1
24630007357000;96;53;43;43,2
24630007428000;15;8;7;54,5
24630007445000;17;8;9;51,1
24630007569000;14;7;7;51,1
24630007577000;8;4;4;52,5
24630007579000;3;2;1;0,0
24630007580000;5;2;3;55,6
24630007581000;1;1;0;0,0
24640007249000;7;2;5;45,4
24640007267000;4;2;2;0,0
24640007283000;3;2;1;0,0
24640007297000;5;3;2;39,4
24640007304000;2;1;1;0,0
24640007354000;383;193;190;37,4
24640007355000;946;482;464;40,0
24640007356000;91;48;43;35,8
24640007431000;3;1;2;0,0
24640007570000;2;1;1;0,0
24640007580000;1;1;0;0,0
24650007248000;1;1;0;0,0
24650007249000;10;6;4;26,3
24650007283000;4;3;1;0,0
24650007354000;288;145;143;39,0
24650007355000;1489;769;720;42,3
24650007356000;48;23;25;40,2
24650007363000;16;9;7;28,1
24650007366000;6;4;2;58,3
24650007367000;1;1;0;0,0
24650007368000;1;1;0;0,0
24650007373000;2;2;0;0,0
24650007435000;2;1;1;0,0
24650007436000;7;3;4;52,4
24650007439000;2;1;1;0,0
24650007440000;18;12;6;56,6
24650007441000;2;1;1;0,0
24650007447000;8;3;5;58,5
24650007572000;1;1;0;0,0
24650007573000;2;1;1;0,0
24650007580000;31;14;17;34,8
24660007310000;2;2;0;0,0
24660007353000;6;2;4;44,7
24660007354000;199;102;97;33,5
24660007355000;73;37;36;38,2
24660007356000;20;12;8;44,6
24660007361000;12;7;5;31,2
24660007363000;1;1;0;0,0
24660007364000;18;7;11;40,6
24660007365000;1;1;0;0,0
24660007367000;3;2;1;0,0
24660007368000;9;3;6;41,1
24660007370000;6;4;2;37,0
24660007371000;8;5;3;27,9
24660007431000;8;5;3;46,1
24660007437000;8;3;5;71,9
24660007443000;2;1;1;0,0
24660007444000;1;1;0;0,0
24660007559000;103;53;50;44,4
24660007560000;254;125;129;39,4
24660007572000;1;1;0;0,0
24660007575000;4;4;0;0,0
24660007578000;28;12;16;42,1
24660007579000;32;18;14;39,2
24670007262000;7;4;3;31,1
24670007354000;171;95;76;39,5
24670007356000;33;15;18;40,5
24670007357000;16;9;7;34,5
24670007360000;14;8;6;43,5
24670007361000;5;3;2;36,2
24670007363000;10;5;5;40,3
24670007366000;1;0;1;0,0
24670007369000;6;4;2;32,2
24670007434000;6;3;3;31,8
24670007435000;3;1;2;0,0
24670007438000;2;1;1;0,0
24670007439000;17;8;9;50,1
24670007445000;1;0;1;0,0
24670007446000;1;0;1;0,0
24670007452000;17;11;6;48,3
24670007474000;17;7;10;59,0
24670007559000;23;9;14;42,4
24670007560000;108;62;46;45,0
24670007568000;7;4;3;51,4
24670007574000;7;4;3;23,4
24670007578000;21;9;12;44,8
24670007579000;4;2;2;0,0
24680007262000;3;2;1;0,0
24680007272000;4;3;1;0,0
24680007354000;26;13;13;44,2
24680007355000;1;0;1;0,0
24680007356000;45;25;20;41,2
24680007357000;25;11;14;41,4
24680007360000;7;4;3;39,1
24680007369000;9;6;3;37,6
24680007370000;6;3;3;48,7
24680007371000;2;1;1;0,0
24680007435000;3;2;1;0,0
24680007443000;18;9;9;53,6
24680007448000;2;1;1;0,0
24680007473000;1;1;0;0,0
24680007474000;24;13;11;35,3
24680007565000;4;3;1;0,0
24680007566000;6;3;3;67,8
24680007569000;6;4;2;59,2
24680007578000;16;8;8;45,6
24690007272000;1;0;1;0,0
24690007354000;28;16;12;35,0
24690007355000;30;15;15;37,9
24690007356000;9;5;4;41,0
24690007357000;22;13;9;39,6
24690007358000;37;19;18;41,3
24690007359000;93;46;47;38,1
24690007360000;32;14;18;35,5
24690007361000;6;3;3;44,8
24690007362000;6;4;2;53,3
24690007371000;10;6;4;47,3
24690007439000;16;8;8;56,5
24690007441000;9;4;5;52,2
24690007442000;33;17;16;36,3
24690007443000;24;11;13;55,0
24690007444000;15;7;8;22,1
24690007452000;1;0;1;0,0
24690007569000;17;9;8;55,5
24690007571000;16;7;9;46,9
24690007573000;3;1;2;0,0
24690007574000;4;3;1;0,0
24690007575000;1;1;0;0,0
24700007243000;1;1;0;0,0
24700007309000;2;1;1;0,0
24700007353000;12;5;7;31,8
24700007354000;57;29;28;30,4
24700007355000;48;25;23;27,9
24700007356000;23;11;12;32,8
24700007357000;2;1;1;0,0
24700007358000;5;4;1;23,8
24700007359000;126;61;65;38,4
24700007360000;150;79;71;35,0
24700007361000;1;0;1;0,0
24700007438000;1;0;1;0,0
24700007439000;24;10;14;57,0
24700007441000;9;5;4;44,1
24700007442000;14;8;6;44,3
24700007443000;14;9;5;33,6
24700007444000;54;24;30;41,6
24700007445000;45;23;22;50,5
24700007569000;8;3;5;59,8
24700007570000;9;6;3;43,8
24700007571000;1;1;0;0,0
24710007260000;1;0;1;0,0
24710007299000;8;5;3;23,4
24710007354000;2;2;0;0,0
24710007355000;49;25;24;44,6
24710007356000;2;1;1;0,0
24710007357000;13;7;6;35,0
24710007358000;46;24;22;37,2
24710007359000;35;19;16;38,2
24710007360000;31;14;17;34,9
24710007361000;20;8;12;36,3
24710007439000;2;1;1;0,0
24710007445000;5;4;1;59,4
24710007451000;5;2;3;38,4
24710007461000;13;10;3;36,5
24710007569000;1;0;1;0,0
24710007570000;9;4;5;30,1
24710007571000;12;6;6;53,7
24710007573000;38;17;21;45,9
24710007574000;14;6;8;35,6
24710007575000;11;5;6;41,1
24710007576000;43;22;21;49,1
24710007577000;2;1;1;0,0
24710007609000;1;0;1;0,0
24720007310000;2;1;1;0,0
24720007354000;5;3;2;50,8
24720007356000;3;2;1;0,0
24720007359000;39;25;14;35,7
24720007361000;14;9;5;24,4
24720007362000;10;6;4;28,0
24720007452000;2;1;1;0,0
24720007454000;29;16;13;37,4
24720007455000;5;3;2;38,6
24720007461000;52;28;24;32,2
24720007462000;2459;1193;1266;43,7
24720007463000;18;8;10;57,3
24720007563000;3;1;2;0,0
24720007564000;35;22;13;39,6
24720007565000;4;2;2;0,0
24720007569000;1;1;0;0,0
24720007571000;1;1;0;0,0
24720007573000;8;4;4;66,5
24720007574000;9;4;5;24,8
24720007575000;76;44;32;38,2
24720007576000;3;2;1;0,0
24720007579000;27;13;14;44,9
24730007298000;6;4;2;39,2
24730007356000;10;5;5;58,3
24730007357000;8;4;4;27,5
24730007359000;30;15;15;41,3
24730007360000;3;2;1;0,0
24730007361000;9;5;4;40,9
24730007362000;15;8;7;40,4
24730007440000;13;8;5;44,9
24730007441000;1;1;0;0,0
24730007452000;4;2;2;0,0
24730007453000;13;8;5;38,2
24730007454000;3;2;1;0,0
24730007455000;15;6;9;43,7
24730007461000;14;7;7;47,6
24730007462000;3373;1620;1753;40,5
24730007463000;1834;948;886;44,0
24730007464000;92;48;44;43,9
24730007465000;69;34;35;33,7
24730007475000;6;4;2;62,8
24730007564000;1;0;1;0,0
24730007565000;97;46;51;33,0
24730007566000;7;4;3;37,1
24730007574000;2;2;0;0,0
24730007575000;7;5;2;46,6
24740007308000;1;1;0;0,0
24740007309000;1;0;1;0,0
24740007356000;3;1;2;0,0
24740007358000;8;5;3;53,0
24740007359000;25;13;12;32,2
24740007364000;4;1;3;0,0
24740007452000;1;1;0;0,0
24740007453000;4;3;1;0,0
24740007461000;8;3;5;39,6
24740007462000;3123;1549;1574;42,5
24740007463000;2699;1350;1349;40,4
24740007464000;2083;997;1086;44,7
24740007465000;113;61;52;43,7
24740007564000;9;5;4;22,6
24740007565000;109;59;50;39,1
24740007566000;138;71;67;39,1
24750007258000;5;3;2;35,8
24750007358000;20;13;7;41,6
24750007365000;8;4;4;22,4
24750007452000;6;2;4;52,8
24750007453000;1;1;0;0,0
24750007454000;3;2;1;0,0
24750007461000;598;295;303;35,8
24750007462000;168;85;83;35,9
24750007463000;2161;1059;1102;37,9
24750007464000;2527;1210;1317;42,1
24750007465000;1127;578;549;36,2
24750007565000;47;21;26;32,8
24750007566000;81;37;44;36,3
24750007586000;14;6;8;50,4
24750007619000;6;2;4;54,5
24760007258000;2;1;1;0,0
24760007297000;3;2;1;0,0
24760007358000;2;1;1;0,0
24760007359000;10;5;5;36,9
24760007365000;43;23;20;42,4
24760007453000;7;3;4;51,7
24760007461000;1081;521;560;36,3
24760007462000;2308;1181;1127;33,1
24760007463000;736;336;400;38,0
24760007464000;562;296;266;36,2
24760007465000;13;7;6;48,6
24760007466000;1098;541;557;35,2
24760007467000;65;38;27;38,6
24760007565000;2;2;0;0,0
24760007566000;208;101;107;33,7
24760007567000;26;12;14;30,4
24760007586000;191;97;94;43,1
24760007612000;8;3;5;42,3
24760007614000;10;5;5;52,0
24760007617000;26;14;12;45,4
24760007618000;6;3;3;63,7
24760007619000;3;2;1;0,0
24770007365000;9;4;5;46,6
24770007366000;11;4;7;25,3
24770007367000;11;6;5;43,9
24770007451000;3;1;2;0,0
24770007452000;13;8;5;42,4
24770007453000;15;7;8;63,7
24770007456000;6;2;4;53,5
24770007457000;1;1;0;0,0
24770007461000;54;32;22;34,2
24770007462000;2510;1286;1224;34,5
24770007467000;63;33;30;33,3
24770007565000;76;45;31;33,1
24770007566000;429;216;213;38,2
24770007567000;111;60;51;32,8
24770007582000;15;8;7;38,3
24770007586000;53;30;23;44,8
24770007610000;8;2;6;29,6
24770007611000;118;63;55;45,4
24770007612000;218;102;116;46,9
24770007613000;26;15;11;43,3
24770007614000;52;25;27;46,7
24770007615000;46;23;23;54,9
24770007616000;19;8;11;53,6
24770007618000;15;6;9;27,6
24770007619000;34;18;16;39,9
24780007356000;8;5;3;19,5
24780007358000;6;3;3;30,7
24780007364000;182;86;96;33,4
24780007365000;351;176;175;37,0
24780007366000;9;5;4;40,9
24780007451000;2;1;1;0,0
24780007456000;12;4;8;50,7
24780007457000;17;8;9;48,6
24780007462000;1777;905;872;37,4
24780007467000;8;5;3;54,5
24780007468000;10;6;4;56,2
24780007565000;34;18;16;45,1
24780007566000;1113;556;557;42,9
24780007567000;85;43;42;38,3
24780007586000;59;28;31;42,7
24780007587000;5;3;2;50,0
24780007610000;27;16;11;44,2
24780007611000;236;126;110;46,5
24780007612000;102;55;47;43,4
24780007614000;1;1;0;0,0
24780007616000;12;5;7;51,7
24780007617000;15;7;8;42,4
24780007618000;100;30;70;68,2
24780007619000;124;64;60;43,7
24780007620000;56;28;28;40,7
24780007629000;34;17;17;56,9
24790007357000;4;1;3;0,0
24790007358000;9;6;3;34,1
24790007364000;98;49;49;45,8
24790007366000;6;3;3;35,2
24790007432000;5;2;3;58,4
24790007451000;29;13;16;47,4
24790007462000;1721;853;868;34,5
24790007463000;381;199;182;42,1
24790007464000;2;1;1;0,0
24790007465000;10;7;3;33,6
24790007466000;10;7;3;24,9
24790007467000;2;1;1;0,0
24790007469000;24;13;11;38,5
24790007567000;39;23;16;40,9
24790007579000;10;5;5;41,0
24790007580000;22;11;11;44,6
24790007586000;2;1;1;0,0
24790007587000;21;13;8;36,2
24790007610000;39;17;22;43,4
24790007611000;56;24;32;45,6
24790007617000;18;9;9;45,4
24790007618000;6;3;3;42,0
24790007619000;195;93;102;40,3
24790007620000;24;15;9;32,5
24790007629000;25;15;10;48,9
24800007293000;2;0;2;0,0
24800007346000;7;4;3;41,1
24800007358000;7;3;4;50,0
24800007361000;2;0;2;0,0
24800007362000;24;14;10;36,3
24800007364000;27;11;16;27,6
24800007365000;22;12;10;34,9
24800007404000;3;2;1;0,0
24800007432000;10;6;4;49,4
24800007433000;34;18;16;55,8
24800007434000;4;1;3;0,0
24800007435000;10;5;5;59,7
24800007451000;2;1;1;0,0
24800007454000;26;14;12;48,7
24800007457000;39;19;20;46,2
24800007462000;856;424;432;30,4
24800007463000;1433;742;691;36,7
24800007464000;125;67;58;45,7
24800007466000;10;4;6;54,1
24800007469000;8;4;4;20,9
24800007470000;63;35;28;35,8
24800007567000;2;1;1;0,0
24800007568000;134;74;60;37,9
24800007569000;386;191;195;40,5
24800007570000;5;4;1;47,8
24800007579000;2;1;1;0,0
24800007587000;9;6;3;50,6
24800007610000;10;6;4;49,9
24800007611000;2;1;1;0,0
24800007618000;6;3;3;71,0
24800007619000;9;4;5;60,1
24800007620000;2;1;1;0,0
24800007621000;13;4;9;44,4
24800007626000;7;3;4;56,7
24810007338000;2;2;0;0,0
24810007357000;6;3;3;36,5
24810007362000;4;1;3;0,0
24810007404000;9;4;5;38,2
24810007405000;8;6;2;47,8
24810007406000;3;2;1;0,0
24810007431000;8;3;5;44,4
24810007432000;70;34;36;38,2
24810007433000;5;4;1;56,6
24810007434000;1;1;0;0,0
24810007435000;9;5;4;58,7
24810007436000;4;3;1;0,0
24810007439000;2;2;0;0,0
24810007455000;13;9;4;32,7
24810007457000;53;30;23;40,4
24810007462000;224;116;108;30,4
24810007463000;1534;760;774;38,1
24810007464000;1021;521;500;35,1
24810007467000;9;6;3;55,7
24810007470000;15;8;7;33,9
24810007471000;31;13;18;40,1
24810007472000;58;29;29;32,2
24810007568000;590;266;324;47,0
24810007569000;1190;601;589;40,6
24810007570000;623;322;301;35,5
24810007589000;6;3;3;55,8
24810007611000;17;9;8;53,6
24810007618000;23;11;12;51,7
24810007622000;12;6;6;51,0
24810007623000;14;7;7;44,1
24810007632000;1;0;1;0,0
24810007633000;13;6;7;61,8
24820007355000;10;7;3;29,3
24820007357000;2;2;0;0,0
24820007361000;6;2;4;28,3
24820007362000;10;6;4;52,4
24820007364000;1;0;1;0,0
24820007365000;3;1;2;0,0
24820007407000;21;13;8;47,5
24820007431000;5;2;3;54,0
24820007432000;99;53;46;42,7
24820007452000;11;6;5;28,1
24820007453000;3;2;1;0,0
24820007454000;17;9;8;47,9
24820007457000;74;36;38;37,3
24820007462000;56;27;29;36,3
24820007463000;1203;643;560;35,1
24820007464000;1120;553;567;35,0
24820007467000;14;7;7;49,4
24820007472000;11;6;5;40,5
24820007473000;9;3;6;38,8
24820007568000;134;64;70;53,6
24820007569000;1072;562;510;39,8
24820007570000;494;238;256;40,4
24820007587000;1;1;0;0,0
24820007589000;2;1;1;0,0
24820007611000;1;1;0;0,0
24820007612000;29;16;13;43,0
24820007618000;21;11;10;41,3
24820007621000;3;2;1;0,0
24820007622000;2;2;0;0,0
24820007623000;10;5;5;61,4
24820007624000;5;3;2;39,4
24820007625000;7;3;4;61,3
24820007626000;6;3;3;65,3
24820007632000;2;1;1;0,0
24820007633000;3;2;1;0,0
24830007355000;7;2;5;52,3
24830007359000;11;5;6;38,8
24830007362000;25;12;13;23,8
24830007363000;3;2;1;0,0
24830007408000;2;1;1;0,0
24830007409000;11;5;6;30,3
24830007415000;2;1;1;0,0
24830007431000;14;8;6;45,4
24830007432000;2;0;2;0,0
24830007454000;11;3;8;46,7
24830007455000;81;43;38;33,3
24830007456000;94;46;48;42,5
24830007457000;169;87;82;41,2
24830007458000;66;35;31;31,1
24830007463000;606;329;277;29,6
24830007464000;51;23;28;27,4
24830007465000;1;0;1;0,0
24830007467000;23;11;12;37,8
24830007473000;141;79;62;39,5
24830007474000;10;4;6;29,6
24830007476000;12;7;5;22,3
24830007477000;19;9;10;31,4
24830007569000;22;11;11;39,4
24830007578000;1;0;1;0,0
24830007585000;3;1;2;0,0
24830007611000;1;1;0;0,0
24830007612000;33;17;16;61,8
24830007616000;17;8;9;54,4
24830007617000;5;3;2;74,6
24830007618000;11;7;4;56,9
24830007619000;6;4;2;48,2
24830007620000;14;7;7;51,4
24830007621000;17;11;6;36,0
24830007622000;1;0;1;0,0
24830007623000;72;40;32;39,9
24830007624000;52;29;23;44,1
24830007625000;81;42;39;44,6
24830007626000;4;1;3;0,0
24840007354000;1;1;0;0,0
24840007355000;3;1;2;0,0
24840007356000;8;2;6;25,4
24840007360000;23;10;13;33,9
24840007364000;2;1;1;0,0
24840007411000;2;1;1;0,0
24840007415000;1;0;1;0,0
24840007416000;1;1;0;0,0
24840007417000;6;2;4;42,0
24840007430000;13;7;6;45,5
24840007431000;11;5;6;52,9
24840007455000;16;7;9;43,3
24840007456000;14;8;6;37,1
24840007457000;21;11;10;37,8
24840007458000;9;6;3;41,0
24840007463000;93;46;47;33,7
24840007464000;98;52;46;40,9
24840007465000;12;4;8;42,1
24840007466000;27;13;14;33,6
24840007467000;7;3;4;53,9
24840007473000;7;4;3;38,3
24840007474000;192;96;96;31,3
24840007475000;43;26;17;45,6
24840007476000;58;30;28;39,6
24840007477000;1;1;0;0,0
24840007590000;1;0;1;0,0
24840007591000;19;12;7;47,4
24840007605000;2;1;1;0,0
24840007612000;42;20;22;39,9
24840007613000;24;12;12;45,0
24840007614000;7;6;1;47,6
24840007615000;1;1;0;0,0
24840007616000;14;5;9;46,9
24840007617000;4;2;2;0,0
24840007620000;4;2;2;0,0
24840007623000;10;5;5;50,1
24840007624000;17;8;9;51,8
24840007625000;13;8;5;63,0
24850007354000;4;1;3;0,0
24850007355000;5;3;2;37,0
24850007360000;5;4;1;43,2
24850007364000;15;7;8;44,0
24850007411000;2;2;0;0,0
24850007412000;10;6;4;54,4
24850007413000;3;2;1;0,0
24850007414000;5;3;2;65,0
24850007415000;3;2;1;0,0
24850007418000;1;1;0;0,0
24850007430000;10;6;4;48,1
24850007431000;27;15;12;51,2
24850007433000;2;1;1;0,0
24850007453000;6;3;3;19,2
24850007454000;17;6;11;47,4
24850007455000;7;4;3;55,7
24850007457000;1;1;0;0,0
24850007464000;50;25;25;35,4
24850007467000;6;2;4;54,5
24850007474000;5;3;2;47,4
24850007475000;28;13;15;37,0
24850007476000;7;4;3;53,6
24850007559000;2;2;0;0,0
24850007561000;125;61;64;45,0
24850007569000;4;0;4;0,0
24850007578000;3;2;1;0,0
24850007579000;4;4;0;0,0
24850007590000;5;3;2;32,0
24850007591000;10;6;4;52,4
24850007603000;10;6;4;54,9
24850007606000;4;2;2;0,0
24850007607000;8;4;4;49,3
24850007613000;2;0;2;0,0
24850007614000;4;3;1;0,0
24850007615000;16;10;6;48,6
24850007616000;21;9;12;39,4
24850007620000;1;0;1;0,0
24850007621000;1;0;1;0,0
24850007623000;10;5;5;56,7
24850007624000;25;14;11;41,7
24850007625000;43;24;19;49,2
24850007626000;16;8;8;47,8
24850007630000;3;2;1;0,0
24850007631000;2;2;0;0,0
24850007632000;1;0;1;0,0
24860007358000;17;9;8;29,9
24860007360000;7;5;2;42,3
24860007414000;2;1;1;0,0
24860007415000;1;0;1;0,0
24860007417000;8;4;4;50,5
24860007418000;4;3;1;0,0
24860007430000;4;2;2;0,0
24860007431000;31;12;19;40,8
24860007453000;4;2;2;0,0
24860007454000;12;7;5;51,1
24860007457000;19;9;10;42,7
24860007458000;6;3;3;46,8
24860007561000;55;27;28;50,6
24860007570000;16;8;8;33,5
24860007571000;12;6;6;38,8
24860007574000;9;6;3;45,3
24860007579000;3;1;2;0,0
24860007590000;7;4;3;56,3
24860007602000;6;3;3;51,3
24860007603000;9;4;5;44,3
24860007607000;14;6;8;66,3
24860007616000;8;5;3;52,5
24860007622000;9;4;5;38,1
24860007626000;2;1;1;0,0
24860007627000;3;1;2;0,0
24860007628000;2;2;0;0,0
24870007351000;5;2;3;31,6
24870007358000;6;2;4;20,2
24870007417000;5;2;3;73,0
24870007418000;14;7;7;46,1
24870007430000;12;7;5;46,9
24870007431000;9;4;5;48,0
24870007457000;45;25;20;35,2
24870007458000;9;5;4;53,7
24870007459000;21;9;12;40,1
24870007463000;15;8;7;38,9
24870007464000;31;16;15;36,6
24870007465000;4;3;1;0,0
24870007482000;4;1;3;0,0
24870007486000;7;3;4;45,1
24870007487000;6;4;2;36,0
24870007522000;2;1;1;0,0
24870007574000;6;4;2;43,0
24870007578000;6;3;3;63,5
24870007579000;41;23;18;51,5
24870007587000;2;1;1;0,0
24870007589000;5;2;3;62,2
24870007590000;3;2;1;0,0
24870007601000;13;6;7;28,5
24870007602000;8;4;4;47,4
24870007607000;5;4;1;35,4
24870007608000;11;7;4;58,9
24870007622000;6;2;4;71,7
24870007623000;3;1;2;0,0
24870007626000;7;2;5;68,3
24870007627000;22;12;10;50,5
24870007628000;6;4;2;63,8
24870007629000;2;0;2;0,0
24880007357000;23;13;10;31,7
24880007366000;3;1;2;0,0
24880007419000;1;1;0;0,0
24880007420000;2;1;1;0,0
24880007421000;4;1;3;0,0
24880007430000;14;7;7;55,4
24880007431000;23;13;10;53,2
24880007458000;9;4;5;53,2
24880007460000;70;33;37;39,1
24880007461000;107;58;49;40,4
24880007462000;62;36;26;41,8
24880007463000;875;447;428;34,2
24880007464000;1769;878;891;36,8
24880007465000;224;118;106;33,7
24880007466000;124;68;56;35,8
24880007486000;27;15;12;51,2
24880007487000;46;24;22;46,7
24880007488000;2;1;1;0,0
24880007578000;2;1;1;0,0
24880007580000;13;8;5;46,4
24880007582000;45;24;21;46,8
24880007590000;5;2;3;34,2
24880007591000;9;6;3;48,8
24880007599000;3;2;1;0,0
24880007600000;45;26;19;43,7
24880007606000;1;1;0;0,0
24880007607000;18;9;9;42,9
24880007617000;5;3;2;64,4
24880007618000;3;1;2;0,0
24880007619000;23;10;13;57,2
24880007620000;8;6;2;40,1
24880007621000;4;2;2;0,0
24880007626000;5;2;3;29,8
24880007627000;4;2;2;0,0
24890007356000;6;3;3;35,8
24890007419000;4;2;2;0,0
24890007420000;1;0;1;0,0
24890007421000;18;11;7;41,2
24890007422000;57;30;27;47,7
24890007429000;9;4;5;64,9
24890007430000;40;20;20;48,9
24890007431000;13;8;5;42,8
24890007452000;16;9;7;38,1
24890007460000;38;20;18;35,2
24890007461000;20;11;9;39,7
24890007464000;247;137;110;38,6
24890007465000;88;44;44;30,1
24890007467000;5;3;2;23,6
24890007469000;3;1;2;0,0
24890007479000;22;9;13;40,5
24890007480000;12;6;6;42,2
24890007486000;2;1;1;0,0
24890007487000;2;1;1;0,0
24890007489000;32;16;16;45,2
24890007580000;39;21;18;49,2
24890007581000;29;16;13;53,2
24890007582000;63;35;28;42,0
24890007583000;9;5;4;41,4
24890007591000;57;31;26;50,2
24890007598000;3;2;1;0,0
24890007599000;32;16;16;39,4
24890007600000;3;2;1;0,0
24890007605000;15;9;6;53,6
24890007606000;11;6;5;44,8
24890007607000;21;9;12;43,9
24890007617000;1;0;1;0,0
24890007618000;6;3;3;67,3
24890007619000;6;3;3;63,8
24890007628000;3;1;2;0,0
24900007355000;15;8;7;31,5
24900007367000;2;1;1;0,0
24900007419000;3;1;2;0,0
24900007421000;39;20;19;36,1
24900007422000;26;16;10;41,7
24900007423000;14;10;4;55,8
24900007424000;17;8;9;44,8
24900007426000;4;2;2;0,0
24900007428000;12;7;5;37,9
24900007429000;48;22;26;48,8
24900007430000;59;29;30;41,7
24900007457000;6;4;2;59,0
24900007470000;18;12;6;46,0
24900007479000;66;34;32;39,3
24900007480000;9;4;5;50,6
24900007489000;125;59;66;51,0
24900007505000;1;0;1;0,0
24900007512000;85;44;41;45,4
24900007513000;57;27;30;34,4
24900007524000;6;4;2;32,8
24900007579000;10;6;4;50,8
24900007580000;3;2;1;0,0
24900007583000;4;3;1;0,0
24900007591000;8;3;5;38,4
24900007598000;227;110;117;39,3
24900007599000;5;3;2;47,8
24900007607000;9;5;4;34,2
24900007611000;2;1;1;0,0
24900007616000;1;1;0;0,0
24900007617000;1;1;0;0,0
24900007636000;1;0;1;0,0
24910007354000;12;7;5;46,2
24910007355000;4;3;1;0,0
24910007425000;5;2;3;60,2
24910007426000;3;2;1;0,0
24910007428000;11;5;6;48,0
24910007429000;14;5;9;52,0
24910007463000;1;1;0;0,0
24910007464000;1;1;0;0,0
24910007480000;3;2;1;0,0
24910007489000;14;7;7;43,2
24910007490000;30;16;14;50,1
24910007513000;114;53;61;42,5
24910007521000;4;3;1;0,0
24910007523000;18;9;9;24,4
24910007524000;50;25;25;58,7
24910007569000;1;1;0;0,0
24910007585000;1;0;1;0,0
24910007591000;3;2;1;0,0
24910007598000;734;371;363;39,3
24910007599000;79;41;38;47,2
24910007606000;6;2;4;19,3
24910007607000;7;4;3;36,7
24910007613000;2;1;1;0,0
24920007353000;11;8;3;39,5
24920007354000;1;1;0;0,0
24920007355000;9;5;4;22,2
24920007368000;3;2;1;0,0
24920007369000;28;18;10;50,3
24920007370000;3;2;1;0,0
24920007419000;6;2;4;48,3
24920007420000;3;1;2;0,0
24920007426000;3;2;1;0,0
24920007427000;4;2;2;0,0
24920007428000;29;16;13;46,9
24920007429000;1;1;0;0,0
24920007454000;3;1;2;0,0
24920007457000;2;1;1;0,0
24920007461000;4;2;2;0,0
24920007462000;26;17;9;36,2
24920007463000;13;7;6;45,2
24920007464000;22;11;11;46,5
24920007490000;5;3;2;68,4
24920007511000;3;1;2;0,0
24920007513000;25;11;14;44,8
24920007518000;4;2;2;0,0
24920007520000;1;1;0;0,0
24920007521000;7;3;4;68,1
24920007524000;6;3;3;61,5
24920007585000;1;0;1;0,0
24920007590000;16;11;5;46,7
24920007591000;32;21;11;36,0
24920007598000;293;148;145;46,5
24920007599000;716;365;351;40,0
24920007606000;10;3;7;52,2
24920007607000;13;8;5;32,2
24920007611000;11;6;5;41,3
24920007612000;21;15;6;45,0
24920007613000;5;2;3;66,8
24920007614000;28;11;17;36,6
24920007633000;1;1;0;0,0
24930007355000;4;1;3;0,0
24930007371000;7;4;3;56,6
24930007372000;8;4;4;47,1
24930007419000;5;2;3;36,0
24930007425000;3;3;0;0,0
24930007461000;13;5;8;48,2
24930007462000;65;33;32;34,1
24930007463000;6;3;3;62,5
24930007464000;11;4;7;57,5
24930007470000;2;1;1;0,0
24930007471000;6;2;4;31,3
24930007491000;18;9;9;38,6
24930007511000;2;1;1;0,0
24930007513000;47;20;27;42,6
24930007518000;2;1;1;0,0
24930007521000;5;2;3;57,4
24930007568000;10;3;7;42,9
24930007569000;1;0;1;0,0
24930007598000;74;40;34;42,9
24930007599000;124;61;63;39,0
24930007605000;2;0;2;0,0
24930007606000;38;21;17;36,4
24930007608000;1;0;1;0,0
24930007609000;3;2;1;0,0
24930007611000;30;16;14;46,1
24930007612000;2;1;1;0,0
24930007614000;2;2;0;0,0
24930007632000;1;1;0;0,0
24940007418000;4;2;2;0,0
24940007462000;1;0;1;0,0
24940007463000;4;3;1;0,0
24940007486000;4;1;3;0,0
24940007491000;4;2;2;0,0
24940007492000;7;3;4;30,0
24940007513000;44;22;22;46,5
24940007527000;2;1;1;0,0
24940007568000;4;3;1;0,0
24940007575000;2;1;1;0,0
24940007598000;16;9;7;53,8
24940007599000;26;15;11;32,2
24940007605000;100;48;52;33,9
24940007606000;336;165;171;37,6
24940007608000;47;26;21;38,5
24940007609000;18;11;7;31,6
24940007611000;38;19;19;37,9
24940007612000;6;4;2;19,0
24940007615000;2;1;1;0,0
24950007376000;3;1;2;0,0
24950007448000;12;5;7;67,0
24950007451000;7;3;4;32,7
24950007456000;13;8;5;49,8
24950007464000;2;0;2;0,0
24950007486000;5;2;3;37,0
24950007511000;4;2;2;0,0
24950007512000;35;20;15;53,1
24950007513000;18;8;10;30,8
24950007519000;9;6;3;40,9
24950007529000;17;9;8;46,2
24950007576000;1;0;1;0,0
24950007593000;7;2;5;62,9
24950007598000;10;6;4;59,3
24950007599000;43;20;23;60,0
24950007605000;261;125;136;36,2
24950007606000;537;280;257;42,3
24950007608000;218;103;115;40,5
24950007610000;2;1;1;0,0
24950007640000;6;3;3;43,3
24960007376000;18;10;8;51,9
24960007437000;2;1;1;0,0
24960007447000;1;0;1;0,0
24960007448000;6;3;3;50,2
24960007452000;6;3;3;80,2
24960007453000;17;9;8;40,5
24960007456000;6;3;3;48,5
24960007457000;9;6;3;36,1
24960007463000;2;1;1;0,0
24960007464000;1;0;1;0,0
24960007486000;6;3;3;32,5
24960007527000;6;3;3;43,2
24960007577000;2;1;1;0,0
24960007593000;6;4;2;21,5
24960007599000;26;12;14;45,7
24960007604000;217;104;113;42,6
24960007605000;670;313;357;41,7
24960007606000;300;153;147;45,5
24960007607000;10;5;5;30,4
24960007608000;149;74;75;43,8
24960007615000;9;4;5;56,8
24960007616000;17;9;8;44,5
24960007633000;2;1;1;0,0
24960007640000;15;6;9;65,2
24970007375000;15;6;9;45,7
24970007376000;14;7;7;38,6
24970007418000;1;1;0;0,0
24970007445000;6;3;3;57,5
24970007446000;3;1;2;0,0
24970007447000;2;1;1;0,0
24970007453000;19;11;8;38,2
24970007454000;9;6;3;46,0
24970007457000;8;5;3;32,0
24970007463000;2;1;1;0,0
24970007464000;6;4;2;36,0
24970007486000;1;1;0;0,0
24970007505000;4;3;1;0,0
24970007506000;1;0;1;0,0
24970007527000;2;0;2;0,0
24970007533000;3;3;0;0,0
24970007534000;5;2;3;40,4
24970007535000;1;0;1;0,0
24970007574000;13;8;5;69,1
24970007576000;1;0;1;0,0
24970007599000;1;0;1;0,0
24970007600000;3;2;1;0,0
24970007601000;22;12;10;35,5
24970007604000;105;53;52;39,8
24970007605000;125;61;64;30,3
24970007606000;552;293;259;43,4
24970007608000;27;14;13;49,0
24970007616000;3;2;1;0,0
24970007617000;5;3;2;57,4
24970007630000;2;1;1;0,0
24970007631000;8;4;4;70,1
24970007632000;1;0;1;0,0
24970007640000;5;2;3;51,6
24980007375000;2;2;0;0,0
24980007439000;14;7;7;52,0
24980007441000;1;1;0;0,0
24980007442000;17;9;8;47,3
24980007447000;6;3;3;69,0
24980007453000;32;17;15;40,0
24980007458000;40;27;13;31,9
24980007459000;2;1;1;0,0
24980007506000;11;4;7;48,4
24980007515000;2;1;1;0,0
24980007519000;5;2;3;42,6
24980007534000;1;1;0;0,0
24980007535000;7;3;4;29,1
24980007536000;34;14;20;41,0
24980007601000;29;15;14;52,8
24980007602000;15;8;7;48,9
24980007603000;1;1;0;0,0
24980007604000;6;3;3;63,2
24980007605000;8;4;4;48,6
24980007606000;163;77;86;42,3
24980007608000;42;24;18;42,4
24980007616000;1;1;0;0,0
24980007617000;12;7;5;38,4
24980007629000;1;1;0;0,0
24980007630000;1;1;0;0,0
24990007374000;1;1;0;0,0
24990007435000;4;2;2;0,0
24990007436000;11;5;6;42,7
24990007437000;10;4;6;45,5
24990007439000;16;7;9;50,2
24990007440000;6;4;2;46,0
24990007441000;3;1;2;0,0
24990007444000;71;35;36;47,8
24990007445000;10;3;7;47,1
24990007446000;2;2;0;0,0
24990007453000;10;6;4;38,9
24990007454000;6;4;2;51,0
24990007457000;1;1;0;0,0
24990007464000;13;5;8;35,2
24990007465000;9;5;4;56,9
24990007486000;2;1;1;0,0
24990007495000;3;2;1;0,0
24990007496000;3;1;2;0,0
24990007507000;1;1;0;0,0
24990007514000;13;7;6;58,5
24990007519000;10;6;4;42,0
24990007520000;5;2;3;27,0
24990007527000;2;1;1;0,0
24990007528000;2;1;1;0,0
24990007534000;17;10;7;41,0
24990007535000;42;18;24;34,9
24990007577000;60;30;30;44,0
24990007578000;8;4;4;44,0
24990007602000;25;13;12;47,8
24990007603000;25;11;14;42,4
24990007604000;42;25;17;41,9
24990007608000;35;20;15;38,3
24990007617000;2;1;1;0,0
24990007628000;2;1;1;0,0
24990007629000;3;1;2;0,0
24990007638000;1;1;0;0,0
25000007429000;1;0;1;0,0
25000007435000;16;10;6;52,6
25000007436000;4;3;1;0,0
25000007439000;6;3;3;36,8
25000007440000;10;6;4;48,8
25000007443000;3;1;2;0,0
25000007444000;176;80;96;49,9
25000007445000;32;17;15;46,6
25000007456000;5;3;2;52,4
25000007457000;94;49;45;43,5
25000007464000;1;0;1;0,0
25000007466000;2;1;1;0,0
25000007487000;4;2;2;0,0
25000007507000;10;5;5;59,4
25000007514000;9;5;4;51,6
25000007517000;201;93;108;44,2
25000007518000;4;3;1;0,0
25000007519000;19;10;9;36,7
25000007528000;3;2;1;0,0
25000007534000;58;29;29;44,7
25000007537000;6;2;4;27,0
25000007538000;9;5;4;31,1
25000007539000;16;7;9;38,6
25000007572000;13;6;7;49,4
25000007573000;1;1;0;0,0
25000007576000;12;6;6;43,9
25000007608000;6;4;2;47,0
25000007609000;1;1;0;0,0
25000007631000;8;5;3;51,4
25000007632000;1;1;0;0,0
25000007633000;4;2;2;0,0
25000007634000;18;11;7;47,0
25000007635000;5;3;2;25,4
25000007653000;19;12;7;34,8
25000007654000;3;1;2;0,0
25010007373000;2;1;1;0,0
25010007435000;2;1;1;0,0
25010007438000;1;0;1;0,0
25010007444000;6;4;2;54,7
25010007456000;6;3;3;47,0
25010007457000;30;17;13;43,7
25010007467000;1;1;0;0,0
25010007486000;2;1;1;0,0
25010007507000;29;15;14;38,3
25010007513000;5;3;2;68,2
25010007514000;20;10;10;57,1
25010007516000;78;46;32;42,2
25010007517000;57;26;31;43,1
25010007519000;17;9;8;44,0
25010007528000;2;1;1;0,0
25010007530000;1;0;1;0,0
25010007533000;8;5;3;44,0
25010007534000;36;21;15;40,2
25010007538000;39;19;20;47,7
25010007539000;6;3;3;56,0
25010007576000;9;5;4;39,3
25010007592000;4;2;2;0,0
25010007593000;1;1;0;0,0
25010007594000;1;0;1;0,0
25010007607000;19;10;9;38,6
25010007609000;21;9;12;34,0
25010007618000;2;1;1;0,0
25010007628000;3;1;2;0,0
25010007630000;31;14;17;40,5
25010007631000;27;11;16;40,1
25010007643000;15;8;7;34,5
25010007646000;32;17;15;38,0
25010007653000;2;1;1;0,0
25020007508000;6;1;5;60,0
25020007509000;6;3;3;47,7
25020007514000;3;2;1;0,0
25020007519000;21;13;8;48,9
25020007520000;8;4;4;40,8
25020007529000;2;1;1;0,0
25020007531000;8;3;5;25,8
25020007533000;17;7;10;43,3
25020007534000;1;0;1;0,0
25020007538000;4;2;2;0,0
25020007575000;1;1;0;0,0
25020007576000;17;8;9;45,5
25020007577000;5;2;3;62,0
25020007581000;2;1;1;0,0
25020007582000;1;1;0;0,0
25020007593000;2;1;1;0,0
25020007607000;3;2;1;0,0
25020007608000;3;0;3;0,0
25020007609000;12;7;5;43,7
25020007618000;9;4;5;38,6
25020007619000;10;5;5;40,7
25020007627000;4;2;2;0,0
25020007628000;16;9;7;42,1
25020007642000;31;16;15;36,6
25020007643000;233;132;101;40,2
25020007644000;266;131;135;40,1
25020007645000;307;154;153;39,1
25020007646000;26;13;13;37,0
25030007467000;10;5;5;26,8
25030007509000;13;7;6;38,1
25030007516000;5;2;3;53,8
25030007520000;3;1;2;0,0
25030007528000;2;1;1;0,0
25030007529000;2;1;1;0,0
25030007530000;2;1;1;0,0
25030007531000;8;3;5;50,6
25030007532000;4;3;1;0,0
25030007533000;11;7;4;47,2
25030007534000;36;14;22;45,0
25030007575000;3;2;1;0,0
25030007576000;2;1;1;0,0
25030007609000;14;7;7;45,9
25030007610000;11;4;7;38,5
25030007627000;13;8;5;34,2
25030007641000;25;16;9;39,4
25030007642000;54;28;26;35,0
25030007643000;176;95;81;38,1
25030007644000;586;281;305;45,0
25030007645000;625;325;300;41,8
25040007369000;1;1;0;0,0
25040007371000;2;1;1;0,0
25040007462000;26;10;16;42,0
25040007488000;1;1;0;0,0
25040007494000;1;1;0;0,0
25040007509000;2;0;2;0,0
25040007510000;12;7;5;52,1
25040007515000;3;1;2;0,0
25040007516000;1;0;1;0,0
25040007527000;9;4;5;39,7
25040007530000;2;1;1;0,0
25040007531000;12;6;6;50,8
25040007534000;17;8;9;48,6
25040007539000;1;1;0;0,0
25040007540000;4;3;1;0,0
25040007542000;2;1;1;0,0
25040007572000;1;0;1;0,0
25040007586000;4;1;3;0,0
25040007610000;56;29;27;47,9
25040007611000;59;32;27;34,4
25040007621000;23;14;9;48,7
25040007622000;6;3;3;48,5
25040007627000;29;15;14;50,9
25040007638000;29;15;14;45,0
25040007639000;8;5;3;41,5
25040007641000;3;2;1;0,0
25040007642000;6;4;2;41,7
25040007643000;29;15;14;50,3
25040007644000;85;43;42;36,6
25040007645000;20;10;10;45,0
25040007646000;37;21;16;38,3
25040007647000;50;28;22;45,0
25040007656000;33;17;16;48,5
25050007369000;3;1;2;0,0
25050007454000;7;4;3;57,6
25050007455000;2;1;1;0,0
25050007461000;15;8;7;26,3
25050007462000;22;12;10;33,3
25050007463000;38;19;19;35,6
25050007494000;8;5;3;52,3
25050007510000;6;3;3;48,0
25050007511000;2;1;1;0,0
25050007515000;5;3;2;47,0
25050007516000;16;9;7;31,4
25050007522000;3;2;1;0,0
25050007523000;3;1;2;0,0
25050007528000;1;1;0;0,0
25050007531000;1;0;1;0,0
25050007533000;5;2;3;75,4
25050007534000;17;10;7;30,2
25050007538000;13;7;6;47,7
25050007542000;2;1;1;0,0
25050007587000;9;5;4;55,2
25050007596000;6;2;4;62,7
25050007610000;5;3;2;56,8
25050007611000;45;25;20;44,1
25050007620000;3;2;1;0,0
25050007621000;34;20;14;50,1
25050007622000;13;6;7;38,7
25050007623000;28;15;13;44,2
25050007624000;121;61;60;35,9
25050007625000;36;15;21;39,3
25050007626000;35;17;18;43,9
25050007627000;51;34;17;45,3
25050007628000;8;4;4;35,8
25050007637000;22;10;12;47,2
25050007642000;40;21;19;37,1
25050007643000;71;35;36;39,0
25050007644000;27;15;12;44,3
25050007647000;4;3;1;0,0
25050007648000;10;5;5;42,7
25050007655000;5;3;2;59,8
25050007656000;114;59;55;37,9
25060007369000;6;3;3;61,8
25060007454000;49;23;26;48,0
25060007460000;20;11;9;49,6
25060007461000;15;8;7;48,3
25060007462000;29;15;14;39,6
25060007463000;57;28;29;45,9
25060007464000;54;26;28;40,6
25060007511000;10;7;3;50,0
25060007512000;2;1;1;0,0
25060007516000;13;7;6;40,2
25060007517000;17;7;10;40,5
25060007518000;2;1;1;0,0
25060007524000;7;5;2;52,4
25060007525000;7;4;3;38,6
25060007530000;2;2;0;0,0
25060007531000;1;0;1;0,0
25060007533000;41;25;16;39,1
25060007534000;13;8;5;58,6
25060007537000;4;3;1;0,0
25060007589000;2;0;2;0,0
25060007590000;6;4;2;33,8
25060007591000;1;0;1;0,0
25060007596000;1;1;0;0,0
25060007611000;83;40;43;48,0
25060007618000;4;2;2;0,0
25060007620000;19;11;8;39,2
25060007621000;11;6;5;44,6
25060007622000;103;56;47;35,6
25060007623000;73;39;34;28,4
25060007624000;22;11;11;28,1
25060007626000;28;9;19;38,4
25060007627000;10;6;4;59,0
25060007633000;66;34;32;43,1
25060007634000;26;14;12;41,8
25060007637000;3;1;2;0,0
25060007643000;16;7;9;42,3
25060007644000;16;9;7;39,8
25060007649000;69;35;34;44,7
25060007651000;8;2;6;50,4
25060007652000;26;16;10;44,5
25060007654000;3;2;1;0,0
25060007655000;14;6;8;38,9
25060007656000;8;4;4;69,4
25070007453000;3;2;1;0,0
25070007454000;48;26;22;43,3
25070007459000;25;13;12;47,9
25070007460000;19;8;11;48,6
25070007463000;36;18;18;29,3
25070007464000;172;94;78;38,8
25070007465000;227;112;115;40,1
25070007467000;27;15;12;38,8
25070007468000;31;16;15;38,9
25070007511000;2;1;1;0,0
25070007512000;6;3;3;71,7
25070007513000;1;1;0;0,0
25070007514000;6;3;3;78,5
25070007515000;4;3;1;0,0
25070007517000;18;10;8;38,2
25070007525000;9;6;3;38,6
25070007526000;4;3;1;0,0
25070007528000;3;2;1;0,0
25070007531000;35;18;17;37,0
25070007533000;35;17;18;47,1
25070007534000;23;10;13;38,0
25070007537000;5;4;1;21,8
25070007579000;4;2;2;0,0
25070007595000;4;4;0;0,0
25070007602000;11;6;5;57,2
25070007603000;4;2;2;0,0
25070007611000;2;1;1;0,0
25070007612000;32;15;17;36,8
25070007619000;4;3;1;0,0
25070007620000;30;16;14;46,7
25070007621000;24;13;11;48,6
25070007622000;23;14;9;31,1
25070007623000;5;3;2;31,8
25070007627000;16;10;6;32,4
25070007633000;18;8;10;36,2
25070007642000;1;1;0;0,0
25070007644000;29;16;13;35,9
25070007645000;4;3;1;0,0
25070007649000;91;44;47;36,9
25070007650000;31;16;15;55,4
25070007651000;19;9;10;38,1
25070007652000;45;23;22;36,3
25070007653000;9;4;5;41,8
25070007655000;1;1;0;0,0
25080007434000;1;1;0;0,0
25080007460000;14;9;5;45,9
25080007464000;46;25;21;62,0
25080007465000;85;41;44;33,7
25080007467000;6;4;2;33,0
25080007468000;3;2;1;0,0
25080007513000;16;8;8;45,1
25080007515000;14;6;8;34,0
25080007526000;3;1;2;0,0
25080007527000;1;1;0;0,0
25080007529000;10;5;5;46,4
25080007530000;19;7;12;58,1
25080007531000;99;52;47;48,9
25080007535000;10;6;4;33,7
25080007537000;2;1;1;0,0
25080007590000;5;4;1;66,2
25080007591000;2;1;1;0,0
25080007602000;40;21;19;55,9
25080007603000;32;19;13;40,6
25080007604000;50;25;25;50,3
25080007605000;8;5;3;65,0
25080007606000;6;4;2;22,7
25080007612000;1;1;0;0,0
25080007613000;44;22;22;47,0
25080007621000;4;2;2;0,0
25080007622000;18;10;8;36,0
25080007626000;9;4;5;53,4
25080007627000;6;3;3;40,2
25080007633000;13;9;4;36,2
25080007643000;9;4;5;29,7
25080007644000;54;26;28;35,3
25080007645000;14;5;9;42,8
25090007460000;35;19;16;44,7
25090007461000;18;11;7;35,3
25090007465000;34;18;16;33,6
25090007469000;3;2;1;0,0
25090007470000;17;7;10;39,1
25090007484000;8;4;4;39,3
25090007497000;1;1;0;0,0
25090007516000;124;65;59;41,2
25090007535000;8;4;4;41,0
25090007536000;11;4;7;40,1
25090007537000;6;3;3;60,2
25090007598000;5;4;1;52,4
25090007599000;1;1;0;0,0
25090007602000;53;20;33;54,4
25090007605000;6;3;3;34,2
25090007606000;20;9;11;51,7
25090007607000;5;2;3;49,2
25090007613000;43;20;23;42,6
25090007614000;3;2;1;0,0
25090007618000;4;2;2;0,0
25090007621000;3;1;2;0,0
25090007622000;20;10;10;38,0
25090007626000;1;1;0;0,0
25090007627000;20;13;7;28,1
25090007634000;7;4;3;53,7
25090007643000;4;3;1;0,0
25090007644000;48;23;25;38,9
25090007645000;34;16;18;36,9
25100007457000;1;1;0;0,0
25100007461000;38;27;11;32,9
25100007465000;66;33;33;45,1
25100007467000;2;1;1;0,0
25100007469000;7;4;3;61,4
25100007470000;13;7;6;40,5
25100007471000;19;10;9;38,3
25100007472000;5;3;2;28,0
25100007507000;1;1;0;0,0
25100007516000;41;17;24;37,8
25100007517000;38;22;16;52,9
25100007528000;1;1;0;0,0
25100007529000;3;2;1;0,0
25100007530000;4;2;2;0,0
25100007534000;6;3;3;30,8
25100007535000;25;13;12;41,2
25100007600000;2;1;1;0,0
25100007601000;7;3;4;55,3
25100007602000;39;22;17;54,0
25100007607000;3;2;1;0,0
25100007613000;12;8;4;44,2
25100007614000;68;36;32;43,1
25100007621000;9;5;4;49,1
25100007622000;13;7;6;24,8
25100007626000;3;1;2;0,0
25100007627000;14;9;5;33,1
25100007634000;1;0;1;0,0
25100007638000;5;3;2;35,4
25100007642000;16;9;7;54,9
25100007643000;88;50;38;38,6
25100007644000;12;6;6;43,8
25100007645000;16;5;11;44,1
25100007646000;11;7;4;52,4
25100007647000;44;23;21;43,9
25110007438000;4;3;1;0,0
25110007440000;1;0;1;0,0
25110007457000;6;3;3;57,8
25110007461000;7;3;4;55,0
25110007466000;7;4;3;40,1
25110007467000;18;10;8;47,4
25110007468000;56;31;25;35,6
25110007469000;54;22;32;38,4
25110007470000;36;19;17;41,3
25110007472000;4;1;3;0,0
25110007473000;6;4;2;67,5
25110007517000;14;5;9;52,1
25110007529000;1;0;1;0,0
25110007530000;20;8;12;46,0
25110007531000;7;3;4;47,9
25110007534000;2;1;1;0,0
25110007535000;5;3;2;68,4
25110007600000;1;1;0;0,0
25110007601000;31;17;14;58,1
25110007602000;1;1;0;0,0
25110007606000;24;11;13;49,7
25110007607000;10;4;6;38,8
25110007614000;103;50;53;35,2
25110007615000;59;36;23;37,8
25110007621000;5;2;3;44,6
25110007622000;5;2;3;41,0
25110007626000;19;9;10;37,9
25110007627000;33;11;22;43,1
25110007628000;21;11;10;37,0
25110007629000;1;0;1;0,0
25110007638000;1;1;0;0,0
25110007639000;33;15;18;44,1
25110007640000;42;19;23;41,0
25110007641000;32;18;14;47,4
25110007642000;85;40;45;47,8
25110007643000;239;106;133;42,9
25110007644000;32;15;17;41,8
25110007645000;23;12;11;46,5
25110007646000;4;2;2;0,0
25110007647000;8;6;2;52,4
25110007648000;1;1;0;0,0
25120007415000;5;3;2;46,6
25120007417000;4;2;2;0,0
25120007418000;4;3;1;0,0
25120007419000;10;5;5;77,4
25120007425000;19;9;10;40,7
25120007453000;1;1;0;0,0
25120007460000;4;3;1;0,0
25120007461000;5;2;3;49,0
25120007469000;2;1;1;0,0
25120007470000;23;13;10;29,2
25120007471000;14;9;5;47,1
25120007472000;16;12;4;44,3
25120007473000;1;1;0;0,0
25120007508000;2;1;1;0,0
25120007512000;1;0;1;0,0
25120007519000;14;8;6;56,4
25120007520000;18;8;10;36,5
25120007606000;6;3;3;49,5
25120007615000;42;20;22;37,6
25120007616000;49;29;20;33,5
25120007626000;40;19;21;38,4
25120007628000;5;3;2;44,4
25120007629000;3;2;1;0,0
25120007631000;4;2;2;0,0
25120007632000;18;8;10;29,7
25120007642000;4;3;1;0,0
25120007643000;10;7;3;35,1
25130007414000;4;3;1;0,0
25130007415000;1;0;1;0,0
25130007417000;2;1;1;0,0
25130007419000;16;6;10;47,7
25130007420000;19;11;8;46,9
25130007421000;13;9;4;44,8
25130007422000;12;6;6;48,6
25130007423000;20;12;8;41,8
25130007424000;35;16;19;40,4
25130007425000;59;33;26;38,5
25130007426000;47;23;24;38,8
25130007427000;21;13;8;49,8
25130007428000;22;12;10;38,4
25130007429000;184;103;81;42,3
25130007430000;75;38;37;48,8
25130007431000;19;11;8;45,6
25130007443000;6;1;5;23,3
25130007457000;5;3;2;41,0
25130007458000;4;1;3;0,0
25130007461000;34;18;16;50,7
25130007473000;3;2;1;0,0
25130007474000;2;1;1;0,0
25130007477000;1;1;0;0,0
25130007519000;13;7;6;59,1
25130007531000;4;1;3;0,0
25130007533000;1;1;0;0,0
25130007544000;145;74;71;45,4
25130007545000;35;17;18;44,9
25130007615000;26;16;10;43,2
25130007616000;93;50;43;36,5
25130007625000;15;10;5;36,1
25130007626000;73;43;30;40,2
25130007631000;12;6;6;46,1
25130007639000;5;4;1;41,0
25140007414000;1;1;0;0,0
25140007421000;1;1;0;0,0
25140007422000;10;5;5;56,0
25140007423000;32;14;18;44,9
25140007424000;3;2;1;0,0
25140007428000;12;6;6;39,8
25140007429000;58;31;27;50,5
25140007430000;90;47;43;43,0
25140007431000;81;51;30;36,9
25140007432000;51;26;25;38,6
25140007433000;55;29;26;46,1
25140007458000;32;15;17;47,4
25140007459000;5;3;2;56,8
25140007460000;2;1;1;0,0
25140007461000;58;31;27;40,1
25140007473000;2;1;1;0,0
25140007474000;3;1;2;0,0
25140007475000;10;4;6;42,3
25140007520000;1;1;0;0,0
25140007533000;15;8;7;54,5
25140007544000;13;8;5;29,5
25140007545000;3;0;3;0,0
25140007546000;7;3;4;56,3
25140007582000;4;3;1;0,0
25140007587000;5;2;3;72,8
25140007588000;4;2;2;0,0
25140007606000;1;1;0;0,0
25140007609000;3;1;2;0,0
25140007616000;39;20;19;31,5
25140007617000;101;49;52;37,3
25140007618000;4;1;3;0,0
25140007625000;32;14;18;48,9
25140007632000;11;8;3;44,5
25150007413000;3;1;2;0,0
25150007423000;5;3;2;44,2
25150007428000;2;2;0;0,0
25150007429000;11;5;6;53,4
25150007432000;8;4;4;50,0
25150007433000;13;7;6;40,4
25150007434000;44;21;23;35,2
25150007435000;17;10;7;48,6
25150007438000;3;1;2;0,0
25150007439000;2;1;1;0,0
25150007440000;312;170;142;41,2
25150007441000;37;19;18;44,9
25150007443000;2;2;0;0,0
25150007444000;5;2;3;68,0
25150007456000;7;3;4;43,7
25150007459000;559;270;289;41,4
25150007460000;964;475;489;42,7
25150007461000;48;25;23;47,4
25150007462000;2;1;1;0,0
25150007474000;11;5;6;44,3
25150007520000;4;2;2;0,0
25150007545000;7;3;4;34,1
25150007581000;2;1;1;0,0
25150007582000;5;3;2;40,8
25150007585000;2;1;1;0,0
25150007586000;2;1;1;0,0
25150007609000;34;18;16;60,8
25150007610000;19;7;12;51,1
25150007617000;32;20;12;37,3
25150007618000;570;276;294;38,1
25150007619000;567;271;296;34,1
25150007620000;698;364;334;36,8
25150007621000;102;55;47;29,5
25150007622000;41;23;18;43,9
25150007623000;65;31;34;39,8
25150007625000;30;14;16;41,5
25150007635000;4;3;1;0,0
25160007412000;1;0;1;0,0
25160007426000;6;3;3;58,3
25160007427000;6;2;4;57,3
25160007428000;6;3;3;44,5
25160007434000;4;3;1;0,0
25160007435000;37;18;19;43,4
25160007436000;67;35;32;45,7
25160007437000;51;25;26;45,5
25160007438000;103;47;56;40,1
25160007439000;110;60;50;44,0
25160007440000;30;17;13;41,4
25160007441000;291;166;125;41,4
25160007442000;559;257;302;41,4
25160007444000;71;39;32;35,4
25160007445000;53;26;27;45,5
25160007451000;2;2;0;0,0
25160007455000;2;1;1;0,0
25160007456000;67;37;30;42,5
25160007457000;2;1;1;0,0
25160007459000;142;74;68;44,1
25160007460000;979;481;498;41,6
25160007461000;528;266;262;41,6
25160007462000;4;3;1;0,0
25160007463000;26;13;13;28,4
25160007464000;21;12;9;38,5
25160007523000;1;1;0;0,0
25160007533000;9;6;3;40,4
25160007543000;14;7;7;40,2
25160007546000;6;3;3;58,0
25160007547000;16;4;12;45,8
25160007548000;5;2;3;45,6
25160007550000;6;2;4;49,5
25160007582000;14;6;8;55,1
25160007610000;20;12;8;51,9
25160007618000;51;20;31;29,7
25160007619000;1087;529;558;42,4
25160007620000;1395;666;729;45,0
25160007621000;808;405;403;39,2
25160007622000;87;44;43;38,4
25160007623000;39;21;18;43,9
25160007624000;20;10;10;51,2
25160007643000;1;0;1;0,0
25170007411000;10;6;4;58,2
25170007424000;4;2;2;0,0
25170007425000;1;1;0;0,0
25170007436000;3;2;1;0,0
25170007437000;9;4;5;37,6
25170007440000;5;3;2;62,2
25170007441000;94;46;48;37,3
25170007442000;829;399;430;44,5
25170007444000;29;14;15;38,7
25170007447000;16;10;6;48,1
25170007449000;1;1;0;0,0
25170007455000;3;2;1;0,0
25170007456000;79;39;40;36,9
25170007457000;141;65;76;39,1
25170007458000;4;3;1;0,0
25170007460000;1030;504;526;47,7
25170007461000;363;175;188;47,6
25170007462000;2;1;1;0,0
25170007463000;21;12;9;31,3
25170007464000;28;14;14;44,8
25170007465000;32;18;14;43,7
25170007466000;2;1;1;0,0
25170007543000;12;5;7;43,7
25170007544000;5;3;2;45,0
25170007547000;9;5;4;43,6
25170007548000;30;15;15;41,0
25170007549000;9;5;4;30,6
25170007557000;2;1;1;0,0
25170007582000;20;10;10;53,6
25170007583000;2;1;1;0,0
25170007587000;2;1;1;0,0
25170007611000;12;5;7;53,9
25170007620000;30;14;16;61,7
25170007621000;14;6;8;52,4
25170007622000;24;13;11;38,9
25170007641000;1;0;1;0,0
25170007651000;9;3;6;62,3
25170007652000;7;4;3;48,6
25170007653000;2;1;1;0,0
25180007424000;6;3;3;27,3
25180007425000;5;3;2;28,4
25180007427000;1;1;0;0,0
25180007428000;7;3;4;55,6
25180007429000;3;1;2;0,0
25180007441000;5;2;3;28,6
25180007442000;467;233;234;38,7
25180007443000;8;5;3;69,4
25180007458000;34;16;18;48,7
25180007459000;269;135;134;42,0
25180007460000;533;270;263;39,8
25180007461000;726;377;349;39,9
25180007463000;19;13;6;37,9
25180007464000;53;26;27;45,6
25180007465000;7;3;4;55,4
25180007466000;18;10;8;43,7
25180007548000;1;1;0;0,0
25180007550000;5;4;1;45,6
25180007558000;12;7;5;59,6
25180007581000;4;2;2;0,0
25180007582000;7;4;3;61,6
25180007619000;94;49;45;34,0
25180007620000;590;301;289;35,6
25180007621000;43;25;18;40,1
25180007622000;1;0;1;0,0
25180007623000;40;21;19;35,4
25180007626000;7;5;2;28,0
25180007627000;33;16;17;33,4
25180007633000;6;5;1;33,8
25190007423000;12;4;8;33,7
25190007429000;10;6;4;69,8
25190007431000;3;2;1;0,0
25190007441000;1;1;0;0,0
25190007442000;2;1;1;0,0
25190007443000;6;4;2;29,0
25190007446000;28;15;13;52,3
25190007447000;17;8;9;40,8
25190007448000;5;3;2;59,4
25190007458000;20;11;9;42,5
25190007459000;61;35;26;36,2
25190007460000;76;40;36;27,2
25190007461000;12;7;5;29,5
25190007463000;13;5;8;46,1
25190007464000;12;5;7;38,1
25190007465000;20;10;10;38,7
25190007466000;1;1;0;0,0
25190007467000;11;6;5;40,4
25190007468000;14;8;6;22,5
25190007482000;4;3;1;0,0
25190007484000;96;59;37;39,1
25190007485000;55;25;30;42,5
25190007491000;1;0;1;0,0
25190007522000;1;1;0;0,0
25190007534000;2;1;1;0,0
25190007535000;6;3;3;72,7
25190007541000;2;1;1;0,0
25190007548000;1;1;0;0,0
25190007550000;14;5;9;44,1
25190007557000;3;2;1;0,0
25190007558000;3;2;1;0,0
25190007559000;3;2;1;0,0
25190007581000;4;2;2;0,0
25190007582000;1;1;0;0,0
25190007615000;8;5;3;42,3
25190007616000;103;47;56;37,5
25190007617000;52;25;27;32,2
25190007618000;28;18;10;38,9
25190007619000;10;8;2;38,7
25190007623000;6;3;3;63,3
25190007626000;113;63;50;41,0
25190007627000;2;1;1;0,0
25190007628000;2;1;1;0,0
25190007629000;25;14;11;32,1
25190007630000;17;9;8;30,5
25190007633000;2;1;1;0,0
25190007640000;9;4;5;69,2
25190007641000;4;2;2;0,0
25200007400000;12;5;7;42,0
25200007401000;2;2;0;0,0
25200007402000;3;2;1;0,0
25200007423000;2;1;1;0,0
25200007430000;7;3;4;39,7
25200007441000;6;1;5;71,5
25200007442000;8;3;5;56,1
25200007443000;29;16;13;45,7
25200007444000;5;3;2;37,4
25200007450000;2;1;1;0,0
25200007458000;6;4;2;68,7
25200007459000;35;19;16;45,2
25200007464000;9;4;5;51,8
25200007465000;6;3;3;54,0
25200007469000;24;13;11;39,6
25200007470000;8;3;5;43,6
25200007480000;15;8;7;41,3
25200007481000;22;13;9;53,2
25200007482000;12;8;4;56,3
25200007483000;6;4;2;59,5
25200007484000;62;24;38;42,7
25200007485000;3;1;2;0,0
25200007491000;4;2;2;0,0
25200007543000;5;3;2;22,8
25200007551000;22;13;9;27,9
25200007555000;15;9;6;38,9
25200007556000;3;3;0;0,0
25200007559000;1;1;0;0,0
25200007581000;42;20;22;48,9
25200007582000;10;5;5;61,4
25200007583000;14;6;8;40,7
25200007614000;192;101;91;34,2
25200007615000;362;183;179;38,1
25200007616000;65;33;32;36,9
25200007618000;2;1;1;0,0
25200007619000;3;1;2;0,0
25200007623000;13;8;5;35,9
25200007625000;73;31;42;38,2
25200007626000;38;22;16;45,1
25200007641000;15;7;8;60,3
25200007642000;2;1;1;0,0
25200007658000;17;10;7;41,7
25200007659000;32;15;17;46,0
25210007428000;4;3;1;0,0
25210007429000;4;2;2;0,0
25210007430000;7;4;3;61,1
25210007449000;48;25;23;39,6
25210007450000;24;15;9;44,8
25210007457000;41;19;22;42,1
25210007458000;32;15;17;43,3
25210007459000;19;9;10;40,2
25210007465000;19;11;8;38,1
25210007466000;9;5;4;26,7
25210007467000;10;5;5;34,9
25210007469000;23;10;13;30,6
25210007470000;41;23;18;44,2
25210007471000;1;1;0;0,0
25210007478000;5;2;3;38,2
25210007479000;45;23;22;39,8
25210007480000;10;4;6;33,9
25210007488000;6;4;2;40,7
25210007489000;18;11;7;47,2
25210007490000;3;1;2;0,0
25210007536000;5;2;3;72,2
25210007542000;15;5;10;33,7
25210007551000;12;6;6;34,5
25210007554000;14;8;6;43,1
25210007555000;8;5;3;40,6
25210007559000;2;1;1;0,0
25210007581000;5;2;3;69,0
25210007582000;2;1;1;0,0
25210007608000;1;0;1;0,0
25210007613000;1;1;0;0,0
25210007614000;129;64;65;38,5
25210007616000;17;12;5;23,6
25210007623000;42;19;23;31,8
25210007624000;82;47;35;38,5
25210007625000;39;21;18;35,2
25210007632000;2;1;1;0,0
25210007633000;6;3;3;26,7
25210007634000;6;4;2;35,3
25210007642000;9;6;3;44,8
25210007643000;3;2;1;0,0
25210007662000;1;1;0;0,0
25220007411000;8;5;3;49,4
25220007422000;1;1;0;0,0
25220007423000;8;4;4;44,1
25220007430000;5;2;3;22,4
25220007440000;2;1;1;0,0
25220007458000;29;15;14;43,2
25220007466000;9;7;2;45,8
25220007467000;34;20;14;33,9
25220007470000;16;7;9;35,6
25220007471000;10;5;5;26,9
25220007472000;17;8;9;47,9
25220007477000;5;2;3;57,8
25220007484000;5;2;3;42,2
25220007488000;12;4;8;48,3
25220007489000;23;12;11;65,9
25220007542000;8;6;2;33,4
25220007552000;1;0;1;0,0
25220007553000;5;2;3;28,8
25220007580000;11;6;5;61,0
25220007613000;9;4;5;63,3
25220007614000;32;16;16;46,5
25220007620000;3;1;2;0,0
25220007625000;39;21;18;40,6
25220007638000;20;12;8;50,7
25220007639000;15;8;7;59,1
25220007645000;6;3;3;72,7
25220007647000;3;2;1;0,0
25220007652000;2;2;0;0,0
25220007662000;6;4;2;65,3
25220007663000;28;16;12;50,4
25230007411000;4;2;2;0,0
25230007468000;13;7;6;43,7
25230007469000;4;3;1;0,0
25230007470000;13;8;5;41,5
25230007472000;6;3;3;55,7
25230007473000;19;11;8;50,1
25230007474000;6;4;2;49,2
25230007476000;3;2;1;0,0
25230007480000;6;2;4;35,7
25230007481000;19;10;9;42,5
25230007482000;12;9;3;39,3
25230007483000;10;6;4;54,5
25230007484000;6;1;5;55,8
25230007534000;5;2;3;56,2
25230007535000;1;0;1;0,0
25230007542000;8;3;5;48,6
25230007552000;6;3;3;48,2
25230007553000;7;4;3;39,0
25230007557000;2;0;2;0,0
25230007578000;1;1;0;0,0
25230007580000;5;3;2;55,0
25230007613000;9;5;4;40,9
25230007614000;5;3;2;18,6
25230007625000;82;45;37;30,3
25230007634000;11;6;5;33,3
25230007637000;14;8;6;37,5
25230007647000;1;1;0;0,0
25230007650000;2;1;1;0,0
25230007662000;1;0;1;0,0
25240007410000;2;2;0;0,0
25240007455000;2;0;2;0,0
25240007468000;17;8;9;37,8
25240007469000;14;9;5;39,2
25240007470000;7;3;4;43,3
25240007471000;4;2;2;0,0
25240007472000;11;7;4;46,0
25240007483000;45;23;22;43,0
25240007487000;1;1;0;0,0
25240007542000;6;4;2;31,5
25240007552000;22;12;10;47,7
25240007554000;2;0;2;0,0
25240007555000;8;4;4;48,4
25240007563000;1;0;1;0,0
25240007578000;8;7;1;26,8
25240007579000;5;3;2;64,0
25240007580000;5;3;2;80,4
25240007612000;12;6;6;31,3
25240007616000;2;1;1;0,0
25240007625000;18;11;7;42,2
25240007626000;19;8;11;39,5
25240007634000;7;2;5;40,4
25240007636000;14;9;5;42,5
25240007641000;6;3;3;36,0
25240007643000;5;2;3;41,0
25240007645000;6;2;4;46,0
25240007654000;5;3;2;53,8
25240007663000;1;0;1;0,0
25240007664000;1;1;0;0,0
25250007409000;18;8;10;53,3
25250007410000;10;6;4;63,1
25250007456000;17;7;10;39,1
25250007469000;314;160;154;39,8
25250007470000;528;269;259;40,4
25250007471000;6;3;3;28,7
25250007475000;17;7;10;45,0
25250007476000;2;1;1;0,0
25250007485000;2;2;0;0,0
25250007489000;1;0;1;0,0
25250007542000;5;1;4;78,4
25250007551000;29;20;9;24,5
25250007552000;234;119;115;44,3
25250007554000;1;0;1;0,0
25250007557000;1;0;1;0,0
25250007558000;9;4;5;41,8
25250007578000;11;6;5;45,8
25250007579000;21;10;11;49,1
25250007612000;16;7;9;38,6
25250007615000;3;2;1;0,0
25250007626000;17;9;8;45,6
25250007636000;11;6;5;50,2
25250007647000;2;1;1;0,0
25250007648000;12;8;4;55,8
25250007649000;18;8;10;49,4
25250007650000;6;3;3;35,2
25250007651000;169;86;83;41,6
25250007652000;35;18;17;45,8
25250007653000;2;2;0;0,0
25250007654000;38;18;20;45,0
25250007664000;2;1;1;0,0
25260007408000;2;1;1;0,0
25260007470000;14;8;6;41,4
25260007471000;22;10;12;41,6
25260007472000;4;2;2;0,0
25260007473000;4;2;2;0,0
25260007542000;1;1;0;0,0
25260007551000;39;24;15;26,1
25260007552000;200;98;102;45,9
25260007558000;10;5;5;51,6
25260007560000;3;1;2;0,0
25260007577000;19;8;11;50,0
25260007578000;9;5;4;59,6
25260007580000;1;1;0;0,0
25260007625000;14;8;6;39,0
25260007626000;3;2;1;0,0
25260007635000;21;12;9;40,0
25260007648000;5;2;3;32,4
25260007649000;30;14;16;46,6
25260007652000;1;1;0;0,0
25260007653000;1;1;0;0,0
25260007665000;7;5;2;47,1
25260007667000;2;2;0;0,0
25260007669000;67;37;30;43,7
25270007472000;3;2;1;0,0
25270007473000;20;10;10;41,4
25270007476000;2;1;1;0,0
25270007477000;7;4;3;70,9
25270007478000;1;0;1;0,0
25270007552000;29;14;15;38,6
25270007556000;6;3;3;52,2
25270007559000;4;2;2;0,0
25270007560000;25;13;12;44,0
25270007561000;1;1;0;0,0
25270007562000;9;6;3;46,8
25270007563000;46;27;19;46,8
25270007578000;1;1;0;0,0
25270007580000;18;11;7;66,1
25270007612000;3;2;1;0,0
25270007625000;10;4;6;31,9
25270007626000;5;3;2;27,6
25270007635000;2;1;1;0,0
25270007636000;10;6;4;47,4
25270007649000;5;4;1;28,8
25270007653000;7;4;3;39,1
25270007654000;3;2;1;0,0
25270007663000;1;0;1;0,0
25270007669000;42;24;18;37,0
25270007670000;4;2;2;0,0
25280007474000;6;2;4;60,7
25280007475000;4;2;2;0,0
25280007476000;42;20;22;43,3
25280007477000;11;6;5;65,9
25280007478000;2;1;1;0,0
25280007492000;1;1;0;0,0
25280007543000;9;3;6;36,0
25280007556000;1;0;1;0,0
25280007558000;1;0;1;0,0
25280007578000;8;3;5;26,5
25280007581000;5;2;3;38,0
25280007625000;4;2;2;0,0
25280007626000;1;1;0;0,0
25280007650000;6;3;3;57,2
25280007653000;2;1;1;0,0
25280007654000;4;2;2;0,0
25280007655000;7;4;3;37,1
25290007475000;21;10;11;47,9
25290007476000;26;15;11;54,2
25290007503000;1;1;0;0,0
25290007543000;1;0;1;0,0
25290007552000;2;1;1;0,0
25290007556000;3;2;1;0,0
25290007557000;8;3;5;61,6
25290007558000;1;0;1;0,0
25290007561000;14;6;8;51,3
25290007583000;7;4;3;63,4
25290007584000;1;0;1;0,0
25290007585000;11;5;6;54,4
25290007588000;1;1;0;0,0
25290007649000;2;2;0;0,0
25290007650000;7;3;4;82,1
25290007655000;2;1;1;0,0
25290007665000;9;4;5;44,2
25300007408000;15;7;8;44,7
25300007453000;2;0;2;0,0
25300007475000;10;5;5;37,0
25300007478000;1;1;0;0,0
25300007480000;4;2;2;0,0
25300007497000;6;1;5;42,5
25300007498000;4;2;2;0,0
25300007499000;1;1;0;0,0
25300007547000;2;1;1;0,0
25300007548000;1;1;0;0,0
25300007584000;8;3;5;33,0
25300007602000;6;4;2;39,3
25300007603000;5;4;1;16,8
25300007611000;15;7;8;56,0
25300007655000;55;30;25;46,0
25300007661000;1;1;0;0,0
25300007666000;2;1;1;0,0
25310007407000;2;1;1;0,0
25310007451000;2;2;0;0,0
25310007452000;2;1;1;0,0
25310007480000;21;8;13;49,8
25310007495000;2;1;1;0,0
25310007496000;5;2;3;70,6
25310007501000;2;0;2;0,0
25310007543000;2;1;1;0,0
25310007584000;4;1;3;0,0
25310007585000;5;4;1;59,8
25310007587000;6;2;4;26,7
25310007603000;4;2;2;0,0
25310007610000;11;4;7;36,6
25310007612000;6;2;4;51,3
25310007655000;19;11;8;47,5
25310007656000;84;39;45;36,6
25310007660000;2;1;1;0,0
25320007402000;5;2;3;52,0
25320007482000;2;1;1;0,0
25320007495000;1;1;0;0,0
25320007542000;1;1;0;0,0
25320007543000;7;3;4;75,9
25320007549000;1;1;0;0,0
25320007592000;2;1;1;0,0
25320007604000;2;1;1;0,0
25320007606000;11;5;6;57,9
25320007607000;11;7;4;53,5
25320007608000;5;2;3;54,6
25320007656000;123;63;60;47,4
25320007657000;12;7;5;41,5
25320007660000;4;2;2;0,0
25320007672000;3;2;1;0,0
25320007675000;2;1;1;0,0
25330007403000;2;1;1;0,0
25330007482000;1;0;1;0,0
25330007496000;1;1;0;0,0
25330007508000;3;0;3;0,0
25330007509000;3;2;1;0,0
25330007555000;1;1;0;0,0
25330007605000;2;1;1;0,0
25330007606000;11;7;4;50,1
25330007607000;2;0;2;0,0
25330007608000;6;3;3;36,3
25330007609000;7;2;5;75,3
25330007625000;3;1;2;0,0
25330007627000;3;1;2;0,0
25330007628000;7;5;2;66,3
25330007657000;6;3;3;32,2
25330007658000;3;2;1;0,0
25330007660000;2;1;1;0,0
25330007678000;21;9;12;52,8
25330007679000;2;1;1;0,0
25340007496000;8;3;5;64,4
25340007508000;20;10;10;48,2
25340007510000;3;2;1;0,0
25340007555000;2;1;1;0,0
25340007556000;2;1;1;0,0
25340007588000;1;1;0;0,0
25340007589000;7;3;4;58,6
25340007591000;3;0;3;0,0
25340007615000;7;4;3;54,4
25340007616000;3;2;1;0,0
25340007627000;5;3;2;37,0
25340007629000;4;3;1;0,0
25340007660000;11;7;4;47,1
25340007677000;6;3;3;43,3
25340007678000;10;4;6;44,8
25350007496000;14;5;9;61,4
25350007497000;7;2;5;33,7
25350007508000;31;18;13;55,7
25350007509000;4;3;1;0,0
25350007510000;15;6;9;64,0
25350007528000;2;2;0;0,0
25350007532000;4;2;2;0,0
25350007552000;2;0;2;0,0
25350007553000;8;5;3;37,9
25350007555000;46;23;23;44,6
25350007556000;16;10;6;39,8
25350007587000;4;3;1;0,0
25350007590000;1;1;0;0,0
25350007616000;11;6;5;41,2
25350007627000;4;2;2;0,0
25350007628000;6;4;2;55,0
25350007630000;3;1;2;0,0
25350007631000;3;3;0;0,0
25350007632000;6;5;1;46,7
25350007633000;3;2;1;0,0
25350007660000;20;11;9;39,5
25350007661000;1;1;0;0,0
25360007510000;23;13;10;42,6
25360007511000;1;0;1;0,0
25360007531000;4;3;1;0,0
25360007532000;4;4;0;0,0
25360007534000;3;0;3;0,0
25360007552000;4;2;2;0,0
25360007555000;20;12;8;48,5
25360007556000;133;57;76;39,9
25360007557000;1;1;0;0,0
25360007558000;9;5;4;65,1
25360007559000;1;1;0;0,0
25360007588000;1;1;0;0,0
25360007593000;7;4;3;49,6
25360007594000;3;2;1;0,0
25360007595000;3;1;2;0,0
25360007616000;2;1;1;0,0
25360007617000;44;26;18;42,0
25360007618000;10;4;6;32,2
25360007662000;4;3;1;0,0
25360007663000;25;12;13;50,7
25360007664000;10;4;6;48,1
25360007667000;1;1;0;0,0
25360007675000;2;1;1;0,0
25370007495000;16;9;7;44,6
25370007496000;2;1;1;0,0
25370007497000;23;11;12;57,3
25370007533000;1;0;1;0,0
25370007537000;25;14;11;40,1
25370007540000;3;2;1;0,0
25370007541000;12;7;5;61,5
25370007551000;1;1;0;0,0
25370007552000;9;5;4;53,1
25370007557000;10;7;3;42,5
25370007558000;12;6;6;73,3
25370007559000;5;3;2;45,4
25370007560000;3;2;1;0,0
25370007562000;3;2;1;0,0
25370007587000;6;3;3;56,7
25370007617000;10;6;4;59,8
25370007618000;8;4;4;67,8
25370007619000;6;2;4;40,3
25370007629000;17;7;10;42,9
25370007665000;8;4;4;28,9
25370007666000;30;18;12;50,7
25370007668000;5;3;2;52,8
25370007684000;207;105;102;45,8
25370007685000;133;66;67;40,9
25380007477000;2;1;1;0,0
25380007496000;15;7;8;36,9
25380007513000;2;1;1;0,0
25380007527000;1;0;1;0,0
25380007538000;31;19;12;45,3
25380007539000;57;30;27;39,1
25380007551000;2;2;0;0,0
25380007552000;2;1;1;0,0
25380007560000;3;1;2;0,0
25380007592000;5;4;1;18,6
25380007619000;12;8;4;50,3
25380007620000;19;11;8;47,6
25380007630000;14;7;7;54,1
25380007631000;5;3;2;31,2
25380007665000;2;1;1;0,0
25380007666000;154;64;90;56,2
25380007667000;20;11;9;45,4
25380007668000;19;12;7;38,7
25380007684000;42;21;21;44,1
25380007685000;71;34;37;43,3
25390007497000;8;3;5;33,6
25390007501000;7;5;2;48,4
25390007502000;3;2;1;0,0
25390007512000;1;0;1;0,0
25390007527000;2;2;0;0,0
25390007528000;1;0;1;0,0
25390007538000;11;7;4;48,7
25390007539000;96;49;47;39,1
25390007572000;1;0;1;0,0
25390007587000;191;107;84;47,7
25390007588000;161;74;87;44,1
25390007620000;2;1;1;0,0
25390007667000;9;4;5;35,6
25390007668000;8;5;3;55,4
25390007669000;5;4;1;46,2
25400007497000;8;5;3;57,4
25400007502000;1;0;1;0,0
25400007548000;17;9;8;31,5
25400007588000;610;288;322;47,2
25400007589000;656;340;316;41,5
25400007590000;18;9;9;43,7
25400007669000;15;7;8;43,1
25410007502000;2;2;0;0,0
25410007521000;3;1;2;0,0
25410007524000;1;1;0;0,0
25410007540000;3;2;1;0,0
25410007546000;10;3;7;31,7
25410007547000;1;1;0;0,0
25410007559000;2;2;0;0,0
25410007589000;83;46;37;38,0
25410007591000;1;1;0;0,0
25410007592000;4;2;2;0,0
25410007593000;2;1;1;0,0
25410007619000;12;8;4;30,0
25410007670000;42;19;23;45,1
25410007671000;17;9;8;39,6
25410007680000;3;1;2;0,0
25410007688000;165;92;73;40,0
25420007448000;6;4;2;48,3
25420007449000;162;84;78;43,0
25420007501000;2;1;1;0,0
25420007525000;1;1;0;0,0
25420007547000;22;11;11;58,5
25420007562000;7;3;4;18,6
25420007563000;9;7;2;48,4
25420007564000;41;22;19;52,4
25420007565000;11;6;5;44,6
25420007594000;28;16;12;50,9
25420007614000;1;0;1;0,0
25420007617000;2;1;1;0,0
25420007618000;13;7;6;40,1
25420007619000;12;9;3;31,8
25420007621000;2;1;1;0,0
25420007622000;6;3;3;46,2
25420007623000;11;6;5;35,8
25420007624000;6;3;3;61,5
25420007625000;12;10;2;42,8
25420007671000;16;9;7;51,5
25420007672000;19;8;11;49,3
25420007674000;3;3;0;0,0
25420007675000;2;2;0;0,0
25420007676000;4;2;2;0,0
25420007688000;415;213;202;41,8
25420007689000;332;181;151;36,6
25430007447000;35;19;16;48,9
25430007448000;52;35;17;45,4
25430007547000;18;11;7;42,7
25430007548000;25;13;12;43,8
25430007562000;10;5;5;58,6
25430007564000;4;0;4;0,0
25430007565000;11;7;4;45,1
25430007567000;2;1;1;0,0
25430007568000;15;7;8;60,9
25430007569000;7;2;5;50,6
25430007570000;2;1;1;0,0
25430007571000;48;26;22;51,5
25430007595000;9;4;5;46,3
25430007614000;2;1;1;0,0
25430007615000;1;0;1;0,0
25430007617000;23;11;12;43,7
25430007618000;36;20;16;46,9
25430007624000;9;6;3;45,4
25430007625000;19;10;9;34,8
25430007626000;11;5;6;38,8
25430007628000;1;0;1;0,0
25430007630000;2;1;1;0,0
25430007673000;7;4;3;51,6
25430007676000;6;3;3;36,0
25430007677000;10;3;7;50,8
25430007678000;15;7;8;60,7
25430007679000;3;3;0;0,0
25430007680000;7;3;4;59,9
25430007681000;15;7;8;46,3
25430007689000;378;187;191;44,0
25430007690000;161;77;84;37,6
25440007447000;114;60;54;46,3
25440007547000;36;14;22;39,6
25440007548000;74;40;34;39,4
25440007549000;13;7;6;54,7
25440007565000;26;15;11;38,6
25440007566000;4;3;1;0,0
25440007567000;9;5;4;33,9
25440007568000;5;3;2;60,4
25440007605000;1;1;0;0,0
25440007617000;1;0;1;0,0
25440007627000;19;9;10;44,3
25440007628000;6;4;2;74,7
25440007631000;3;1;2;0,0
25440007632000;13;6;7;35,9
25440007633000;48;24;24;42,1
25440007634000;156;75;81;42,9
25440007635000;20;12;8;53,9
25440007681000;15;7;8;63,4
25440007682000;35;20;15;59,3
25440007689000;411;213;198;40,7
25440007690000;835;415;420;43,0
25450007446000;47;26;21;48,0
25450007447000;47;19;28;41,2
25450007546000;1;0;1;0,0
25450007547000;148;80;68;37,2
25450007548000;181;98;83;41,0
25450007562000;1;0;1;0,0
25450007563000;10;5;5;49,9
25450007590000;7;4;3;66,0
25450007600000;3;1;2;0,0
25450007604000;2;1;1;0,0
25450007605000;1;1;0;0,0
25450007627000;34;19;15;34,1
25450007630000;61;29;32;44,4
25450007631000;24;13;11;47,6
25450007636000;2;1;1;0,0
25450007682000;4;2;2;0,0
25450007683000;12;7;5;53,1
25450007684000;5;3;2;56,8
25460007446000;105;50;55;44,0
25460007546000;113;61;52;35,6
25460007547000;23;13;10;44,5
25460007558000;3;2;1;0,0
25460007560000;1;0;1;0,0
25460007592000;3;1;2;0,0
25460007593000;15;6;9;48,9
25460007626000;1;1;0;0,0
25460007627000;28;16;12;32,2
25460007629000;26;15;11;52,5
25460007630000;202;127;75;39,1
25460007637000;17;9;8;37,8
25460007684000;11;4;7;48,5
25470007445000;23;11;12;61,6
25470007446000;28;14;14;60,2
25470007593000;11;6;5;75,1
25470007603000;2;1;1;0,0
25470007626000;19;11;8;55,9
25470007627000;14;7;7;35,5
25470007629000;1030;465;565;41,2
25470007630000;86;39;47;44,3
25470007637000;5;3;2;51,0
25470007638000;11;5;6;49,9
25470007639000;11;5;6;43,6
25480007544000;33;19;14;40,7
25480007545000;63;30;33;41,2
25480007546000;2;1;1;0,0
25480007625000;5;1;4;36,0
25480007628000;28;14;14;36,0
25480007629000;75;40;35;39,7
25480007639000;52;29;23;40,8
25490007625000;6;4;2;33,8
25490007628000;68;34;34;47,9
25500007530000;1;1;0;0,0
25500007531000;14;10;4;61,3
25500007532000;6;4;2;49,0
25500007533000;3;1;2;0,0
25500007605000;2;2;0;0,0
25500007606000;73;38;35;40,3
25500007625000;59;23;36;40,6
25500007626000;2;1;1;0,0
25500007627000;46;26;20;43,0
25500007628000;54;28;26;45,8
25500007645000;4;2;2;0,0
25500007650000;50;25;25;49,2
25500007651000;23;13;10;48,9
25510007530000;1;1;0;0,0
25510007531000;6;4;2;35,3
25510007589000;1;0;1;0,0
25510007605000;22;11;11;36,7
25510007606000;119;54;65;47,2
25510007624000;3;2;1;0,0
25510007625000;205;109;96;36,4
25510007626000;41;21;20;52,2
25510007636000;1;1;0;0,0
25510007637000;11;7;4;52,1
25510007638000;2;1;1;0,0
25510007649000;22;12;10;48,1
25510007650000;5;2;3;58,6
25520007559000;11;6;5;57,1
25520007582000;2;1;1;0,0
25520007583000;7;3;4;64,0
25520007584000;18;10;8;60,9
25520007590000;4;1;3;0,0
25520007606000;8;4;4;45,3
25520007622000;8;4;4;46,6
25520007623000;12;9;3;41,4
25520007624000;16;9;7;47,4
25520007625000;6;2;4;38,8
25520007626000;9;5;4;44,0
25520007636000;6;4;2;31,5
25520007642000;15;6;9;47,6
25530007567000;1;1;0;0,0
25530007590000;2;1;1;0,0
25530007604000;12;5;7;60,8
25530007605000;5;3;2;69,0
25530007606000;10;5;5;68,2
25530007619000;1;0;1;0,0
25530007620000;4;3;1;0,0
25530007635000;31;16;15;31,7
25530007636000;24;12;12;36,8
25530007637000;23;10;13;50,0
25530007641000;16;7;9;45,4
25530007642000;8;2;6;48,6
25540007548000;1;1;0;0,0
25540007557000;12;6;6;58,1
25540007568000;2;2;0;0,0
25540007573000;1;1;0;0,0
25540007590000;15;5;10;48,2
25540007591000;17;8;9;50,9
25540007605000;18;10;8;62,7
25540007606000;14;8;6;44,9
25540007618000;4;2;2;0,0
25540007619000;8;5;3;59,3
25540007630000;4;0;4;0,0
25540007635000;7;2;5;25,3
25540007636000;152;80;72;42,8
25540007637000;15;10;5;43,8
25540007641000;33;14;19;46,2
25540007648000;4;3;1;0,0
25550007545000;1;0;1;0,0
25550007554000;23;10;13;43,5
25550007559000;2;1;1;0,0
25550007570000;5;2;3;68,8
25550007573000;6;4;2;67,5
25550007580000;10;6;4;35,8
25550007581000;1;0;1;0,0
25550007590000;19;11;8;41,2
25550007602000;6;3;3;46,0
25550007605000;14;7;7;53,2
25550007606000;24;14;10;39,5
25550007618000;10;6;4;33,3
25550007629000;54;27;27;39,5
25550007630000;21;12;9;27,0
25550007631000;2;1;1;0,0
25550007635000;71;38;33;39,5
25550007636000;12;7;5;25,8
25560007539000;1;1;0;0,0
25560007553000;75;39;36;48,9
25560007554000;230;126;104;47,1
25560007570000;2;1;1;0,0
25560007579000;11;6;5;67,5
25560007580000;7;3;4;52,1
25560007586000;2;1;1;0,0
25560007604000;5;3;2;59,8
25560007605000;10;4;6;40,3
25560007606000;10;5;5;66,6
25560007624000;7;4;3;41,9
25560007627000;1;1;0;0,0
25560007628000;25;16;9;32,2
25560007631000;22;12;10;50,8
25560007632000;4;2;2;0,0
25560007634000;4;2;2;0,0
25560007635000;44;19;25;32,8
25560007636000;37;19;18;38,2
25570007540000;1;1;0;0,0
25570007548000;1;1;0;0,0
25570007550000;2;1;1;0,0
25570007551000;7;5;2;71,4
25570007553000;6;4;2;54,8
25570007554000;515;275;240;44,1
25570007555000;2;1;1;0,0
25570007560000;1;1;0;0,0
25570007579000;2;1;1;0,0
25570007586000;1;1;0;0,0
25570007603000;4;2;2;0,0
25570007604000;8;3;5;41,4
25570007606000;10;6;4;56,7
25570007615000;3;1;2;0,0
25570007616000;1;0;1;0,0
25570007625000;29;19;10;38,6
25570007626000;13;6;7;33,2
25570007631000;13;9;4;35,2
25570007635000;37;17;20;44,8
25570007636000;3;1;2;0,0
25570007642000;3;1;2;0,0
25580007566000;2;2;0;0,0
25580007578000;12;6;6;42,1
25580007591000;5;4;1;50,8
25580007603000;1;0;1;0,0
25580007606000;21;12;9;41,1
25580007615000;9;5;4;63,9
25580007616000;16;9;7;42,2
25580007632000;189;95;94;35,8
25580007634000;2;1;1;0,0
25580007635000;92;52;40;40,5
25580007642000;30;18;12;38,6
25580007653000;7;4;3;36,3
25580007655000;3;2;1;0,0
25580007656000;12;5;7;54,8
25590007554000;1;1;0;0,0
25590007578000;2;2;0;0,0
25590007593000;3;2;1;0,0
25590007601000;3;1;2;0,0
25590007602000;1;1;0;0,0
25590007603000;6;3;3;37,3
25590007632000;116;61;55;36,6
25590007633000;17;8;9;27,2
25590007634000;51;25;26;38,5
25590007635000;169;78;91;38,1
25590007636000;22;8;14;34,3
25590007638000;113;57;56;42,8
25590007641000;3;2;1;0,0
25590007642000;7;4;3;60,4
25590007653000;5;4;1;52,0
25590007655000;2;0;2;0,0
25590007656000;15;10;5;58,2
25590007659000;1;1;0;0,0
25590007663000;7;4;3;66,7
25600007564000;1;1;0;0,0
25600007576000;8;3;5;24,9
25600007599000;39;22;17;45,1
25600007603000;60;30;30;46,1
25600007604000;5;3;2;60,6
25600007606000;3;2;1;0,0
25600007610000;5;3;2;55,6
25600007611000;8;5;3;66,0
25600007617000;82;41;41;37,4
25600007618000;58;31;27;43,7
25600007632000;444;218;226;40,9
25600007633000;692;329;363;39,8
25600007634000;856;434;422;35,1
25600007635000;64;31;33;34,5
25600007636000;9;6;3;34,6
25600007637000;42;23;19;47,4
25600007638000;2;1;1;0,0
25600007641000;1;1;0;0,0
25600007642000;14;8;6;36,5
25600007653000;5;2;3;45,4
25600007654000;10;7;3;52,9
25600007656000;4;2;2;0,0
25600007657000;4;2;2;0,0
25610007527000;1;1;0;0,0
25610007598000;27;16;11;38,8
25610007599000;35;16;19;38,8
25610007604000;46;22;24;49,7
25610007605000;12;7;5;44,9
25610007606000;22;14;8;40,6
25610007607000;67;35;32;34,7
25610007608000;96;50;46;38,8
25610007609000;10;3;7;47,2
25610007610000;34;16;18;44,9
25610007611000;49;25;24;46,9
25610007612000;43;23;20;44,6
25610007617000;2;2;0;0,0
25610007618000;21;10;11;35,6
25610007619000;38;18;20;34,1
25610007620000;6;3;3;60,3
25610007622000;4;2;2;0,0
25610007623000;117;62;55;44,9
25610007630000;981;508;473;37,5
25610007631000;1558;765;793;38,7
25610007632000;1809;905;904;40,6
25610007633000;1269;652;617;38,3
25610007634000;349;176;173;37,7
25610007635000;49;17;32;85,6
25610007641000;20;10;10;44,7
25610007654000;137;65;72;48,8
25610007655000;9;6;3;62,0
25610007656000;1;1;0;0,0
25610007661000;1;1;0;0,0
25620007577000;3;1;2;0,0
25620007588000;1;0;1;0,0
25620007596000;1;1;0;0,0
25620007597000;35;20;15;49,8
25620007598000;187;93;94;43,3
25620007604000;8;5;3;66,4
25620007605000;254;127;127;47,0
25620007606000;3;2;1;0,0
25620007612000;18;10;8;57,9
25620007619000;116;64;52;42,7
25620007620000;140;68;72;45,4
25620007621000;24;12;12;34,6
25620007623000;206;107;99;41,9
25620007624000;273;133;140;37,8
25620007625000;1;1;0;0,0
25620007626000;743;377;366;35,8
25620007627000;325;178;147;32,7
25620007628000;866;439;427;36,4
25620007629000;1003;513;490;37,7
25620007630000;907;453;454;39,6
25620007631000;909;438;471;42,3
25620007632000;626;338;288;41,3
25620007633000;1505;748;757;46,8
25620007634000;894;438;456;40,5
25620007635000;79;38;41;30,1
25620007636000;34;17;17;33,0
25620007641000;36;17;19;51,8
25620007653000;10;4;6;58,2
25620007654000;35;18;17;46,7
25620007655000;7;5;2;47,6
25630007581000;2;1;1;0,0
25630007605000;22;13;9;40,5
25630007608000;42;24;18;45,4
25630007609000;54;24;30;37,0
25630007610000;39;20;19;36,6
25630007611000;8;5;3;70,1
25630007613000;1;0;1;0,0
25630007614000;7;3;4;40,3
25630007617000;10;4;6;64,3
25630007618000;51;28;23;42,8
25630007619000;46;21;25;41,2
25630007620000;5;3;2;56,6
25630007621000;68;34;34;47,0
25630007622000;1;0;1;0,0
25630007624000;25;13;12;45,8
25630007625000;157;82;75;39,3
25630007626000;747;374;373;35,5
25630007627000;707;343;364;40,0
25630007628000;322;163;159;37,4
25630007629000;70;43;27;40,6
25630007630000;868;384;484;49,3
25630007631000;806;399;407;44,7
25630007632000;108;51;57;41,6
25630007635000;1;1;0;0,0
25630007641000;29;13;16;49,8
25630007642000;17;7;10;35,1
25640007581000;3;1;2;0,0
25640007582000;3;2;1;0,0
25640007584000;5;3;2;74,4
25640007585000;1;1;0;0,0
25640007589000;7;3;4;45,0
25640007594000;5;4;1;46,0
25640007603000;11;3;8;66,6
25640007604000;4;2;2;0,0
25640007607000;11;10;1;30,0
25640007608000;320;164;156;40,0
25640007609000;362;156;206;41,9
25640007610000;49;22;27;39,2
25640007611000;3;2;1;0,0
25640007612000;62;30;32;43,5
25640007613000;13;8;5;40,8
25640007614000;3;2;1;0,0
25640007615000;30;18;12;55,9
25640007616000;54;32;22;37,8
25640007617000;90;44;46;42,0
25640007618000;83;41;42;43,4
25640007622000;4;3;1;0,0
25640007631000;697;332;365;44,0
25640007642000;52;27;25;50,0
25640007643000;48;20;28;44,8
25640007644000;5;2;3;60,4
25640007645000;8;4;4;45,9
25640007646000;6;4;2;61,0
25650007575000;1;0;1;0,0
25650007582000;14;7;7;39,9
25650007583000;5;3;2;67,2
25650007584000;19;11;8;39,4
25650007587000;2;1;1;0,0
25650007589000;3;2;1;0,0
25650007590000;1;1;0;0,0
25650007594000;21;9;12;51,5
25650007595000;7;5;2;55,1
25650007603000;4;2;2;0,0
25650007607000;89;42;47;36,3
25650007608000;17;15;2;24,5
25650007614000;3;2;1;0,0
25650007618000;13;5;8;49,2
25650007643000;10;4;6;26,5
25650007647000;38;19;19;36,0
25650007648000;2;1;1;0,0
25660007564000;1;1;0;0,0
25660007570000;1;1;0;0,0
25660007579000;14;9;5;55,1
25660007584000;4;2;2;0,0
25660007585000;2;0;2;0,0
25660007589000;1;0;1;0,0
25660007590000;24;11;13;36,5
25660007594000;36;16;20;28,8
25660007595000;30;14;16;45,2
25660007602000;2;1;1;0,0
25660007603000;139;71;68;42,7
25660007604000;30;15;15;50,4
25660007605000;39;17;22;46,3
25660007606000;22;11;11;43,7
25660007607000;49;28;21;34,9
25660007608000;8;3;5;65,0
25660007648000;6;3;3;20,2
25660007649000;28;13;15;63,1
25660007650000;12;5;7;56,0
25670007572000;1;1;0;0,0
25670007573000;5;3;2;65,4
25670007574000;1;1;0;0,0
25670007578000;4;3;1;0,0
25670007579000;1;0;1;0,0
25670007586000;3;2;1;0,0
25670007587000;6;3;3;68,0
25670007588000;49;21;28;51,9
25670007589000;27;14;13;48,0
25670007590000;19;10;9;47,6
25670007594000;6;3;3;33,2
25670007595000;34;15;19;48,5
25670007598000;1;0;1;0,0
25670007599000;4;2;2;0,0
25670007600000;3;1;2;0,0
25670007601000;1;0;1;0,0
25670007602000;1;0;1;0,0
25670007603000;7;4;3;30,4
25670007605000;3;1;2;0,0
25670007606000;33;18;15;40,6
25670007607000;36;22;14;34,2
25670007608000;10;8;2;36,5
25670007641000;2;1;1;0,0
25670007648000;19;11;8;66,7
25670007649000;8;3;5;50,3
25680007587000;2;1;1;0,0
25680007588000;55;29;26;47,2
25680007589000;22;11;11;62,5
25680007595000;5;2;3;18,4
25680007596000;4;1;3;0,0
25680007601000;2;1;1;0,0
25680007602000;11;5;6;39,8
25680007603000;12;8;4;42,6
25680007609000;36;18;18;51,4
25680007610000;13;7;6;35,4
25680007611000;25;11;14;48,9
25680007641000;9;5;4;58,8
25680007649000;4;2;2;0,0
25690007575000;2;1;1;0,0
25690007579000;23;11;12;33,9
25690007580000;1;1;0;0,0
25690007589000;13;5;8;60,9
25690007590000;6;3;3;50,5
25690007594000;10;6;4;32,4
25690007595000;23;14;9;46,4
25690007596000;5;2;3;57,0
25690007597000;1;0;1;0,0
25690007599000;1;0;1;0,0
25690007600000;2;1;1;0,0
25690007601000;11;5;6;63,8
25690007602000;42;21;21;53,5
25690007603000;64;33;31;38,3
25690007606000;1;1;0;0,0
25690007608000;8;5;3;53,0
25690007609000;15;10;5;38,3
25690007616000;16;9;7;45,9
25690007617000;11;4;7;58,1
25690007650000;13;6;7;47,4
25690007651000;1;1;0;0,0
25700007571000;6;2;4;50,7
25700007572000;1;1;0;0,0
25700007573000;2;1;1;0,0
25700007574000;2;1;1;0,0
25700007575000;1;0;1;0,0
25700007576000;4;2;2;0,0
25700007577000;13;9;4;44,9
25700007578000;14;5;9;35,3
25700007579000;6;6;0;56,5
25700007580000;23;12;11;34,9
25700007590000;6;4;2;39,5
25700007594000;7;4;3;45,9
25700007598000;19;11;8;44,5
25700007599000;7;3;4;50,1
25700007601000;15;8;7;57,6
25700007603000;18;12;6;47,7
25700007604000;5;1;4;32,6
25700007605000;25;12;13;47,9
25700007606000;5;4;1;50,2
25700007607000;17;11;6;53,6
25700007608000;5;2;3;44,0
25700007615000;1;1;0;0,0
25700007618000;9;5;4;65,8
25710007572000;1;1;0;0,0
25710007573000;1;1;0;0,0
25710007574000;2;1;1;0,0
25710007576000;2;0;2;0,0
25710007577000;2;1;1;0,0
25710007578000;8;4;4;48,5
25710007579000;21;12;9;39,6
25710007580000;6;4;2;43,5
25710007581000;21;13;8;37,4
25710007595000;6;3;3;60,0
25710007598000;7;3;4;52,4
25710007599000;57;28;29;43,8
25710007600000;25;9;16;36,8
25710007601000;18;8;10;48,9
25710007603000;21;12;9;47,7
25710007604000;12;6;6;38,1
25710007605000;25;12;13;36,1
25710007606000;42;21;21;43,2
25710007607000;11;5;6;41,5
25710007618000;3;1;2;0,0
25710007619000;17;9;8;36,6
25710007663000;1;1;0;0,0
25720007571000;2;1;1;0,0
25720007579000;4;2;2;0,0
25720007580000;33;18;15;54,2
25720007581000;20;10;10;57,5
25720007582000;13;8;5;28,2
25720007588000;7;4;3;59,6
25720007589000;9;5;4;32,3
25720007590000;6;3;3;44,0
25720007595000;11;5;6;44,1
25720007598000;5;3;2;61,8
25720007599000;2;0;2;0,0
25720007602000;16;9;7;50,9
25720007603000;30;13;17;40,3
25720007604000;13;5;8;34,8
25720007605000;5;2;3;20,0
25720007606000;3;2;1;0,0
25720007617000;3;2;1;0,0
25720007618000;1;1;0;0,0
25720007619000;134;65;69;41,7
25720007662000;82;42;40;45,5
25720007663000;23;10;13;38,8
25730007578000;2;1;1;0,0
25730007579000;2;1;1;0,0
25730007580000;158;80;78;37,6
25730007581000;6;3;3;64,8
25730007582000;8;5;3;44,1
25730007585000;4;1;3;0,0
25730007588000;2;1;1;0,0
25730007595000;1;1;0;0,0
25730007596000;5;3;2;46,2
25730007613000;1;1;0;0,0
25730007614000;1;1;0;0,0
25730007619000;33;16;17;51,6
25730007620000;52;24;28;45,6
25730007661000;6;4;2;63,0
25740007579000;5;2;3;37,6
25740007580000;251;128;123;34,7
25740007581000;179;77;102;41,4
25740007582000;64;32;32;36,6
25740007583000;11;5;6;36,4
25740007588000;18;9;9;49,4
25740007599000;2;1;1;0,0
25740007615000;2;1;1;0,0
25740007616000;1;1;0;0,0
25740007620000;20;11;9;55,0
25740007624000;4;2;2;0,0
25740007625000;44;20;24;51,8
25740007661000;8;6;2;45,6
25750007580000;30;12;18;31,4
25750007581000;162;82;80;44,3
25750007582000;338;171;167;41,7
25750007583000;10;6;4;39,5
25750007588000;13;8;5;61,7
25750007619000;59;26;33;42,0
25750007620000;18;9;9;57,7
25750007625000;2;1;1;0,0
25750007661000;3;1;2;0,0
25750007662000;1;1;0;0,0
25760007581000;38;17;21;39,7
25760007582000;24;10;14;47,6
25760007583000;96;52;44;41,6
25760007584000;7;3;4;71,0
25760007587000;61;34;27;48,1
25760007596000;17;8;9;53,9
25760007597000;6;3;3;33,3
25760007619000;16;9;7;52,0
25760007620000;2;1;1;0,0
25760007662000;4;3;1;0,0
25760007688000;5;2;3;63,8
25770007581000;3;1;2;0,0
25770007582000;7;4;3;59,3
25770007583000;9;6;3;52,9
25770007584000;29;13;16;58,5
25770007585000;20;14;6;40,4
25770007586000;51;29;22;35,3
25770007587000;35;16;19;47,4
25770007596000;1;1;0;0,0
25770007597000;185;92;93;37,8
25770007598000;136;58;78;52,5
25770007599000;7;4;3;65,3
25770007620000;45;21;24;43,4
25770007621000;9;7;2;36,0
25770007662000;2;1;1;0,0
25770007663000;9;6;3;54,1
25770007688000;8;5;3;59,5
25770007689000;46;23;23;54,5
25780007582000;23;13;10;56,5
25780007585000;1;1;0;0,0
25780007586000;6;4;2;34,0
25780007598000;15;8;7;51,9
25780007599000;21;8;13;43,5
25780007600000;29;15;14;53,3
25780007601000;11;6;5;35,2
25780007620000;1;1;0;0,0
25780007621000;16;7;9;55,6
25780007622000;20;9;11;46,0
25780007663000;1;1;0;0,0
25780007664000;4;2;2;0,0
25780007686000;4;2;2;0,0
25780007687000;1;0;1;0,0
25780007689000;7;6;1;42,9
25790007580000;1;0;1;0,0
25790007582000;84;42;42;38,2
25790007583000;13;7;6;60,5
25790007600000;2;1;1;0,0
25790007601000;4;3;1;0,0
25790007622000;14;6;8;47,6
25790007623000;10;6;4;43,9
25790007626000;1;0;1;0,0
25790007664000;16;6;10;61,6
25790007687000;2;1;1;0,0
25790007689000;16;11;5;39,6
25790007696000;1;1;0;0,0
25800007583000;46;19;27;52,2
25800007602000;5;3;2;62,4
25800007618000;2;2;0;0,0
25800007623000;4;2;2;0,0
25800007663000;8;4;4;37,5
25800007664000;5;3;2;64,2
25800007665000;14;8;6;46,7
25800007666000;7;2;5;52,7
25800007670000;52;22;30;44,9
25800007671000;2;1;1;0,0
25800007676000;1;1;0;0,0
25800007677000;22;11;11;51,2
25800007686000;3;1;2;0,0
25800007687000;16;8;8;57,3
25800007690000;2;1;1;0,0
25800007695000;12;6;6;37,8
25800007696000;277;140;137;46,5
25810007583000;4;2;2;0,0
25810007601000;114;55;59;42,1
25810007602000;158;88;70;41,8
25810007603000;48;29;19;41,3
25810007627000;3;3;0;0,0
25810007640000;13;7;6;72,6
25810007659000;1;0;1;0,0
25810007660000;16;5;11;37,5
25810007663000;4;3;1;0,0
25810007664000;26;14;12;60,0
25810007668000;5;2;3;79,8
25810007670000;5;3;2;48,6
25810007676000;2;1;1;0,0
25810007677000;9;3;6;29,0
25810007686000;4;2;2;0,0
25810007687000;69;35;34;47,2
25810007695000;36;19;17;33,6
25810007696000;57;29;28;43,2
25820007583000;7;3;4;52,1
25820007584000;4;3;1;0,0
25820007601000;68;34;34;46,0
25820007602000;34;20;14;41,3
25820007603000;5;2;3;54,4
25820007620000;1;0;1;0,0
25820007637000;25;13;12;56,2
25820007638000;25;13;12;54,9
25820007639000;9;4;5;58,4
25820007640000;12;6;6;59,7
25820007661000;1;1;0;0,0
25820007664000;1;1;0;0,0
25820007687000;15;10;5;33,1
25820007693000;98;52;46;35,6
25820007695000;1;1;0;0,0
25820007698000;1;0;1;0,0
25830007581000;1;1;0;0,0
25830007583000;2;1;1;0,0
25830007584000;15;9;6;52,1
25830007585000;2;1;1;0,0
25830007586000;3;1;2;0,0
25830007595000;7;3;4;52,3
25830007596000;6;5;1;71,0
25830007600000;2;1;1;0,0
25830007601000;18;9;9;50,7
25830007620000;11;6;5;33,3
25830007635000;8;2;6;61,9
25830007636000;20;10;10;47,6
25830007637000;40;20;20;53,4
25830007661000;2;1;1;0,0
25830007686000;8;6;2;55,5
25830007693000;104;53;51;39,3
25840007579000;1;0;1;0,0
25840007581000;1;1;0;0,0
25840007585000;3;3;0;0,0
25840007586000;9;6;3;65,9
25840007597000;7;3;4;59,7
25840007600000;26;14;12;36,0
25840007601000;13;7;6;61,2
25840007629000;1;0;1;0,0
25840007633000;5;3;2;41,8
25840007634000;22;9;13;47,4
25840007635000;12;7;5;50,6
25840007657000;4;3;1;0,0
25840007686000;2;1;1;0,0
25840007687000;87;49;38;49,9
25840007702000;5;3;2;24,6
25850007578000;3;2;1;0,0
25850007579000;1;1;0;0,0
25850007586000;5;3;2;68,0
25850007596000;1;1;0;0,0
25850007599000;3;2;1;0,0
25850007600000;12;7;5;60,2
25850007619000;30;17;13;42,0
25850007620000;122;101;21;42,0
25850007622000;3;1;2;0,0
25850007623000;3;2;1;0,0
25850007627000;14;7;7;58,1
25850007628000;11;4;7;49,3
25850007633000;25;14;11;40,5
25850007641000;2;0;2;0,0
25850007646000;9;6;3;28,2
25850007647000;62;32;30;46,9
25850007657000;14;5;9;50,7
25850007663000;2;1;1;0,0
25850007664000;1;1;0;0,0
25850007665000;33;17;16;43,7
25850007687000;4;2;2;0,0
25850007702000;17;9;8;47,4
25860007587000;2;1;1;0,0
25860007598000;2;1;1;0,0
25860007616000;16;8;8;68,5
25860007619000;250;118;132;45,3
25860007620000;52;28;24;46,8
25860007628000;51;27;24;50,9
25860007629000;14;6;8;43,7
25860007632000;43;28;15;28,9
25860007633000;9;4;5;42,1
25860007640000;9;5;4;47,0
25860007641000;15;9;6;51,4
25860007646000;23;13;10;43,4
25860007647000;2;1;1;0,0
25860007660000;10;5;5;46,0
25860007661000;10;7;3;50,4
25860007662000;1;0;1;0,0
25860007663000;1;1;0;0,0
25860007664000;33;18;15;48,1
25860007665000;135;70;65;39,2
25870007586000;4;2;2;0,0
25870007587000;15;7;8;49,2
25870007588000;2;1;1;0,0
25870007601000;2;1;1;0,0
25870007602000;3;1;2;0,0
25870007618000;4;1;3;0,0
25870007619000;16;7;9;43,4
25870007629000;22;11;11;47,0
25870007630000;40;19;21;47,6
25870007631000;394;202;192;43,5
25870007632000;28;17;11;45,6
25870007635000;8;4;4;57,1
25870007636000;46;23;23;45,2
25870007637000;18;9;9;39,6
25870007638000;1;1;0;0,0
25870007639000;2;1;1;0,0
25870007645000;8;4;4;47,1
25870007646000;21;7;14;57,6
25870007658000;9;4;5;35,3
25870007660000;3;2;1;0,0
25870007663000;3;2;1;0,0
25870007664000;7;2;5;66,3
25870007665000;30;14;16;56,3
25870007707000;6;4;2;47,7
25870007708000;1;0;1;0,0
25880007587000;16;9;7;41,1
25880007588000;4;2;2;0,0
25880007602000;1;1;0;0,0
25880007603000;4;2;2;0,0
25880007615000;3;2;1;0,0
25880007618000;12;4;8;40,0
25880007630000;6;3;3;32,2
25880007631000;10;7;3;26,6
25880007633000;9;5;4;62,0
25880007634000;37;19;18;50,2
25880007636000;18;7;11;46,5
25880007637000;31;16;15;50,1
25880007644000;2;1;1;0,0
25880007645000;4;3;1;0,0
25880007646000;41;20;21;46,4
25880007647000;2;0;2;0,0
25880007658000;9;4;5;51,8
25880007701000;6;2;4;56,5
25890007587000;7;5;2;36,6
25890007588000;18;10;8;29,9
25890007595000;1;0;1;0,0
25890007603000;7;4;3;57,7
25890007604000;1;1;0;0,0
25890007617000;10;6;4;66,5
25890007618000;3;3;0;0,0
25890007633000;21;12;9;47,3
25890007643000;1;0;1;0,0
25890007705000;75;31;44;46,0
25890007706000;44;20;24;42,5
25900007587000;2;1;1;0,0
25900007596000;1;0;1;0,0
25900007615000;6;4;2;64,2
25900007617000;13;8;5;74,2
25900007618000;1;1;0;0,0
25900007633000;3;2;1;0,0
25900007643000;4;4;0;0,0
25900007647000;9;5;4;62,9
25900007648000;5;3;2;66,6
25900007668000;4;3;1;0,0
25900007705000;51;25;26;41,9
25910007586000;2;1;1;0,0
25910007613000;2;1;1;0,0
25910007615000;2;2;0;0,0
25910007616000;1;1;0;0,0
25910007626000;10;5;5;42,4
25910007628000;11;6;5;52,6
25910007629000;21;10;11;49,8
25910007630000;34;15;19;49,5
25910007641000;4;2;2;0,0
25910007644000;2;1;1;0,0
25910007647000;2;2;0;0,0
25910007705000;25;11;14;32,9
25910007706000;2;1;1;0,0
25910007707000;2;1;1;0,0
25920007586000;3;1;2;0,0
25920007588000;15;7;8;46,1
25920007596000;2;2;0;0,0
25920007604000;5;4;1;30,0
25920007610000;2;1;1;0,0
25920007613000;1;1;0;0,0
25920007614000;12;6;6;54,5
25920007615000;5;4;1;59,8
25920007626000;9;3;6;27,7
25920007630000;5;4;1;48,6
25920007644000;3;2;1;0,0
25920007671000;5;2;3;73,4
25920007704000;4;2;2;0,0
25920007705000;17;10;7;58,2
25920007707000;23;10;13;71,8
25930007580000;2;1;1;0,0
25930007581000;6;4;2;24,8
25930007582000;3;2;1;0,0
25930007585000;3;3;0;0,0
25930007588000;7;3;4;49,4
25930007589000;73;31;42;38,7
25930007612000;1;1;0;0,0
25930007627000;8;4;4;36,3
25930007631000;3;1;2;0,0
25930007647000;2;1;1;0,0
25930007699000;8;4;4;58,9
25930007704000;2;1;1;0,0
25940007579000;8;5;3;63,8
25940007580000;5;2;3;51,6
25940007581000;17;10;7;22,0
25940007588000;18;10;8;24,9
25940007589000;161;90;71;35,3
25940007590000;76;35;41;35,0
25940007591000;178;86;92;36,3
25940007627000;2;1;1;0,0
25940007631000;1;1;0;0,0
25940007632000;23;13;10;41,9
25940007647000;9;5;4;45,7
25940007657000;7;4;3;52,7
25940007697000;6;3;3;39,0
25940007699000;8;4;4;57,8
25940007704000;2;1;1;0,0
25940007705000;2;1;1;0,0
25940007709000;4;2;2;0,0
25940007710000;37;18;19;41,3
25950007565000;2;1;1;0,0
25950007578000;2;1;1;0,0
25950007588000;2;2;0;0,0
25950007589000;395;200;195;33,5
25950007590000;196;92;104;37,2
25950007591000;552;286;266;39,3
25950007632000;9;2;7;47,9
25950007633000;25;13;12;47,9
25950007637000;7;6;1;47,6
25950007657000;2;1;1;0,0
25950007705000;5;4;1;54,2
25950007713000;103;57;46;41,1
25950007714000;68;38;30;46,2
25960007565000;4;4;0;0,0
25960007566000;4;2;2;0,0
25960007570000;2;1;1;0,0
25960007589000;10;6;4;41,9
25960007591000;553;254;299;43,3
25960007592000;77;39;38;40,2
25960007633000;12;6;6;70,1
25960007634000;14;9;5;45,9
25960007637000;2;1;1;0,0
25960007638000;16;10;6;64,4
25960007655000;2;1;1;0,0
25960007656000;1;1;0;0,0
25960007676000;7;5;2;46,1
25960007678000;2;1;1;0,0
25960007705000;30;15;15;52,9
25960007710000;8;5;3;44,1
25960007711000;38;20;18;39,8
25970007577000;8;5;3;37,9
25970007591000;786;407;379;38,6
25970007627000;3;2;1;0,0
25970007635000;12;5;7;59,4
25970007638000;2;1;1;0,0
25970007639000;2;1;1;0,0
25970007657000;12;4;8;66,5
25970007658000;7;4;3;66,7
25970007678000;8;3;5;68,5
25970007710000;42;22;20;48,0
25970007711000;182;95;87;34,7
25970007712000;81;48;33;44,1
25980007586000;12;7;5;40,8
25980007590000;525;274;251;33,0
25980007591000;382;198;184;38,7
25980007593000;1449;691;758;42,4
25980007594000;566;293;273;40,8
25980007621000;65;38;27;37,0
25980007622000;20;6;14;52,3
25980007623000;10;7;3;56,9
25980007625000;10;6;4;44,8
25980007627000;14;5;9;63,6
25980007659000;12;6;6;40,6
25980007660000;10;4;6;38,3
25980007680000;1;1;0;0,0
25980007681000;2;2;0;0,0
25990007571000;25;10;15;37,9
25990007572000;47;21;26;53,2
25990007573000;112;62;50;49,6
25990007574000;8;4;4;64,8
25990007575000;1;0;1;0,0
25990007586000;13;8;5;41,6
25990007590000;198;107;91;32,1
25990007591000;260;131;129;37,7
25990007592000;241;119;122;43,2
25990007593000;2818;1375;1443;47,6
25990007594000;2132;1101;1031;39,0
25990007603000;4;3;1;0,0
25990007620000;10;5;5;47,4
25990007626000;33;17;16;46,9
25990007627000;12;9;3;42,3
25990007637000;9;5;4;28,9
25990007641000;13;7;6;72,6
25990007654000;16;9;7;39,6
25990007655000;22;13;9;45,1
25990007660000;7;2;5;49,7
25990007665000;6;3;3;66,0
25990007676000;1;1;0;0,0
25990007679000;9;5;4;49,9
25990007680000;3;2;1;0,0
26000007572000;3;1;2;0,0
26000007585000;2;1;1;0,0
26000007590000;470;252;218;37,8
26000007592000;31;22;9;33,4
26000007593000;1746;897;849;40,9
26000007594000;1261;635;626;41,2
26000007603000;32;18;14;50,9
26000007604000;25;15;10;37,5
26000007620000;21;10;11;40,3
26000007622000;9;4;5;45,2
26000007623000;21;8;13;43,0
26000007624000;7;2;5;46,7
26000007625000;9;4;5;49,7
26000007626000;7;4;3;30,6
26000007637000;5;4;1;71,4
26000007654000;3;2;1;0,0
26000007660000;1;0;1;0,0
26000007661000;12;7;5;58,9
26000007662000;2;1;1;0,0
26000007665000;8;5;3;28,9
26000007679000;5;4;1;67,6
26010007570000;2;1;1;0,0
26010007585000;2;1;1;0,0
26010007589000;17;7;10;54,8
26010007590000;4;3;1;0,0
26010007593000;15;8;7;35,2
26010007594000;32;13;19;37,9
26010007597000;9;3;6;31,4
26010007603000;1;0;1;0,0
26010007604000;33;17;16;51,8
26010007619000;5;3;2;34,4
26010007620000;66;44;22;40,3
26010007622000;2;1;1;0,0
26010007627000;1;1;0;0,0
26010007654000;5;2;3;67,0
26010007658000;3;3;0;0,0
26010007659000;9;5;4;48,8
26010007662000;7;3;4;52,0
26010007663000;37;20;17;41,3
26010007664000;6;3;3;37,7
26010007665000;11;7;4;61,2
26010007666000;2;1;1;0,0
26010007679000;7;4;3;59,7
26010007684000;3;2;1;0,0
26020007583000;2;1;1;0,0
26020007584000;7;3;4;50,3
26020007589000;4;2;2;0,0
26020007597000;66;34;32;44,9
26020007598000;19;12;7;46,3
26020007599000;21;11;10;40,6
26020007605000;18;10;8;43,0
26020007606000;17;8;9;49,5
26020007619000;8;6;2;37,6
26020007621000;9;5;4;52,2
26020007622000;136;69;67;42,1
26020007637000;1;1;0;0,0
26020007651000;13;6;7;26,9
26020007654000;5;3;2;70,4
26020007660000;10;6;4;53,4
26020007674000;4;1;3;0,0
26020007682000;19;9;10;45,9
26020007685000;22;13;9;39,3
26020007712000;24;12;12;59,1
26020007713000;152;85;67;41,8
26030007568000;8;4;4;43,8
26030007569000;10;4;6;53,7
26030007583000;2;1;1;0,0
26030007597000;1;1;0;0,0
26030007598000;1;1;0;0,0
26030007599000;2;1;1;0,0
26030007600000;6;5;1;62,7
26030007601000;3;2;1;0,0
26030007605000;28;10;18;22,3
26030007606000;382;181;201;46,7
26030007607000;74;33;41;38,9
26030007620000;6;2;4;61,0
26030007621000;49;22;27;46,8
26030007622000;8;4;4;63,1
26030007633000;5;3;2;54,0
26030007660000;2;1;1;0,0
26030007661000;14;7;7;61,1
26030007674000;20;9;11;55,9
26030007679000;2;1;1;0,0
26030007680000;7;4;3;38,1
26030007681000;1;0;1;0,0
26030007682000;8;3;5;48,4
26030007683000;26;13;13;49,0
26030007685000;24;13;11;33,0
26030007686000;2;1;1;0,0
26030007716000;21;11;10;51,0
26030007717000;264;153;111;37,5
26040007567000;4;3;1;0,0
26040007568000;13;6;7;36,0
26040007588000;3;1;2;0,0
26040007598000;10;7;3;58,8
26040007602000;14;8;6;43,3
26040007603000;11;7;4;40,5
26040007605000;35;19;16;40,5
26040007606000;584;294;290;45,4
26040007607000;161;80;81;39,9
26040007608000;11;6;5;32,6
26040007621000;4;2;2;0,0
26040007632000;2;1;1;0,0
26040007633000;6;4;2;65,8
26040007642000;2;2;0;0,0
26040007661000;5;2;3;33,4
26040007662000;30;14;16;45,9
26040007667000;6;3;3;71,7
26040007686000;19;9;10;45,2
26040007716000;7;3;4;13,6
26050007565000;13;9;4;53,3
26050007566000;3;1;2;0,0
26050007567000;4;3;1;0,0
26050007587000;3;2;1;0,0
26050007598000;2;1;1;0,0
26050007602000;3;1;2;0,0
26050007604000;12;5;7;41,3
26050007605000;30;14;16;51,0
26050007606000;13;9;4;43,6
26050007607000;4;2;2;0,0
26050007608000;29;20;9;34,6
26050007621000;5;2;3;37,8
26050007632000;5;2;3;52,8
26050007663000;16;7;9;61,4
26050007664000;20;8;12;33,8
26050007667000;15;9;6;39,0
26050007678000;12;6;6;42,9
26050007679000;55;28;27;48,9
26050007686000;11;4;7;29,1
26050007709000;1;1;0;0,0
26060007564000;2;1;1;0,0
26060007565000;5;2;3;40,2
26060007585000;3;2;1;0,0
26060007586000;273;148;125;36,1
26060007587000;216;115;101;32,9
26060007606000;15;6;9;38,0
26060007607000;45;25;20;32,6
26060007609000;2;2;0;0,0
26060007615000;3;2;1;0,0
26060007620000;3;3;0;0,0
26060007632000;4;2;2;0,0
26060007648000;15;8;7;50,9
26060007664000;29;16;13;50,9
26060007665000;61;34;27;44,0
26060007666000;17;9;8;55,4
26060007667000;20;10;10;37,7
26060007678000;20;10;10;37,6
26060007679000;31;15;16;42,1
26060007682000;15;10;5;47,8
26060007684000;8;5;3;33,3
26060007685000;2;1;1;0,0
26060007687000;24;14;10;45,3
26060007714000;2;2;0;0,0
26070007585000;93;50;43;37,7
26070007586000;128;64;64;37,5
26070007587000;100;45;55;33,9
26070007594000;126;54;72;39,5
26070007598000;21;12;9;46,7
26070007607000;20;11;9;55,6
26070007614000;2;2;0;0,0
26070007619000;25;13;12;54,6
26070007620000;15;8;7;52,4
26070007632000;14;8;6;51,1
26070007643000;4;2;2;0,0
26070007644000;15;9;6;47,7
26070007654000;6;2;4;51,5
26070007665000;98;46;52;39,8
26070007666000;174;91;83;48,4
26070007667000;13;4;9;35,3
26070007669000;2;1;1;0,0
26070007675000;26;14;12;35,9
26070007682000;2;1;1;0,0
26070007684000;26;13;13;46,1
26070007685000;5;2;3;17,4
26070007686000;20;9;11;37,0
26070007687000;14;6;8;41,6
26070007688000;14;6;8;48,1
26070007689000;3;2;1;0,0
26080007593000;8;4;4;23,5
26080007594000;45;24;21;36,0
26080007597000;6;4;2;37,8
26080007598000;3;1;2;0,0
26080007607000;1;1;0;0,0
26080007619000;91;52;39;40,5
26080007632000;5;4;1;64,6
26080007643000;13;5;8;38,5
26080007646000;5;2;3;25,6
26080007647000;45;21;24;37,0
26080007649000;19;11;8;47,2
26080007658000;1;0;1;0,0
26080007661000;26;13;13;44,5
26080007662000;8;3;5;44,4
26080007663000;1;0;1;0,0
26080007668000;4;1;3;0,0
26080007669000;15;7;8;31,9
26080007675000;124;65;59;43,0
26080007676000;46;22;24;45,9
26080007677000;7;4;3;28,0
26080007682000;3;2;1;0,0
26080007683000;6;3;3;36,2
26080007684000;7;5;2;40,4
26080007686000;14;6;8;33,4
26080007688000;1;1;0;0,0
26080007689000;1;0;1;0,0
26080007690000;10;5;5;62,2
26090007593000;78;39;39;41,4
26090007594000;1;0;1;0,0
26090007596000;5;3;2;54,0
26090007597000;11;5;6;50,6
26090007607000;6;3;3;61,2
26090007618000;12;5;7;46,5
26090007619000;16;8;8;52,3
26090007620000;85;42;43;34,9
26090007631000;7;2;5;39,9
26090007632000;1;1;0;0,0
26090007633000;3;1;2;0,0
26090007646000;36;21;15;37,7
26090007647000;92;44;48;45,0
26090007648000;38;19;19;51,4
26090007649000;30;17;13;49,3
26090007650000;22;10;12;59,5
26090007652000;1;0;1;0,0
26090007653000;6;3;3;63,0
26090007660000;6;4;2;65,2
26090007661000;8;3;5;46,6
26090007662000;1;0;1;0,0
26090007663000;30;13;17;49,5
26090007664000;6;3;3;53,2
26090007665000;3;3;0;0,0
26090007667000;31;17;14;38,0
26090007668000;12;7;5;31,2
26090007669000;39;18;21;34,9
26090007675000;126;64;62;34,6
26090007678000;8;4;4;33,4
26090007682000;3;2;1;0,0
26090007683000;53;27;26;36,7
26090007686000;1;1;0;0,0
26090007687000;6;4;2;48,2
26090007689000;20;9;11;42,5
26090007717000;8;3;5;59,0
26100007593000;9;5;4;41,7
26100007596000;37;21;16;46,0
26100007597000;2;2;0;0,0
26100007606000;9;6;3;41,2
26100007607000;33;16;17;52,7
26100007616000;18;8;10;52,2
26100007617000;8;5;3;38,5
26100007618000;4;2;2;0,0
26100007619000;31;18;13;52,1
26100007631000;24;12;12;51,4
26100007633000;7;4;3;59,0
26100007642000;7;3;4;65,9
26100007646000;56;27;29;39,8
26100007647000;15;7;8;54,1
26100007652000;31;18;13;35,5
26100007653000;5;3;2;48,8
26100007663000;5;3;2;49,0
26100007666000;5;3;2;58,4
26100007669000;60;30;30;39,7
26100007675000;32;14;18;38,0
26100007678000;79;43;36;38,0
26100007679000;51;28;23;46,4
26100007683000;36;19;17;45,8
26100007687000;26;14;12;37,3
26100007689000;15;8;7;40,3
26100007708000;4;3;1;0,0
26110007593000;2;1;1;0,0
26110007595000;11;7;4;53,8
26110007607000;21;13;8;64,8
26110007616000;8;4;4;25,5
26110007617000;1;1;0;0,0
26110007619000;37;21;16;45,2
26110007629000;1;1;0;0,0
26110007630000;37;15;22;49,2
26110007631000;20;12;8;52,0
26110007633000;12;6;6;43,8
26110007641000;15;10;5;58,5
26110007642000;9;5;4;39,0
26110007645000;15;8;7;41,5
26110007646000;7;5;2;63,3
26110007662000;1;0;1;0,0
26110007663000;7;4;3;35,7
26110007669000;31;14;17;51,2
26110007670000;13;7;6;44,4
26110007675000;22;10;12;51,0
26110007678000;24;11;13;37,0
26110007679000;23;15;8;46,4
26110007681000;31;18;13;31,1
26110007682000;6;2;4;49,2
26110007683000;29;14;15;46,4
26110007689000;17;11;6;43,8
26110007697000;3;2;1;0,0
26110007698000;6;3;3;52,2
26110007699000;1;1;0;0,0
26110007707000;1;1;0;0,0
26110007708000;21;11;10;56,6
26110007709000;1;1;0;0,0
26110007710000;19;9;10;38,4
26110007711000;30;14;16;38,8
26110007712000;35;18;17;46,5
26120007598000;1;0;1;0,0
26120007607000;4;1;3;0,0
26120007619000;11;11;0;17,6
26120007628000;110;62;48;27,6
26120007629000;47;23;24;34,2
26120007630000;1;1;0;0,0
26120007631000;5;3;2;46,6
26120007632000;55;31;24;41,6
26120007633000;16;8;8;57,1
26120007640000;13;8;5;35,5
26120007641000;25;12;13;38,8
26120007642000;10;7;3;39,2
26120007644000;39;23;16;43,1
26120007645000;138;74;64;40,5
26120007670000;9;4;5;44,1
26120007671000;3;3;0;0,0
26120007681000;13;6;7;35,6
26120007682000;39;17;22;38,3
26120007683000;42;16;26;46,1
26120007689000;2;2;0;0,0
26120007690000;7;3;4;44,9
26120007703000;4;2;2;0,0
26120007707000;1;1;0;0,0
26120007712000;44;21;23;40,2
26120007713000;21;12;9;38,9
26130007626000;3;2;1;0,0
26130007627000;31;15;16;40,9
26130007628000;227;116;111;42,1
26130007629000;54;25;29;55,3
26130007630000;57;26;31;39,2
26130007631000;65;32;33;46,2
26130007632000;14;6;8;43,2
26130007640000;13;7;6;48,6
26130007641000;181;81;100;34,5
26130007643000;166;86;80;45,7
26130007661000;3;1;2;0,0
26130007670000;1;0;1;0,0
26130007671000;17;9;8;40,9
26130007675000;4;2;2;0,0
26130007681000;22;11;11;32,0
26130007682000;53;29;24;34,9
26130007683000;84;43;41;36,2
26130007684000;30;15;15;37,4
26130007686000;27;14;13;38,1
26130007687000;30;14;16;34,9
26130007691000;57;32;25;34,1
26130007692000;8;3;5;41,0
26130007696000;2;2;0;0,0
26130007707000;12;8;4;55,8
26130007708000;2;1;1;0,0
26130007713000;88;46;42;33,9
26130007714000;40;22;18;53,2
26130007715000;6;2;4;55,7
26130007716000;10;6;4;60,2
26130007717000;2;2;0;0,0
26130007718000;2;1;1;0,0
26130007719000;2;1;1;0,0
26140007626000;25;12;13;39,6
26140007627000;18;9;9;25,0
26140007641000;2;1;1;0,0
26140007642000;308;155;153;38,1
26140007643000;297;164;133;39,9
26140007646000;18;8;10;49,4
26140007671000;11;6;5;45,0
26140007675000;2;1;1;0,0
26140007680000;26;10;16;29,3
26140007681000;1;1;0;0,0
26140007683000;117;55;62;33,0
26140007686000;9;4;5;27,0
26140007687000;53;28;25;40,4
26140007688000;50;21;29;40,4
26140007689000;3;1;2;0,0
26140007690000;19;10;9;47,8
26140007692000;10;6;4;43,5
26140007693000;21;8;13;42,1
26140007694000;7;4;3;34,9
26140007696000;2;1;1;0,0
26150007625000;25;13;12;38,9
26150007626000;23;11;12;46,7
26150007637000;4;2;2;0,0
26150007639000;8;5;3;57,4
26150007641000;21;21;0;18,9
26150007642000;21;11;10;41,0
26150007643000;2;1;1;0,0
26150007645000;1;1;0;0,0
26150007646000;43;20;23;55,8
26150007672000;3;2;1;0,0
26150007676000;17;10;7;49,6
26150007677000;2;1;1;0,0
26150007679000;5;3;2;57,8
26150007680000;13;3;10;48,6
26150007683000;361;176;185;33,9
26150007686000;32;17;15;32,8
26150007687000;51;28;23;37,8
26150007688000;7;4;3;47,4
26150007689000;12;8;4;35,0
26150007693000;3;2;1;0,0
26150007694000;15;8;7;39,3
26150007695000;19;5;14;47,5
26150007696000;1;1;0;0,0
26150007703000;11;5;6;69,7
26150007704000;13;4;9;45,6
26150007705000;1;0;1;0,0
26150007727000;25;14;11;41,6
26150007728000;49;27;22;37,7
26160007625000;35;24;11;56,8
26160007638000;2;1;1;0,0
26160007643000;1;1;0;0,0
26160007646000;9;5;4;69,2
26160007647000;4;3;1;0,0
26160007659000;5;3;2;44,4
26160007660000;8;5;3;38,0
26160007661000;4;1;3;0,0
26160007673000;2;1;1;0,0
26160007676000;1;0;1;0,0
26160007678000;45;20;25;41,6
26160007679000;32;18;14;39,5
26160007683000;341;174;167;32,4
26160007684000;628;333;295;34,6
26160007685000;196;98;98;33,1
26160007686000;37;18;19;50,4
26160007695000;21;9;12;48,1
26160007705000;19;8;11;43,8
26160007706000;13;4;9;53,5
26160007727000;64;33;31;44,2
26160007728000;69;36;33;46,5
26170007642000;5;3;2;49,6
26170007643000;22;12;10;39,3
26170007646000;2;1;1;0,0
26170007662000;12;4;8;41,8
26170007673000;2;1;1;0,0
26170007682000;232;111;121;46,5
26170007683000;638;347;291;42,5
26170007684000;31;15;16;44,2
26170007685000;67;36;31;36,4
26170007687000;32;19;13;37,3
26170007688000;23;11;12;48,8
26170007695000;2;1;1;0,0
26170007696000;6;3;3;52,3
26170007702000;6;2;4;74,3
26170007703000;7;4;3;53,4
26170007704000;6;3;3;70,0
26170007705000;1;1;0;0,0
26170007706000;30;13;17;46,7
26170007707000;12;5;7;46,4
26170007708000;7;2;5;71,6
26170007709000;15;8;7;30,3
26170007710000;12;6;6;40,9
26170007723000;18;12;6;27,8
26170007724000;36;22;14;43,9
26170007727000;132;74;58;39,6
26170007728000;3;2;1;0,0
26180007621000;5;4;1;35,6
26180007641000;2;1;1;0,0
26180007646000;2;2;0;0,0
26180007662000;1;0;1;0,0
26180007674000;12;6;6;39,9
26180007682000;188;87;101;44,1
26180007683000;896;453;443;38,6
26180007684000;126;66;60;39,8
26180007685000;111;55;56;39,0
26180007686000;188;88;100;34,1
26180007687000;166;84;82;37,8
26180007688000;65;33;32;37,1
26180007689000;89;39;50;39,2
26180007690000;50;29;21;37,1
26180007691000;92;47;45;40,3
26180007696000;27;14;13;41,4
26180007710000;14;5;9;35,8
26180007723000;14;7;7;59,6
26180007724000;81;40;41;47,8
26180007725000;21;10;11;71,9
26190007640000;13;7;6;41,7
26190007667000;3;1;2;0,0
26190007668000;6;3;3;47,7
26190007669000;17;9;8;42,1
26190007670000;6;3;3;27,2
26190007673000;6;3;3;40,3
26190007683000;817;391;426;41,9
26190007692000;37;22;15;49,0
26190007696000;47;29;18;38,0
26190007698000;1;1;0;0,0
26190007700000;2;1;1;0,0
26190007702000;12;7;5;32,3
26190007706000;4;3;1;0,0
26190007724000;1;1;0;0,0
26190007725000;33;14;19;28,8
26200007622000;42;23;19;41,1
26200007623000;20;10;10;29,3
26200007641000;15;9;6;43,7
26200007642000;34;19;15;49,2
26200007647000;2;1;1;0,0
26200007648000;1;1;0;0,0
26200007661000;1;0;1;0,0
26200007667000;1;0;1;0,0
26200007668000;11;5;6;56,2
26200007669000;20;13;7;36,1
26200007670000;32;20;12;44,2
26200007671000;39;25;14;39,2
26200007673000;1;1;0;0,0
26200007674000;19;8;11;41,2
26200007683000;543;273;270;36,2
26200007692000;33;15;18;35,6
26200007693000;23;11;12;43,0
26200007694000;2;1;1;0,0
26200007696000;66;39;27;43,0
26200007697000;65;36;29;55,5
26200007699000;5;3;2;67,6
26200007729000;1;1;0;0,0
26210007622000;34;20;14;36,6
26210007623000;11;7;4;52,6
26210007640000;15;8;7;43,8
26210007641000;5;1;4;42,8
26210007642000;41;26;15;44,8
26210007643000;18;10;8;28,3
26210007646000;9;6;3;52,2
26210007647000;1;1;0;0,0
26210007648000;3;1;2;0,0
26210007650000;2;1;1;0,0
26210007671000;106;58;48;39,7
26210007672000;75;37;38;35,4
26210007673000;58;33;25;40,3
26210007674000;5;2;3;52,8
26210007677000;93;51;42;40,8
26210007678000;38;13;25;48,4
26210007679000;143;71;72;42,1
26210007680000;68;33;35;38,1
26210007681000;19;8;11;52,6
26210007683000;469;245;224;37,0
26210007694000;16;10;6;37,3
26210007695000;43;24;19;44,9
26210007696000;14;10;4;35,6
26210007697000;191;98;93;40,7
26210007699000;6;3;3;65,3
26210007718000;2;2;0;0,0
26210007719000;9;4;5;61,0
26210007729000;8;4;4;60,9
26220007641000;8;4;4;33,6
26220007642000;8;4;4;34,4
26220007643000;32;16;16;43,7
26220007648000;3;2;1;0,0
26220007649000;4;2;2;0,0
26220007650000;5;2;3;53,0
26220007671000;6;3;3;37,3
26220007672000;120;60;60;40,3
26220007675000;32;17;15;36,7
26220007676000;30;15;15;40,3
26220007677000;24;13;11;39,3
26220007679000;10;5;5;49,5
26220007681000;43;26;17;46,5
26220007682000;102;59;43;37,3
26220007683000;164;90;74;39,7
26220007684000;4;2;2;0,0
26220007695000;19;10;9;31,3
26220007696000;26;13;13;53,9
26220007697000;23;12;11;46,4
26220007698000;25;8;17;33,2
26220007718000;2;0;2;0,0
26220007727000;2;1;1;0,0
26230007638000;3;1;2;0,0
26230007640000;12;7;5;41,1
26230007643000;36;20;16;41,8
26230007645000;4;2;2;0,0
26230007672000;27;13;14;50,7
26230007673000;68;35;33;42,8
26230007675000;58;26;32;43,2
26230007676000;112;50;62;43,9
26230007677000;1;0;1;0,0
26230007684000;35;21;14;47,2
26230007685000;2;0;2;0,0
26230007694000;6;1;5;34,5
26230007700000;2;1;1;0,0
26230007701000;1;0;1;0,0
26230007702000;4;3;1;0,0
26230007706000;3;3;0;0,0
26230007707000;6;3;3;74,7
26230007716000;16;10;6;39,7
26230007727000;6;4;2;66,5
26240007640000;13;7;6;33,6
26240007641000;10;6;4;53,7
26240007642000;12;7;5;34,9
26240007643000;29;14;15;42,1
26240007644000;9;7;2;27,3
26240007672000;15;11;4;40,2
26240007673000;275;152;123;34,7
26240007674000;7;3;4;54,4
26240007675000;75;40;35;39,0
26240007677000;2;1;1;0,0
26240007685000;81;46;35;35,0
26240007693000;3;1;2;0,0
26240007700000;40;20;20;34,4
26240007701000;94;49;45;38,4
26240007702000;10;6;4;55,3
26240007705000;8;3;5;45,3
26240007715000;3;2;1;0,0
26240007726000;37;20;17;40,3
26240007727000;9;3;6;39,9
26250007623000;12;5;7;32,9
26250007624000;3;2;1;0,0
26250007625000;3;2;1;0,0
26250007626000;12;5;7;47,3
26250007627000;4;2;2;0,0
26250007628000;7;4;3;32,7
26250007641000;4;2;2;0,0
26250007671000;3;1;2;0,0
26250007672000;155;84;71;39,4
26250007673000;502;249;253;39,4
26250007674000;433;207;226;42,8
26250007675000;63;30;33;41,0
26250007683000;26;14;12;43,2
26250007684000;10;6;4;37,2
26250007685000;74;31;43;46,1
26250007686000;79;40;39;38,0
26250007687000;34;20;14;40,4
26250007693000;10;5;5;41,5
26250007701000;28;14;14;29,5
26250007709000;10;5;5;39,0
26250007715000;6;4;2;45,2
26250007726000;1;0;1;0,0
26250007727000;11;7;4;42,1
26250007730000;6;5;1;50,8
26260007623000;5;3;2;66,4
26260007624000;6;4;2;62,8
26260007639000;12;6;6;24,9
26260007666000;11;7;4;43,0
26260007668000;13;6;7;35,9
26260007670000;4;3;1;0,0
26260007671000;5;2;3;43,6
26260007672000;49;25;24;40,0
26260007673000;57;24;33;41,7
26260007674000;137;75;62;38,7
26260007675000;1;1;0;0,0
26260007682000;7;6;1;27,1
26260007683000;21;10;11;39,3
26260007686000;18;10;8;36,3
26260007687000;56;29;27;43,6
26260007688000;16;8;8;32,8
26260007689000;5;3;2;57,0
26260007690000;10;6;4;35,7
26260007692000;19;12;7;28,6
26260007701000;13;7;6;36,8
26260007709000;12;6;6;54,8
26260007716000;2;1;1;0,0
26260007727000;1;0;1;0,0
26270007621000;6;2;4;49,8
26270007630000;4;2;2;0,0
26270007631000;3;2;1;0,0
26270007632000;12;4;8;40,7
26270007633000;8;5;3;40,6
26270007636000;6;3;3;52,8
26270007637000;3;2;1;0,0
26270007638000;26;15;11;45,7
26270007639000;13;5;8;53,1
26270007664000;6;4;2;51,3
26270007666000;32;16;16;39,8
26270007668000;1;1;0;0,0
26270007669000;32;12;20;37,8
26270007670000;64;31;33;38,9
26270007671000;35;18;17;49,8
26270007672000;24;13;11;41,3
26270007674000;10;6;4;29,2
26270007680000;5;3;2;74,8
26270007682000;17;10;7;38,7
26270007688000;7;5;2;32,1
26270007689000;41;19;22;42,9
26270007690000;3;1;2;0,0
26270007691000;2;1;1;0,0
26270007692000;42;23;19;38,2
26270007693000;32;15;17;32,7
26270007694000;11;5;6;59,1
26270007695000;1;0;1;0,0
26270007716000;34;19;15;54,2
26270007722000;36;18;18;47,1
26270007723000;48;25;23;37,2
26270007724000;40;23;17;38,4
26270007725000;5;3;2;27,6
26270007727000;11;8;3;24,3
26280007620000;2;1;1;0,0
26280007631000;3;1;2;0,0
26280007632000;1;1;0;0,0
26280007633000;9;4;5;47,6
26280007636000;7;4;3;52,7
26280007637000;3;2;1;0,0
26280007638000;24;12;12;43,2
26280007666000;2;1;1;0,0
26280007667000;2;1;1;0,0
26280007670000;8;4;4;53,9
26280007671000;12;6;6;27,7
26280007680000;38;18;20;45,2
26280007681000;11;7;4;31,8
26280007682000;71;37;34;43,6
26280007690000;8;3;5;55,6
26280007691000;9;6;3;48,3
26280007695000;24;11;13;43,0
26280007696000;27;15;12;38,4
26280007697000;8;5;3;35,0
26280007710000;6;3;3;65,0
26280007711000;10;5;5;30,0
26280007716000;26;14;12;46,8
26280007717000;2;1;1;0,0
26280007723000;6;3;3;33,2
26280007724000;31;15;16;38,0
26280007726000;2;1;1;0,0
26280007727000;3;1;2;0,0
26280007739000;4;2;2;0,0
26290007619000;3;2;1;0,0
26290007666000;6;3;3;48,0
26290007667000;4;1;3;0,0
26290007680000;10;4;6;35,3
26290007681000;49;22;27;42,4
26290007682000;29;12;17;42,5
26290007683000;1;1;0;0,0
26290007691000;10;5;5;33,8
26290007692000;30;14;16;38,7
26290007693000;60;30;30;37,4
26290007694000;24;11;13;35,8
26290007695000;12;4;8;45,0
26290007696000;8;3;5;55,1
26290007697000;39;22;17;43,0
26290007698000;49;23;26;32,6
26290007710000;8;4;4;55,6
26290007711000;1;0;1;0,0
26290007716000;3;2;1;0,0
26290007717000;24;10;14;39,0
26290007725000;3;2;1;0,0
26290007726000;3;2;1;0,0
26290007727000;14;8;6;37,8
26300007619000;36;19;17;37,7
26300007639000;13;6;7;28,9
26300007640000;3;2;1;0,0
26300007681000;2;1;1;0,0
26300007682000;33;16;17;41,8
26300007683000;21;7;14;42,7
26300007697000;21;9;12;35,8
26300007698000;203;92;111;49,1
26300007699000;29;13;16;37,0
26300007700000;14;9;5;44,6
26300007709000;4;3;1;0,0
26300007710000;1;1;0;0,0
26300007717000;22;13;9;46,1
26300007727000;8;3;5;39,4
26300007728000;3;2;1;0,0
26300007743000;18;9;9;46,6
26300007744000;19;9;10;63,7
26300007745000;1;1;0;0,0
26310007617000;9;4;5;34,1
26310007618000;17;10;7;43,0
26310007640000;27;16;11;43,0
26310007667000;11;8;3;38,2
26310007668000;15;9;6;49,2
26310007682000;17;11;6;44,2
26310007683000;5;3;2;51,0
26310007684000;13;5;8;39,2
26310007699000;23;14;9;44,5
26310007700000;21;12;9;47,0
26310007701000;14;5;9;41,6
26310007702000;6;3;3;41,2
26310007703000;18;10;8;44,3
26310007704000;10;6;4;35,6
26310007705000;2;1;1;0,0
26310007708000;9;4;5;62,3
26310007709000;1;0;1;0,0
26310007717000;4;2;2;0,0
26310007727000;5;3;2;66,6
26310007729000;4;2;2;0,0
26310007744000;35;17;18;47,1
26310007745000;45;26;19;47,5
26320007640000;2;1;1;0,0
26320007641000;17;8;9;40,8
26320007642000;7;4;3;45,1
26320007668000;18;9;9;38,9
26320007682000;9;5;4;19,6
26320007683000;18;8;10;25,7
26320007684000;11;6;5;67,0
26320007685000;16;8;8;40,1
26320007700000;15;5;10;55,5
26320007701000;23;14;9;42,3
26320007717000;18;6;12;30,7
26320007729000;6;5;1;58,0
26320007744000;18;8;10;37,8
26330007642000;491;241;250;39,1
26330007645000;1;0;1;0,0
26330007667000;7;5;2;47,9
26330007668000;10;7;3;40,7
26330007677000;4;2;2;0,0
26330007683000;13;8;5;46,5
26330007685000;6;3;3;18,8
26330007701000;7;4;3;52,7
26330007702000;3;1;2;0,0
26330007717000;3;2;1;0,0
26330007718000;29;14;15;36,5
26340007642000;789;425;364;35,5
26340007643000;858;412;446;41,2
26340007644000;57;28;29;39,6
26340007645000;17;10;7;51,9
26340007666000;8;3;5;51,3
26340007676000;2;1;1;0,0
26340007713000;9;5;4;42,7
26340007714000;1;0;1;0,0
26340007718000;15;9;6;45,6
26340007744000;1;1;0;0,0
26340007750000;8;3;5;64,0
26350007641000;8;8;0;22,5
26350007642000;134;107;27;23,7
26350007643000;124;52;72;42,5
26350007644000;19;11;8;42,7
26350007645000;16;5;11;38,8
26350007646000;14;6;8;47,9
26350007666000;4;2;2;0,0
26350007677000;17;10;7;50,6
26350007686000;2;1;1;0,0
26350007700000;3;1;2;0,0
26350007707000;1;0;1;0,0
26350007710000;6;4;2;48,8
26350007713000;10;5;5;28,8
26350007718000;5;2;3;31,0
26350007719000;24;12;12;36,9
26350007742000;1;1;0;0,0
26350007750000;3;2;1;0,0
26350007773000;2;2;0;0,0
26360007639000;16;8;8;36,5
26360007640000;8;4;4;43,0
26360007641000;13;6;7;47,1
26360007642000;13;9;4;43,3
26360007646000;29;16;13;33,3
26360007647000;7;4;3;57,3
26360007677000;5;3;2;43,0
26360007678000;24;13;11;34,2
26360007681000;4;2;2;0,0
26360007682000;25;11;14;37,8
26360007683000;4;2;2;0,0
26360007684000;5;2;3;38,6
26360007700000;8;5;3;55,0
26360007707000;7;5;2;36,0
26360007708000;12;5;7;39,8
26360007711000;6;2;4;67,8
26360007715000;4;2;2;0,0
26360007719000;3;1;2;0,0
26360007744000;12;5;7;61,1
26360007745000;22;14;8;53,0
26360007750000;1;1;0;0,0
26360007774000;1;1;0;0,0
26370007638000;15;9;6;46,5
26370007639000;24;12;12;56,2
26370007640000;4;2;2;0,0
26370007645000;10;4;6;38,0
26370007646000;7;4;3;64,0
26370007647000;9;5;4;48,7
26370007648000;26;15;11;37,2
26370007649000;15;8;7;50,9
26370007658000;9;5;4;51,6
26370007677000;14;8;6;28,9
26370007678000;8;4;4;27,6
26370007679000;6;3;3;47,5
26370007680000;21;11;10;52,8
26370007681000;36;18;18;43,3
26370007682000;56;32;24;50,4
26370007683000;32;17;15;51,5
26370007684000;31;14;17;51,9
26370007685000;6;4;2;59,7
26370007686000;24;13;11;36,4
26370007687000;2;1;1;0,0
26370007693000;1;1;0;0,0
26370007694000;2;0;2;0,0
26370007695000;5;2;3;55,8
26370007697000;5;3;2;44,6
26370007698000;14;8;6;46,3
26370007699000;4;3;1;0,0
26370007707000;4;3;1;0,0
26370007716000;2;1;1;0,0
26370007719000;3;1;2;0,0
26370007751000;42;25;17;40,4
26370007752000;14;6;8;62,5
26370007757000;6;4;2;28,0
26380007637000;2;1;1;0,0
26380007638000;12;6;6;37,8
26380007639000;37;19;18;32,6
26380007649000;5;1;4;38,8
26380007650000;36;20;16;39,7
26380007651000;1;0;1;0,0
26380007652000;4;2;2;0,0
26380007658000;62;32;30;44,2
26380007659000;41;20;21;35,1
26380007664000;1;1;0;0,0
26380007678000;1;1;0;0,0
26380007679000;83;38;45;43,6
26380007680000;24;15;9;28,0
26380007681000;13;7;6;40,2
26380007682000;16;7;9;31,1
26380007683000;11;7;4;47,2
26380007684000;9;3;6;54,8
26380007685000;2;1;1;0,0
26380007687000;14;5;9;32,9
26380007688000;13;7;6;48,9
26380007706000;14;6;8;38,9
26380007716000;14;8;6;47,1
26380007719000;4;2;2;0,0
26380007751000;21;11;10;39,9
26390007637000;15;5;10;38,9
26390007638000;45;23;22;34,9
26390007639000;6;4;2;14,0
26390007653000;9;5;4;62,0
26390007654000;20;12;8;46,1
26390007655000;4;2;2;0,0
26390007659000;74;37;37;34,2
26390007660000;22;10;12;41,5
26390007661000;63;31;32;37,4
26390007662000;71;42;29;30,5
26390007663000;523;275;248;34,8
26390007664000;43;19;24;47,4
26390007665000;38;19;19;42,6
26390007676000;21;11;10;41,4
26390007677000;12;8;4;35,0
26390007678000;9;4;5;37,7
26390007679000;40;20;20;37,7
26390007680000;14;8;6;29,5
26390007685000;22;11;11;43,7
26390007686000;3;1;2;0,0
26390007687000;4;3;1;0,0
26390007688000;4;2;2;0,0
26390007689000;2;1;1;0,0
26390007691000;2;2;0;0,0
26390007692000;6;3;3;47,5
26390007693000;2;1;1;0,0
26390007694000;24;14;10;45,1
26390007695000;2;1;1;0,0
26390007696000;1;1;0;0,0
26390007697000;2;1;1;0,0
26390007705000;17;8;9;57,9
26390007706000;2;0;2;0,0
26390007719000;1;1;0;0,0
26390007720000;7;4;3;57,3
26390007735000;155;76;79;32,4
26390007736000;1;1;0;0,0
26390007773000;5;3;2;53,8
26400007637000;6;2;4;48,2
26400007638000;30;12;18;37,8
26400007639000;1;1;0;0,0
26400007655000;6;4;2;63,7
26400007656000;2;1;1;0,0
26400007658000;17;8;9;50,3
26400007659000;74;38;36;45,4
26400007661000;1;1;0;0,0
26400007662000;137;74;63;36,5
26400007663000;143;80;63;26,0
26400007665000;214;106;108;50,1
26400007666000;605;330;275;33,8
26400007667000;62;31;31;32,6
26400007675000;6;4;2;47,5
26400007678000;9;5;4;41,4
26400007679000;40;18;22;35,7
26400007686000;4;3;1;0,0
26400007693000;9;3;6;34,0
26400007694000;11;9;2;46,5
26400007695000;7;5;2;68,4
26400007704000;15;11;4;47,0
26400007717000;8;5;3;49,4
26400007721000;5;3;2;55,6
26400007722000;46;25;21;39,4
26400007734000;4;3;1;0,0
26400007735000;212;102;110;30,9
26400007736000;141;69;72;38,5
26400007739000;8;3;5;54,8
26400007740000;1;1;0;0,0
26400007752000;2;1;1;0,0
26400007769000;4;2;2;0,0
26400007773000;15;11;4;44,2
26410007635000;5;4;1;28,8
26410007637000;20;8;12;37,8
26410007639000;20;11;9;42,4
26410007655000;3;2;1;0,0
26410007656000;1;1;0;0,0
26410007657000;15;7;8;43,5
26410007658000;20;9;11;45,1
26410007659000;9;3;6;50,0
26410007661000;23;12;11;38,5
26410007665000;44;29;15;32,6
26410007666000;11;6;5;51,2
26410007667000;158;82;76;35,8
26410007674000;13;6;7;33,9
26410007675000;6;3;3;72,8
26410007676000;2;1;1;0,0
26410007677000;22;12;10;42,5
26410007678000;8;4;4;49,0
26410007679000;22;9;13;36,0
26410007695000;1;0;1;0,0
26410007701000;5;2;3;53,6
26410007702000;77;33;44;38,0
26410007703000;10;6;4;56,6
26410007718000;13;7;6;47,4
26410007722000;32;15;17;39,3
26410007723000;18;9;9;31,6
26410007734000;47;26;21;35,0
26410007735000;36;19;17;44,3
26410007736000;14;9;5;43,4
26410007737000;32;17;15;40,4
26410007769000;2;1;1;0,0
26420007630000;2;1;1;0,0
26420007632000;5;2;3;62,0
26420007633000;3;2;1;0,0
26420007636000;27;16;11;36,5
26420007637000;20;12;8;33,4
26420007638000;6;3;3;31,5
26420007661000;10;7;3;45,6
26420007665000;5;2;3;50,8
26420007667000;133;69;64;39,9
26420007668000;392;201;191;42,2
26420007671000;11;6;5;42,4
26420007673000;8;5;3;41,4
26420007674000;128;67;61;39,3
26420007675000;179;83;96;43,4
26420007676000;8;4;4;40,1
26420007677000;2;1;1;0,0
26420007678000;5;2;3;63,0
26420007679000;31;17;14;30,5
26420007680000;12;6;6;45,5
26420007681000;1;1;0;0,0
26420007700000;15;7;8;30,9
26420007702000;14;5;9;40,6
26420007718000;7;4;3;54,1
26420007721000;28;16;12;36,1
26420007722000;31;14;17;48,8
26420007734000;4;3;1;0,0
26420007735000;23;13;10;53,1
26420007736000;23;10;13;25,8
26420007737000;4;2;2;0,0
26420007770000;5;3;2;61,2
26420007771000;17;6;11;36,2
26430007621000;3;2;1;0,0
26430007623000;4;1;3;0,0
26430007625000;6;3;3;42,0
26430007626000;7;4;3;32,7
26430007627000;4;2;2;0,0
26430007628000;12;6;6;34,7
26430007629000;9;5;4;33,6
26430007630000;9;3;6;30,3
26430007633000;13;8;5;41,2
26430007634000;1;0;1;0,0
26430007635000;2;1;1;0,0
26430007637000;3;1;2;0,0
26430007661000;8;5;3;33,6
26430007662000;2;1;1;0,0
26430007663000;51;31;20;40,8
26430007668000;23;13;10;41,1
26430007669000;16;11;5;49,5
26430007670000;46;23;23;43,3
26430007671000;48;29;19;44,2
26430007672000;116;59;57;43,5
26430007673000;89;40;49;39,7
26430007674000;201;104;97;40,0
26430007675000;3;2;1;0,0
26430007676000;3;1;2;0,0
26430007681000;28;12;16;43,3
26430007692000;6;4;2;49,7
26430007693000;7;5;2;55,0
26430007699000;5;2;3;54,0
26430007702000;1;1;0;0,0
26430007704000;8;5;3;40,1
26430007718000;25;15;10;47,7
26430007721000;33;14;19;51,0
26430007734000;103;53;50;34,3
26430007735000;65;35;30;37,1
26430007765000;1;1;0;0,0
26430007772000;3;2;1;0,0
26440007620000;6;4;2;49,2
26440007621000;8;3;5;39,8
26440007623000;12;6;6;48,5
26440007624000;3;1;2;0,0
26440007625000;4;2;2;0,0
26440007630000;5;3;2;37,4
26440007631000;18;8;10;56,9
26440007660000;2;1;1;0,0
26440007664000;3;1;2;0,0
26440007665000;7;4;3;47,6
26440007669000;2;1;1;0,0
26440007670000;17;9;8;37,7
26440007671000;74;32;42;63,4
26440007672000;44;30;14;36,3
26440007674000;11;5;6;51,6
26440007675000;11;5;6;52,7
26440007681000;8;6;2;57,1
26440007682000;3;2;1;0,0
26440007683000;1;1;0;0,0
26440007692000;12;7;5;34,8
26440007698000;1;1;0;0,0
26440007702000;6;3;3;25,7
26440007703000;9;4;5;39,6
26440007704000;15;10;5;57,3
26440007718000;2;2;0;0,0
26440007719000;4;1;3;0,0
26440007721000;30;16;14;40,3
26440007728000;13;8;5;34,4
26440007729000;60;33;27;33,4
26440007730000;100;51;49;41,7
26440007731000;18;7;11;42,9
26440007734000;150;76;74;37,7
26440007735000;325;161;164;35,9
26440007745000;4;2;2;0,0
26440007746000;15;6;9;34,5
26440007748000;63;30;33;36,5
26440007755000;3;1;2;0,0
26450007660000;7;4;3;56,6
26450007662000;1;1;0;0,0
26450007663000;16;7;9;28,2
26450007666000;5;2;3;60,4
26450007667000;15;8;7;38,6
26450007674000;13;6;7;46,7
26450007681000;6;4;2;23,2
26450007682000;37;19;18;42,4
26450007683000;17;11;6;35,8
26450007684000;4;3;1;0,0
26450007685000;8;5;3;40,0
26450007686000;13;8;5;44,8
26450007687000;21;15;6;45,8
26450007688000;15;8;7;32,0
26450007689000;17;8;9;48,5
26450007690000;7;4;3;62,1
26450007698000;3;1;2;0,0
26450007701000;10;5;5;44,5
26450007702000;22;13;9;54,9
26450007703000;20;9;11;35,3
26450007704000;1;1;0;0,0
26450007719000;16;7;9;36,5
26450007721000;14;7;7;49,1
26450007729000;7;4;3;49,3
26450007731000;33;16;17;37,5
26450007732000;36;14;22;35,9
26450007733000;49;23;26;38,3
26450007734000;825;423;402;32,3
26450007735000;182;100;82;36,4
26450007745000;2;1;1;0,0
26450007746000;11;6;5;44,5
26450007747000;2;1;1;0,0
26450007748000;62;27;35;41,9
26450007752000;10;5;5;31,3
26450007753000;16;7;9;39,6
26450007759000;1;1;0;0,0
26450007775000;2;1;1;0,0
26460007630000;30;14;16;38,1
26460007660000;1;1;0;0,0
26460007663000;3;1;2;0,0
26460007664000;11;5;6;33,0
26460007665000;2;2;0;0,0
26460007666000;6;4;2;41,5
26460007667000;13;7;6;56,1
26460007673000;10;5;5;30,6
26460007674000;4;2;2;0,0
26460007686000;7;2;5;47,0
26460007688000;8;4;4;48,0
26460007689000;15;7;8;44,2
26460007697000;9;4;5;37,2
26460007699000;1;0;1;0,0
26460007700000;1;0;1;0,0
26460007701000;7;5;2;36,6
26460007719000;23;13;10;41,5
26460007721000;29;14;15;36,5
26460007722000;86;40;46;41,6
26460007728000;16;11;5;32,9
26460007729000;4;1;3;0,0
26460007731000;41;21;20;40,7
26460007732000;50;26;24;38,7
26460007734000;993;510;483;28,5
26460007735000;249;128;121;27,9
26460007752000;58;27;31;31,2
26460007753000;28;15;13;35,8
26460007754000;13;7;6;43,1
26460007756000;1;1;0;0,0
26460007775000;4;1;3;0,0
26460007791000;1;1;0;0,0
26470007629000;6;2;4;50,3
26470007659000;1;0;1;0,0
26470007661000;3;1;2;0,0
26470007662000;12;7;5;41,5
26470007664000;7;4;3;32,7
26470007665000;8;6;2;26,3
26470007694000;19;8;11;45,3
26470007695000;2;1;1;0,0
26470007697000;11;6;5;45,5
26470007699000;3;1;2;0,0
26470007700000;5;3;2;40,0
26470007701000;2;1;1;0,0
26470007719000;47;24;23;40,8
26470007722000;7;3;4;42,4
26470007723000;41;22;19;37,2
26470007724000;49;22;27;39,8
26470007725000;22;10;12;49,5
26470007726000;39;23;16;31,0
26470007727000;27;16;11;40,2
26470007728000;30;15;15;40,1
26470007729000;4;2;2;0,0
26470007731000;107;53;54;30,9
26470007735000;1165;599;566;29,6
26470007752000;4;3;1;0,0
26470007753000;36;21;15;38,9
26470007757000;7;3;4;45,0
26470007758000;2;1;1;0,0
26470007775000;2;1;1;0,0
26480007661000;4;2;2;0,0
26480007662000;7;3;4;36,3
26480007664000;4;3;1;0,0
26480007665000;1;0;1;0,0
26480007667000;7;3;4;41,6
26480007672000;8;5;3;38,1
26480007688000;3;2;1;0,0
26480007694000;5;2;3;60,6
26480007695000;8;5;3;52,6
26480007697000;1;1;0;0,0
26480007699000;8;6;2;39,3
26480007701000;9;5;4;43,9
26480007719000;17;9;8;25,7
26480007720000;17;7;10;32,6
26480007725000;11;6;5;39,1
26480007726000;34;16;18;27,7
26480007727000;9;5;4;52,2
26480007731000;31;15;16;20,3
26480007732000;29;15;14;28,7
26480007733000;9;4;5;38,9
26480007735000;1302;678;624;32,1
26480007752000;30;18;12;40,6
26480007775000;5;3;2;70,6
26490007660000;2;2;0;0,0
26490007661000;5;3;2;29,0
26490007662000;2;1;1;0,0
26490007663000;2;1;1;0,0
26490007664000;5;4;1;49,0
26490007671000;3;2;1;0,0
26490007672000;17;8;9;46,8
26490007688000;9;4;5;54,3
26490007694000;12;7;5;44,8
26490007695000;10;4;6;43,2
26490007696000;9;6;3;45,3
26490007697000;2;1;1;0,0
26490007699000;2;1;1;0,0
26490007720000;9;6;3;28,3
26490007725000;2;1;1;0,0
26490007726000;16;8;8;33,6
26490007735000;240;122;118;39,4
26490007736000;1058;520;538;38,5
26490007737000;106;54;52;37,8
26490007752000;23;14;9;32,9
26490007756000;2;1;1;0,0
26490007776000;10;7;3;63,3
26500007660000;8;4;4;65,9
26500007663000;15;6;9;44,1
26500007671000;6;4;2;49,0
26500007672000;1;0;1;0,0
26500007688000;10;6;4;38,1
26500007694000;13;10;3;32,6
26500007696000;54;24;30;45,5
26500007699000;2;1;1;0,0
26500007712000;2;1;1;0,0
26500007713000;5;2;3;16,8
26500007714000;7;3;4;30,7
26500007715000;1;1;0;0,0
26500007716000;19;9;10;43,2
26500007717000;20;10;10;40,5
26500007718000;2;1;1;0,0
26500007719000;24;15;9;48,8
26500007720000;12;6;6;41,4
26500007736000;145;80;65;38,9
26500007737000;1514;764;750;37,1
26500007738000;14;7;7;43,4
26500007751000;2;1;1;0,0
26500007755000;10;6;4;21,0
26500007756000;23;7;16;45,3
26500007777000;7;3;4;41,7
26500007778000;2;1;1;0,0
26510007661000;14;8;6;58,0
26510007662000;6;3;3;62,2
26510007663000;12;7;5;50,6
26510007688000;10;5;5;34,4
26510007693000;8;3;5;58,3
26510007694000;11;5;6;18,5
26510007696000;16;7;9;55,6
26510007697000;3;2;1;0,0
26510007699000;3;1;2;0,0
26510007713000;2;1;1;0,0
26510007729000;295;146;149;41,6
26510007730000;1415;647;768;42,1
26510007731000;1356;673;683;39,7
26510007732000;195;101;94;29,7
26510007733000;337;184;153;38,5
26510007734000;16;12;4;32,1
26510007735000;13;6;7;29,2
26510007736000;6;3;3;27,8
26510007737000;387;199;188;37,1
26510007738000;33;17;16;32,5
26510007751000;12;7;5;37,9
26510007754000;4;1;3;0,0
26510007779000;3;2;1;0,0
26520007623000;2;1;1;0,0
26520007661000;25;14;11;38,6
26520007662000;24;13;11;41,3
26520007671000;2;1;1;0,0
26520007688000;2;2;0;0,0
26520007694000;2;1;1;0,0
26520007696000;27;13;14;44,5
26520007697000;3;1;2;0,0
26520007699000;7;3;4;44,6
26520007709000;18;10;8;54,7
26520007710000;16;10;6;49,8
26520007711000;4;1;3;0,0
26520007712000;8;4;4;52,4
26520007726000;7;3;4;67,7
26520007727000;2;0;2;0,0
26520007729000;1255;651;604;36,1
26520007730000;3516;1776;1740;36,6
26520007731000;3112;1571;1541;36,7
26520007732000;2054;1018;1036;36,3
26520007733000;2186;1068;1118;39,1
26520007734000;1662;782;880;40,0
26520007735000;2092;1004;1088;37,6
26520007736000;189;95;94;38,4
26520007737000;185;93;92;30,4
26520007738000;23;13;10;54,7
26520007739000;59;30;29;46,7
26520007740000;17;11;6;48,6
26520007753000;13;6;7;46,0
26530007659000;4;3;1;0,0
26530007660000;6;3;3;50,3
26530007661000;33;16;17;45,4
26530007662000;27;15;12;41,6
26530007671000;18;13;5;50,8
26530007672000;9;3;6;35,3
26530007694000;2;0;2;0,0
26530007695000;5;3;2;58,8
26530007696000;81;38;43;43,6
26530007708000;27;15;12;42,0
26530007709000;6;5;1;62,0
26530007721000;30;13;17;44,7
26530007722000;152;76;76;31,2
26530007723000;36;21;15;45,4
26530007724000;20;10;10;32,4
26530007725000;57;31;26;34,3
26530007726000;319;159;160;36,9
26530007727000;346;176;170;38,1
26530007728000;745;382;363;35,2
26530007729000;1341;659;682;40,8
26530007730000;304;150;154;38,2
26530007731000;1719;855;864;41,3
26530007732000;4154;2185;1969;37,2
26530007733000;2668;1384;1284;34,5
26530007734000;1496;786;710;34,5
26530007735000;704;355;349;38,4
26530007736000;734;374;360;31,0
26530007737000;1485;733;752;31,1
26530007738000;50;29;21;32,6
26530007740000;28;15;13;40,0
26530007750000;8;6;2;59,6
26530007753000;2;1;1;0,0
26530007776000;2;2;0;0,0
26530007777000;2;0;2;0,0
26530007778000;2;1;1;0,0
26540007621000;10;4;6;51,7
26540007661000;90;49;41;35,3
26540007662000;2;0;2;0,0
26540007670000;2;1;1;0,0
26540007671000;44;18;26;39,5
26540007672000;1;1;0;0,0
26540007692000;1;0;1;0,0
26540007695000;26;11;15;56,3
26540007696000;89;43;46;30,0
26540007700000;4;1;3;0,0
26540007706000;1;0;1;0,0
26540007707000;19;7;12;55,1
26540007708000;18;10;8;30,9
26540007719000;128;65;63;33,6
26540007720000;147;76;71;33,2
26540007721000;92;42;50;28,3
26540007730000;634;319;315;36,9
26540007731000;1651;840;811;37,5
26540007734000;122;65;57;37,1
26540007735000;787;428;359;37,5
26540007736000;2020;978;1042;38,8
26540007737000;1107;529;578;35,8
26540007738000;1038;529;509;35,9
26540007741000;13;7;6;57,5
26540007742000;16;8;8;37,8
26540007748000;59;29;30;37,6
26540007749000;12;5;7;44,3
26540007750000;13;6;7;35,4
26540007751000;6;2;4;52,7
26540007752000;14;9;5;38,7
26540007772000;6;4;2;62,2
26540007775000;2;1;1;0,0
26540007785000;2;1;1;0,0
26550007660000;14;10;4;42,4
26550007661000;108;54;54;44,8
26550007671000;13;9;4;34,3
26550007672000;3;2;1;0,0
26550007687000;7;4;3;40,3
26550007691000;7;4;3;68,4
26550007692000;15;10;5;48,1
26550007694000;29;16;13;47,8
26550007695000;11;6;5;49,5
26550007700000;1;1;0;0,0
26550007701000;4;3;1;0,0
26550007702000;16;8;8;45,3
26550007707000;5;1;4;41,8
26550007710000;11;8;3;50,3
26550007711000;7;2;5;44,0
26550007712000;5;3;2;36,8
26550007718000;1;1;0;0,0
26550007719000;83;50;33;39,8
26550007720000;3;1;2;0,0
26550007730000;142;75;67;31,8
26550007731000;2235;1127;1108;35,6
26550007732000;1078;536;542;41,0
26550007733000;1551;779;772;38,8
26550007735000;61;37;24;31,5
26550007736000;242;139;103;34,8
26550007737000;672;364;308;32,9
26550007738000;7;7;0;38,6
26550007742000;2;1;1;0,0
26550007743000;69;30;39;31,6
26550007744000;5;3;2;58,4
26550007746000;10;7;3;26,1
26550007747000;26;12;14;42,7
26550007748000;3;2;1;0,0
26550007749000;2;1;1;0,0
26550007750000;1;1;0;0,0
26550007773000;5;3;2;73,8
26550007774000;6;4;2;60,3
26550007775000;1;1;0;0,0
26560007653000;6;2;4;36,3
26560007655000;2;1;1;0,0
26560007656000;3;1;2;0,0
26560007658000;1;0;1;0,0
26560007659000;1;0;1;0,0
26560007660000;17;9;8;49,9
26560007661000;27;13;14;36,6
26560007671000;5;3;2;26,6
26560007690000;1;0;1;0,0
26560007691000;21;10;11;33,0
26560007692000;9;3;6;41,4
26560007693000;1;1;0;0,0
26560007694000;14;6;8;44,4
26560007695000;3;1;2;0,0
26560007702000;60;37;23;40,4
26560007703000;32;16;16;38,8
26560007704000;1;1;0;0,0
26560007705000;3;1;2;0,0
26560007706000;4;3;1;0,0
26560007708000;1;1;0;0,0
26560007709000;15;8;7;46,1
26560007710000;1;1;0;0,0
26560007713000;8;5;3;68,6
26560007715000;13;4;9;57,2
26560007716000;31;17;14;46,0
26560007717000;6;3;3;26,5
26560007718000;75;55;20;41,5
26560007720000;44;24;20;40,0
26560007732000;5;2;3;33,2
26560007733000;908;440;468;38,5
26560007734000;2020;947;1073;39,8
26560007735000;43;22;21;36,4
26560007744000;22;13;9;38,1
26560007745000;49;26;23;34,4
26560007746000;19;9;10;32,0
26560007748000;21;12;9;36,7
26560007749000;1;1;0;0,0
26560007769000;1;1;0;0,0
26570007653000;1;0;1;0,0
26570007654000;5;2;3;59,0
26570007655000;2;1;1;0,0
26570007657000;2;1;1;0,0
26570007658000;1;0;1;0,0
26570007660000;17;9;8;44,8
26570007687000;5;1;4;44,8
26570007691000;6;3;3;31,7
26570007693000;5;3;2;53,2
26570007694000;5;3;2;31,8
26570007701000;9;4;5;47,7
26570007702000;9;5;4;43,6
26570007708000;6;4;2;71,3
26570007717000;5;3;2;58,6
26570007718000;2;1;1;0,0
26570007720000;34;21;13;37,7
26570007734000;25;12;13;43,9
26570007735000;1729;824;905;41,5
26570007736000;1228;600;628;35,5
26570007737000;50;27;23;35,3
26570007747000;5;3;2;52,0
26570007768000;20;8;12;47,0
26580007652000;7;4;3;73,9
26580007655000;3;2;1;0,0
26580007658000;4;2;2;0,0
26580007659000;7;2;5;37,4
26580007660000;4;2;2;0,0
26580007661000;2;1;1;0,0
26580007672000;4;2;2;0,0
26580007673000;8;3;5;39,6
26580007687000;15;8;7;38,3
26580007690000;2;1;1;0,0
26580007691000;13;6;7;58,5
26580007708000;10;4;6;40,4
26580007713000;23;10;13;35,9
26580007718000;9;5;4;26,4
26580007719000;14;8;6;49,0
26580007720000;1;1;0;0,0
26580007721000;16;7;9;37,9
26580007735000;459;232;227;42,9
26580007736000;230;117;113;38,0
26580007737000;171;102;69;34,9
26580007738000;57;28;29;40,8
26580007739000;238;121;117;37,6
26580007740000;152;80;72;34,6
26580007741000;106;58;48;38,5
26580007747000;17;10;7;40,2
26580007767000;18;9;9;49,8
26590007650000;2;2;0;0,0
26590007651000;5;3;2;45,2
26590007660000;2;2;0;0,0
26590007673000;1;1;0;0,0
26590007679000;20;11;9;28,6
26590007685000;1;1;0;0,0
26590007687000;3;1;2;0,0
26590007703000;10;5;5;39,8
26590007704000;3;2;1;0,0
26590007705000;4;1;3;0,0
26590007706000;8;4;4;25,0
26590007707000;5;3;2;55,4
26590007713000;4;2;2;0,0
26590007720000;2;1;1;0,0
26590007721000;19;9;10;29,8
26590007722000;58;31;27;33,1
26590007741000;30;14;16;41,6
26590007742000;28;16;12;50,4
26590007747000;6;3;3;56,8
26590007766000;4;2;2;0,0
26590007767000;4;1;3;0,0
26600007649000;8;3;5;38,6
26600007660000;10;6;4;40,2
26600007678000;5;2;3;38,0
26600007679000;22;10;12;30,2
26600007680000;32;20;12;36,7
26600007690000;6;3;3;36,7
26600007702000;4;2;2;0,0
26600007703000;3;2;1;0,0
26600007721000;3;2;1;0,0
26600007722000;43;21;22;41,0
26600007742000;272;151;121;36,8
26600007767000;2;2;0;0,0
26610007648000;7;3;4;47,9
26610007659000;15;8;7;43,7
26610007674000;1;0;1;0,0
26610007678000;16;11;5;41,6
26610007679000;2;0;2;0,0
26610007680000;28;12;16;34,9
26610007681000;16;9;7;51,4
26610007682000;9;6;3;40,8
26610007688000;3;2;1;0,0
26610007690000;17;11;6;32,5
26610007698000;8;5;3;50,6
26610007701000;11;5;6;40,5
26610007702000;2;1;1;0,0
26610007721000;15;9;6;46,0
26610007722000;36;19;17;41,9
26610007723000;98;56;42;33,0
26610007742000;101;55;46;31,4
26610007743000;61;24;37;34,2
26610007744000;35;15;20;43,2
26610007748000;1;0;1;0,0
26610007766000;1;1;0;0,0
26620007646000;3;1;2;0,0
26620007647000;5;3;2;49,0
26620007648000;5;4;1;18,4
26620007673000;6;2;4;46,5
26620007679000;6;2;4;43,5
26620007680000;11;6;5;37,5
26620007681000;1;1;0;0,0
26620007683000;4;2;2;0,0
26620007688000;26;11;15;35,5
26620007689000;7;2;5;32,3
26620007690000;22;11;11;34,6
26620007698000;10;5;5;46,0
26620007701000;5;4;1;22,8
26620007720000;27;14;13;47,5
26620007721000;26;13;13;36,6
26620007722000;63;30;33;35,6
26620007723000;81;43;38;37,9
26620007741000;1;1;0;0,0
26620007744000;4;2;2;0,0
26620007745000;45;23;22;38,8
26620007748000;4;2;2;0,0
26620007775000;8;5;3;50,4
26620007776000;13;7;6;41,9
26630007645000;8;6;2;49,3
26630007646000;15;9;6;61,4
26630007647000;12;8;4;29,9
26630007659000;11;6;5;38,1
26630007660000;2;1;1;0,0
26630007673000;11;7;4;27,7
26630007679000;2;2;0;0,0
26630007680000;18;11;7;52,5
26630007681000;3;2;1;0,0
26630007682000;2;1;1;0,0
26630007683000;47;26;21;41,6
26630007684000;31;18;13;40,4
26630007688000;11;5;6;42,5
26630007689000;32;19;13;47,5
26630007690000;23;14;9;42,1
26630007698000;18;8;10;52,7
26630007701000;6;2;4;55,8
26630007719000;30;17;13;34,3
26630007720000;16;9;7;52,4
26630007721000;47;23;24;45,6
26630007722000;93;52;41;37,1
26630007723000;78;40;38;37,8
26630007746000;9;6;3;50,7
26630007748000;4;2;2;0,0
26630007773000;20;9;11;33,2
26640007644000;4;2;2;0,0
26640007659000;1;0;1;0,0
26640007660000;10;5;5;32,1
26640007673000;3;1;2;0,0
26640007684000;17;5;12;26,8
26640007688000;6;3;3;41,7
26640007690000;25;13;12;43,0
26640007698000;1;0;1;0,0
26640007701000;2;1;1;0,0
26640007702000;5;3;2;34,4
26640007719000;44;22;22;46,6
26640007720000;28;14;14;46,5
26640007723000;12;7;5;36,3
26640007724000;24;16;8;32,8
26640007746000;36;15;21;38,3
26640007772000;3;2;1;0,0
26650007659000;10;4;6;32,0
26650007670000;2;1;1;0,0
26650007672000;2;1;1;0,0
26650007677000;7;4;3;39,1
26650007678000;5;2;3;47,4
26650007679000;10;6;4;43,6
26650007681000;4;2;2;0,0
26650007684000;1;1;0;0,0
26650007685000;16;8;8;50,2
26650007688000;9;5;4;43,3
26650007690000;13;6;7;24,8
26650007691000;2;1;1;0,0
26650007698000;2;1;1;0,0
26650007702000;6;3;3;73,5
26650007715000;9;6;3;41,3
26650007716000;6;2;4;45,0
26650007717000;101;51;50;37,0
26650007718000;22;13;9;35,1
26650007719000;15;7;8;37,7
26650007724000;11;4;7;41,2
26650007725000;2;1;1;0,0
26650007746000;30;15;15;41,2
26650007750000;4;3;1;0,0
26660007658000;4;2;2;0,0
26660007659000;3;1;2;0,0
26660007670000;2;1;1;0,0
26660007678000;1;0;1;0,0
26660007686000;414;190;224;43,7
26660007687000;185;96;89;49,8
26660007688000;70;30;40;40,1
26660007690000;16;9;7;46,8
26660007691000;1;0;1;0,0
26660007702000;3;2;1;0,0
26660007714000;3;2;1;0,0
26660007717000;9;6;3;34,3
26660007725000;2;1;1;0,0
26660007726000;3;2;1;0,0
26660007746000;89;40;49;37,4
26660007747000;1;1;0;0,0
26660007770000;20;14;6;43,2
26670007658000;2;0;2;0,0
26670007659000;2;1;1;0,0
26670007668000;6;4;2;37,0
26670007681000;9;6;3;41,0
26670007682000;15;8;7;34,5
26670007684000;31;18;13;43,1
26670007685000;108;50;58;44,9
26670007686000;180;96;84;45,8
26670007687000;186;95;91;42,1
26670007688000;110;52;58;34,6
26670007689000;14;8;6;26,9
26670007698000;9;5;4;54,1
26670007702000;19;13;6;47,1
26670007703000;2;1;1;0,0
26670007704000;2;1;1;0,0
26670007726000;19;11;8;45,9
26670007746000;24;12;12;37,5
26670007754000;1;1;0;0,0
26670007755000;1;1;0;0,0
26670007770000;20;11;9;49,4
26670007771000;28;12;16;44,9
26670007772000;14;8;6;28,8
26680007659000;6;3;3;37,0
26680007670000;3;2;1;0,0
26680007681000;9;4;5;54,1
26680007682000;1;1;0;0,0
26680007683000;2;1;1;0,0
26680007684000;88;44;44;43,6
26680007685000;6;3;3;61,0
26680007689000;1;0;1;0,0
26680007690000;26;11;15;38,8
26680007691000;33;18;15;41,0
26680007698000;9;5;4;33,0
26680007702000;29;15;14;44,7
26680007703000;6;3;3;49,0
26680007727000;5;2;3;55,4
26680007746000;51;23;28;36,0
26680007747000;2;0;2;0,0
26680007756000;2;1;1;0,0
26680007769000;2;2;0;0,0
26680007770000;8;2;6;44,8
26680007771000;6;4;2;63,3
26690007669000;5;2;3;49,2
26690007670000;2;2;0;0,0
26690007681000;20;11;9;41,2
26690007682000;37;17;20;37,1
26690007683000;79;42;37;30,3
26690007684000;38;17;21;44,9
26690007691000;18;9;9;42,2
26690007692000;27;18;9;46,6
26690007696000;5;3;2;63,4
26690007697000;15;9;6;32,7
26690007698000;2;1;1;0,0
26690007702000;22;13;9;52,0
26690007728000;10;6;4;27,1
26690007747000;25;14;11;45,2
26690007758000;3;1;2;0,0
26690007759000;3;1;2;0,0
26690007799000;2;1;1;0,0
26700007659000;9;4;5;38,4
26700007661000;22;14;8;47,6
26700007662000;7;4;3;51,9
26700007663000;31;16;15;42,8
26700007667000;1;1;0;0,0
26700007669000;2;2;0;0,0
26700007670000;3;3;0;0,0
26700007681000;10;5;5;45,7
26700007684000;23;12;11;50,2
26700007685000;15;8;7;49,3
26700007686000;9;4;5;52,7
26700007692000;12;7;5;44,8
26700007693000;28;18;10;51,3
26700007694000;9;5;4;62,3
26700007695000;2;1;1;0,0
26700007701000;2;2;0;0,0
26700007702000;24;12;12;44,3
26700007729000;11;6;5;39,8
26700007747000;26;11;15;35,5
26700007748000;10;6;4;50,0
26700007753000;8;3;5;50,8
26700007754000;4;3;1;0,0
26700007758000;6;5;1;48,7
26700007760000;19;9;10;48,4
26700007765000;2;2;0;0,0
26700007766000;29;17;12;43,1
26700007796000;3;2;1;0,0
26700007797000;1;1;0;0,0
26700007798000;7;4;3;51,4
26700007799000;4;3;1;0,0
26710007661000;7;4;3;41,1
26710007662000;90;54;36;29,2
26710007663000;200;119;81;27,9
26710007664000;9;4;5;26,8
26710007665000;9;7;2;37,6
26710007667000;15;7;8;52,9
26710007668000;4;1;3;0,0
26710007669000;1;1;0;0,0
26710007684000;5;2;3;24,2
26710007686000;23;9;14;40,1
26710007693000;1;0;1;0,0
26710007694000;30;13;17;46,8
26710007699000;5;3;2;34,6
26710007700000;23;9;14;35,8
26710007701000;15;9;6;52,0
26710007702000;102;59;43;40,2
26710007731000;3;2;1;0,0
26710007747000;3;2;1;0,0
26710007758000;1;1;0;0,0
26710007760000;15;9;6;43,5
26710007761000;39;19;20;53,7
26710007762000;111;58;53;33,4
26710007763000;8;4;4;73,5
26710007764000;22;13;9;39,6
26710007765000;2;1;1;0,0
26710007766000;23;13;10;46,0
26720007661000;4;2;2;0,0
26720007662000;12;6;6;62,9
26720007663000;2;1;1;0,0
26720007686000;12;7;5;36,3
26720007698000;8;3;5;42,1
26720007699000;37;18;19;46,3
26720007748000;17;9;8;42,2
26720007761000;2;1;1;0,0
26720007762000;1;0;1;0,0
26720007766000;4;2;2;0,0
26720007795000;11;5;6;39,0
26730007662000;7;3;4;47,7
26730007686000;18;7;11;50,1
26730007692000;14;7;7;39,4
26730007693000;2;2;0;0,0
26730007695000;1;0;1;0,0
26730007696000;31;14;17;34,6
26730007697000;28;13;15;43,5
26730007698000;3;2;1;0,0
26730007703000;1;0;1;0,0
26730007704000;2;1;1;0,0
26730007749000;29;16;13;44,9
26730007754000;1;1;0;0,0
26730007755000;1;1;0;0,0
26730007762000;4;1;3;0,0
26730007763000;5;3;2;51,2
26730007767000;3;3;0;0,0
26730007770000;1;1;0;0,0
26730007771000;4;2;2;0,0
26730007772000;7;4;3;31,7
26730007773000;1;1;0;0,0
26730007794000;6;4;2;64,3
26730007795000;17;11;6;53,9
26740007686000;16;8;8;63,0
26740007688000;2;1;1;0,0
26740007689000;12;7;5;58,8
26740007690000;45;25;20;48,8
26740007691000;18;11;7;39,6
26740007692000;18;7;11;39,5
26740007693000;4;3;1;0,0
26740007694000;6;2;4;45,0
26740007695000;30;16;14;43,7
26740007696000;8;4;4;39,0
26740007704000;15;10;5;66,7
26740007732000;9;5;4;38,9
26740007749000;9;5;4;48,7
26740007750000;8;5;3;41,8
26740007755000;5;3;2;49,8
26740007767000;16;6;10;52,5
26740007771000;5;3;2;60,0
26740007773000;22;12;10;37,1
26740007774000;13;6;7;43,7
26740007793000;9;5;4;70,2
26740007794000;58;27;31;46,7
26750007661000;19;9;10;34,1
26750007662000;57;26;31;47,5
26750007663000;1;1;0;0,0
26750007685000;7;6;1;62,1
26750007686000;6;3;3;48,7
26750007687000;18;10;8;32,4
26750007688000;25;13;12;39,5
26750007690000;1;1;0;0,0
26750007704000;4;2;2;0,0
26750007732000;15;7;8;48,1
26750007733000;9;4;5;36,9
26750007765000;4;2;2;0,0
26750007767000;13;5;8;66,5
26750007768000;31;14;17;50,2
26750007792000;37;19;18;49,1
26750007793000;27;15;12;47,6
26760007661000;7;3;4;70,0
26760007662000;79;36;43;51,4
26760007685000;31;19;12;50,5
26760007687000;6;2;4;44,3
26760007704000;15;9;6;41,6
26760007733000;18;9;9;40,8
26760007734000;3;2;1;0,0
26760007746000;4;2;2;0,0
26760007765000;18;10;8;44,3
26760007768000;318;156;162;38,6
26760007769000;119;52;67;49,4
26760007774000;4;2;2;0,0
26760007788000;3;2;1;0,0
26760007789000;11;5;6;59,0
26760007790000;10;6;4;49,5
26760007791000;10;6;4;47,3
26760007792000;4;2;2;0,0
26770007658000;3;3;0;0,0
26770007659000;4;2;2;0,0
26770007662000;44;21;23;44,7
26770007663000;35;15;20;35,7
26770007666000;5;3;2;20,4
26770007667000;1;1;0;0,0
26770007684000;2;1;1;0,0
26770007685000;12;7;5;42,6
26770007686000;8;3;5;64,4
26770007694000;3;2;1;0,0
26770007704000;3;2;1;0,0
26770007705000;7;4;3;38,0
26770007723000;1;1;0;0,0
26770007732000;1;0;1;0,0
26770007733000;7;4;3;66,1
26770007734000;19;11;8;32,2
26770007746000;17;9;8;31,4
26770007756000;7;4;3;62,9
26770007765000;8;5;3;54,4
26770007766000;36;18;18;43,4
26770007767000;1;0;1;0,0
26770007769000;31;21;10;35,7
26770007787000;3;1;2;0,0
26770007788000;34;16;18;36,9
26770007789000;22;10;12;38,1
26780007658000;9;3;6;25,1
26780007662000;1;0;1;0,0
26780007663000;5;4;1;59,0
26780007667000;11;5;6;31,9
26780007684000;8;6;2;49,5
26780007685000;10;5;5;45,7
26780007695000;8;5;3;68,5
26780007696000;6;4;2;39,7
26780007706000;6;3;3;50,0
26780007707000;4;2;2;0,0
26780007709000;10;6;4;67,9
26780007722000;5;4;1;58,4
26780007732000;1;1;0;0,0
26780007734000;2;1;1;0,0
26780007756000;5;1;4;48,0
26780007767000;63;32;31;44,1
26780007768000;4;3;1;0,0
26780007770000;34;20;14;47,1
26780007771000;2;1;1;0,0
26780007781000;3;2;1;0,0
26780007782000;6;3;3;62,7
26780007783000;2;1;1;0,0
26780007786000;11;6;5;61,1
26780007787000;15;7;8;57,8
26780007797000;21;11;10;59,7
26780007798000;15;10;5;57,9
26790007654000;6;3;3;43,7
26790007655000;17;8;9;52,4
26790007656000;4;2;2;0,0
26790007657000;19;9;10;34,3
26790007658000;2;1;1;0,0
26790007663000;2;1;1;0,0
26790007667000;5;3;2;62,0
26790007668000;2;2;0;0,0
26790007684000;1;1;0;0,0
26790007685000;39;24;15;46,4
26790007696000;10;4;6;42,7
26790007697000;5;3;2;28,8
26790007698000;2;1;1;0,0
26790007710000;6;5;1;55,2
26790007721000;6;3;3;46,0
26790007722000;3;2;1;0,0
26790007734000;5;2;3;64,6
26790007735000;8;5;3;64,1
26790007745000;8;4;4;40,5
26790007768000;12;4;8;58,1
26790007784000;6;4;2;54,8
26800007653000;3;2;1;0,0
26800007654000;16;7;9;42,1
26800007655000;6;3;3;39,7
26800007663000;1;0;1;0,0
26800007664000;1;1;0;0,0
26800007667000;1;0;1;0,0
26800007668000;1;0;1;0,0
26800007669000;2;1;1;0,0
26800007684000;27;9;18;38,5
26800007685000;250;140;110;41,7
26800007709000;1;1;0;0,0
26800007717000;3;1;2;0,0
26800007718000;13;5;8;47,0
26800007719000;9;3;6;24,3
26800007720000;25;12;13;60,6
26800007721000;40;22;18;42,7
26800007722000;3;1;2;0,0
26800007736000;3;1;2;0,0
26800007744000;5;1;4;23,2
26800007745000;72;42;30;45,9
26800007746000;5;4;1;21,2
26800007769000;11;7;4;60,8
26800007771000;5;2;3;67,6
26810007649000;2;1;1;0,0
26810007652000;3;2;1;0,0
26810007653000;1;1;0;0,0
26810007663000;2;1;1;0,0
26810007664000;1;0;1;0,0
26810007670000;7;4;3;40,7
26810007684000;14;9;5;44,8
26810007685000;171;82;89;36,5
26810007699000;8;5;3;34,3
26810007701000;3;2;1;0,0
26810007702000;29;19;10;34,7
26810007703000;9;5;4;48,6
26810007704000;7;3;4;37,7
26810007705000;15;9;6;50,2
26810007706000;11;5;6;41,2
26810007707000;12;4;8;47,9
26810007708000;6;3;3;45,8
26810007709000;11;7;4;54,7
26810007710000;3;2;1;0,0
26810007712000;3;2;1;0,0
26810007715000;5;1;4;59,2
26810007716000;10;6;4;59,6
26810007722000;4;2;2;0,0
26810007723000;27;14;13;52,2
26810007772000;2;2;0;0,0
26820007646000;2;1;1;0,0
26820007661000;5;3;2;43,8
26820007663000;12;8;4;46,5
26820007670000;4;2;2;0,0
26820007671000;4;2;2;0,0
26820007684000;3;1;2;0,0
26820007685000;132;70;62;36,9
26820007700000;2;1;1;0,0
26820007705000;8;4;4;54,4
26820007706000;8;5;3;56,9
26820007707000;10;5;5;50,0
26820007708000;16;7;9;49,4
26820007709000;64;33;31;43,5
26820007710000;20;14;6;35,6
26820007711000;7;3;4;49,0
26820007712000;6;4;2;63,5
26820007713000;3;1;2;0,0
26820007715000;5;3;2;64,2
26820007723000;8;4;4;47,8
26820007724000;6;3;3;69,0
26820007725000;28;14;14;54,2
26820007726000;1;0;1;0,0
26820007727000;5;4;1;60,6
26820007728000;1;1;0;0,0
26820007762000;4;2;2;0,0
26820007764000;13;7;6;57,8
26820007779000;1;1;0;0,0
26830007645000;5;2;3;46,8
26830007660000;11;7;4;33,8
26830007663000;3;2;1;0,0
26830007670000;6;3;3;49,7
26830007671000;4;1;3;0,0
26830007683000;2;0;2;0,0
26830007684000;3;1;2;0,0
26830007685000;32;18;14;52,7
26830007713000;14;8;6;60,7
26830007718000;7;4;3;44,6
26830007722000;2;1;1;0,0
26830007723000;2;1;1;0,0
26830007728000;4;2;2;0,0
26830007729000;16;10;6;42,6
26830007764000;8;3;5;53,8
26830007765000;5;2;3;61,6
26840007671000;4;3;1;0,0
26840007683000;5;1;4;56,4
26840007684000;21;12;9;31,3
26840007713000;4;3;1;0,0
26840007717000;9;5;4;47,7
26840007718000;4;2;2;0,0
26840007719000;2;1;1;0,0
26840007722000;5;2;3;56,4
26840007723000;5;3;2;65,2
26840007724000;10;6;4;61,1
26840007725000;3;2;1;0,0
26840007728000;2;2;0;0,0
26840007737000;2;0;2;0,0
26840007773000;1;0;1;0,0
26840007779000;2;1;1;0,0
26850007671000;2;1;1;0,0
26850007672000;7;3;4;51,9
26850007682000;29;15;14;41,0
26850007683000;4;2;2;0,0
26850007726000;3;2;1;0,0
26850007727000;1;1;0;0,0
26850007729000;4;1;3;0,0
26850007736000;12;7;5;39,6
26850007738000;2;1;1;0,0
26850007739000;8;4;4;69,6
26850007741000;5;1;4;33,6
26850007768000;2;1;1;0,0
26850007771000;2;1;1;0,0
26850007778000;7;4;3;36,6
26850007779000;6;5;1;38,3
26850007793000;1;1;0;0,0
26860007658000;10;7;3;29,4
26860007672000;7;3;4;58,6
26860007682000;16;8;8;55,1
26860007683000;6;3;3;29,8
26860007729000;9;5;4;62,2
26860007732000;1;0;1;0,0
26860007733000;6;4;2;40,7
26860007734000;14;7;7;48,3
26860007735000;9;4;5;41,6
26860007736000;11;7;4;45,2
26860007742000;4;2;2;0,0
26860007745000;8;3;5;52,4
26860007746000;9;7;2;32,8
26860007771000;2;2;0;0,0
26860007773000;25;17;8;47,9
26860007774000;7;4;3;65,1
26860007778000;19;10;9;47,2
26860007779000;5;1;4;44,2
26870007657000;2;1;1;0,0
26870007658000;1;1;0;0,0
26870007672000;2;0;2;0,0
26870007682000;10;6;4;61,8
26870007683000;10;7;3;53,5
26870007729000;3;2;1;0,0
26870007731000;7;3;4;61,3
26870007732000;7;4;3;40,4
26870007733000;2;1;1;0,0
26870007743000;21;11;10;41,9
26870007744000;23;10;13;40,3
26870007745000;4;3;1;0,0
26870007773000;17;7;10;42,1
26870007779000;21;12;9;53,2
26880007657000;1;1;0;0,0
26880007683000;14;5;9;52,2
26880007728000;6;4;2;55,7
26880007730000;18;9;9;40,3
26880007731000;10;4;6;56,5
26880007743000;7;3;4;71,4
26880007748000;5;3;2;41,6
26880007779000;3;3;0;0,0
26880007787000;19;8;11;48,9
26880007788000;2;1;1;0,0
26890007675000;2;1;1;0,0
26890007684000;3;2;1;0,0
26890007685000;12;8;4;47,3
26890007728000;8;6;2;51,3
26890007730000;27;14;13;42,8
26890007749000;18;10;8;57,7
26890007781000;154;83;71;44,4
26890007782000;19;10;9;44,7
26890007783000;37;17;20;43,7
26890007784000;4;3;1;0,0
26890007787000;5;3;2;41,8
26890007788000;75;41;34;39,7
26900007636000;6;4;2;33,5
26900007637000;7;5;2;35,4
26900007657000;1;1;0;0,0
26900007686000;10;7;3;40,6
26900007687000;6;3;3;71,2
26900007688000;5;2;3;56,0
26900007728000;2;1;1;0,0
26900007729000;1;1;0;0,0
26900007730000;18;11;7;48,2
26900007749000;5;3;2;68,6
26900007750000;1;1;0;0,0
26900007754000;14;8;6;33,4
26900007781000;8;5;3;63,5
26900007783000;20;8;12;47,4
26900007786000;5;2;3;76,4
26900007787000;1;1;0;0,0
26900007790000;1;1;0;0,0
26910007688000;11;5;6;50,3
26910007689000;21;12;9;46,8
26910007690000;24;15;9;38,0
26910007750000;8;5;3;41,3
26910007751000;15;6;9;57,7
26910007752000;34;16;18;53,0
26910007753000;53;24;29;46,5
26910007754000;17;9;8;44,9
26910007755000;6;4;2;35,8
26910007783000;5;4;1;53,0
26910007786000;3;2;1;0,0
26920007690000;90;40;50;35,1
26920007691000;9;5;4;64,4
26920007747000;5;2;3;24,6
26920007783000;8;4;4;42,6
26930007690000;44;23;21;52,2
26930007691000;25;12;13;46,4
26930007692000;14;9;5;45,6
26930007693000;5;4;1;61,8
26930007694000;18;8;10;34,0
26930007752000;19;10;9;49,8
26930007753000;41;21;20;33,8
26930007754000;12;8;4;54,1
26930007755000;4;2;2;0,0
26930007756000;12;7;5;63,3
26930007784000;5;4;1;59,6
26940007691000;13;6;7;38,5
26940007696000;18;10;8;39,3
26940007697000;12;7;5;39,0
26940007757000;18;8;10;46,8
26940007758000;1;0;1;0,0
26940007759000;19;12;7;46,8
26940007760000;6;4;2;59,0
26940007785000;5;4;1;57,4
26950007691000;110;55;55;37,4
26950007692000;142;65;77;37,2
26950007693000;1;1;0;0,0
26950007694000;7;3;4;51,0
26950007697000;4;2;2;0,0
26950007698000;20;11;9;51,0
26950007699000;15;10;5;47,3
26950007700000;33;16;17;40,0
26950007701000;1;1;0;0,0
26950007728000;12;5;7;53,3
26950007760000;3;1;2;0,0
26950007761000;2;1;1;0,0
26950007762000;16;9;7;41,1
26960007683000;3;1;2;0,0
26960007686000;2;2;0;0,0
26960007687000;9;6;3;30,1
26960007690000;6;2;4;23,0
26960007691000;88;45;43;33,5
26960007692000;47;19;28;33,1
26960007695000;3;2;1;0,0
26960007702000;3;2;1;0,0
26960007727000;2;2;0;0,0
26960007762000;9;5;4;63,3
26960007763000;16;11;5;62,8
26970007682000;1;1;0;0,0
26970007683000;12;6;6;41,1
26970007684000;3;2;1;0,0
26970007685000;5;3;2;59,4
26970007686000;10;6;4;45,3
26970007687000;2;1;1;0,0
26970007690000;30;16;14;35,5
26970007691000;8;5;3;33,9
26970007697000;9;4;5;44,8
26970007698000;5;3;2;70,0
26970007699000;8;4;4;43,5
26970007702000;3;3;0;0,0
26970007703000;19;11;8;43,8
26970007704000;1;0;1;0,0
26970007728000;3;2;1;0,0
26970007761000;51;28;23;42,5
26970007763000;10;5;5;66,5
26970007764000;57;29;28;55,2
26970007765000;4;2;2;0,0
26970007766000;2;1;1;0,0
26980007682000;5;3;2;43,6
26980007689000;1;0;1;0,0
26980007690000;20;12;8;47,9
26980007699000;10;6;4;62,7
26980007700000;24;10;14;40,4
26980007704000;17;4;13;54,1
26980007761000;3;1;2;0,0
26980007762000;68;33;35;36,1
26980007763000;30;17;13;42,9
26980007764000;5;3;2;58,6
26980007765000;26;15;11;49,4
26980007766000;22;9;13;52,8
26980007767000;20;11;9;43,0
26990007680000;1;1;0;0,0
26990007681000;6;3;3;65,8
26990007689000;18;9;9;40,3
26990007690000;14;6;8;49,8
26990007704000;1;1;0;0,0
26990007705000;8;4;4;48,3
26990007728000;9;3;6;43,1
26990007767000;14;7;7;50,4
26990007768000;17;11;6;56,6
27000007679000;4;2;2;0,0
27000007681000;4;3;1;0,0
27000007688000;4;3;1;0,0
27000007689000;20;11;9;40,2
27000007705000;9;3;6;71,8
27000007706000;7;5;2;62,0
27000007727000;15;9;6;55,9
27010007677000;3;2;1;0,0
27010007679000;2;1;1;0,0
27010007688000;8;5;3;43,3
27010007689000;16;8;8;32,6
27010007703000;2;1;1;0,0
27010007706000;12;5;7;48,8
27010007707000;14;8;6;57,9
27010007710000;4;4;0;0,0
27010007711000;188;92;96;41,5
27010007712000;73;31;42;49,5
27010007719000;1;1;0;0,0
27010007727000;14;9;5;35,3
27020007675000;2;1;1;0,0
27020007676000;6;3;3;59,2
27020007716000;7;5;2;66,9
27020007717000;7;4;3;35,6
27020007718000;12;6;6;37,0
27020007719000;26;15;11;47,5
27020007721000;10;3;7;31,7
27020007726000;97;52;45;42,4
27020007727000;191;95;96;45,5
27030007706000;1;1;0;0,0
27030007714000;9;5;4;56,3
27030007715000;2;1;1;0,0
27030007716000;4;2;2;0,0
27030007717000;46;23;23;31,1
27030007718000;61;35;26;42,3
27030007719000;72;34;38;43,3
27030007720000;30;15;15;46,0
27030007721000;92;44;48;37,7
27030007722000;80;44;36;43,4
27030007723000;37;23;14;46,2
27030007724000;13;7;6;43,8
27030007725000;156;76;80;37,0
27030007726000;241;126;115;42,3
27030007727000;133;65;68;44,5
27030007738000;13;6;7;62,9
27030007739000;1;1;0;0,0
27040007718000;5;3;2;66,4
27040007721000;2;1;1;0,0
27040007723000;33;15;18;42,6
27040007724000;9;4;5;25,0
27040007727000;30;18;12;52,0
27040007728000;36;18;18;44,9
27040007735000;7;4;3;38,1
27040007736000;7;4;3;57,3
27040007737000;2;1;1;0,0
27050007724000;1;1;0;0,0
27050007728000;1;1;0;0,0
27050007729000;53;26;27;49,5
27050007730000;3;2;1;0,0
27050007735000;16;10;6;54,3
27060007704000;56;29;27;43,9
27060007705000;15;7;8;42,9
27060007706000;97;55;42;45,6
27060007707000;123;64;59;41,8
27060007728000;7;3;4;13,9
27060007729000;17;9;8;54,6
27060007730000;3;2;1;0,0
27060007734000;8;4;4;45,5
27060007735000;13;8;5;48,9
27070007703000;3;2;1;0,0
27070007704000;16;9;7;56,7
27070007705000;111;56;55;45,3
27070007706000;224;115;109;40,6
27070007707000;26;14;12;46,7
27070007731000;13;6;7;40,1
27070007732000;5;3;2;68,0
27070007733000;15;8;7;42,9
27080007703000;5;1;4;50,2
27080007704000;12;6;6;41,7
27080007705000;23;12;11;57,7
27080007706000;5;4;1;43,0
27080007781000;2;2;0;0,0
27080007782000;3;2;1;0,0
27080007783000;3;2;1;0,0
27080007796000;56;26;30;53,4
27080007797000;82;47;35;37,8
27090007722000;8;4;4;37,0
27090007723000;2;1;1;0,0
27090007780000;1;0;1;0,0
27100007728000;10;3;7;43,2
27100007729000;4;1;3;0,0
27100007748000;8;5;3;47,6
27110007747000;37;22;15;41,4
27110007748000;16;9;7;44,9
27110007749000;11;7;4;41,0
27110007779000;6;4;2;62,2
27110007781000;6;4;2;57,8
27110007782000;4;2;2;0,0
27120007732000;1;1;0;0,0
27120007733000;1;1;0;0,0
27120007734000;5;2;3;48,4
27120007738000;16;8;8;33,9
27120007739000;6;3;3;74,3
27120007746000;17;10;7;46,5
27120007747000;22;14;8;54,0
27120007754000;2;0;2;0,0
27120007755000;3;2;1;0,0
27120007756000;2;2;0;0,0
27120007757000;1;0;1;0,0
27120007779000;2;1;1;0,0
27130007732000;25;12;13;53,8
27130007739000;14;6;8;54,6
27130007740000;10;5;5;39,5
27130007741000;8;3;5;44,4
27130007742000;2;1;1;0,0
27130007743000;3;1;2;0,0
27130007744000;16;8;8;49,1
27130007745000;18;9;9;67,0
27130007746000;15;7;8;29,6
27130007748000;11;5;6;55,3
27130007780000;16;8;8;38,8
27140007719000;28;17;11;46,0
27140007720000;23;11;12;34,1
27140007721000;39;22;17;44,0
27140007731000;224;114;110;43,5
27140007732000;8;3;5;29,5
27140007750000;23;11;12;52,6
27140007752000;25;18;7;52,8
27140007780000;12;7;5;45,6
27140007781000;39;22;17;42,9
27140007782000;28;18;10;47,5
27150007717000;13;9;4;36,4
27150007718000;2;1;1;0,0
27150007719000;30;18;12;35,8
27150007720000;46;23;23;34,8
27150007721000;43;19;24;33,6
27150007722000;96;52;44;42,1
27150007723000;25;14;11;49,7
27150007724000;60;26;34;42,4
27150007725000;30;20;10;51,8
27150007726000;3;1;2;0,0
27150007730000;37;18;19;46,3
27150007731000;67;40;27;41,0
27150007750000;26;14;12;33,9
27150007751000;25;13;12;50,5
27150007752000;2;1;1;0,0
27150007774000;4;2;2;0,0
27150007781000;11;5;6;48,7
27160007715000;3;1;2;0,0
27160007716000;10;5;5;49,2
27160007717000;1;1;0;0,0
27160007720000;7;4;3;41,4
27160007721000;22;14;8;47,1
27160007722000;71;34;37;42,4
27160007723000;68;40;28;41,9
27160007724000;106;58;48;48,4
27160007729000;23;10;13;42,3
27160007730000;13;9;4;39,2
27160007751000;41;21;20;37,0
27160007752000;4;2;2;0,0
27160007773000;1;0;1;0,0
27170007713000;1;1;0;0,0
27170007714000;6;4;2;41,2
27170007726000;2;1;1;0,0
27170007727000;10;5;5;69,8
27170007728000;26;11;15;44,5
27170007729000;14;8;6;46,7
27170007752000;21;10;11;41,2
27170007787000;4;3;1;0,0
27170007788000;4;1;3;0,0
27170007789000;6;4;2;52,8
27180007711000;5;3;2;23,8
27180007726000;2;1;1;0,0
27180007752000;26;16;10;45,4
27180007760000;6;3;3;68,2
27180007761000;2;1;1;0,0
27180007762000;1;0;1;0,0
27180007786000;10;6;4;43,2
27180007787000;3;2;1;0,0
27180007788000;1;1;0;0,0
27180007789000;2;1;1;0,0
27180007790000;9;5;4;51,4
27180007791000;9;5;4;56,1
27180007792000;5;3;2;60,0
27190007722000;19;10;9;59,8
27190007724000;9;6;3;62,6
27190007725000;2;2;0;0,0
27190007752000;19;9;10;49,8
27190007765000;2;1;1;0,0
27200007723000;13;7;6;46,7
27200007724000;4;2;2;0,0
27200007750000;20;13;7;36,8
27200007751000;38;20;18;34,7
27200007752000;20;10;10;35,4
27200007753000;5;3;2;43,2
27200007754000;10;2;8;38,3
27200007782000;1;1;0;0,0
27200007784000;3;1;2;0,0
27200007785000;5;2;3;71,0
27210007723000;5;2;3;22,6
27210007749000;1;1;0;0,0
27210007754000;13;7;6;38,5
27210007755000;9;4;5;52,3
27210007756000;2;1;1;0,0
27210007760000;12;7;5;43,2
27210007783000;1;1;0;0,0
27210007784000;1;0;1;0,0
27220007723000;13;7;6;36,2
27220007756000;17;9;8;52,7
27220007757000;15;11;4;47,1
27220007758000;8;2;6;43,4
27220007759000;16;9;7;44,7
27230007723000;10;3;7;50,1
27230007760000;3;1;2;0,0
27230007767000;3;1;2;0,0
27230007768000;3;1;2;0,0
27240007723000;40;21;19;47,8
27240007759000;13;9;4;40,8
27240007760000;28;13;15;38,9
27240007768000;5;2;3;69,8
27250007687000;4;3;1;0,0
27250007722000;17;12;5;56,9
27250007723000;10;6;4;51,2
27250007759000;9;5;4;47,8
27250007761000;18;10;8;57,3
27250007769000;11;5;6;48,2
27260007720000;1;1;0;0,0
27260007721000;10;6;4;44,4
27260007760000;2;1;1;0,0
27260007761000;2;1;1;0,0
27260007762000;1;0;1;0,0
27260007768000;4;2;2;0,0
27260007769000;4;1;3;0,0
27260007774000;6;3;3;57,2
27260007780000;564;301;263;39,2
27270007719000;3;1;2;0,0
27270007720000;89;47;42;47,7
27270007721000;9;4;5;35,0
27270007754000;1;0;1;0,0
27270007755000;12;4;8;48,8
27270007768000;23;10;13;45,4
27270007774000;2;1;1;0,0
27270007775000;16;10;6;42,3
27270007778000;101;51;50;24,5
27270007779000;416;202;214;39,0
27270007780000;896;466;430;41,6
27270007781000;419;199;220;42,8
27280007718000;1;0;1;0,0
27280007719000;63;25;38;39,9
27280007720000;87;49;38;33,9
27280007752000;14;6;8;37,1
27280007753000;270;142;128;39,5
27280007767000;11;5;6;39,8
27280007768000;10;7;3;60,0
27280007770000;1;1;0;0,0
27280007775000;17;9;8;36,9
27280007781000;81;41;40;31,9
27290007677000;6;4;2;50,0
27290007718000;49;28;21;49,6
27290007719000;30;19;11;48,7
27290007752000;487;239;248;40,0
27290007753000;83;44;39;39,8
27290007768000;3;2;1;0,0
27290007775000;3;2;1;0,0
27290007777000;3;1;2;0,0
27300007718000;27;17;10;52,6
27300007751000;51;32;19;34,8
27300007752000;13;7;6;33,1
27310007716000;3;1;2;0,0
27310007717000;105;51;54;48,1
27310007718000;39;21;18;47,8
27310007750000;2;1;1;0,0
27310007751000;195;99;96;40,5
27310007752000;11;8;3;48,2
27310007755000;12;7;5;42,8
27310007758000;2;2;0;0,0
27320007716000;42;23;19;52,1
27320007717000;6;3;3;69,7
27320007748000;15;7;8;31,3
27320007749000;53;26;27;41,0
27320007750000;105;49;56;42,0
27320007751000;778;365;413;43,6
27320007752000;353;188;165;39,3
27320007753000;36;18;18;41,1
27320007754000;28;11;17;34,0
27320007755000;4;2;2;0,0
27320007758000;18;9;9;38,9
27320007759000;19;9;10;41,4
27320007760000;6;4;2;54,2
27320007761000;13;5;8;54,3
27320007762000;5;3;2;40,2
27320007763000;16;9;7;37,5
27330007745000;2;1;1;0,0
27330007746000;12;7;5;45,3
27330007747000;16;10;6;38,8
27330007748000;15;8;7;42,9
27330007749000;70;38;32;35,1
27330007751000;392;197;195;30,5
27330007752000;26;12;14;32,2
27330007753000;3;1;2;0,0
27330007754000;29;13;16;41,7
27330007763000;4;1;3;0,0
27340007745000;9;6;3;31,0
27340007746000;3;3;0;0,0
27340007749000;29;15;14;46,4
27340007754000;9;5;4;45,1
27340007755000;25;16;9;37,0
27340007763000;22;11;11;23,7
27340007764000;6;4;2;43,0
27340007801000;3;2;1;0,0
27340007803000;1;0;1;0,0
27350007742000;15;7;8;40,7
27350007749000;48;30;18;42,9
27350007754000;8;4;4;32,8
27350007755000;22;11;11;36,9
27350007758000;3;2;1;0,0
27350007759000;3;1;2;0,0
27350007760000;1;1;0;0,0
27350007764000;9;4;5;29,2
27360007748000;1;1;0;0,0
27360007749000;6;4;2;51,2
27360007759000;4;3;1;0,0
27360007760000;5;3;2;37,0
27370007748000;6;5;1;48,5
27370007749000;45;26;19;42,1
27370007757000;1;1;0;0,0
27370007761000;4;2;2;0,0
27370007762000;4;2;2;0,0
27370007763000;14;9;5;40,0
27370007764000;17;5;12;41,1
27370007765000;1;1;0;0,0
27370007766000;3;2;1;0,0
27370007767000;7;4;3;34,9
27370007769000;4;2;2;0,0
27370007770000;11;6;5;51,8
27380007747000;2;1;1;0,0
27380007748000;35;19;16;43,4
27380007749000;2;1;1;0,0
27380007759000;1;1;0;0,0
27380007760000;18;10;8;47,9
27380007761000;2;1;1;0,0
27380007762000;27;13;14;40,9
27380007763000;32;16;16;39,7
27380007769000;24;13;11;47,5
27390007747000;22;10;12;40,8
27390007748000;20;9;11;33,0
27390007762000;7;3;4;53,0
27390007769000;9;5;4;73,0
27400007742000;1;1;0;0,0
27400007743000;1;1;0;0,0
27400007744000;5;1;4;40,8
27400007746000;27;12;15;37,8
27400007747000;15;9;6;37,8
27400007767000;5;3;2;41,4
27400007769000;29;15;14;43,3
27410007742000;26;15;11;34,4
27410007743000;31;14;17;43,3
27410007744000;20;7;13;50,3
27410007745000;23;12;11;43,4
27410007746000;21;10;11;41,7
27410007766000;4;1;3;0,0
27410007768000;15;7;8;40,7
27410007769000;10;7;3;44,4
27410007804000;1;1;0;0,0
27410007815000;3;3;0;0,0
27410007816000;2;2;0;0,0
27410007817000;1;1;0;0,0
27410007818000;1;1;0;0,0
27420007731000;1;1;0;0,0
27420007734000;3;2;1;0,0
27420007742000;24;13;11;30,7
27420007766000;14;6;8;23,3
27420007768000;95;48;47;37,2
27430007730000;2;1;1;0,0
27430007731000;3;1;2;0,0
27430007734000;9;6;3;31,0
27430007737000;6;3;3;33,3
27430007740000;10;6;4;39,3
27430007741000;6;2;4;64,5
27430007766000;3;2;1;0,0
27430007767000;8;5;3;74,8
27430007768000;1;0;1;0,0
27440007729000;25;12;13;40,5
27440007730000;2;2;0;0,0
27440007734000;8;5;3;39,1
27440007736000;6;1;5;60,8
27440007737000;2;1;1;0,0
27440007738000;4;2;2;0,0
27440007739000;8;3;5;51,5
27440007740000;14;10;4;34,4
27440007741000;6;4;2;41,7
27440007767000;10;7;3;49,0
27440007806000;1;1;0;0,0
27450007728000;3;2;1;0,0
27450007729000;16;6;10;30,8
27450007736000;5;3;2;42,6
27450007763000;11;6;5;62,7
27450007764000;3;2;1;0,0
27450007802000;1;1;0;0,0
27460007727000;6;4;2;66,8
27460007763000;1;1;0;0,0
27460007764000;5;3;2;64,6
27460007765000;22;11;11;50,8
27460007766000;9;5;4;53,0
27460007810000;3;2;1;0,0
27460007811000;5;3;2;45,2
27470007759000;10;7;3;38,2
27470007764000;7;4;3;42,7
27470007765000;4;1;3;0,0
27470007809000;18;9;9;51,3
27470007810000;6;2;4;61,5
27480007726000;2;1;1;0,0
27480007808000;17;9;8;54,4
27480007809000;2;2;0;0,0
27490007725000;12;5;7;28,6
27490007775000;1;1;0;0,0
27500007724000;1;1;0;0,0
27500007725000;5;3;2;55,0
27500007790000;9;5;4;63,1
27520007721000;3;1;2;0,0
27520007723000;3;3;0;0,0
27520007804000;9;6;3;50,7
27530007803000;5;4;1;67,6
27530007804000;4;2;2;0,0
27540007768000;1;1;0;0,0
27540007779000;25;14;11;49,4
27550007718000;2;1;1;0,0
27550007779000;1;1;0;0,0
27550007807000;55;29;26;52,5
27550007808000;35;19;16;32,3
27550007809000;3;3;0;0,0
27570007850000;56;27;29;36,2
27570007851000;45;30;15;56,4
27580007766000;1;1;0;0,0
27580007785000;2;1;1;0,0
27580007850000;17;15;2;35,5
27580007851000;64;31;33;41,1
27590007766000;1;0;1;0,0
27590007785000;8;4;4;59,6
27590007796000;4;3;1;0,0
27590007851000;38;24;14;30,7
27600007764000;2;2;0;0,0
27600007786000;12;9;3;36,1
27600007787000;5;3;2;58,6
27600007849000;2;1;1;0,0
27610007763000;7;4;3;57,6
27610007764000;2;1;1;0,0
27610007787000;13;6;7;46,7
27620007763000;9;4;5;58,4
27620007848000;2;1;1;0,0
27630007761000;2;2;0;0,0
27630007762000;20;11;9;52,3
27630007763000;15;7;8;45,4
27630007774000;5;2;3;26,8
27630007787000;3;3;0;0,0
27630007848000;3;1;2;0,0
27640007762000;4;2;2;0,0
27640007763000;2;1;1;0,0
27640007766000;3;1;2;0,0
27640007767000;10;6;4;19,9
27640007768000;13;5;8;43,5
27640007774000;9;6;3;32,9
27640007775000;2;0;2;0,0
27640007788000;4;3;1;0,0
27650007755000;5;4;1;54,0
27650007761000;6;3;3;43,5
27650007762000;14;8;6;34,9
27650007766000;21;9;12;50,3
27650007788000;11;7;4;37,6
27650007789000;10;6;4;47,7
27650007790000;2;2;0;0,0
27650007835000;29;15;14;49,4
27650007836000;29;18;11;50,5
27650007837000;17;7;10;44,1
27650007838000;4;3;1;0,0
27660007754000;2;1;1;0,0
27660007756000;7;3;4;42,1
27660007760000;12;7;5;35,3
27660007762000;3;2;1;0,0
27660007763000;18;10;8;29,3
27660007766000;15;10;5;49,6
27660007774000;3;1;2;0,0
27660007775000;8;5;3;64,0
27660007788000;6;3;3;19,8
27660007789000;6;3;3;36,2
27660007807000;8;4;4;64,5
27660007808000;2;2;0;0,0
27660007834000;1;1;0;0,0
27660007835000;240;114;126;41,7
27660007836000;101;52;49;37,2
27670007752000;9;5;4;22,0
27670007761000;13;8;5;47,7
27670007762000;2;2;0;0,0
27670007763000;8;3;5;35,3
27670007766000;38;17;21;43,5
27670007774000;10;4;6;45,2
27670007775000;8;4;4;62,6
27670007776000;12;5;7;52,8
27670007777000;4;2;2;0,0
27670007778000;7;3;4;48,0
27670007779000;6;3;3;42,8
27670007781000;7;4;3;68,3
27670007782000;11;8;3;50,9
27670007808000;2;1;1;0,0
27670007809000;4;2;2;0,0
27670007810000;21;12;9;46,8
27670007811000;31;19;12;52,4
27670007835000;34;20;14;38,5
27670007836000;9;5;4;67,8
27680007752000;8;2;6;45,0
27680007763000;2;1;1;0,0
27680007765000;5;2;3;51,0
27680007766000;8;6;2;52,8
27680007773000;61;31;30;41,7
27680007774000;35;18;17;40,9
27680007775000;2;1;1;0,0
27680007776000;12;9;3;31,5
27680007777000;6;4;2;61,5
27680007778000;9;5;4;56,4
27680007779000;2;1;1;0,0
27680007780000;2;1;1;0,0
27680007781000;7;4;3;42,9
27680007782000;5;3;2;36,8
27680007811000;27;17;10;47,7
27680007812000;4;3;1;0,0
27680007813000;5;5;0;74,2
27680007842000;1;0;1;0,0
27680007845000;1;1;0;0,0
27690007763000;5;3;2;26,6
27690007764000;41;19;22;49,2
27690007765000;1;1;0;0,0
27690007773000;75;40;35;31,6
27690007774000;222;109;113;44,9
27690007775000;32;15;17;46,5
27690007784000;19;12;7;43,2
27690007785000;14;7;7;55,4
27690007839000;7;3;4;49,1
27690007847000;250;150;100;42,1
27700007751000;2;1;1;0,0
27700007752000;1;1;0;0,0
27700007758000;4;2;2;0,0
27700007764000;17;9;8;34,9
27700007772000;24;9;15;41,5
27700007784000;3;2;1;0,0
27700007785000;8;5;3;40,3
27700007847000;17;8;9;40,4
27700007848000;62;31;31;43,6
27700007849000;2;2;0;0,0
27710007752000;9;4;5;50,6
27710007758000;5;3;2;63,0
27710007771000;12;7;5;28,6
27710007772000;16;10;6;44,3
27710007785000;3;2;1;0,0
27720007751000;9;6;3;57,1
27720007755000;7;5;2;53,0
27720007757000;21;10;11;42,7
27720007786000;12;5;7;50,8
27720007806000;6;3;3;45,3
27720007807000;3;3;0;0,0
27730007751000;6;3;3;58,8
27730007756000;1;1;0;0,0
27730007757000;2;1;1;0,0
27730007808000;2;1;1;0,0
27740007752000;3;1;2;0,0
27740007754000;3;2;1;0,0
27740007786000;2;1;1;0,0
27750007750000;2;1;1;0,0
27750007752000;4;1;3;0,0
27750007753000;5;2;3;39,8
27750007786000;10;4;6;27,5
27750007800000;2;1;1;0,0
27760007786000;8;5;3;49,3
27760007787000;18;8;10;42,1
27760007801000;6;3;3;60,5
27760007802000;8;5;3;41,3
27760007803000;3;2;1;0,0
27760007804000;1;1;0;0,0
27760007805000;3;2;1;0,0
27760007808000;5;3;2;50,0
27760007809000;209;108;101;46,5
27760007810000;167;86;81;45,1
27760007811000;126;66;60;41,5
27770007784000;3;0;3;0,0
27770007785000;2;1;1;0,0
27770007787000;4;3;1;0,0
27770007808000;128;71;57;46,1
27780007783000;7;4;3;35,7
27780007784000;11;6;5;41,0
27780007785000;8;4;4;61,6
27780007786000;1;1;0;0,0
27780007788000;13;7;6;39,5
27790007782000;3;3;0;0,0
27790007783000;8;5;3;38,1
27790007789000;2;1;1;0,0
27810007791000;6;2;4;58,5
27810007799000;2;1;1;0,0
27830007789000;3;3;0;0,0
27830007792000;8;6;2;70,6
27840007792000;5;4;1;49,6
27840007793000;1;1;0;0,0
27840007795000;1;0;1;0,0
27840007796000;2;2;0;0,0
27840007797000;5;3;2;64,8
27840007798000;1;0;1;0,0
27850007796000;4;3;1;0,0
27860007792000;2;1;1;0,0
27870007792000;1;1;0;0,0
27890007794000;1;1;0;0,0
27930007822000;9;6;3;40,2
27940007794000;2;1;1;0,0
27940007820000;8;4;4;48,3
27940007822000;2;2;0;0,0
27940007860000;1;1;0;0,0
27940007861000;4;3;1;0,0
27940007862000;4;3;1;0,0
27950007795000;1;0;1;0,0
27950007819000;9;5;4;37,6
27950007820000;32;18;14;44,2
27960007795000;1;1;0;0,0
27960007862000;1;1;0;0,0
27970007796000;1;1;0;0,0
27970007870000;1;1;0;0,0
27980007796000;2;1;1;0,0
27980007797000;6;3;3;63,7
27980007798000;1;1;0;0,0
27990007797000;1;1;0;0,0
27990007798000;1;1;0;0,0
27990007868000;2;2;0;0,0
28000007856000;1;1;0;0,0
28010007788000;1;0;1;0,0
28010007789000;31;14;17;41,1
28010007790000;74;38;36;37,9
28010007822000;5;2;3;38,6
28010007823000;1;0;1;0,0
28010007846000;5;3;2;35,2
28010007862000;2;1;1;0,0
28010007863000;2;1;1;0,0
28020007767000;3;3;0;0,0
28020007789000;164;84;80;35,4
28020007790000;100;56;44;49,1
28020007794000;9;6;3;51,4
28020007795000;3;2;1;0,0
28020007798000;11;7;4;39,2
28020007799000;10;5;5;45,0
28020007800000;15;8;7;45,3
28020007820000;1;1;0;0,0
28020007846000;15;8;7;61,9
28020007847000;2;1;1;0,0
28030007788000;2;1;1;0,0
28030007789000;22;14;8;31,5
28030007792000;5;3;2;17,6
28030007793000;2;2;0;0,0
28030007818000;2;1;1;0,0
28030007864000;1;1;0;0,0
28040007770000;5;1;4;39,8
28040007817000;3;3;0;0,0
28040007866000;1;1;0;0,0
28040007878000;4;3;1;0,0
28050007770000;1;0;1;0,0
28050007771000;7;4;3;44,7
28050007772000;8;3;5;29,4
28050007787000;18;11;7;46,7
28050007817000;3;1;2;0,0
28050007865000;2;1;1;0,0
28060007773000;5;3;2;58,4
28060007774000;10;5;5;33,1
28060007775000;17;10;7;41,8
28060007776000;10;3;7;40,7
28060007777000;6;3;3;16,0
28060007778000;37;14;23;52,5
28060007779000;20;10;10;39,8
28060007789000;6;3;3;36,8
28070007776000;5;3;2;58,2
28070007779000;21;6;15;34,1
28070007780000;7;4;3;52,9
28070007868000;1;1;0;0,0
28070007875000;19;10;9;48,1
28070007876000;3;2;1;0,0
28080007781000;25;11;14;39,8
28080007782000;1;1;0;0,0
28080007783000;1;1;0;0,0
28080007785000;4;2;2;0,0
28080007786000;1;0;1;0,0
28080007810000;1;0;1;0,0
28080007875000;49;24;25;39,4
28090007778000;74;38;36;45,8
28090007779000;29;15;14;36,2
28090007780000;62;29;33;38,8
28090007782000;21;11;10;37,4
28090007783000;1;0;1;0,0
28090007802000;4;2;2;0,0
28090007809000;7;3;4;42,0
28090007810000;15;9;6;63,1
28090007811000;3;1;2;0,0
28090007875000;2;1;1;0,0
28100007778000;16;8;8;26,9
28100007797000;1;1;0;0,0
28100007802000;2;1;1;0,0
28100007810000;1;1;0;0,0
28100007811000;2;1;1;0,0
28100007848000;7;4;3;53,4
28110007781000;20;12;8;40,7
28110007802000;12;9;3;45,3
28110007846000;13;9;4;37,5
28110007847000;8;4;4;63,8
28120007682000;10;5;5;53,9
28120007780000;100;57;43;39,6
28120007781000;229;111;118;34,1
28120007803000;6;5;1;59,3
28120007846000;5;3;2;46,4
28120007847000;8;4;4;30,6
28130007682000;3;2;1;0,0
28130007772000;1;0;1;0,0
28130007773000;113;63;50;40,1
28130007774000;46;24;22;28,1
28130007775000;2;1;1;0,0
28130007780000;22;12;10;24,9
28130007781000;1799;868;931;35,2
28130007782000;928;466;462;42,1
28130007798000;2;1;1;0,0
28130007814000;3;2;1;0,0
28130007816000;7;5;2;48,7
28130007849000;1;0;1;0,0
28140007774000;29;17;12;48,5
28140007775000;38;22;16;47,8
28140007777000;22;15;7;33,2
28140007778000;75;42;33;36,2
28140007779000;62;33;29;28,5
28140007780000;24;13;11;45,8
28140007781000;691;372;319;31,6
28140007782000;943;473;470;39,3
28140007783000;1137;582;555;39,1
28140007784000;445;213;232;40,9
28140007803000;1;0;1;0,0
28140007812000;1;0;1;0,0
28140007814000;2;1;1;0,0
28140007815000;6;3;3;46,8
28140007817000;5;4;1;72,4
28140007851000;2;2;0;0,0
28140007852000;1;1;0;0,0
28150007774000;9;6;3;44,3
28150007775000;8;4;4;53,6
28150007776000;84;42;42;34,8
28150007777000;12;5;7;29,9
28150007778000;64;36;28;39,7
28150007779000;141;70;71;30,5
28150007780000;23;9;14;28,9
28150007781000;123;65;58;33,9
28150007782000;77;40;37;36,4
28150007783000;742;375;367;42,4
28150007784000;944;456;488;39,7
28150007785000;107;52;55;38,5
28150007786000;287;161;126;30,8
28150007798000;8;3;5;36,4
28150007812000;15;9;6;65,3
28150007814000;5;3;2;31,6
28150007815000;14;8;6;49,4
28150007817000;3;2;1;0,0
28150007847000;12;9;3;48,3
28160007667000;37;17;20;46,0
28160007679000;45;27;18;39,0
28160007680000;1;1;0;0,0
28160007772000;5;3;2;43,6
28160007774000;4;2;2;0,0
28160007775000;2;1;1;0,0
28160007776000;34;17;17;33,3
28160007778000;92;44;48;37,5
28160007779000;13;8;5;42,5
28160007780000;35;18;17;34,5
28160007781000;17;5;12;26,2
28160007782000;34;21;13;46,9
28160007783000;74;37;37;38,3
28160007784000;535;265;270;35,4
28160007785000;80;42;38;45,3
28160007786000;117;62;55;38,4
28160007798000;5;2;3;63,8
28160007801000;9;4;5;36,9
28160007807000;6;4;2;50,5
28160007812000;8;4;4;52,6
28160007813000;4;3;1;0,0
28160007815000;9;6;3;64,9
28160007816000;4;2;2;0,0
28160007817000;8;5;3;68,5
28160007847000;2;1;1;0,0
28160007849000;9;5;4;32,3
28160007850000;5;2;3;50,4
28160007851000;1;1;0;0,0
28170007668000;26;16;10;31,8
28170007771000;4;3;1;0,0
28170007772000;4;2;2;0,0
28170007773000;18;10;8;39,5
28170007779000;2;1;1;0,0
28170007780000;17;9;8;45,8
28170007781000;34;19;15;38,8
28170007782000;21;13;8;37,6
28170007783000;785;383;402;30,0
28170007784000;798;406;392;37,8
28170007790000;5;3;2;28,8
28170007800000;47;28;19;42,2
28170007801000;51;25;26;47,3
28170007845000;6;3;3;32,5
28170007850000;6;3;3;69,2
28170007852000;3;2;1;0,0
28180007772000;15;10;5;43,1
28180007779000;2;1;1;0,0
28180007781000;3;2;1;0,0
28180007782000;44;21;23;36,5
28180007783000;75;44;31;34,8
28180007784000;432;197;235;40,5
28180007785000;15;10;5;31,5
28180007790000;3;2;1;0,0
28180007800000;10;6;4;48,9
28180007801000;9;4;5;66,8
28180007822000;2;2;0;0,0
28180007823000;3;1;2;0,0
28180007824000;4;3;1;0,0
28180007855000;14;8;6;49,5
28180007856000;7;3;4;27,0
28180007863000;280;135;145;42,4
28180007864000;54;27;27;38,5
28190007675000;11;6;5;33,5
28190007676000;25;9;16;30,6
28190007677000;3;1;2;0,0
28190007772000;1;1;0;0,0
28190007782000;401;199;202;32,2
28190007783000;1786;887;899;35,4
28190007784000;519;271;248;37,9
28190007790000;9;6;3;50,0
28190007791000;27;14;13;37,3
28190007800000;10;5;5;28,4
28190007824000;12;7;5;50,1
28190007856000;96;49;47;31,1
28190007857000;20;11;9;48,1
28190007858000;3;2;1;0,0
28190007859000;106;56;50;39,6
28190007860000;616;318;298;41,2
28190007861000;37;16;21;35,2
28190007862000;798;401;397;49,3
28190007863000;920;443;477;39,2
28190007864000;990;494;496;35,1
28190007865000;581;290;291;35,1
28200007674000;98;50;48;43,3
28200007675000;171;91;80;42,2
28200007676000;284;135;149;37,5
28200007677000;386;186;200;36,9
28200007678000;92;46;46;37,3
28200007780000;14;9;5;45,1
28200007781000;41;28;13;43,8
28200007782000;64;31;33;31,8
28200007783000;822;403;419;31,4
28200007784000;42;22;20;32,1
28200007791000;4;1;3;0,0
28200007819000;5;3;2;61,6
28200007820000;1;0;1;0,0
28200007821000;1;1;0;0,0
28200007824000;3;2;1;0,0
28200007830000;2;1;1;0,0
28200007831000;11;4;7;62,5
28200007859000;764;399;365;35,1
28200007860000;312;159;153;37,3
28200007861000;312;158;154;32,8
28200007862000;1576;789;787;38,0
28200007863000;977;506;471;37,9
28200007864000;176;93;83;32,8
28200007865000;544;278;266;31,3
28200007866000;58;29;29;27,6
28210007673000;3;2;1;0,0
28210007674000;44;26;18;35,3
28210007675000;225;103;122;36,3
28210007676000;33;18;15;34,5
28210007677000;161;89;72;40,0
28210007678000;319;166;153;39,9
28210007679000;113;56;57;33,9
28210007780000;55;30;25;40,0
28210007781000;37;18;19;34,2
28210007782000;61;34;27;28,7
28210007783000;511;257;254;25,8
28210007784000;363;177;186;30,5
28210007785000;9;5;4;59,7
28210007791000;38;20;18;35,0
28210007832000;2;1;1;0,0
28210007833000;2;1;1;0,0
28210007862000;566;267;299;37,6
28210007863000;220;117;103;35,8
28220007671000;6;4;2;26,5
28220007672000;57;32;25;38,1
28220007673000;6;3;3;37,0
28220007679000;9;6;3;42,9
28220007680000;69;33;36;40,4
28220007681000;12;7;5;44,5
28220007770000;6;4;2;57,0
28220007780000;50;24;26;43,2
28220007785000;69;32;37;37,3
28220007786000;8;5;3;52,9
28220007791000;7;3;4;27,9
28220007821000;3;1;2;0,0
28220007834000;3;2;1;0,0
28220007852000;2;1;1;0,0
28220007901000;22;13;9;40,2
28230007670000;4;2;2;0,0
28230007671000;4;2;2;0,0
28230007778000;4;2;2;0,0
28230007779000;73;36;37;38,2
28230007780000;45;22;23;37,6
28230007781000;7;4;3;52,3
28230007785000;11;8;3;35,5
28230007786000;103;59;44;30,7
28230007787000;13;8;5;39,5
28230007788000;15;9;6;42,1
28230007789000;6;2;4;37,5
28230007791000;71;42;29;38,3
28230007835000;5;3;2;66,2
28230007836000;1;1;0;0,0
28230007849000;3;1;2;0,0
28230007850000;14;7;7;38,3
28230007869000;215;107;108;33,5
28230007870000;10;5;5;50,7
28230007901000;9;6;3;48,9
28240007769000;2;1;1;0,0
28240007770000;2;1;1;0,0
28240007779000;137;72;65;37,5
28240007780000;136;70;66;39,1
28240007781000;9;6;3;15,4
28240007790000;116;55;61;35,9
28240007791000;300;151;149;32,6
28240007792000;1;1;0;0,0
28240007869000;3;2;1;0,0
28240007870000;2;1;1;0,0
28250007767000;30;19;11;28,3
28250007768000;11;4;7;33,3
28250007779000;198;103;95;24,2
28250007780000;14;10;4;39,9
28250007790000;13;6;7;63,0
28250007792000;3;2;1;0,0
28250007901000;1;1;0;0,0
28260007661000;4;2;2;0,0
28260007662000;2;0;2;0,0
28260007684000;3;3;0;0,0
28260007689000;4;1;3;0,0
28260007751000;2;1;1;0,0
28260007766000;3;1;2;0,0
28260007767000;19;9;10;30,2
28260007840000;14;7;7;40,3
28260007841000;6;2;4;50,2
28260007900000;7;4;3;62,7
28260007909000;4;4;0;0,0
28260007910000;4;3;1;0,0
28260007911000;15;10;5;50,3
28270007673000;1;1;0;0,0
28270007678000;13;6;7;33,0
28270007679000;8;4;4;42,4
28270007687000;14;7;7;52,1
28270007688000;24;14;10;41,7
28270007689000;21;13;8;52,5
28270007838000;35;20;15;46,3
28270007839000;19;11;8;43,2
28270007840000;8;3;5;27,5
28270007841000;1;1;0;0,0
28270007842000;5;2;3;34,8
28270007846000;4;3;1;0,0
28270007910000;1;1;0;0,0
28280007677000;4;3;1;0,0
28280007678000;28;12;16;37,1
28280007679000;22;14;8;38,0
28280007690000;14;5;9;39,0
28280007846000;7;4;3;55,3
28280007898000;1;1;0;0,0
28280007907000;1;1;0;0,0
28290007691000;6;4;2;19,7
28290007747000;8;5;3;39,1
28290007846000;4;1;3;0,0
28290007901000;9;6;3;48,0
28290007902000;7;5;2;42,0
28300007902000;21;12;9;45,8
28310007743000;2;0;2;0,0
28320007693000;37;22;15;38,8
28320007845000;4;1;3;0,0
28320007848000;45;23;22;48,3
28320007902000;5;2;3;21,4
28330007694000;3;3;0;0,0
28330007695000;1;0;1;0,0
28330007845000;13;6;7;46,2
28330007846000;242;132;110;44,6
28330007847000;43;22;21;34,8
28330007848000;30;15;15;37,2
28330007849000;25;16;9;42,2
28330007850000;8;5;3;51,6
28330007851000;1;1;0;0,0
28340007649000;12;6;6;64,4
28340007696000;51;27;24;32,3
28340007847000;32;18;14;60,4
28350007697000;59;29;30;35,3
28350007847000;42;23;19;45,9
28360007697000;10;4;6;37,9
28360007770000;1;1;0;0,0
28360007846000;5;3;2;49,4
28360007847000;27;12;15;50,1
28370007725000;63;34;29;38,9
28370007726000;12;7;5;50,7
28370007846000;15;10;5;39,3
28370007850000;3;2;1;0,0
28370007851000;10;5;5;71,7
28380007698000;3;2;1;0,0
28380007727000;13;9;4;61,9
28380007728000;66;34;32;36,4
28380007846000;10;5;5;56,4
28380007850000;13;6;7;58,8
28380007851000;6;3;3;55,7
28380007854000;2;2;0;0,0
28380007855000;3;2;1;0,0
28390007728000;51;31;20;47,5
28390007729000;15;8;7;41,4
28390007730000;11;6;5;34,6
28390007846000;2;2;0;0,0
28410007845000;3;2;1;0,0
28420007845000;36;23;13;52,6
28420007868000;2;2;0;0,0
28430007702000;1;1;0;0,0
28430007848000;1;0;1;0,0
28430007868000;2;2;0;0,0
28430007869000;4;3;1;0,0
28440007650000;3;0;3;0,0
28440007844000;12;6;6;27,0
28440007845000;2;1;1;0,0
28450007702000;11;7;4;60,5
28450007846000;5;3;2;62,6
28460007702000;3;1;2;0,0
28460007703000;26;14;12;43,9
28460007842000;17;9;8;34,9
28460007843000;4;2;2;0,0
28460007844000;8;6;2;60,8
28470007713000;5;4;1;44,2
28470007714000;1;0;1;0,0
28470007842000;3;1;2;0,0
28470007843000;1;1;0;0,0
28480007876000;2;2;0;0,0
28480007904000;40;23;17;54,1
28490007830000;2;1;1;0,0
28490007876000;3;2;1;0,0
28490007877000;4;2;2;0,0
28490007882000;2;1;1;0,0
28490007904000;182;88;94;46,2
28490007905000;542;280;262;42,6
28500007831000;1;1;0;0,0
28500007881000;8;4;4;72,3
28500007882000;1;1;0;0,0
28500007904000;101;56;45;41,0
28500007905000;115;63;52;46,9
28510007834000;1;1;0;0,0
28510007880000;2;1;1;0,0
28510007881000;9;4;5;75,0
28510007882000;1;1;0;0,0
28510007883000;5;3;2;58,2
28510007905000;1;0;1;0,0
28520007717000;7;3;4;35,4
28520007718000;2;2;0;0,0
28520007842000;16;10;6;47,9
28520007882000;8;6;2;51,6
28530007718000;2;1;1;0,0
28530007841000;8;5;3;35,4
28530007842000;5;2;3;50,0
28530007863000;1;1;0;0,0
28530007871000;4;2;2;0,0
28540007760000;1;1;0;0,0
28540007841000;17;10;7;41,4
28540007842000;4;2;2;0,0
28540007862000;20;10;10;37,2
28540007871000;5;3;2;79,6
28550007723000;1;1;0;0,0
28550007842000;6;4;2;24,0
28550007861000;4;3;1;0,0
28550007862000;28;13;15;50,4
28560007862000;63;33;30;47,7
28570007863000;10;6;4;51,8
28570007864000;3;2;1;0,0
28570007865000;6;3;3;40,5
28580007734000;1;1;0;0,0
28600007722000;4;3;1;0,0
28600007723000;26;15;11;43,2
28600007752000;1;1;0;0,0
28610007908000;36;20;16;54,6
28620007908000;13;10;3;42,2
28650007741000;8;4;4;40,9
28690007723000;1;1;0;0,0
28690007724000;1;0;1;0,0
28720007815000;6;5;1;57,0
28720007851000;2;1;1;0,0
28720007852000;3;2;1;0,0
28720007853000;2;0;2;0,0
28730007815000;13;6;7;45,3
28730007816000;5;1;4;55,6
28730007817000;5;0;5;25,8
28730007818000;1;1;0;0,0
28730007819000;8;4;4;58,4
28730007820000;8;5;3;65,1
28730007821000;22;10;12;43,5
28730007822000;3;2;1;0,0
28730007849000;13;7;6;51,2
28730007850000;25;15;10;54,7
28730007851000;8;5;3;60,1
28730007852000;4;2;2;0,0
28730007853000;2;1;1;0,0
28730007854000;10;4;6;56,3
28730007855000;14;7;7;60,1
28730007856000;3;1;2;0,0
28730007920000;115;63;52;47,7
28740007849000;12;6;6;66,8
28740007850000;4;2;2;0,0
28740007855000;8;5;3;50,5
28740007856000;1;0;1;0,0
28740007920000;12;7;5;48,9
28750007804000;1;1;0;0,0
28750007807000;1;0;1;0,0
28750007824000;8;4;4;36,8
28750007831000;8;4;4;39,9
28750007832000;9;5;4;48,7
28750007835000;1;1;0;0,0
28750007836000;12;8;4;43,3
28750007837000;8;5;3;64,3
28750007849000;5;2;3;65,8
28760007799000;27;13;14;27,4
28760007800000;18;11;7;27,6
28760007801000;2;1;1;0,0
28760007802000;157;83;74;44,4
28760007803000;237;109;128;39,9
28760007804000;8;6;2;39,4
28760007825000;1;1;0;0,0
28760007826000;15;7;8;34,3
28760007827000;17;8;9;35,2
28760007828000;2;0;2;0,0
28760007831000;49;27;22;50,0
28760007832000;39;18;21;50,5
28760007833000;18;10;8;38,7
28760007835000;1;0;1;0,0
28760007838000;2;1;1;0,0
28760007839000;1;1;0;0,0
28760007850000;3;1;2;0,0
28770007728000;11;5;6;38,4
28770007729000;9;7;2;57,8
28770007795000;8;5;3;41,5
28770007797000;9;7;2;56,2
28770007798000;4;1;3;0,0
28770007799000;22;11;11;38,0
28770007800000;36;17;19;37,9
28770007801000;344;170;174;39,1
28770007802000;425;204;221;44,7
28770007803000;253;129;124;34,8
28770007827000;13;5;8;35,8
28770007828000;8;5;3;44,3
28770007829000;9;6;3;42,3
28770007830000;6;2;4;58,5
28770007831000;7;6;1;52,6
28770007832000;4;2;2;0,0
28770007860000;1;1;0;0,0
28780007793000;4;2;2;0,0
28780007794000;5;3;2;57,0
28780007795000;25;15;10;44,2
28780007797000;2;1;1;0,0
28780007798000;6;3;3;33,7
28780007799000;5;3;2;44,4
28780007800000;74;36;38;39,1
28780007801000;517;251;266;42,9
28780007802000;346;179;167;39,1
28780007803000;8;2;6;46,1
28780007804000;2;2;0;0,0
28780007827000;1;1;0;0,0
28780007829000;22;12;10;46,5
28780007830000;6;4;2;38,3
28780007862000;2;0;2;0,0
28790007793000;9;3;6;38,1
28790007794000;3;2;1;0,0
28790007800000;5;3;2;27,2
28790007802000;71;37;34;43,4
28790007803000;4;2;2;0,0
28790007807000;10;7;3;41,1
28790007829000;1;1;0;0,0
28790007830000;3;1;2;0,0
28790007833000;3;2;1;0,0
28790007842000;2;2;0;0,0
28790007843000;1;1;0;0,0
28790007845000;2;1;1;0,0
28790007846000;3;2;1;0,0
28790007847000;4;2;2;0,0
28790007848000;9;5;4;35,4
28790007851000;4;2;2;0,0
28800007802000;73;37;36;39,4
28800007803000;80;45;35;37,7
28800007804000;44;18;26;40,3
28800007805000;7;4;3;27,3
28800007806000;39;19;20;39,6
28800007807000;1;1;0;0,0
28800007831000;3;1;2;0,0
28800007847000;2;1;1;0,0
28800007848000;10;5;5;60,6
28800007849000;2;2;0;0,0
28810007786000;5;3;2;26,6
28810007801000;4;2;2;0,0
28810007802000;18;11;7;51,0
28810007803000;34;21;13;47,9
28810007806000;4;2;2;0,0
28810007807000;3;2;1;0,0
28820007802000;33;14;19;38,3
28820007803000;12;6;6;37,5
28830007801000;9;4;5;60,7
28830007802000;4;2;2;0,0
28830007803000;21;8;13;38,0
28830007804000;68;34;34;38,1
28830007805000;4;3;1;0,0
28840007709000;1;1;0;0,0
28840007804000;12;8;4;26,8
28850007778000;2;1;1;0,0
28850007779000;2;1;1;0,0
28850007805000;13;8;5;53,9
28860007772000;3;1;2;0,0
28860007779000;25;13;12;51,1
28860007780000;4;2;2;0,0
28860007807000;8;3;5;43,4
28860007808000;3;1;2;0,0
28860007907000;2;1;1;0,0
28870007779000;9;4;5;40,4
28870007906000;1;1;0;0,0
28880007778000;1;1;0;0,0
28880007779000;4;3;1;0,0
28880007883000;2;1;1;0,0
28880007884000;3;1;2;0,0
28880007886000;2;1;1;0,0
28880007924000;4;2;2;0,0
28890007924000;58;32;26;50,5
28890007925000;11;10;1;52,3
28900007839000;1;0;1;0,0
28900007882000;1;0;1;0,0
28900007883000;10;5;5;52,3
28900007909000;16;9;7;49,9
28910007772000;2;1;1;0,0
28910007834000;7;3;4;33,1
28910007841000;2;1;1;0,0
28910007842000;6;5;1;64,7
28910007883000;10;4;6;39,5
28910007897000;2;2;0;0,0
28910007900000;1;1;0;0,0
28920007772000;2;1;1;0,0
28920007900000;2;1;1;0,0
28930007830000;2;1;1;0,0
28930007831000;2;1;1;0,0
28930007835000;17;4;13;66,4
28930007836000;3;2;1;0,0
28930007844000;9;6;3;64,3
28930007845000;2;1;1;0,0
28930007846000;1;0;1;0,0
28930007914000;1;1;0;0,0
28930007915000;1;1;0;0,0
28930007917000;25;17;8;42,8
28930007918000;64;36;28;48,0
28940007831000;5;3;2;46,0
28940007832000;2;2;0;0,0
28940007833000;1;1;0;0,0
28940007834000;11;5;6;37,8
28940007835000;18;12;6;53,3
28940007836000;16;9;7;55,1
28950007834000;7;3;4;37,1
28950007835000;25;16;9;49,9
28950007836000;28;12;16;41,4
28950007837000;12;7;5;53,2
28950007849000;2;1;1;0,0
28960007730000;6;4;2;59,8
28960007731000;6;3;3;55,2
28960007732000;3;1;2;0,0
28960007835000;3;1;2;0,0
28960007836000;13;10;3;50,3
28960007837000;26;17;9;45,5
28960007910000;39;21;18;41,2
28960007911000;60;31;29;45,4
28960007912000;296;158;138;38,6
28960007913000;363;197;166;42,0
28960007914000;3;2;1;0,0
28970007731000;2;1;1;0,0
28970007838000;3;2;1;0,0
28970007857000;7;5;2;62,9
28970007910000;719;366;353;43,3
28970007911000;791;400;391;44,2
28970007912000;206;106;100;37,3
28980007857000;4;2;2;0,0
28980007858000;3;2;1;0,0
28980007859000;4;3;1;0,0
28980007910000;12;5;7;36,3
28990007737000;1;0;1;0,0
28990007911000;245;129;116;38,1
28990007912000;196;107;89;38,9
29000007862000;4;4;0;0,0
29010007736000;1;1;0;0,0
29010007737000;2;2;0;0,0
29010007753000;2;1;1;0,0
29020007737000;24;13;11;41,0
29030007737000;2;1;1;0,0
29030007738000;11;6;5;40,5
29030007867000;1;1;0;0,0
29040007737000;3;1;2;0,0
29040007738000;18;10;8;31,3
29040007869000;1;1;0;0,0
29050007738000;37;21;16;38,4
29050007739000;27;13;14;40,5
29050007870000;1;1;0;0,0
29060007738000;90;47;43;35,9
29060007739000;30;15;15;39,2
29060007740000;4;2;2;0,0
29060007741000;9;4;5;29,1
29070007739000;29;17;12;31,3
29070007740000;108;57;51;42,8
29080007739000;10;7;3;25,2
29080007740000;42;23;19;44,0
29080007741000;53;28;25;35,7
29080007742000;38;17;21;31,4
29090007740000;406;200;206;33,4
29090007741000;296;138;158;43,1
29090007742000;484;249;235;43,6
29090007743000;69;41;28;45,8
29090007843000;1;0;1;0,0
29100007740000;100;49;51;38,4
29100007741000;138;69;69;47,7
29100007742000;347;179;168;43,4
29100007743000;9;7;2;42,7
29110007741000;22;11;11;36,0
29110007742000;9;6;3;31,3
29120007740000;6;3;3;43,5
29120007741000;9;5;4;38,9
29130007740000;13;5;8;48,0
29130007741000;4;2;2;0,0
29140007740000;1;1;0;0,0
29170007739000;3;2;1;0,0
29170007740000;9;3;6;35,3
29180007739000;7;3;4;36,1
29180007740000;2;1;1;0,0
29190007739000;13;6;7;33,4
29190007740000;3;1;2;0,0
29200007719000;1;1;0;0,0
29200007739000;9;4;5;40,8
29200007740000;5;3;2;61,2
29200007753000;1;0;1;0,0
29200007769000;3;2;1;0,0
29210007713000;2;1;1;0,0
29210007714000;3;1;2;0,0
29210007718000;4;2;2;0,0
29210007724000;1;1;0;0,0
29210007737000;3;2;1;0,0
29210007738000;10;5;5;38,2
29210007739000;3;1;2;0,0
29210007741000;4;2;2;0,0
29210007747000;1;1;0;0,0
29210007768000;1;0;1;0,0
29210007769000;10;6;4;58,4
29220007736000;10;6;4;39,4
29220007737000;22;10;12;40,5
29220007746000;7;2;5;36,1
29220007750000;6;3;3;22,2
29220007751000;4;2;2;0,0
29230007736000;14;7;7;36,9
29230007756000;3;2;1;0,0
29230007764000;3;1;2;0,0
29240007773000;1;1;0;0,0
29240007880000;17;11;6;39,7
29250007880000;12;7;5;49,2
29260007878000;4;2;2;0,0
29260007879000;14;9;5;30,4
29260007880000;2;1;1;0,0
29260007881000;1;1;0;0,0
29270007879000;2;2;0;0,0
29280007776000;1;1;0;0,0
29280007777000;5;3;2;46,4
29290007778000;6;3;3;30,0
29290007844000;1;1;0;0,0
29290007845000;17;9;8;63,2
29290007846000;2;1;1;0,0
29300007844000;6;3;3;43,0
29300007845000;4;1;3;0,0
29340007854000;1;1;0;0,0
29350007795000;2;1;1;0,0
29350007796000;1;0;1;0,0
29350007854000;1;1;0;0,0
29360007798000;1;1;0;0,0
29360007799000;1;1;0;0,0
29420007860000;3;1;2;0,0
29420007861000;4;2;2;0,0
29420007873000;38;18;20;47,7
29420007874000;13;6;7;47,6
29430007860000;4;3;1;0,0
29430007867000;2;2;0;0,0
29430007871000;2;1;1;0,0
29430007872000;1;0;1;0,0
29430007873000;32;18;14;47,3
29430007874000;4;3;1;0,0
29430007910000;12;8;4;62,2
29430007911000;14;10;4;58,3
29440007860000;2;2;0;0,0
29440007868000;1;1;0;0,0
29440007871000;5;3;2;31,2
29440007911000;20;6;14;29,7
29440007916000;26;12;14;28,3
29450007866000;4;3;1;0,0
29450007916000;35;16;19;27,4
29460007864000;6;3;3;22,2
29460007911000;1;1;0;0,0
29460007916000;207;111;96;36,5
29460007917000;191;105;86;46,1
29470007860000;1;1;0;0,0
29470007865000;1;0;1;0,0
29470007916000;142;79;63;42,8
29470007917000;405;226;179;43,5
29480007864000;7;3;4;21,0
29490007861000;4;2;2;0,0
29490007862000;2;1;1;0,0
29490007913000;1;1;0;0,0
29490007914000;8;3;5;36,3
29500007862000;4;3;1;0,0
29500007910000;1;0;1;0,0
29510007876000;27;15;12;36,0
29510007877000;1;1;0;0,0
29510007917000;1;1;0;0,0
29520007877000;10;6;4;48,9
29590007801000;1;1;0;0,0
29610007804000;2;2;0;0,0
29620007882000;1;0;1;0,0
29620007929000;12;7;5;54,2
29620007930000;235;133;102;40,6
29620007931000;229;130;99;42,8
29630007882000;1;1;0;0,0
29630007930000;224;117;107;42,1
29630007931000;84;41;43;45,3
29640007806000;2;2;0;0,0
29640007883000;2;1;1;0,0
29650007807000;7;5;2;65,0
29650007884000;2;1;1;0,0
29670007808000;2;1;1;0,0
29670007812000;6;4;2;38,2
29680007812000;2;1;1;0,0
29680007905000;1;1;0;0,0
29690007813000;10;5;5;44,0
29690007814000;9;5;4;61,1
29690007815000;9;5;4;38,9
29690007816000;15;6;9;29,2
29690007905000;1;1;0;0,0
29700007815000;13;7;6;61,6
29700007816000;32;15;17;42,5
29710007890000;13;9;4;58,6
29710007907000;1;1;0;0,0
29720007890000;11;5;6;41,7
29720007906000;1;1;0;0,0
29720007907000;7;3;4;63,4
29730007907000;5;2;3;54,8
29740007818000;4;3;1;0,0
29740007819000;2;1;1;0,0
29740007821000;9;4;5;44,3
29740007822000;4;3;1;0,0
29750007865000;3;0;3;0,0
29750007937000;3;2;1;0,0
29760007906000;1;1;0;0,0
29760007907000;4;3;1;0,0
29760007936000;176;110;66;46,9
29760007937000;10;6;4;45,8
29770007824000;2;2;0;0,0
29770007864000;1;1;0;0,0
29770007865000;7;5;2;58,9
29770007866000;1;0;1;0,0
29770007867000;1;1;0;0,0
29770007906000;50;27;23;35,9
29770007907000;29;14;15;34,3
29780007863000;4;3;1;0,0
29780007864000;1;1;0;0,0
29780007897000;5;2;3;72,2
29780007898000;2;1;1;0,0
29780007906000;6;3;3;55,2
29790007870000;2;1;1;0,0
29800007824000;2;1;1;0,0
29800007870000;1;1;0;0,0
29800007871000;3;2;1;0,0
29810007824000;8;3;5;54,4
29810007870000;11;6;5;55,7
29810007871000;2;1;1;0,0
29820007824000;4;2;2;0,0
29820007871000;1;1;0;0,0
29830007868000;1;0;1;0,0
29840007826000;34;19;15;51,5
29840007865000;4;3;1;0,0
29840007866000;2;1;1;0,0
29840007867000;14;7;7;58,6
29840007869000;1;1;0;0,0
29850007826000;19;12;7;51,5
29850007866000;3;2;1;0,0
29860007827000;10;6;4;49,2
29860007865000;2;1;1;0,0
29870007827000;5;2;3;60,0
29870007828000;8;4;4;44,8
29880007828000;30;16;14;36,2
29880007849000;4;2;2;0,0
29880007850000;2;1;1;0,0
29880007864000;1;1;0;0,0
29890007827000;4;2;2;0,0
29890007828000;4;2;2;0,0
29890007850000;11;6;5;47,5
29890007851000;2;0;2;0,0
29890007863000;12;3;9;61,0
29890007864000;3;0;3;0,0
29900007827000;20;10;10;41,2
29900007850000;17;10;7;34,8
29900007851000;8;5;3;34,4
29900007858000;9;7;2;36,3
29900007859000;11;7;4;46,2
29900007860000;10;7;3;43,2
29900007861000;44;21;23;36,6
29900007862000;16;6;10;54,3
29900007863000;31;14;17;44,1
29900007864000;63;33;30;43,0
29900007865000;18;14;4;46,7
29900007866000;6;4;2;43,5
29910007826000;39;20;19;46,7
29910007827000;8;3;5;62,8
29910007845000;4;2;2;0,0
29910007848000;5;4;1;58,0
29910007849000;18;11;7;31,2
29910007850000;7;5;2;60,7
29910007851000;12;5;7;40,0
29910007852000;10;6;4;35,7
29910007854000;3;2;1;0,0
29910007855000;12;8;4;38,9
29910007856000;24;12;12;37,5
29910007857000;28;11;17;38,9
29910007858000;13;5;8;46,4
29910007859000;1;1;0;0,0
29910007863000;1;1;0;0,0
29910007866000;22;10;12;40,1
29910007867000;60;31;29;33,3
29910007868000;34;17;17;39,0
29910007869000;10;6;4;50,3
29920007821000;1;0;1;0,0
29920007825000;4;2;2;0,0
29920007826000;23;9;14;55,5
29920007827000;1;0;1;0,0
29920007845000;4;1;3;0,0
29920007846000;8;4;4;48,3
29920007847000;7;4;3;45,4
29920007851000;2;1;1;0,0
29920007852000;7;5;2;35,0
29920007853000;4;2;2;0,0
29920007854000;5;2;3;58,6
29920007855000;3;1;2;0,0
29920007858000;1;0;1;0,0
29920007859000;2;1;1;0,0
29920007860000;3;2;1;0,0
29920007861000;6;3;3;41,0
29920007863000;1;1;0;0,0
29920007864000;8;5;3;42,3
29920007865000;13;6;7;44,3
29920007870000;1;0;1;0,0
29920007871000;8;4;4;40,4
29920007872000;2;1;1;0,0
29930007826000;5;3;2;64,2
29930007827000;10;3;7;48,2
29930007828000;13;7;6;54,5
29930007843000;2;1;1;0,0
29930007844000;8;6;2;38,5
29930007845000;53;27;26;48,8
29930007855000;6;4;2;41,8
29930007856000;6;4;2;55,5
29930007857000;6;3;3;33,3
29930007859000;4;3;1;0,0
29940007826000;3;2;1;0,0
29940007827000;11;6;5;54,5
29940007828000;26;17;9;42,2
29940007829000;23;11;12;39,6
29940007830000;17;7;10;59,4
29940007831000;6;4;2;34,2
29940007841000;306;158;148;43,3
29940007842000;146;80;66;38,7
29940007843000;26;10;16;43,9
29940007844000;12;5;7;44,9
29940007845000;108;57;51;37,5
29940007846000;42;22;20;45,5
29940007847000;13;6;7;51,8
29940007848000;2;1;1;0,0
29940007871000;13;6;7;36,6
29940007872000;7;5;2;44,7
29950007829000;11;5;6;60,3
29950007831000;3;2;1;0,0
29950007832000;18;11;7;32,9
29950007833000;22;15;7;44,6
29950007834000;10;4;6;44,5
29950007835000;2;1;1;0,0
29950007838000;4;0;4;0,0
29950007839000;6;3;3;36,5
29950007840000;19;11;8;41,2
29950007841000;279;148;131;36,6
29950007842000;7;5;2;51,1
29950007843000;9;5;4;44,3
29950007845000;2;2;0;0,0
29950007846000;25;13;12;40,0
29950007847000;24;12;12;31,5
29950007872000;3;1;2;0,0
29950007873000;5;5;0;61,0
29960007830000;2;1;1;0,0
29960007832000;7;4;3;34,6
29960007833000;12;7;5;39,3
29960007836000;8;3;5;44,6
29960007837000;4;3;1;0,0
29960007838000;36;15;21;36,1
29960007839000;29;16;13;49,5
29960007840000;32;16;16;40,3
29960007846000;9;3;6;28,2
29960007849000;5;4;1;15,2
29960007874000;6;3;3;53,2
29960007875000;2;1;1;0,0
29970007835000;2;1;1;0,0
29970007836000;1;1;0;0,0
29970007837000;10;4;6;48,7
29970007838000;119;63;56;48,2
29970007839000;20;11;9;47,1
29970007849000;12;6;6;42,3
29970007878000;3;3;0;0,0
29980007849000;11;5;6;34,2
29980007872000;4;2;2;0,0
29980007874000;2;1;1;0,0
29990007871000;4;2;2;0,0
30000007869000;18;9;9;29,8
30000007870000;14;7;7;43,5
30000007871000;22;11;11;36,3
30000007872000;2;1;1;0,0
30000007873000;3;1;2;0,0
30010007869000;12;8;4;48,0
30010007870000;12;7;5;38,3
30010007871000;33;17;16;38,0
30010007872000;5;4;1;70,0
30020007869000;19;9;10;46,3
30030007869000;3;1;2;0,0
30030007870000;16;11;5;45,4
30040007870000;17;10;7;41,5
30050007871000;10;5;5;42,4
30070007841000;1;1;0;0,0
30080007827000;1;1;0;0,0
30080007837000;2;1;1;0,0
30080007841000;7;5;2;39,7
30090007837000;8;4;4;49,4
30090007838000;3;1;2;0,0
30090007839000;16;8;8;45,5
30090007841000;17;10;7;42,0
30090007842000;115;64;51;35,8
30090007843000;2;1;1;0,0
30100007836000;13;8;5;53,8
30100007840000;24;10;14;39,1
30100007841000;119;62;57;34,7
30100007842000;5;3;2;56,4
30100007843000;11;7;4;40,2
30110007835000;6;3;3;55,2
30110007836000;80;46;34;41,3
30110007837000;1;0;1;0,0
30110007843000;51;26;25;48,7
30110007920000;121;67;54;45,6
30110007921000;615;321;294;43,9
30110007922000;215;111;104;44,7
30120007835000;14;8;6;49,4
30120007837000;4;2;2;0,0
30120007843000;16;7;9;35,5
30120007921000;1;1;0;0,0
30130007843000;17;12;5;40,4
30140007834000;2;2;0;0,0
30140007843000;4;2;2;0,0
30150007834000;7;4;3;39,4
30150007843000;11;5;6;51,2
30150007844000;9;4;5;24,1
30160007843000;14;9;5;58,2
30160007844000;5;2;3;59,4
30170007834000;3;2;1;0,0
30170007843000;38;19;19;49,5
30170007844000;3;1;2;0,0
30180007833000;2;1;1;0,0
30180007834000;7;5;2;65,9
30180007843000;13;8;5;39,8
30190007833000;1;0;1;0,0
30190007842000;6;3;3;67,8
30190007843000;23;12;11;40,6
30200007833000;3;2;1;0,0
30200007842000;19;10;9;53,5
30200007843000;12;6;6;45,5
30210007833000;3;1;2;0,0
30210007841000;10;5;5;45,9
30210007842000;125;58;67;42,1
30220007833000;13;8;5;52,1
30220007842000;24;14;10;50,6
30220007843000;1;1;0;0,0
30230007833000;5;2;3;42,8
30230007842000;22;11;11;56,1
30230007843000;4;1;3;0,0
30230007908000;27;13;14;60,6
30240007841000;1;1;0;0,0
30240007842000;1;0;1;0,0
30240007909000;5;3;2;71,0
30250007833000;1;1;0;0,0
30260007841000;7;3;4;35,0
30270007841000;9;4;5;68,8
30300007833000;2;1;1;0,0
30300007842000;6;3;3;51,7
30360007842000;1;1;0;0,0
30370007842000;1;0;1;0,0
30380007842000;13;6;7;62,0
30390007841000;8;4;4;40,9
30390007842000;185;90;95;42,0
30390007843000;259;131;128;41,1
30390007844000;4;1;3;0,0
30390007900000;105;54;51;49,1
30390007901000;587;320;267;39,2
30390007902000;390;202;188;42,3
30390007903000;101;49;52;31,0
30400007841000;30;13;17;38,2
30400007842000;71;33;38;42,4
30400007900000;12;7;5;28,4
30400007901000;99;57;42;46,3
30400007902000;177;101;76;42,4
30400007903000;769;387;382;39,1
30410007841000;58;31;27;46,8
30410007842000;2;1;1;0,0
30420007841000;23;10;13;37,3
30420007842000;2;1;1;0,0
30430007841000;3;2;1;0,0
30430007842000;1;1;0;0,0
30440007841000;2;1;1;0,0
30440007842000;8;5;3;29,1
30450007842000;12;8;4;39,5
30460007796000;7;3;4;55,0
30460007815000;18;9;9;63,6
30460007816000;6;3;3;65,2
30460007842000;3;2;1;0,0
30470007796000;19;11;8;48,7
30470007797000;11;5;6;44,6
30470007814000;4;2;2;0,0
30470007815000;3;1;2;0,0
30470007817000;1;1;0;0,0
30470007842000;7;4;3;50,9
30480007813000;5;2;3;61,6
30480007815000;1;1;0;0,0
30480007818000;3;2;1;0,0
30480007830000;1;1;0;0,0
30480007842000;2;1;1;0,0
30490007797000;4;2;2;0,0
30490007798000;1;1;0;0,0
30490007815000;4;2;2;0,0
30490007842000;23;15;8;34,8
30500007797000;8;3;5;57,4
30500007815000;2;1;1;0,0
30500007842000;11;7;4;35,5
30510007797000;2;1;1;0,0
30510007842000;28;17;11;40,8
30520007796000;8;6;2;64,1
30520007797000;48;26;22;47,0
30520007798000;2;1;1;0,0
30520007842000;14;9;5;60,2
30520007843000;7;4;3;35,3
30530007796000;7;3;4;50,1
30530007797000;14;8;6;41,4
30530007798000;5;3;2;60,0
30530007829000;63;31;32;42,7
30530007842000;8;4;4;35,6
30540007798000;8;5;3;48,4
30540007829000;122;70;52;51,3
30540007830000;3;1;2;0,0
30540007842000;697;344;353;39,6
30540007843000;387;219;168;35,9
30550007829000;18;7;11;53,9
30550007841000;105;56;49;43,6
30550007842000;1421;702;719;41,2
30550007843000;251;113;138;37,7
30560007741000;1;1;0;0,0
30560007742000;17;11;6;54,4
30560007743000;1;1;0;0,0
30560007744000;4;2;2;0,0
30560007792000;4;3;1;0,0
30560007793000;3;1;2;0,0
30560007798000;5;3;2;65,2
30560007799000;7;5;2;49,7
30560007841000;271;146;125;38,9
30560007842000;852;458;394;36,5
30560007843000;2;1;1;0,0
30560007895000;1;0;1;0,0
30570007793000;1;0;1;0,0
30570007798000;2;2;0;0,0
30570007799000;1;1;0;0,0
30570007841000;2;1;1;0,0
30570007842000;945;463;482;39,5
30570007843000;9;4;5;38,7
30580007753000;3;2;1;0,0
30580007794000;3;2;1;0,0
30580007806000;1;1;0;0,0
30580007842000;138;77;61;37,6
30590007755000;1;1;0;0,0
30590007806000;1;1;0;0,0
30600007756000;3;2;1;0,0
30600007841000;41;23;18;49,7
30610007801000;5;3;2;44,4
30620007803000;6;3;3;44,2
30620007812000;1;1;0;0,0
30630007842000;4;1;3;0,0
30640007842000;2;1;1;0,0
30640007843000;14;8;6;49,6
30650007843000;13;8;5;31,2
30660007760000;10;5;5;43,5
30660007806000;5;3;2;47,6
30660007844000;78;41;37;38,4
30670007808000;1;1;0;0,0
30680007758000;1;1;0;0,0
30680007760000;2;0;2;0,0
30680007845000;9;6;3;62,8
30680007846000;2;2;0;0,0
30680007847000;4;3;1;0,0
30690007760000;3;1;2;0,0
30690007844000;10;8;2;44,9
30690007845000;21;7;14;50,0
30700007761000;6;5;1;49,8
30700007762000;9;3;6;36,1
30700007805000;7;3;4;33,9
30700007806000;2;1;1;0,0
30700007849000;4;1;3;0,0
30710007763000;1;1;0;0,0
30710007803000;2;1;1;0,0
30710007804000;27;20;7;24,1
30710007849000;39;21;18;45,4
30720007763000;3;1;2;0,0
30720007764000;10;4;6;34,7
30720007765000;19;9;10;44,5
30720007766000;6;4;2;52,0
30720007767000;15;10;5;43,5
30720007768000;1;1;0;0,0
30720007799000;1;0;1;0,0
30720007800000;4;4;0;0,0
30720007804000;42;32;10;21,8
30730007765000;5;2;3;29,8
30730007766000;1;0;1;0,0
30730007767000;5;2;3;29,6
30730007768000;22;15;7;49,7
30730007769000;5;3;2;58,8
30730007799000;4;2;2;0,0
30730007802000;1;1;0;0,0
30730007803000;3;2;1;0,0
30740007799000;395;202;193;42,5
30740007800000;418;212;206;36,5
30740007856000;1;1;0;0,0
30740007859000;14;5;9;52,4
30740007860000;4;1;3;0,0
30750007769000;8;3;5;33,9
30750007770000;11;4;7;23,7
30750007798000;19;10;9;44,2
30750007799000;398;195;203;45,4
30750007800000;503;253;250;40,1
30750007801000;82;45;37;42,5
30750007802000;915;451;464;36,9
30750007803000;266;133;133;34,5
30750007807000;1;1;0;0,0
30750007859000;1;1;0;0,0
30750007900000;1;1;0;0,0
30760007769000;2;1;1;0,0
30760007770000;6;2;4;54,8
30760007771000;15;8;7;30,3
30760007772000;14;8;6;66,1
30760007790000;5;2;3;46,2
30760007791000;13;5;8;38,0
30760007794000;2;1;1;0,0
30760007795000;4;2;2;0,0
30760007796000;2;1;1;0,0
30760007798000;8;4;4;25,6
30760007799000;633;296;337;38,0
30760007800000;274;136;138;36,3
30760007801000;182;96;86;33,4
30760007802000;41;23;18;35,7
30760007803000;263;129;134;37,9
30760007806000;1060;504;556;43,4
30760007807000;437;231;206;39,7
30770007772000;10;4;6;39,9
30770007773000;3;0;3;0,0
30770007774000;5;3;2;34,8
30770007790000;12;7;5;28,3
30770007791000;22;9;13;40,2
30770007792000;1;1;0;0,0
30770007804000;43;23;20;44,1
30770007805000;80;34;46;28,3
30770007806000;1327;667;660;39,0
30770007807000;241;126;115;37,9
30780007784000;1;0;1;0,0
30780007785000;3;1;2;0,0
30780007791000;6;2;4;32,2
30780007801000;8;4;4;30,5
30780007802000;1;1;0;0,0
30780007805000;13;7;6;39,1
30780007806000;132;62;70;40,3
30780007807000;369;180;189;39,1
30780007808000;8;6;2;54,9
30790007772000;3;1;2;0,0
30790007783000;13;7;6;53,0
30790007784000;7;4;3;66,3
30790007801000;9;4;5;56,4
30790007802000;49;24;25;36,0
30790007805000;3;2;1;0,0
30790007807000;64;33;31;40,5
30790007808000;163;87;76;34,0
30790007815000;2;1;1;0,0
30790007867000;2;2;0;0,0
30800007772000;1;1;0;0,0
30800007776000;4;1;3;0,0
30800007782000;9;5;4;31,6
30800007783000;24;14;10;28,8
30800007801000;6;3;3;42,2
30800007802000;87;42;45;45,2
30800007804000;4;2;2;0,0
30800007805000;2;1;1;0,0
30800007806000;18;7;11;39,7
30800007807000;4;2;2;0,0
30800007808000;10;7;3;38,0
30800007812000;6;3;3;50,2
30810007776000;3;2;1;0,0
30810007779000;7;5;2;30,7
30810007780000;3;1;2;0,0
30810007781000;1;1;0;0,0
30810007782000;12;6;6;23,6
30810007789000;2;0;2;0,0
30810007790000;1;1;0;0,0
30810007801000;1;1;0;0,0
30810007802000;26;12;14;39,4
30810007812000;5;3;2;61,8
30810007813000;2;1;1;0,0
30820007772000;1;0;1;0,0
30820007773000;18;8;10;48,6
30820007774000;8;5;3;22,0
30820007775000;7;1;6;36,0
30820007778000;9;4;5;29,3
30820007779000;12;4;8;33,9
30820007780000;3;1;2;0,0
30820007781000;6;2;4;18,0
30820007782000;5;4;1;44,0
30820007788000;5;3;2;44,0
30820007789000;7;3;4;54,9
30820007802000;23;11;12;41,3
30830007774000;1;0;1;0,0
30830007777000;21;6;15;54,8
30830007778000;35;19;16;54,9
30830007782000;1;1;0;0,0
30830007783000;11;6;5;47,1
30830007787000;19;10;9;35,6
30830007789000;2;0;2;0,0
30830007790000;5;3;2;43,8
30830007801000;1;0;1;0,0
30830007802000;6;3;3;24,8
30840007776000;22;10;12;32,9
30840007777000;61;24;37;30,3
30840007778000;11;8;3;31,5
30840007779000;4;3;1;0,0
30840007783000;19;10;9;42,2
30840007784000;7;4;3;24,1
30840007785000;1;0;1;0,0
30840007786000;10;4;6;43,0
30840007801000;4;2;2;0,0
30850007779000;14;6;8;38,7
30850007780000;4;2;2;0,0
30850007782000;2;1;1;0,0
30850007783000;7;4;3;43,3
30850007801000;9;5;4;20,4
30860007787000;5;3;2;43,6
30860007802000;1;1;0;0,0
30870007802000;15;7;8;31,2
30870007804000;5;2;3;47,4
30880007803000;22;9;13;52,7
30880007804000;3;2;1;0,0
30890007803000;20;15;5;48,0
30890007804000;14;5;9;41,5
30900007803000;20;10;10;59,2
30900007804000;1;1;0;0,0
30900007805000;9;3;6;33,4
30910007803000;22;11;11;42,4
30910007804000;5;3;2;49,6
30910007805000;4;3;1;0,0
30910007811000;3;2;1;0,0
30910007873000;2;1;1;0,0
30920007802000;9;6;3;32,2
30920007803000;3;1;2;0,0
30920007804000;12;5;7;47,8
30920007805000;2;1;1;0,0
30920007811000;1;1;0;0,0
30920007812000;9;6;3;62,9
30930007802000;5;2;3;49,8
30930007804000;8;5;3;56,3
30930007805000;18;10;8;44,5
30930007806000;29;15;14;42,0
30930007807000;2;1;1;0,0
30930007808000;4;2;2;0,0
30930007874000;2;1;1;0,0
30940007807000;8;4;4;27,0
30940007874000;4;2;2;0,0
30940007888000;2;1;1;0,0
30950007876000;23;13;10;49,6
30960007876000;180;104;76;47,1
30960007887000;388;194;194;43,5
30970007886000;315;155;160;42,6
30970007887000;845;471;374;45,4
30980007886000;192;106;86;42,7
30980007887000;135;65;70;40,5
