SSBID1000M;pop_tot;pop_mal;pop_fem;pop_ave2
19250006616000;13;7;6;35,8
19250006617000;143;80;63;38,7
19250006618000;34;17;17;56,0
19260006617000;25;16;9;34,8
19380006630000;15;7;8;19,7
19380006806000;4;2;2;0,0
19390006630000;72;35;37;37,2
19390006631000;14;7;7;38,2
19390006808000;2;2;0;0,0
19400006598000;8;3;5;50,1
19400006599000;5;3;2;46,2
19400006600000;107;59;48;37,2
19400006601000;188;95;93;37,1
19400006602000;106;50;56;46,2
19400006603000;92;51;41;38,5
19400006604000;128;63;65;38,2
19400006605000;36;20;16;38,9
19400006606000;119;62;57;36,6
19400006607000;6;3;3;32,2
19400006781000;4;1;3;0,0
19400006782000;75;39;36;46,9
19410006597000;39;24;15;47,4
19410006598000;83;43;40;33,1
19410006599000;17;10;7;50,9
19410006600000;97;49;48;43,1
19410006602000;10;5;5;51,7
19410006603000;43;26;17;42,9
19410006604000;46;21;25;47,1
19410006605000;307;153;154;40,5
19410006606000;321;164;157;39,2
19410006607000;117;61;56;38,4
19410006608000;62;33;29;36,5
19410006609000;552;282;270;35,6
19410006610000;970;463;507;37,1
19410006611000;8;4;4;30,1
19410006623000;16;7;9;46,7
19410006771000;16;11;5;49,4
19410006779000;12;6;6;54,5
19410006781000;34;18;16;41,8
19410006782000;233;117;116;49,7
19410006783000;1;1;0;0,0
19420006596000;10;6;4;42,5
19420006597000;49;25;24;37,8
19420006598000;246;130;116;38,0
19420006599000;16;7;9;43,9
19420006605000;1;1;0;0,0
19420006606000;109;60;49;30,6
19420006607000;90;50;40;47,2
19420006608000;622;296;326;34,7
19420006609000;1728;849;879;38,2
19420006610000;1398;693;705;38,2
19420006611000;968;493;475;35,7
19420006612000;178;91;87;36,4
19420006614000;18;9;9;34,5
19420006623000;30;17;13;33,5
19420006624000;7;4;3;34,6
19420006757000;2;1;1;0,0
19420006760000;2;1;1;0,0
19420006761000;10;3;7;30,8
19420006779000;45;25;20;41,4
19420006781000;131;58;73;38,2
19420006782000;39;14;25;33,8
19420006807000;8;5;3;64,3
19420006811000;3;2;1;0,0
19430006596000;85;40;45;39,4
19430006597000;1258;619;639;41,5
19430006598000;92;51;41;39,4
19430006607000;5;3;2;50,2
19430006608000;2;2;0;0,0
19430006609000;299;151;148;29,2
19430006610000;440;227;213;26,1
19430006611000;339;166;173;39,1
19430006612000;46;24;22;31,6
19430006613000;331;176;155;35,8
19430006614000;358;184;174;35,0
19430006616000;56;27;29;38,1
19430006617000;116;60;56;27,0
19430006618000;29;17;12;32,6
19430006619000;3;2;1;0,0
19430006757000;34;18;16;49,5
19430006758000;5;3;2;65,4
19430006759000;7;4;3;63,9
19430006760000;27;15;12;43,6
19430006761000;65;34;31;46,3
19430006762000;4;1;3;0,0
19430006763000;14;5;9;47,5
19430006764000;103;55;48;42,0
19430006765000;31;18;13;47,1
19430006766000;66;36;30;48,1
19430006767000;42;22;20;54,6
19430006768000;141;74;67;46,7
19430006807000;7;4;3;50,1
19430006808000;2;2;0;0,0
19430006810000;3;1;2;0,0
19430006811000;41;20;21;46,0
19430006812000;4;2;2;0,0
19430006839000;3;1;2;0,0
19440006596000;50;24;26;41,3
19440006597000;1287;643;644;38,0
19440006598000;159;83;76;36,8
19440006599000;6;3;3;57,0
19440006611000;75;43;32;42,1
19440006612000;194;105;89;35,8
19440006613000;1067;537;530;39,1
19440006614000;415;211;204;35,5
19440006616000;110;56;54;38,5
19440006617000;4;2;2;0,0
19440006620000;8;5;3;32,9
19440006646000;27;13;14;53,9
19440006647000;10;4;6;28,9
19440006757000;23;13;10;47,4
19440006759000;141;75;66;33,0
19440006760000;109;49;60;37,5
19440006761000;2;1;1;0,0
19440006762000;2;1;1;0,0
19440006763000;34;14;20;48,0
19440006764000;27;12;15;35,6
19440006765000;4;2;2;0,0
19440006766000;13;7;6;49,9
19440006768000;24;13;11;54,8
19440006806000;3;1;2;0,0
19440006807000;4;2;2;0,0
19440006808000;2;1;1;0,0
19450006596000;8;5;3;41,0
19450006597000;75;37;38;39,2
19450006598000;38;20;18;30,7
19450006599000;27;11;16;43,9
19450006600000;3;1;2;0,0
19450006601000;2;1;1;0,0
19450006610000;47;23;24;25,9
19450006611000;161;84;77;27,7
19450006612000;445;219;226;32,8
19450006613000;182;90;92;36,2
19450006614000;50;28;22;30,0
19450006615000;16;11;5;36,1
19450006616000;3;1;2;0,0
19450006617000;6;3;3;47,0
19450006619000;10;5;5;50,0
19450006620000;197;101;96;36,9
19450006621000;6;3;3;38,8
19450006622000;5;3;2;43,4
19450006623000;16;9;7;48,6
19450006624000;6;3;3;53,3
19450006625000;4;2;2;0,0
19450006646000;26;9;17;42,0
19450006647000;58;30;28;49,5
19450006658000;2;1;1;0,0
19450006678000;2;1;1;0,0
19450006728000;1;1;0;0,0
19450006752000;65;37;28;42,5
19450006753000;188;100;88;39,9
19450006754000;39;17;22;41,3
19450006756000;167;79;88;32,0
19450006757000;137;67;70;39,1
19450006758000;12;6;6;64,4
19450006759000;7;5;2;32,4
19450006760000;100;50;50;36,4
19450006761000;80;43;37;40,1
19450006762000;2;1;1;0,0
19450006763000;15;6;9;41,3
19450006764000;2;1;1;0,0
19450006766000;8;4;4;54,9
19450006806000;22;10;12;29,4
19450006808000;1;1;0;0,0
19450006814000;5;3;2;26,2
19450006815000;57;29;28;45,9
19450006816000;13;9;4;49,8
19450006838000;156;83;73;40,3
19450006839000;76;37;39;40,5
19460006596000;1;1;0;0,0
19460006597000;7;4;3;30,0
19460006598000;13;5;8;37,5
19460006599000;11;6;5;51,0
19460006600000;30;15;15;39,4
19460006601000;7;3;4;49,7
19460006611000;223;126;97;38,2
19460006612000;463;239;224;35,1
19460006613000;6;2;4;58,5
19460006618000;32;15;17;45,6
19460006619000;33;19;14;40,7
19460006620000;380;204;176;36,8
19460006621000;7;3;4;31,9
19460006622000;62;30;32;44,0
19460006623000;110;58;52;38,7
19460006624000;101;51;50;38,6
19460006625000;79;37;42;44,9
19460006626000;5;2;3;44,2
19460006646000;20;11;9;30,2
19460006653000;8;5;3;72,0
19460006655000;3;1;2;0,0
19460006662000;24;14;10;46,0
19460006663000;6;3;3;38,5
19460006666000;50;30;20;48,4
19460006667000;52;26;26;38,3
19460006668000;120;60;60;38,2
19460006669000;38;18;20;33,5
19460006674000;6;1;5;22,5
19460006675000;2;1;1;0,0
19460006676000;2;1;1;0,0
19460006678000;4;2;2;0,0
19460006680000;1;1;0;0,0
19460006681000;10;6;4;56,0
19460006722000;257;132;125;40,5
19460006723000;20;13;7;19,0
19460006729000;49;25;24;30,8
19460006733000;40;19;21;37,7
19460006743000;77;37;40;31,0
19460006744000;20;10;10;42,5
19460006750000;67;38;29;36,6
19460006751000;102;51;51;42,8
19460006752000;2;1;1;0,0
19460006753000;217;113;104;41,5
19460006754000;29;12;17;35,7
19460006757000;4;3;1;0,0
19460006758000;6;3;3;35,2
19460006784000;6;2;4;63,7
19460006808000;1;1;0;0,0
19460006817000;2;1;1;0,0
19460006838000;4;2;2;0,0
19470006599000;1;1;0;0,0
19470006600000;3;2;1;0,0
19470006601000;7;5;2;27,7
19470006602000;9;3;6;46,2
19470006611000;500;243;257;29,9
19470006612000;154;84;70;42,4
19470006614000;19;9;10;46,6
19470006615000;2;1;1;0,0
19470006616000;5;2;3;46,8
19470006617000;6;3;3;47,5
19470006618000;117;64;53;36,1
19470006619000;110;57;53;43,6
19470006620000;94;47;47;33,3
19470006621000;57;30;27;40,5
19470006622000;154;79;75;34,0
19470006623000;19;9;10;33,2
19470006624000;68;35;33;40,5
19470006625000;454;231;223;36,5
19470006626000;182;96;86;35,8
19470006629000;221;106;115;29,8
19470006646000;52;28;24;42,9
19470006647000;100;58;42;31,3
19470006650000;20;12;8;42,3
19470006651000;11;6;5;73,7
19470006653000;1;0;1;0,0
19470006654000;17;5;12;42,5
19470006655000;5;2;3;81,2
19470006656000;23;11;12;48,1
19470006662000;16;9;7;22,3
19470006663000;7;6;1;33,4
19470006667000;105;52;53;28,3
19470006668000;89;44;45;45,1
19470006669000;186;105;81;36,0
19470006670000;107;54;53;37,8
19470006672000;22;13;9;40,6
19470006677000;6;2;4;36,5
19470006678000;17;8;9;36,9
19470006679000;7;5;2;45,4
19470006680000;20;8;12;38,6
19470006681000;38;19;19;46,9
19470006691000;58;30;28;53,8
19470006717000;40;24;16;50,1
19470006721000;81;39;42;37,9
19470006722000;279;144;135;37,2
19470006723000;21;13;8;38,3
19470006727000;6;3;3;30,0
19470006728000;53;29;24;39,9
19470006729000;71;39;32;39,5
19470006730000;25;15;10;34,4
19470006732000;55;30;25;27,7
19470006733000;118;55;63;38,1
19470006743000;29;16;13;41,7
19470006744000;18;10;8;47,9
19470006745000;3;1;2;0,0
19470006749000;269;135;134;32,3
19470006750000;290;149;141;32,8
19470006751000;206;105;101;48,9
19470006752000;9;6;3;40,4
19470006753000;30;17;13;36,1
19470006783000;19;11;8;52,7
19470006784000;12;5;7;25,6
19470006785000;5;4;1;74,0
19470006807000;2;1;1;0,0
19470006808000;10;6;4;48,8
19470006815000;2;1;1;0,0
19470006818000;1;1;0;0,0
19470006826000;12;8;4;37,8
19470006840000;4;3;1;0,0
19480006602000;3;2;1;0,0
19480006603000;9;6;3;39,7
19480006604000;2;1;1;0,0
19480006605000;5;2;3;32,2
19480006606000;12;8;4;33,3
19480006609000;28;16;12;33,1
19480006610000;318;160;158;39,9
19480006611000;1563;775;788;37,9
19480006612000;1277;650;627;39,4
19480006613000;168;78;90;41,9
19480006614000;261;138;123;39,9
19480006615000;219;116;103;28,7
19480006616000;460;225;235;40,2
19480006617000;145;73;72;40,2
19480006618000;544;280;264;37,4
19480006619000;810;400;410;37,4
19480006620000;436;218;218;45,2
19480006621000;196;100;96;40,9
19480006622000;41;22;19;46,0
19480006623000;596;290;306;39,3
19480006624000;754;390;364;36,3
19480006625000;178;100;78;40,0
19480006626000;2168;1281;887;40,6
19480006627000;1845;945;900;38,6
19480006628000;1243;620;623;40,0
19480006629000;463;225;238;33,7
19480006632000;3;1;2;0,0
19480006633000;45;24;21;38,2
19480006634000;26;14;12;43,8
19480006646000;21;11;10;44,9
19480006647000;244;120;124;39,3
19480006648000;138;64;74;45,1
19480006651000;4;2;2;0,0
19480006652000;8;4;4;38,4
19480006656000;2;1;1;0,0
19480006658000;84;43;41;32,8
19480006659000;30;15;15;52,9
19480006665000;33;18;15;29,4
19480006666000;93;54;39;31,6
19480006667000;73;38;35;32,8
19480006668000;10;5;5;20,8
19480006669000;163;90;73;29,6
19480006670000;99;47;52;39,2
19480006672000;16;11;5;52,4
19480006673000;12;8;4;43,5
19480006676000;9;2;7;45,3
19480006677000;8;3;5;43,4
19480006680000;16;10;6;44,1
19480006691000;15;8;7;43,7
19480006692000;63;30;33;37,9
19480006693000;18;9;9;44,9
19480006694000;31;15;16;49,5
19480006706000;22;11;11;44,6
19480006711000;27;14;13;43,9
19480006716000;60;27;33;43,4
19480006717000;15;7;8;30,2
19480006721000;17;9;8;30,8
19480006727000;26;14;12;39,6
19480006728000;40;23;17;37,7
19480006730000;96;50;46;30,1
19480006731000;173;89;84;33,5
19480006732000;144;82;62;34,6
19480006733000;106;47;59;35,5
19480006734000;25;11;14;35,7
19480006736000;2;1;1;0,0
19480006738000;30;15;15;40,9
19480006739000;12;6;6;30,3
19480006740000;144;74;70;35,0
19480006741000;35;19;16;34,1
19480006743000;4;2;2;0,0
19480006746000;148;75;73;35,9
19480006747000;232;115;117;34,8
19480006748000;317;165;152;37,3
19480006749000;231;105;126;31,1
19480006750000;14;8;6;24,9
19480006784000;17;8;9;44,1
19480006812000;6;3;3;34,5
19480006813000;26;13;13;45,3
19480006814000;2;1;1;0,0
19480006816000;8;3;5;41,1
19480006819000;2;1;1;0,0
19480006820000;1;1;0;0,0
19480006838000;1;1;0;0,0
19480006839000;8;4;4;47,8
19490006605000;4;2;2;0,0
19490006606000;91;52;39;32,4
19490006607000;63;33;30;42,7
19490006608000;170;84;86;37,5
19490006609000;299;149;150;40,0
19490006610000;899;448;451;36,8
19490006611000;1065;536;529;40,2
19490006612000;800;410;390;37,0
19490006613000;8;4;4;25,9
19490006614000;9;7;2;41,8
19490006616000;25;12;13;46,3
19490006617000;3;1;2;0,0
19490006618000;1;1;0;0,0
19490006619000;151;68;83;27,8
19490006621000;127;60;67;40,7
19490006622000;136;69;67;42,4
19490006623000;157;86;71;42,5
19490006624000;1123;579;544;39,9
19490006625000;1991;1011;980;42,5
19490006626000;3148;1665;1483;38,7
19490006627000;2084;1037;1047;40,0
19490006628000;1978;971;1007;38,6
19490006629000;1804;890;914;33,5
19490006630000;114;57;57;33,7
19490006631000;48;26;22;37,3
19490006632000;26;12;14;42,4
19490006633000;40;22;18;26,6
19490006634000;40;21;19;34,3
19490006635000;24;11;13;36,5
19490006636000;4;2;2;0,0
19490006638000;4;3;1;0,0
19490006646000;17;9;8;43,9
19490006647000;298;150;148;35,1
19490006648000;109;49;60;42,1
19490006649000;15;9;6;46,3
19490006659000;38;15;23;42,1
19490006665000;116;58;58;35,4
19490006666000;336;173;163;37,6
19490006667000;71;34;37;38,8
19490006668000;229;112;117;34,1
19490006669000;411;200;211;36,0
19490006670000;488;269;219;34,9
19490006671000;62;29;33;31,1
19490006674000;35;17;18;25,5
19490006675000;8;3;5;40,4
19490006676000;5;3;2;39,6
19490006692000;1;1;0;0,0
19490006697000;10;8;2;52,7
19490006699000;2;0;2;0,0
19490006700000;8;5;3;58,0
19490006706000;7;3;4;73,4
19490006707000;5;3;2;53,4
19490006711000;9;7;2;49,0
19490006712000;77;39;38;37,6
19490006713000;83;43;40;31,0
19490006714000;29;12;17;48,3
19490006715000;109;55;54;34,6
19490006716000;310;148;162;33,8
19490006717000;8;3;5;60,6
19490006718000;48;24;24;40,8
19490006720000;13;8;5;49,1
19490006724000;4;2;2;0,0
19490006728000;205;100;105;32,8
19490006729000;335;163;172;35,7
19490006730000;34;20;14;32,5
19490006731000;114;53;61;32,7
19490006732000;60;31;29;37,7
19490006733000;43;23;20;39,4
19490006734000;138;68;70;33,5
19490006735000;114;54;60;36,0
19490006736000;245;126;119;35,6
19490006737000;71;41;30;27,8
19490006738000;516;246;270;27,9
19490006739000;223;125;98;39,6
19490006740000;93;46;47;36,8
19490006741000;246;119;127;37,6
19490006742000;167;87;80;37,8
19490006743000;253;120;133;34,2
19490006744000;97;49;48;35,2
19490006745000;280;142;138;34,2
19490006746000;120;62;58;30,3
19490006747000;1;1;0;0,0
19490006748000;2;1;1;0,0
19490006772000;60;30;30;40,2
19490006773000;7;3;4;49,4
19490006776000;1;1;0;0,0
19490006780000;5;3;2;55,6
19490006781000;38;22;16;51,0
19490006782000;38;19;19;37,9
19490006793000;45;24;21;44,0
19490006794000;32;16;16;43,4
19490006795000;3;2;1;0,0
19490006796000;1;0;1;0,0
19490006797000;3;1;2;0,0
19490006798000;3;2;1;0,0
19490006800000;2;0;2;0,0
19490006801000;4;3;1;0,0
19490006808000;1;1;0;0,0
19490006840000;13;8;5;44,8
19500006586000;183;96;87;45,2
19500006587000;5;3;2;30,2
19500006610000;2;1;1;0,0
19500006617000;11;6;5;35,5
19500006618000;67;35;32;41,1
19500006619000;491;241;250;32,9
19500006620000;804;400;404;34,7
19500006621000;517;254;263;43,1
19500006622000;1065;524;541;40,3
19500006623000;1255;612;643;43,5
19500006624000;2512;1223;1289;37,1
19500006625000;1770;820;950;39,8
19500006626000;1836;890;946;42,1
19500006627000;1267;596;671;41,4
19500006628000;1163;598;565;36,8
19500006629000;1403;695;708;36,4
19500006630000;13;5;8;19,2
19500006631000;22;13;9;35,3
19500006632000;50;29;21;42,2
19500006633000;20;9;11;38,0
19500006634000;4;3;1;0,0
19500006635000;34;14;20;31,9
19500006638000;39;27;12;43,7
19500006641000;22;10;12;48,3
19500006648000;6;4;2;57,3
19500006650000;2;1;1;0,0
19500006651000;27;17;10;36,5
19500006662000;22;12;10;32,8
19500006663000;6;4;2;42,8
19500006664000;13;7;6;16,5
19500006665000;15;8;7;52,1
19500006666000;87;46;41;35,7
19500006667000;26;13;13;39,1
19500006668000;46;26;20;28,1
19500006669000;702;338;364;44,0
19500006670000;285;143;142;33,7
19500006671000;5;2;3;59,0
19500006677000;136;77;59;39,8
19500006678000;30;12;18;51,1
19500006692000;94;46;48;38,6
19500006699000;17;8;9;45,5
19500006700000;31;19;12;35,2
19500006706000;43;23;20;37,0
19500006707000;86;45;41;45,9
19500006708000;2;1;1;0,0
19500006711000;14;7;7;55,4
19500006712000;3;1;2;0,0
19500006714000;31;15;16;42,4
19500006715000;128;62;66;36,4
19500006717000;34;16;18;41,7
19500006718000;151;83;68;33,1
19500006719000;35;21;14;29,1
19500006720000;201;106;95;25,5
19500006723000;8;5;3;28,9
19500006724000;115;57;58;39,2
19500006725000;74;36;38;39,4
19500006726000;144;80;64;42,4
19500006727000;71;32;39;44,2
19500006728000;40;23;17;42,3
19500006729000;416;212;204;29,9
19500006736000;13;4;9;31,0
19500006737000;213;116;97;28,1
19500006738000;481;225;256;39,4
19500006740000;388;191;197;32,5
19500006741000;17;8;9;41,6
19500006742000;1;0;1;0,0
19500006756000;59;30;29;34,7
19500006757000;22;11;11;47,9
19500006770000;2;1;1;0,0
19500006771000;8;6;2;37,1
19500006772000;19;11;8;41,3
19500006776000;2;1;1;0,0
19500006778000;63;30;33;42,8
19500006779000;7;4;3;43,9
19500006781000;10;6;4;27,4
19500006782000;23;13;10;35,6
19500006783000;6;2;4;40,0
19500006793000;46;23;23;36,1
19500006794000;160;67;93;46,2
19500006795000;16;9;7;53,3
19500006797000;4;4;0;0,0
19500006803000;4;2;2;0,0
19500006840000;41;24;17;35,7
19500006841000;15;9;6;65,1
19510006552000;1;1;0;0,0
19510006586000;224;113;111;39,4
19510006587000;33;19;14;38,7
19510006598000;5;2;3;18,4
19510006599000;12;6;6;30,8
19510006600000;1;1;0;0,0
19510006612000;4;3;1;0,0
19510006613000;17;10;7;34,6
19510006615000;11;6;5;58,7
19510006616000;7;4;3;53,7
19510006617000;25;12;13;37,2
19510006618000;12;7;5;48,2
19510006619000;927;450;477;31,7
19510006620000;421;217;204;30,6
19510006621000;69;39;30;44,0
19510006622000;675;334;341;38,0
19510006623000;941;461;480;38,4
19510006624000;1482;758;724;36,8
19510006625000;426;213;213;29,8
19510006626000;954;473;481;27,3
19510006628000;21;11;10;36,8
19510006630000;16;10;6;45,1
19510006631000;18;10;8;29,1
19510006632000;30;20;10;29,6
19510006633000;128;64;64;33,7
19510006634000;63;34;29;34,0
19510006635000;106;54;52;36,1
19510006636000;20;10;10;47,5
19510006637000;14;8;6;35,1
19510006638000;42;21;21;40,0
19510006639000;10;3;7;47,6
19510006640000;14;6;8;40,3
19510006641000;29;18;11;32,9
19510006642000;3;2;1;0,0
19510006651000;4;3;1;0,0
19510006660000;66;32;34;42,5
19510006661000;19;10;9;47,5
19510006662000;59;29;30;39,3
19510006663000;4;2;2;0,0
19510006664000;10;7;3;43,5
19510006665000;33;18;15;36,4
19510006666000;11;7;4;40,6
19510006669000;148;74;74;30,1
19510006670000;41;26;15;31,2
19510006671000;1;1;0;0,0
19510006680000;2;1;1;0,0
19510006682000;2;1;1;0,0
19510006692000;93;49;44;34,3
19510006693000;72;41;31;41,2
19510006695000;5;3;2;47,8
19510006707000;12;6;6;32,0
19510006712000;2;1;1;0,0
19510006713000;2;1;1;0,0
19510006715000;268;148;120;35,9
19510006716000;157;79;78;35,5
19510006717000;67;32;35;43,4
19510006718000;67;36;31;38,8
19510006719000;33;14;19;54,1
19510006720000;74;38;36;48,7
19510006721000;417;213;204;33,5
19510006722000;170;81;89;23,6
19510006723000;78;33;45;37,8
19510006724000;4;2;2;0,0
19510006725000;35;17;18;35,4
19510006726000;23;12;11;32,9
19510006727000;102;51;51;34,2
19510006728000;31;14;17;31,9
19510006729000;132;73;59;39,9
19510006734000;70;40;30;41,3
19510006737000;169;84;85;34,0
19510006738000;432;204;228;31,2
19510006740000;61;31;30;33,4
19510006741000;1;0;1;0,0
19510006752000;22;9;13;39,2
19510006753000;6;4;2;35,2
19510006754000;76;40;36;44,9
19510006755000;174;94;80;40,9
19510006756000;21;11;10;72,6
19510006760000;17;7;10;51,2
19510006768000;3;1;2;0,0
19510006769000;15;8;7;32,9
19510006770000;98;52;46;40,1
19510006771000;276;130;146;36,6
19510006772000;44;26;18;44,4
19510006773000;50;22;28;49,7
19510006774000;56;30;26;45,9
19510006775000;9;5;4;60,0
19510006777000;34;19;15;46,8
19510006778000;126;70;56;43,7
19510006779000;185;81;104;33,1
19510006781000;3;2;1;0,0
19510006790000;2;1;1;0,0
19510006813000;14;8;6;43,4
19510006818000;1;1;0;0,0
19510006821000;7;3;4;47,1
19510006839000;9;5;4;43,4
19510006840000;83;40;43;34,5
19510006841000;15;8;7;47,6
19520006546000;53;26;27;43,7
19520006547000;41;21;20;34,7
19520006548000;35;17;18;40,8
19520006549000;5;3;2;36,8
19520006550000;4;1;3;0,0
19520006551000;3;3;0;0,0
19520006552000;10;7;3;60,7
19520006553000;22;12;10;30,0
19520006586000;58;29;29;39,2
19520006587000;14;8;6;57,6
19520006598000;6;2;4;39,5
19520006599000;5;2;3;40,2
19520006600000;6;2;4;49,5
19520006602000;2;1;1;0,0
19520006603000;2;1;1;0,0
19520006610000;2;1;1;0,0
19520006611000;23;10;13;42,9
19520006612000;18;9;9;48,2
19520006613000;7;3;4;46,3
19520006614000;13;7;6;31,4
19520006615000;53;25;28;50,7
19520006616000;148;78;70;40,9
19520006617000;47;30;17;37,0
19520006619000;19;9;10;44,4
19520006622000;231;117;114;30,2
19520006623000;197;99;98;36,8
19520006624000;292;142;150;32,1
19520006625000;744;393;351;26,1
19520006626000;41;21;20;39,8
19520006632000;3;2;1;0,0
19520006633000;36;19;17;40,4
19520006634000;227;107;120;22,5
19520006635000;58;34;24;32,6
19520006642000;40;20;20;40,0
19520006643000;17;9;8;41,3
19520006644000;4;1;3;0,0
19520006658000;1;1;0;0,0
19520006660000;18;9;9;45,8
19520006661000;13;5;8;46,1
19520006662000;198;95;103;30,7
19520006663000;187;98;89;40,8
19520006665000;38;18;20;30,0
19520006666000;16;7;9;35,3
19520006669000;42;21;21;37,9
19520006670000;7;2;5;25,1
19520006674000;8;5;3;52,4
19520006675000;18;11;7;37,8
19520006692000;32;15;17;49,6
19520006693000;73;38;35;42,3
19520006712000;111;52;59;33,1
19520006713000;258;146;112;35,4
19520006714000;156;87;69;26,8
19520006715000;6;3;3;41,0
19520006721000;2;1;1;0,0
19520006722000;250;117;133;41,6
19520006723000;132;68;64;31,2
19520006724000;60;31;29;39,6
19520006725000;8;5;3;57,0
19520006727000;2;1;1;0,0
19520006729000;123;57;66;37,4
19520006731000;21;11;10;39,5
19520006732000;71;35;36;31,3
19520006733000;2;1;1;0,0
19520006734000;52;25;27;28,4
19520006735000;96;48;48;35,8
19520006736000;422;217;205;31,6
19520006737000;27;14;13;20,4
19520006751000;23;12;11;37,3
19520006752000;192;94;98;35,2
19520006759000;13;8;5;44,0
19520006760000;16;7;9;50,7
19520006764000;34;14;20;38,6
19520006765000;25;12;13;36,8
19520006767000;5;4;1;22,0
19520006768000;109;56;53;36,5
19520006769000;25;16;9;41,4
19520006770000;44;22;22;35,6
19520006771000;72;47;25;31,9
19520006772000;23;13;10;51,0
19520006777000;17;9;8;36,2
19520006778000;68;36;32;41,5
19520006779000;38;20;18;35,0
19520006780000;359;185;174;37,6
19520006781000;24;13;11;52,1
19520006782000;23;12;11;41,4
19520006783000;63;33;30;47,2
19520006784000;11;6;5;38,7
19520006789000;5;3;2;62,0
19520006812000;20;6;14;30,4
19520006813000;20;12;8;46,4
19530006539000;2;1;1;0,0
19530006540000;20;12;8;32,7
19530006541000;20;9;11;41,8
19530006542000;25;13;12;45,4
19530006543000;202;144;58;36,7
19530006544000;31;19;12;36,6
19530006545000;43;25;18;45,4
19530006546000;14;8;6;38,7
19530006547000;38;19;19;44,3
19530006548000;46;21;25;37,3
19530006549000;11;7;4;29,7
19530006553000;30;14;16;42,9
19530006600000;3;1;2;0,0
19530006601000;14;8;6;42,0
19530006602000;6;4;2;33,5
19530006603000;11;8;3;45,0
19530006613000;2;1;1;0,0
19530006614000;15;9;6;46,6
19530006615000;22;11;11;26,9
19530006616000;20;11;9;52,2
19530006617000;38;23;15;44,2
19530006618000;26;12;14;40,5
19530006619000;65;39;26;37,1
19530006620000;85;48;37;41,2
19530006621000;76;34;42;38,2
19530006622000;56;32;24;36,2
19530006623000;18;11;7;37,7
19530006624000;87;46;41;30,4
19530006625000;39;20;19;40,1
19530006626000;9;3;6;25,7
19530006631000;4;2;2;0,0
19530006632000;20;14;6;41,9
19530006634000;15;6;9;46,6
19530006635000;24;12;12;38,9
19530006636000;58;29;29;39,2
19530006637000;19;10;9;23,3
19530006642000;18;9;9;36,1
19530006644000;2;1;1;0,0
19530006645000;27;15;12;33,8
19530006657000;1;1;0;0,0
19530006658000;7;5;2;49,9
19530006663000;2;1;1;0,0
19530006664000;2;1;1;0,0
19530006665000;45;24;21;31,5
19530006666000;17;11;6;40,2
19530006669000;154;88;66;32,9
19530006670000;9;5;4;35,8
19530006671000;2;1;1;0,0
19530006672000;2;1;1;0,0
19530006673000;2;1;1;0,0
19530006674000;11;7;4;30,0
19530006675000;32;17;15;50,0
19530006683000;1;1;0;0,0
19530006689000;7;4;3;47,4
19530006690000;12;5;7;72,4
19530006693000;45;26;19;43,5
19530006703000;8;3;5;46,0
19530006704000;61;28;33;38,3
19530006705000;106;57;49;43,0
19530006706000;3;0;3;0,0
19530006707000;1;1;0;0,0
19530006712000;11;7;4;25,1
19530006713000;96;47;49;29,9
19530006719000;14;9;5;37,5
19530006720000;40;22;18;41,2
19530006721000;111;60;51;38,9
19530006722000;39;21;18;30,8
19530006723000;195;98;97;33,2
19530006724000;109;49;60;37,5
19530006725000;27;14;13;50,7
19530006726000;2;1;1;0,0
19530006727000;10;5;5;51,5
19530006728000;43;19;24;39,2
19530006729000;334;166;168;34,3
19530006730000;88;40;48;29,4
19530006732000;257;138;119;31,7
19530006733000;227;112;115;34,3
19530006734000;313;158;155;29,3
19530006735000;377;196;181;34,5
19530006736000;194;92;102;30,7
19530006741000;124;67;57;40,6
19530006750000;90;50;40;39,9
19530006751000;8;5;3;42,5
19530006752000;105;64;41;36,4
19530006753000;17;9;8;40,9
19530006754000;3;1;2;0,0
19530006759000;59;32;27;39,8
19530006760000;40;17;23;37,2
19530006764000;2;1;1;0,0
19530006766000;94;46;48;36,0
19530006767000;46;24;22;45,3
19530006768000;7;3;4;54,7
19530006770000;21;11;10;35,0
19530006777000;8;3;5;34,1
19530006778000;59;29;30;38,4
19530006779000;56;26;30;46,0
19530006780000;140;58;82;56,0
19530006781000;140;73;67;40,8
19530006782000;37;18;19;38,1
19530006783000;33;20;13;40,2
19530006795000;2;1;1;0,0
19530006796000;10;5;5;39,6
19530006813000;208;116;92;39,3
19530006814000;56;28;28;35,8
19530006815000;10;6;4;37,1
19530006817000;6;2;4;29,2
19530006821000;4;2;2;0,0
19530006822000;7;4;3;40,7
19530006826000;5;4;1;60,2
19530006827000;4;2;2;0,0
19530006840000;5;3;2;65,6
19540006538000;13;8;5;30,9
19540006539000;25;10;15;39,0
19540006540000;30;16;14;33,9
19540006541000;60;34;26;38,3
19540006542000;42;23;19;35,2
19540006543000;35;20;15;33,0
19540006544000;12;7;5;38,2
19540006545000;52;29;23;36,4
19540006546000;92;54;38;39,4
19540006547000;109;59;50;37,8
19540006548000;58;33;25;42,8
19540006549000;24;14;10;40,5
19540006550000;2;1;1;0,0
19540006553000;14;7;7;42,6
19540006554000;8;3;5;51,1
19540006569000;2;1;1;0,0
19540006598000;6;4;2;37,2
19540006599000;1;0;1;0,0
19540006601000;14;6;8;48,1
19540006602000;3;3;0;0,0
19540006612000;2;1;1;0,0
19540006613000;14;7;7;30,5
19540006614000;11;6;5;33,7
19540006615000;4;2;2;0,0
19540006619000;11;6;5;37,6
19540006620000;153;80;73;30,7
19540006621000;6;2;4;40,0
19540006622000;98;50;48;40,2
19540006623000;578;297;281;31,8
19540006624000;509;255;254;31,4
19540006625000;297;164;133;38,4
19540006626000;80;37;43;33,2
19540006635000;2;2;0;0,0
19540006636000;8;5;3;39,6
19540006637000;1;0;1;0,0
19540006638000;37;19;18;39,1
19540006639000;212;112;100;34,1
19540006640000;133;72;61;33,8
19540006642000;18;11;7;35,6
19540006646000;67;36;31;36,2
19540006661000;14;9;5;31,6
19540006663000;37;18;19;36,8
19540006665000;20;13;7;36,7
19540006668000;86;43;43;37,0
19540006669000;104;52;52;26,9
19540006670000;41;18;23;31,5
19540006671000;436;224;212;32,3
19540006672000;7;3;4;53,6
19540006673000;12;5;7;35,2
19540006674000;42;21;21;41,4
19540006689000;33;19;14;44,1
19540006690000;24;13;11;31,1
19540006691000;10;4;6;42,4
19540006692000;181;84;97;39,1
19540006693000;224;112;112;37,1
19540006697000;8;4;4;56,0
19540006699000;10;7;3;64,0
19540006703000;113;63;50;35,1
19540006704000;91;49;42;32,8
19540006705000;67;32;35;24,8
19540006707000;9;5;4;36,2
19540006712000;78;40;38;32,9
19540006713000;181;95;86;39,3
19540006714000;10;5;5;38,9
19540006715000;18;9;9;36,8
19540006716000;32;16;16;50,5
19540006717000;4;1;3;0,0
19540006720000;25;15;10;35,0
19540006721000;182;93;89;36,3
19540006722000;34;16;18;31,2
19540006723000;210;104;106;34,2
19540006724000;20;11;9;34,9
19540006730000;10;5;5;29,8
19540006731000;404;200;204;33,1
19540006732000;378;184;194;35,8
19540006736000;5;5;0;59,4
19540006741000;84;48;36;42,7
19540006748000;29;16;13;40,4
19540006749000;89;45;44;38,3
19540006750000;49;24;25;41,9
19540006751000;143;73;70;31,6
19540006752000;51;28;23;39,3
19540006754000;20;9;11;41,8
19540006755000;130;70;60;34,8
19540006759000;7;3;4;24,4
19540006760000;1;1;0;0,0
19540006764000;3;1;2;0,0
19540006766000;52;26;26;44,0
19540006767000;7;4;3;64,4
19540006768000;49;24;25;34,2
19540006769000;8;5;3;41,1
19540006771000;15;9;6;49,0
19540006772000;96;49;47;46,9
19540006773000;19;11;8;42,5
19540006774000;11;7;4;56,1
19540006776000;34;21;13;41,0
19540006777000;3;2;1;0,0
19540006778000;102;52;50;38,4
19540006780000;8;5;3;40,9
19540006781000;22;11;11;49,0
19540006782000;15;8;7;46,8
19540006795000;41;20;21;39,3
19540006796000;6;3;3;60,3
19540006813000;14;7;7;51,1
19540006814000;2;1;1;0,0
19540006820000;2;1;1;0,0
19540006821000;6;2;4;56,3
19540006828000;2;1;1;0,0
19550006534000;1;0;1;0,0
19550006535000;28;11;17;26,9
19550006536000;11;7;4;41,3
19550006537000;14;8;6;30,5
19550006538000;35;20;15;35,7
19550006539000;31;16;15;36,8
19550006540000;58;33;25;30,6
19550006541000;54;29;25;35,5
19550006542000;183;95;88;33,9
19550006543000;146;76;70;31,9
19550006544000;50;23;27;34,4
19550006545000;47;26;21;35,2
19550006546000;98;49;49;36,8
19550006547000;388;215;173;32,0
19550006548000;46;25;21;39,9
19550006549000;17;10;7;22,4
19550006550000;72;35;37;35,8
19550006551000;11;8;3;34,3
19550006552000;36;19;17;31,7
19550006554000;47;26;21;28,6
19550006556000;28;15;13;36,3
19550006557000;42;20;22;37,7
19550006558000;12;7;5;41,8
19550006559000;17;8;9;40,4
19550006569000;6;3;3;56,0
19550006598000;5;2;3;70,8
19550006599000;12;6;6;40,2
19550006600000;4;2;2;0,0
19550006601000;5;2;3;49,6
19550006602000;10;6;4;47,8
19550006603000;32;13;19;35,8
19550006604000;182;82;100;41,3
19550006605000;64;30;34;36,3
19550006611000;14;7;7;24,7
19550006612000;48;23;25;45,1
19550006619000;21;11;10;40,6
19550006620000;34;20;14;48,6
19550006621000;55;27;28;32,5
19550006622000;21;8;13;37,8
19550006623000;20;10;10;35,5
19550006624000;4;2;2;0,0
19550006625000;213;107;106;33,0
19550006626000;858;431;427;36,9
19550006627000;228;115;113;39,5
19550006628000;49;31;18;35,6
19550006629000;14;6;8;28,9
19550006630000;1;1;0;0,0
19550006631000;3;2;1;0,0
19550006635000;14;6;8;33,9
19550006636000;17;7;10;48,8
19550006637000;22;10;12;38,6
19550006638000;7;4;3;20,4
19550006639000;123;60;63;36,3
19550006640000;346;162;184;45,2
19550006641000;47;23;24;31,2
19550006642000;22;9;13;33,0
19550006643000;17;9;8;25,2
19550006644000;6;3;3;72,2
19550006645000;14;8;6;51,3
19550006646000;29;14;15;42,5
19550006647000;5;2;3;28,4
19550006648000;11;7;4;36,8
19550006649000;14;9;5;41,6
19550006661000;28;14;14;36,3
19550006668000;82;45;37;32,3
19550006669000;6;3;3;23,0
19550006670000;557;292;265;39,9
19550006671000;199;106;93;37,8
19550006690000;10;3;7;39,7
19550006691000;8;5;3;42,0
19550006692000;75;43;32;35,7
19550006693000;53;25;28;29,5
19550006694000;8;5;3;32,5
19550006695000;20;9;11;21,5
19550006696000;198;113;85;37,3
19550006697000;40;23;17;26,8
19550006699000;18;10;8;37,7
19550006700000;17;10;7;37,4
19550006703000;110;57;53;31,8
19550006704000;12;5;7;26,9
19550006713000;20;12;8;44,5
19550006714000;112;61;51;39,0
19550006715000;141;74;67;36,7
19550006716000;271;146;125;41,0
19550006717000;343;168;175;41,0
19550006718000;25;17;8;35,6
19550006724000;16;7;9;28,0
19550006725000;135;69;66;36,1
19550006726000;172;95;77;31,4
19550006729000;119;64;55;38,5
19550006730000;196;107;89;39,9
19550006731000;450;234;216;35,7
19550006732000;18;11;7;38,9
19550006733000;29;18;11;37,0
19550006734000;348;169;179;33,7
19550006741000;108;54;54;39,5
19550006742000;163;82;81;35,2
19550006744000;127;64;63;39,0
19550006748000;106;53;53;40,9
19550006750000;28;17;11;43,8
19550006751000;65;34;31;45,6
19550006752000;11;6;5;26,9
19550006753000;21;11;10;33,9
19550006754000;146;70;76;33,4
19550006755000;135;72;63;41,3
19550006756000;77;39;38;38,2
19550006759000;9;4;5;36,8
19550006760000;13;8;5;50,4
19550006763000;106;51;55;34,7
19550006764000;22;12;10;27,2
19550006765000;41;16;25;38,9
19550006766000;20;11;9;33,6
19550006767000;56;27;29;40,5
19550006768000;21;10;11;42,3
19550006769000;5;3;2;32,6
19550006771000;71;35;36;39,1
19550006776000;17;12;5;46,6
19550006777000;8;4;4;34,1
19550006779000;28;17;11;31,5
19550006780000;22;11;11;39,0
19550006781000;21;10;11;36,2
19550006782000;98;47;51;39,5
19550006783000;7;4;3;34,7
19550006814000;11;5;6;37,9
19550006827000;3;2;1;0,0
19550006828000;10;5;5;45,4
19560006532000;4;3;1;0,0
19560006533000;13;6;7;35,5
19560006534000;43;22;21;33,7
19560006535000;61;33;28;37,2
19560006536000;25;13;12;36,2
19560006537000;11;8;3;30,7
19560006538000;12;6;6;29,5
19560006539000;7;2;5;25,6
19560006540000;108;65;43;34,4
19560006541000;28;14;14;32,4
19560006542000;47;24;23;35,0
19560006543000;11;6;5;46,5
19560006544000;87;47;40;39,1
19560006545000;80;39;41;37,2
19560006546000;39;24;15;29,3
19560006547000;54;30;24;37,9
19560006548000;67;38;29;38,3
19560006549000;27;13;14;40,7
19560006550000;30;17;13;36,1
19560006551000;46;23;23;39,9
19560006552000;52;26;26;35,8
19560006553000;33;19;14;36,5
19560006554000;61;33;28;44,1
19560006555000;28;15;13;34,7
19560006556000;42;23;19;37,4
19560006557000;40;17;23;46,2
19560006558000;82;44;38;37,5
19560006559000;13;6;7;41,2
19560006560000;22;12;10;37,2
19560006561000;39;23;16;36,9
19560006562000;45;23;22;37,0
19560006563000;11;6;5;36,2
19560006601000;2;1;1;0,0
19560006602000;73;44;29;29,2
19560006603000;159;82;77;43,2
19560006604000;25;15;10;37,6
19560006605000;39;28;11;36,1
19560006606000;4;3;1;0,0
19560006611000;18;9;9;32,0
19560006612000;46;24;22;42,0
19560006616000;20;11;9;42,7
19560006621000;42;22;20;34,5
19560006622000;34;23;11;38,6
19560006623000;11;6;5;35,1
19560006624000;9;6;3;37,0
19560006625000;737;388;349;31,0
19560006626000;906;434;472;30,5
19560006627000;68;35;33;36,0
19560006628000;19;8;11;44,9
19560006629000;70;39;31;35,3
19560006630000;5;3;2;24,4
19560006633000;1;1;0;0,0
19560006634000;4;2;2;0,0
19560006635000;7;4;3;41,4
19560006639000;21;14;7;38,1
19560006640000;426;217;209;30,2
19560006641000;56;32;24;25,5
19560006643000;5;2;3;56,8
19560006644000;1;1;0;0,0
19560006645000;5;3;2;35,6
19560006648000;3;1;2;0,0
19560006649000;40;19;21;37,2
19560006662000;55;26;29;41,1
19560006668000;74;38;36;33,8
19560006669000;8;5;3;38,4
19560006675000;4;2;2;0,0
19560006682000;2;1;1;0,0
19560006692000;13;8;5;46,8
19560006693000;31;14;17;45,5
19560006695000;32;17;15;37,5
19560006696000;15;9;6;32,6
19560006697000;17;10;7;53,4
19560006699000;7;4;3;40,7
19560006700000;59;31;28;30,7
19560006701000;4;2;2;0,0
19560006702000;1;1;0;0,0
19560006703000;6;3;3;21,2
19560006704000;2;0;2;0,0
19560006705000;20;9;11;32,8
19560006716000;48;22;26;38,5
19560006717000;2;1;1;0,0
19560006718000;4;3;1;0,0
19560006726000;109;54;55;33,2
19560006727000;127;63;64;33,6
19560006728000;128;67;61;39,8
19560006729000;49;26;23;34,9
19560006730000;21;11;10;29,1
19560006731000;675;349;326;36,9
19560006732000;926;435;491;43,2
19560006733000;1238;593;645;35,2
19560006734000;641;343;298;33,2
19560006735000;157;78;79;33,0
19560006736000;94;51;43;32,4
19560006741000;1;1;0;0,0
19560006742000;265;127;138;36,4
19560006743000;215;104;111;32,1
19560006744000;285;143;142;32,2
19560006747000;46;21;25;33,4
19560006748000;357;178;179;37,6
19560006749000;221;108;113;32,8
19560006750000;7;5;2;54,0
19560006752000;68;31;37;23,7
19560006753000;11;6;5;47,0
19560006754000;79;41;38;38,5
19560006755000;143;72;71;32,3
19560006756000;24;10;14;35,7
19560006759000;20;12;8;36,5
19560006760000;5;3;2;29,6
19560006762000;5;2;3;65,2
19560006763000;337;163;174;49,6
19560006764000;303;148;155;31,0
19560006765000;6;3;3;12,0
19560006766000;53;26;27;41,9
19560006767000;83;38;45;31,9
19560006768000;6;3;3;51,2
19560006769000;1;0;1;0,0
19560006770000;40;24;16;41,9
19560006771000;20;10;10;34,7
19560006776000;22;12;10;30,5
19560006777000;9;5;4;56,1
19560006778000;32;16;16;44,1
19560006779000;1;0;1;0,0
19560006780000;3;2;1;0,0
19560006781000;28;14;14;31,7
19560006782000;271;135;136;37,6
19560006783000;54;26;28;42,9
19560006793000;12;3;9;25,3
19560006812000;1;0;1;0,0
19560006815000;4;2;2;0,0
19560006817000;3;1;2;0,0
19560006821000;6;5;1;48,2
19560006824000;3;1;2;0,0
19560006828000;12;5;7;43,5
19570006528000;46;27;19;31,5
19570006529000;2;2;0;0,0
19570006530000;4;2;2;0,0
19570006531000;50;25;25;36,8
19570006532000;25;12;13;30,6
19570006533000;34;20;14;36,8
19570006534000;83;46;37;32,1
19570006535000;1235;643;592;33,5
19570006536000;91;44;47;34,1
19570006537000;27;13;14;39,4
19570006538000;2;1;1;0,0
19570006539000;22;11;11;53,8
19570006540000;608;293;315;45,8
19570006541000;295;146;149;33,3
19570006542000;31;12;19;35,2
19570006543000;23;15;8;30,7
19570006544000;23;13;10;44,3
19570006545000;31;19;12;39,2
19570006546000;66;39;27;38,8
19570006547000;49;30;19;39,2
19570006548000;49;29;20;40,7
19570006549000;94;51;43;33,4
19570006550000;32;16;16;45,3
19570006551000;18;10;8;45,1
19570006552000;49;25;24;41,2
19570006553000;23;14;9;37,3
19570006554000;393;210;183;36,8
19570006555000;31;17;14;33,3
19570006556000;52;28;24;46,3
19570006557000;37;18;19;40,7
19570006558000;121;63;58;39,8
19570006559000;73;44;29;35,1
19570006560000;80;43;37;34,7
19570006561000;851;430;421;27,1
19570006562000;209;101;108;25,2
19570006563000;146;72;74;36,0
19570006564000;4;3;1;0,0
19570006602000;2;1;1;0,0
19570006603000;69;37;32;32,6
19570006605000;4;1;3;0,0
19570006606000;8;5;3;49,8
19570006607000;17;8;9;28,2
19570006611000;19;12;7;48,0
19570006612000;32;15;17;31,0
19570006613000;9;4;5;44,8
19570006614000;124;64;60;28,3
19570006615000;3;2;1;0,0
19570006616000;9;4;5;41,3
19570006617000;19;8;11;42,9
19570006623000;7;4;3;66,0
19570006625000;421;220;201;28,9
19570006626000;77;40;37;38,9
19570006627000;18;11;7;37,7
19570006634000;17;8;9;43,8
19570006638000;1;1;0;0,0
19570006640000;29;16;13;35,8
19570006641000;8;4;4;48,9
19570006644000;11;6;5;25,7
19570006645000;13;8;5;43,2
19570006646000;2;1;1;0,0
19570006647000;3;2;1;0,0
19570006648000;12;7;5;26,5
19570006649000;23;11;12;33,9
19570006650000;1;1;0;0,0
19570006656000;102;51;51;36,8
19570006657000;72;31;41;34,5
19570006659000;162;84;78;30,7
19570006660000;39;16;23;30,0
19570006661000;170;78;92;31,0
19570006662000;27;13;14;57,8
19570006663000;33;19;14;33,7
19570006664000;23;12;11;38,7
19570006665000;41;24;17;45,4
19570006666000;7;2;5;56,3
19570006667000;93;51;42;32,0
19570006668000;251;135;116;38,9
19570006675000;22;14;8;38,3
19570006676000;20;9;11;36,6
19570006682000;6;2;4;36,2
19570006691000;29;16;13;37,8
19570006692000;122;65;57;36,8
19570006693000;4;2;2;0,0
19570006700000;10;7;3;48,1
19570006701000;101;49;52;32,8
19570006702000;461;225;236;35,3
19570006703000;234;125;109;34,5
19570006704000;24;11;13;34,3
19570006708000;1;0;1;0,0
19570006717000;6;3;3;44,3
19570006718000;16;9;7;61,2
19570006724000;7;5;2;42,9
19570006725000;148;73;75;31,3
19570006727000;60;25;35;32,7
19570006728000;2;1;1;0,0
19570006729000;42;23;19;46,7
19570006730000;203;106;97;35,7
19570006731000;671;338;333;35,6
19570006732000;841;419;422;32,2
19570006733000;11;5;6;28,2
19570006735000;50;25;25;35,1
19570006736000;14;8;6;33,3
19570006741000;6;4;2;50,3
19570006742000;123;62;61;37,0
19570006743000;165;89;76;27,5
19570006744000;225;121;104;33,0
19570006745000;3;2;1;0,0
19570006747000;7;4;3;39,9
19570006748000;50;24;26;42,0
19570006749000;182;95;87;28,8
19570006750000;45;20;25;40,1
19570006752000;33;17;16;39,0
19570006753000;38;15;23;35,6
19570006754000;9;4;5;38,0
19570006755000;26;13;13;34,0
19570006756000;8;5;3;51,4
19570006759000;33;15;18;42,2
19570006760000;2;1;1;0,0
19570006762000;29;19;10;31,4
19570006763000;200;98;102;42,8
19570006764000;130;70;60;37,7
19570006766000;7;4;3;42,4
19570006768000;27;15;12;41,1
19570006769000;90;46;44;43,4
19570006770000;18;9;9;36,0
19570006771000;77;46;31;38,5
19570006772000;1;1;0;0,0
19570006778000;7;2;5;25,0
19570006779000;19;10;9;40,5
19570006780000;75;40;35;36,9
19570006781000;51;24;27;42,3
19570006782000;120;86;34;35,7
19570006783000;38;19;19;49,3
19570006787000;3;2;1;0,0
19570006791000;19;9;10;37,8
19570006792000;45;23;22;43,9
19570006793000;3;2;1;0,0
19570006798000;1;0;1;0,0
19570006802000;3;2;1;0,0
19570006811000;4;3;1;0,0
19570006815000;31;14;17;42,4
19570006816000;10;4;6;43,3
19570006817000;1;1;0;0,0
19570006818000;7;5;2;55,6
19570006819000;4;2;2;0,0
19570006820000;1;1;0;0,0
19570006822000;1;1;0;0,0
19570006823000;2;1;1;0,0
19570006824000;3;2;1;0,0
19570006868000;3;2;1;0,0
19580006526000;4;2;2;0,0
19580006527000;9;6;3;48,2
19580006528000;17;9;8;36,1
19580006529000;62;30;32;35,0
19580006530000;50;26;24;33,3
19580006531000;38;16;22;33,4
19580006532000;25;15;10;42,0
19580006533000;63;32;31;36,7
19580006534000;333;179;154;35,1
19580006535000;1278;643;635;36,0
19580006536000;38;22;16;35,5
19580006537000;27;16;11;39,1
19580006538000;22;15;7;32,5
19580006539000;1507;771;736;28,5
19580006540000;2648;1299;1349;36,9
19580006541000;505;276;229;37,4
19580006542000;34;16;18;41,1
19580006543000;50;30;20;38,2
19580006544000;20;12;8;27,1
19580006545000;36;19;17;33,2
19580006546000;27;14;13;28,2
19580006547000;125;65;60;42,8
19580006548000;461;235;226;32,6
19580006549000;349;184;165;34,9
19580006550000;47;30;17;43,1
19580006551000;81;39;42;38,5
19580006552000;513;246;267;36,5
19580006553000;1000;503;497;27,9
19580006554000;1802;894;908;34,3
19580006555000;65;29;36;31,5
19580006556000;149;77;72;34,1
19580006557000;26;16;10;37,9
19580006558000;13;4;9;44,7
19580006559000;78;34;44;34,1
19580006560000;907;452;455;31,4
19580006561000;112;59;53;32,9
19580006562000;73;37;36;44,1
19580006563000;58;29;29;39,7
19580006564000;7;4;3;54,4
19580006566000;6;4;2;45,0
19580006567000;55;26;29;36,2
19580006568000;35;18;17;28,7
19580006570000;113;59;54;42,5
19580006571000;1170;594;576;39,0
19580006572000;97;46;51;29,5
19580006602000;10;8;2;36,3
19580006603000;27;15;12;43,3
19580006609000;10;6;4;40,2
19580006610000;159;78;81;35,9
19580006611000;52;30;22;42,1
19580006612000;16;9;7;31,2
19580006613000;187;105;82;31,1
19580006614000;9;4;5;30,2
19580006617000;13;5;8;40,3
19580006619000;10;4;6;39,0
19580006620000;3;1;2;0,0
19580006624000;5;2;3;43,6
19580006626000;222;101;121;60,2
19580006635000;4;2;2;0,0
19580006637000;8;5;3;34,4
19580006638000;15;9;6;44,7
19580006639000;3;1;2;0,0
19580006640000;73;42;31;36,9
19580006641000;19;13;6;39,6
19580006642000;4;3;1;0,0
19580006646000;9;3;6;26,2
19580006649000;30;17;13;47,5
19580006650000;99;54;45;40,1
19580006651000;16;11;5;42,8
19580006656000;357;182;175;34,5
19580006657000;342;171;171;39,6
19580006658000;69;43;26;32,7
19580006659000;54;31;23;37,1
19580006660000;18;9;9;28,0
19580006661000;7;3;4;43,3
19580006663000;1;1;0;0,0
19580006670000;17;10;7;25,8
19580006671000;25;13;12;37,2
19580006672000;8;5;3;30,8
19580006674000;10;6;4;32,6
19580006675000;113;62;51;33,9
19580006676000;14;8;6;29,8
19580006677000;1;1;0;0,0
19580006678000;18;7;11;35,1
19580006679000;12;6;6;53,0
19580006680000;46;22;24;34,3
19580006681000;467;256;211;32,7
19580006682000;53;27;26;35,9
19580006683000;1;1;0;0,0
19580006684000;3;2;1;0,0
19580006691000;12;9;3;47,9
19580006692000;36;21;15;50,0
19580006693000;9;4;5;25,4
19580006696000;12;6;6;29,8
19580006697000;10;3;7;43,0
19580006698000;54;30;24;45,9
19580006699000;9;3;6;29,8
19580006700000;216;118;98;35,1
19580006701000;425;217;208;35,2
19580006702000;49;21;28;30,5
19580006703000;63;33;30;29,1
19580006704000;5;3;2;27,6
19580006725000;59;27;32;28,9
19580006726000;69;36;33;31,7
19580006727000;118;62;56;36,8
19580006728000;218;102;116;32,1
19580006729000;6;4;2;53,2
19580006730000;274;149;125;33,3
19580006731000;284;135;149;36,1
19580006732000;636;327;309;34,4
19580006733000;231;126;105;35,2
19580006734000;1161;613;548;36,7
19580006735000;449;221;228;34,6
19580006737000;127;71;56;35,5
19580006738000;315;156;159;40,5
19580006739000;492;250;242;34,1
19580006741000;262;128;134;26,4
19580006742000;898;452;446;29,3
19580006743000;421;219;202;26,6
19580006744000;79;39;40;41,4
19580006747000;2;1;1;0,0
19580006750000;12;6;6;47,8
19580006752000;107;53;54;35,6
19580006760000;18;13;5;41,3
19580006761000;23;14;9;46,0
19580006762000;65;38;27;42,1
19580006763000;27;15;12;52,7
19580006764000;21;10;11;53,3
19580006765000;26;12;14;39,3
19580006766000;25;14;11;40,5
19580006767000;19;10;9;32,2
19580006768000;91;44;47;38,9
19580006769000;36;20;16;34,7
19580006770000;1;1;0;0,0
19580006778000;14;9;5;53,9
19580006779000;8;4;4;24,9
19580006780000;21;10;11;46,3
19580006781000;74;54;20;34,0
19580006783000;58;58;0;34,7
19580006787000;22;11;11;46,9
19580006794000;4;2;2;0,0
19580006796000;5;2;3;25,0
19580006797000;4;1;3;0,0
19580006798000;2;1;1;0,0
19580006804000;5;3;2;38,6
19580006805000;11;7;4;36,3
19580006818000;6;3;3;40,5
19580006820000;3;0;3;0,0
19580006823000;1;0;1;0,0
19580006824000;13;6;7;54,4
19580006828000;21;9;12;35,8
19580006867000;2;1;1;0,0
19580006868000;10;7;3;43,5
19590006526000;22;12;10;44,4
19590006527000;17;10;7;28,1
19590006528000;26;19;7;41,2
19590006529000;1641;827;814;34,8
19590006530000;100;43;57;37,5
19590006531000;23;12;11;32,6
19590006532000;3;2;1;0,0
19590006533000;17;10;7;47,4
19590006534000;50;28;22;38,1
19590006535000;43;25;18;31,5
19590006536000;29;17;12;33,1
19590006537000;26;13;13;30,0
19590006538000;16;6;10;39,8
19590006539000;860;421;439;27,6
19590006540000;116;57;59;31,2
19590006541000;41;23;18;39,0
19590006542000;7;3;4;25,0
19590006543000;22;11;11;48,9
19590006544000;94;53;41;33,7
19590006545000;76;41;35;24,3
19590006546000;69;35;34;34,1
19590006547000;1825;910;915;39,4
19590006548000;2218;1114;1104;39,5
19590006549000;1180;582;598;30,0
19590006550000;55;28;27;34,8
19590006551000;12;7;5;43,1
19590006552000;2641;1332;1309;38,8
19590006553000;1031;533;498;34,6
19590006554000;409;207;202;24,7
19590006555000;32;15;17;41,7
19590006556000;61;34;27;31,1
19590006557000;44;24;20;36,8
19590006558000;28;15;13;40,5
19590006559000;10;4;6;58,5
19590006560000;87;49;38;36,0
19590006561000;119;65;54;38,2
19590006562000;135;64;71;33,3
19590006563000;37;21;16;41,4
19590006564000;17;13;4;40,4
19590006565000;93;48;45;35,2
19590006566000;81;44;37;35,4
19590006567000;144;70;74;34,7
19590006568000;97;55;42;34,1
19590006570000;417;208;209;36,2
19590006571000;2906;1468;1438;35,9
19590006572000;136;76;60;34,9
19590006573000;33;15;18;47,8
19590006576000;78;44;34;35,6
19590006577000;74;33;41;38,4
19590006578000;46;22;24;39,4
19590006579000;74;31;43;40,6
19590006612000;11;5;6;35,5
19590006613000;3;2;1;0,0
19590006614000;94;50;44;33,9
19590006615000;11;7;4;35,7
19590006616000;25;13;12;29,4
19590006617000;39;22;17;38,4
19590006618000;13;7;6;39,2
19590006619000;28;15;13;41,6
19590006620000;50;23;27;38,4
19590006621000;134;73;61;32,2
19590006622000;19;7;12;32,2
19590006623000;16;4;12;43,3
19590006624000;2;1;1;0,0
19590006625000;134;70;64;41,5
19590006626000;354;179;175;45,5
19590006627000;12;8;4;29,5
19590006633000;6;1;5;22,0
19590006638000;16;10;6;33,3
19590006639000;55;27;28;31,5
19590006640000;42;18;24;39,5
19590006641000;24;11;13;31,5
19590006642000;76;40;36;41,2
19590006645000;12;4;8;29,4
19590006650000;87;45;42;38,0
19590006651000;39;19;20;42,4
19590006656000;57;24;33;33,4
19590006657000;259;123;136;42,2
19590006658000;11;5;6;29,2
19590006659000;7;2;5;27,1
19590006660000;14;4;10;35,5
19590006666000;10;5;5;51,0
19590006667000;13;4;9;33,5
19590006670000;146;74;72;32,5
19590006671000;9;4;5;24,4
19590006675000;6;2;4;52,2
19590006676000;143;71;72;39,5
19590006677000;87;41;46;36,1
19590006678000;27;13;14;37,9
19590006679000;10;5;5;44,6
19590006680000;22;11;11;37,4
19590006681000;197;88;109;41,2
19590006682000;35;19;16;60,5
19590006686000;20;10;10;48,5
19590006693000;70;34;36;37,7
19590006699000;63;29;34;42,0
19590006700000;77;37;40;33,6
19590006718000;18;9;9;41,4
19590006721000;4;1;3;0,0
19590006722000;65;34;31;38,5
19590006723000;68;40;28;32,5
19590006724000;5;3;2;29,8
19590006726000;4;3;1;0,0
19590006727000;163;79;84;34,4
19590006728000;37;19;18;44,5
19590006729000;209;112;97;37,6
19590006730000;304;156;148;38,8
19590006731000;254;128;126;38,1
19590006732000;895;435;460;28,7
19590006733000;663;345;318;34,8
19590006735000;648;335;313;32,2
19590006736000;156;85;71;34,5
19590006737000;819;423;396;35,2
19590006738000;98;53;45;42,0
19590006739000;293;156;137;34,4
19590006741000;143;69;74;38,2
19590006742000;382;176;206;39,3
19590006743000;404;189;215;40,3
19590006744000;5;3;2;22,6
19590006746000;74;39;35;36,6
19590006747000;40;20;20;31,2
19590006748000;59;29;30;35,7
19590006750000;3;1;2;0,0
19590006751000;137;64;73;34,7
19590006752000;78;41;37;36,4
19590006754000;16;10;6;39,9
19590006760000;15;5;10;39,1
19590006761000;11;5;6;34,7
19590006762000;42;22;20;48,4
19590006763000;14;7;7;33,2
19590006764000;48;24;24;35,4
19590006765000;18;10;8;43,7
19590006773000;5;1;4;36,4
19590006775000;7;4;3;17,9
19590006776000;120;63;57;31,6
19590006777000;11;6;5;49,1
19590006779000;64;28;36;31,8
19590006780000;23;13;10;34,9
19590006787000;5;4;1;30,2
19590006795000;1;1;0;0,0
19590006796000;1;1;0;0,0
19590006814000;3;1;2;0,0
19590006815000;3;2;1;0,0
19590006828000;2;1;1;0,0
19590006867000;27;16;11;45,6
19590006868000;31;20;11;48,0
19590006870000;1;1;0;0,0
19600006526000;36;23;13;38,8
19600006527000;7;4;3;18,4
19600006528000;45;24;21;36,3
19600006529000;189;106;83;38,0
19600006530000;74;36;38;40,5
19600006531000;9;6;3;38,1
19600006532000;42;20;22;31,5
19600006533000;9;4;5;46,6
19600006534000;8;4;4;46,0
19600006535000;3;2;1;0,0
19600006536000;14;10;4;30,8
19600006537000;24;13;11;33,8
19600006538000;21;12;9;31,9
19600006539000;30;15;15;31,0
19600006540000;18;8;10;45,2
19600006541000;32;17;15;26,9
19600006542000;26;13;13;30,2
19600006543000;28;16;12;36,3
19600006544000;50;23;27;34,4
19600006545000;17;10;7;33,2
19600006546000;168;88;80;40,9
19600006547000;2165;1100;1065;34,1
19600006548000;1302;617;685;39,8
19600006549000;123;61;62;35,7
19600006550000;53;25;28;38,1
19600006551000;105;59;46;31,6
19600006552000;339;182;157;35,6
19600006553000;47;22;25;36,0
19600006554000;86;50;36;38,6
19600006555000;15;10;5;35,2
19600006556000;37;24;13;41,6
19600006557000;34;20;14;37,1
19600006558000;25;14;11;41,4
19600006559000;54;39;15;40,7
19600006560000;10;5;5;38,1
19600006561000;79;46;33;35,5
19600006562000;56;28;28;43,3
19600006563000;29;18;11;42,4
19600006564000;6;4;2;30,2
19600006565000;265;126;139;32,8
19600006566000;143;74;69;31,5
19600006567000;21;11;10;43,7
19600006568000;102;51;51;32,2
19600006569000;834;438;396;35,4
19600006570000;358;187;171;34,7
19600006571000;63;33;30;34,3
19600006572000;92;47;45;41,7
19600006573000;351;181;170;37,7
19600006574000;2378;1158;1220;34,6
19600006575000;27;16;11;35,4
19600006576000;77;35;42;40,4
19600006577000;90;55;35;37,3
19600006578000;101;51;50;38,5
19600006579000;112;61;51;32,8
19600006580000;37;22;15;34,8
19600006581000;42;19;23;38,1
19600006589000;5;2;3;16,4
19600006610000;4;1;3;0,0
19600006612000;1;1;0;0,0
19600006613000;6;2;4;19,7
19600006614000;3;1;2;0,0
19600006615000;77;38;39;42,2
19600006616000;29;17;12;45,1
19600006617000;3;2;1;0,0
19600006619000;3;2;1;0,0
19600006620000;38;20;18;40,7
19600006621000;75;39;36;33,1
19600006622000;61;33;28;29,4
19600006623000;84;42;42;30,4
19600006625000;444;239;205;25,0
19600006626000;329;192;137;33,6
19600006627000;46;21;25;38,1
19600006628000;1;0;1;0,0
19600006629000;32;12;20;43,4
19600006630000;51;27;24;42,9
19600006631000;11;7;4;36,4
19600006632000;7;4;3;65,9
19600006635000;28;15;13;32,5
19600006636000;28;14;14;39,4
19600006637000;43;23;20;47,0
19600006638000;13;6;7;31,8
19600006639000;18;11;7;40,3
19600006640000;15;7;8;30,1
19600006641000;9;4;5;44,7
19600006642000;4;2;2;0,0
19600006643000;10;5;5;30,0
19600006644000;11;6;5;47,3
19600006647000;31;17;14;31,9
19600006648000;80;48;32;37,7
19600006649000;28;12;16;34,4
19600006650000;6;3;3;29,7
19600006656000;20;11;9;42,1
19600006657000;170;90;80;38,1
19600006659000;4;2;2;0,0
19600006665000;277;133;144;34,3
19600006666000;172;95;77;32,4
19600006667000;76;43;33;40,6
19600006669000;15;9;6;59,9
19600006675000;64;26;38;36,3
19600006676000;60;35;25;34,5
19600006677000;2;1;1;0,0
19600006678000;50;19;31;39,6
19600006679000;107;48;59;37,3
19600006680000;50;25;25;41,2
19600006681000;150;72;78;41,1
19600006682000;499;247;252;39,6
19600006683000;4;2;2;0,0
19600006685000;15;6;9;45,9
19600006686000;57;31;26;37,5
19600006687000;6;3;3;40,3
19600006688000;8;3;5;36,9
19600006694000;9;6;3;53,3
19600006696000;14;9;5;42,0
19600006698000;3;1;2;0,0
19600006699000;20;10;10;34,3
19600006700000;26;12;14;33,8
19600006719000;76;40;36;37,2
19600006721000;206;105;101;36,1
19600006722000;110;62;48;40,2
19600006723000;56;36;20;40,7
19600006724000;315;167;148;38,9
19600006725000;6;3;3;41,7
19600006726000;103;61;42;39,9
19600006727000;5;3;2;59,0
19600006728000;914;461;453;37,6
19600006729000;1045;534;511;37,1
19600006730000;297;162;135;33,4
19600006731000;66;29;37;31,9
19600006732000;543;276;267;32,5
19600006733000;1639;821;818;34,1
19600006734000;22;10;12;36,0
19600006735000;165;84;81;33,7
19600006736000;873;453;420;31,6
19600006737000;427;195;232;38,9
19600006738000;85;44;41;46,4
19600006739000;1262;640;622;28,2
19600006740000;297;148;149;40,3
19600006741000;549;272;277;33,3
19600006742000;150;81;69;35,0
19600006743000;71;39;32;34,4
19600006746000;8;5;3;47,3
19600006747000;80;38;42;42,0
19600006748000;9;5;4;28,0
19600006750000;234;115;119;30,8
19600006751000;45;22;23;46,0
19600006752000;47;19;28;41,2
19600006753000;18;11;7;30,9
19600006754000;44;23;21;34,5
19600006757000;53;26;27;31,4
19600006758000;2;1;1;0,0
19600006761000;15;8;7;44,7
19600006763000;53;29;24;35,5
19600006764000;31;18;13;45,4
19600006773000;2;1;1;0,0
19600006775000;6;4;2;27,3
19600006776000;71;35;36;37,1
19600006777000;28;16;12;45,3
19600006779000;22;9;13;48,0
19600006794000;52;28;24;33,5
19600006796000;13;6;7;29,2
19600006804000;4;3;1;0,0
19600006818000;4;3;1;0,0
19600006819000;4;3;1;0,0
19600006820000;6;4;2;47,2
19600006843000;16;10;6;38,1
19600006844000;25;14;11;33,3
19600006867000;17;9;8;42,6
19600006868000;11;7;4;43,9
19600006870000;26;11;15;47,9
19610006526000;219;110;109;33,0
19610006527000;15;8;7;44,0
19610006528000;261;149;112;27,5
19610006529000;49;27;22;37,0
19610006530000;13;5;8;43,2
19610006532000;7;3;4;54,4
19610006533000;5;4;1;38,0
19610006534000;14;6;8;16,6
19610006535000;7;4;3;30,6
19610006536000;29;15;14;34,0
19610006537000;14;8;6;26,4
19610006539000;4;2;2;0,0
19610006540000;3;1;2;0,0
19610006541000;24;13;11;42,1
19610006542000;16;7;9;54,8
19610006543000;2;1;1;0,0
19610006544000;36;17;19;39,9
19610006545000;24;14;10;31,3
19610006546000;17;9;8;37,8
19610006547000;643;333;310;25,0
19610006548000;83;36;47;30,9
19610006550000;14;7;7;38,2
19610006551000;191;102;89;29,7
19610006552000;700;370;330;32,8
19610006553000;30;17;13;45,0
19610006554000;44;22;22;34,6
19610006555000;32;18;14;32,0
19610006556000;37;17;20;32,7
19610006557000;56;29;27;32,8
19610006558000;102;56;46;32,7
19610006559000;61;30;31;35,0
19610006560000;40;24;16;44,9
19610006561000;51;30;21;32,9
19610006562000;27;15;12;46,2
19610006563000;18;10;8;38,0
19610006564000;2;2;0;0,0
19610006565000;31;12;19;60,1
19610006566000;82;44;38;31,3
19610006568000;6;5;1;33,3
19610006569000;38;21;17;37,6
19610006570000;29;17;12;29,7
19610006571000;26;15;11;61,6
19610006572000;70;31;39;45,9
19610006573000;2376;1192;1184;36,9
19610006574000;1391;699;692;36,7
19610006575000;1158;604;554;36,0
19610006576000;811;398;413;35,2
19610006577000;1128;567;561;34,0
19610006578000;482;249;233;33,7
19610006579000;72;44;28;41,8
19610006580000;111;56;55;39,2
19610006581000;12;5;7;36,8
19610006588000;35;22;13;45,8
19610006589000;5;3;2;35,4
19610006591000;2;1;1;0,0
19610006609000;89;86;3;34,8
19610006610000;27;11;16;50,7
19610006611000;38;16;22;35,1
19610006612000;22;11;11;28,5
19610006616000;13;7;6;42,5
19610006622000;49;25;24;37,1
19610006623000;8;5;3;27,9
19610006624000;3;2;1;0,0
19610006626000;53;26;27;38,1
19610006630000;10;6;4;42,5
19610006632000;3;2;1;0,0
19610006636000;8;2;6;31,1
19610006637000;8;4;4;27,1
19610006638000;1;1;0;0,0
19610006639000;60;27;33;32,8
19610006642000;11;5;6;57,1
19610006643000;23;11;12;36,5
19610006644000;10;6;4;59,5
19610006645000;4;3;1;0,0
19610006647000;5;3;2;48,8
19610006648000;2;1;1;0,0
19610006651000;8;4;4;43,3
19610006664000;305;159;146;30,4
19610006665000;435;232;203;37,9
19610006666000;401;216;185;35,5
19610006668000;3;1;2;0,0
19610006675000;12;3;9;31,3
19610006676000;4;4;0;0,0
19610006679000;3;2;1;0,0
19610006681000;26;14;12;34,5
19610006682000;69;37;32;43,9
19610006683000;5;2;3;56,6
19610006684000;5;2;3;52,6
19610006685000;17;7;10;55,9
19610006686000;7;4;3;35,0
19610006687000;17;7;10;49,5
19610006696000;19;9;10;37,1
19610006697000;6;3;3;70,8
19610006718000;70;36;34;36,8
19610006719000;314;153;161;35,7
19610006720000;895;453;442;35,1
19610006721000;269;134;135;37,7
19610006722000;144;79;65;40,5
19610006723000;77;40;37;43,2
19610006726000;260;140;120;33,7
19610006727000;107;54;53;35,5
19610006728000;132;70;62;36,3
19610006729000;170;98;72;35,1
19610006730000;520;267;253;38,7
19610006731000;689;349;340;34,8
19610006732000;146;73;73;44,2
19610006733000;927;473;454;34,3
19610006734000;1564;780;784;38,5
19610006735000;81;37;44;40,9
19610006736000;688;345;343;34,2
19610006737000;222;107;115;31,7
19610006738000;543;276;267;34,7
19610006739000;468;239;229;30,2
19610006740000;5;4;1;32,4
19610006747000;103;55;48;38,3
19610006750000;463;240;223;27,9
19610006751000;34;16;18;40,7
19610006752000;89;41;48;39,6
19610006753000;8;3;5;16,6
19610006757000;35;20;15;48,3
19610006759000;6;3;3;48,7
19610006760000;7;3;4;44,4
19610006761000;30;14;16;44,1
19610006762000;101;52;49;37,8
19610006763000;79;43;36;36,4
19610006765000;19;10;9;31,8
19610006766000;9;7;2;25,7
19610006768000;20;13;7;45,2
19610006769000;9;8;1;34,9
19610006772000;2;1;1;0,0
19610006773000;7;5;2;57,6
19610006774000;12;7;5;40,7
19610006775000;13;6;7;46,8
19610006776000;33;17;16;40,4
19610006778000;17;9;8;40,2
19610006779000;30;18;12;51,3
19610006791000;1;0;1;0,0
19610006794000;6;4;2;33,7
19610006795000;1;1;0;0,0
19610006796000;1;1;0;0,0
19610006823000;1;1;0;0,0
19610006842000;9;6;3;66,8
19610006843000;31;15;16;53,8
19610006844000;7;3;4;74,0
19610006868000;5;2;3;50,6
19610006870000;2;1;1;0,0
19610006873000;10;5;5;40,7
19610006874000;69;35;34;38,9
19610006876000;8;4;4;56,3
19620006525000;41;25;16;41,0
19620006526000;201;100;101;38,1
19620006527000;3;2;1;0,0
19620006528000;136;72;64;26,5
19620006529000;17;10;7;47,8
19620006530000;2;1;1;0,0
19620006531000;5;3;2;41,6
19620006532000;8;5;3;39,3
19620006533000;25;13;12;31,6
19620006534000;14;6;8;32,0
19620006535000;35;16;19;37,5
19620006536000;17;9;8;34,4
19620006537000;30;16;14;32,6
19620006539000;11;6;5;29,8
19620006540000;8;4;4;31,3
19620006541000;16;10;6;34,1
19620006542000;24;15;9;40,6
19620006543000;20;11;9;37,2
19620006544000;44;24;20;39,9
19620006545000;32;15;17;41,1
19620006546000;62;27;35;39,1
19620006547000;43;19;24;42,9
19620006548000;45;27;18;40,5
19620006549000;17;8;9;34,8
19620006551000;5;2;3;28,2
19620006552000;765;384;381;30,5
19620006553000;364;190;174;29,0
19620006554000;34;19;15;40,0
19620006555000;95;56;39;38,1
19620006556000;32;18;14;48,5
19620006557000;41;22;19;37,1
19620006558000;84;46;38;35,0
19620006559000;96;51;45;36,4
19620006560000;7;4;3;49,9
19620006561000;63;31;32;38,1
19620006562000;48;23;25;28,9
19620006563000;65;40;25;40,5
19620006564000;2353;1200;1153;34,6
19620006565000;2097;1001;1096;44,9
19620006566000;542;275;267;36,6
19620006567000;479;246;233;32,5
19620006570000;1031;540;491;37,0
19620006571000;632;322;310;38,1
19620006572000;1125;563;562;34,7
19620006573000;1367;683;684;32,4
19620006574000;43;24;19;35,9
19620006575000;41;20;21;40,9
19620006576000;127;62;65;40,5
19620006577000;1484;722;762;39,1
19620006578000;613;300;313;37,2
19620006579000;80;47;33;37,0
19620006580000;14;8;6;53,5
19620006588000;128;67;61;32,1
19620006589000;16;8;8;31,4
19620006591000;30;16;14;45,2
19620006592000;11;4;7;40,9
19620006608000;1;1;0;0,0
19620006609000;10;5;5;44,3
19620006610000;4;2;2;0,0
19620006614000;5;3;2;28,0
19620006615000;5;3;2;65,8
19620006616000;27;15;12;31,8
19620006622000;59;30;29;36,7
19620006623000;3;2;1;0,0
19620006624000;5;3;2;16,8
19620006626000;24;13;11;41,5
19620006628000;2;1;1;0,0
19620006629000;7;5;2;31,3
19620006635000;3;2;1;0,0
19620006637000;7;4;3;32,0
19620006638000;3;2;1;0,0
19620006639000;8;4;4;42,6
19620006645000;37;17;20;43,5
19620006646000;37;18;19;32,5
19620006650000;13;5;8;36,1
19620006651000;48;27;21;40,7
19620006652000;6;2;4;59,8
19620006653000;1;0;1;0,0
19620006661000;36;18;18;41,0
19620006662000;5;3;2;68,0
19620006664000;260;129;131;31,7
19620006665000;514;270;244;39,3
19620006666000;810;393;417;33,0
19620006686000;14;8;6;35,7
19620006715000;4;2;2;0,0
19620006718000;125;66;59;38,5
19620006719000;399;211;188;38,3
19620006720000;674;342;332;35,4
19620006721000;410;191;219;35,1
19620006722000;385;194;191;40,2
19620006723000;326;171;155;38,9
19620006726000;535;276;259;35,3
19620006727000;59;32;27;32,0
19620006728000;518;260;258;36,2
19620006729000;860;425;435;38,9
19620006730000;1997;1020;977;36,4
19620006731000;2901;1390;1511;38,2
19620006732000;2135;1042;1093;39,8
19620006733000;2728;1321;1407;38,6
19620006734000;2944;1457;1487;37,7
19620006735000;287;154;133;45,1
19620006736000;649;325;324;37,2
19620006737000;1620;823;797;39,8
19620006738000;569;275;294;40,9
19620006740000;58;32;26;47,6
19620006741000;765;397;368;35,3
19620006742000;9;6;3;28,1
19620006743000;17;7;10;39,9
19620006744000;70;35;35;39,4
19620006745000;134;59;75;34,1
19620006746000;166;85;81;36,7
19620006747000;43;22;21;28,8
19620006748000;134;70;64;25,9
19620006749000;23;11;12;32,7
19620006750000;26;14;12;40,6
19620006751000;84;42;42;30,8
19620006752000;33;14;19;37,8
19620006753000;24;13;11;39,3
19620006754000;8;3;5;37,1
19620006755000;30;16;14;41,0
19620006756000;11;6;5;40,0
19620006759000;27;18;9;39,3
19620006760000;119;61;58;34,9
19620006761000;49;28;21;37,8
19620006762000;6;4;2;63,2
19620006764000;13;6;7;45,4
19620006765000;30;18;12;44,4
19620006766000;33;15;18;47,7
19620006767000;23;11;12;19,6
19620006768000;28;15;13;41,2
19620006771000;3;2;1;0,0
19620006773000;2;1;1;0,0
19620006774000;16;10;6;47,9
19620006776000;6;3;3;74,5
19620006777000;35;17;18;43,0
19620006791000;7;4;3;56,0
19620006795000;2;1;1;0,0
19620006799000;1;1;0;0,0
19620006801000;16;9;7;31,2
19620006802000;3;0;3;0,0
19620006804000;1;0;1;0,0
19620006823000;2;1;1;0,0
19620006834000;14;8;6;52,9
19620006867000;7;3;4;40,9
19630006525000;6;3;3;47,3
19630006526000;23;12;11;37,0
19630006527000;15;9;6;42,7
19630006529000;36;20;16;29,1
19630006535000;23;10;13;42,3
19630006536000;5;2;3;45,6
19630006538000;6;1;5;31,0
19630006539000;15;7;8;46,8
19630006541000;47;23;24;37,7
19630006542000;26;13;13;33,8
19630006543000;22;11;11;46,0
19630006544000;11;5;6;35,1
19630006545000;26;13;13;30,2
19630006546000;7;2;5;33,9
19630006547000;54;27;27;40,5
19630006548000;31;15;16;34,2
19630006549000;14;6;8;38,6
19630006550000;39;19;20;31,9
19630006551000;29;16;13;27,7
19630006552000;4;2;2;0,0
19630006553000;181;87;94;38,0
19630006554000;24;13;11;45,8
19630006555000;104;54;50;30,6
19630006556000;120;62;58;38,8
19630006557000;124;65;59;39,3
19630006558000;45;19;26;41,3
19630006559000;144;76;68;37,7
19630006560000;12;5;7;41,3
19630006561000;68;41;27;34,3
19630006562000;57;29;28;37,2
19630006563000;26;14;12;42,8
19630006564000;2584;1285;1299;26,0
19630006565000;615;329;286;34,7
19630006566000;159;81;78;39,4
19630006567000;1517;751;766;37,5
19630006568000;24;12;12;35,3
19630006570000;131;67;64;42,0
19630006571000;827;431;396;36,1
19630006572000;1037;525;512;37,6
19630006573000;40;20;20;44,6
19630006574000;438;234;204;31,5
19630006575000;183;101;82;39,3
19630006576000;115;61;54;33,9
19630006577000;505;240;265;33,3
19630006578000;878;448;430;32,5
19630006579000;215;117;98;33,7
19630006588000;102;58;44;38,7
19630006589000;3;1;2;0,0
19630006591000;198;107;91;29,5
19630006592000;86;41;45;37,6
19630006609000;1;1;0;0,0
19630006612000;11;7;4;40,7
19630006615000;16;7;9;33,7
19630006617000;13;7;6;27,2
19630006618000;11;6;5;41,0
19630006619000;3;1;2;0,0
19630006620000;12;4;8;44,4
19630006621000;8;4;4;61,9
19630006622000;16;9;7;44,7
19630006623000;29;16;13;44,1
19630006624000;3;2;1;0,0
19630006625000;10;5;5;47,0
19630006626000;3;1;2;0,0
19630006628000;3;2;1;0,0
19630006630000;43;20;23;39,9
19630006632000;12;6;6;32,5
19630006634000;4;2;2;0,0
19630006635000;9;5;4;32,9
19630006639000;5;3;2;63,8
19630006640000;3;1;2;0,0
19630006644000;4;1;3;0,0
19630006646000;263;142;121;41,0
19630006647000;165;87;78;28,6
19630006649000;20;11;9;39,4
19630006650000;16;8;8;42,1
19630006651000;3;2;1;0,0
19630006652000;45;21;24;38,9
19630006653000;57;33;24;40,0
19630006654000;3;1;2;0,0
19630006663000;86;48;38;27,5
19630006664000;314;155;159;33,0
19630006666000;238;124;114;36,2
19630006667000;32;22;10;31,8
19630006686000;14;8;6;30,5
19630006692000;33;15;18;43,8
19630006715000;63;35;28;40,4
19630006716000;310;170;140;40,3
19630006717000;86;51;35;36,9
19630006720000;61;30;31;48,6
19630006721000;227;120;107;38,0
19630006722000;347;192;155;33,7
19630006723000;885;440;445;39,0
19630006724000;819;432;387;34,6
19630006725000;1503;740;763;33,6
19630006726000;599;298;301;37,2
19630006727000;595;303;292;39,5
19630006728000;1592;791;801;36,8
19630006729000;831;385;446;41,4
19630006730000;431;221;210;36,0
19630006731000;135;79;56;37,6
19630006733000;2;1;1;0,0
19630006734000;27;17;10;37,9
19630006735000;34;24;10;38,9
19630006736000;149;72;77;43,5
19630006737000;1033;524;509;38,5
19630006738000;763;392;371;35,6
19630006739000;713;350;363;39,4
19630006740000;739;377;362;36,0
19630006741000;1049;529;520;32,9
19630006742000;158;87;71;43,1
19630006743000;204;108;96;38,1
19630006744000;483;240;243;40,2
19630006745000;387;194;193;34,6
19630006746000;5;2;3;42,0
19630006748000;123;66;57;34,5
19630006749000;64;33;31;39,0
19630006750000;84;44;40;44,6
19630006751000;56;29;27;36,9
19630006752000;25;13;12;39,3
19630006753000;13;7;6;20,7
19630006754000;71;44;27;31,4
19630006755000;6;5;1;33,0
19630006756000;15;6;9;38,3
19630006757000;80;42;38;37,5
19630006758000;58;27;31;38,8
19630006759000;54;28;26;44,2
19630006760000;326;172;154;35,0
19630006761000;9;9;0;43,3
19630006766000;16;6;10;41,1
19630006770000;7;2;5;38,6
19630006773000;16;8;8;59,7
19630006774000;3;1;2;0,0
19630006775000;20;9;11;51,4
19630006776000;29;15;14;48,8
19630006778000;2;1;1;0,0
19630006785000;1;1;0;0,0
19630006786000;45;17;28;31,9
19630006791000;18;6;12;29,6
19630006792000;3;1;2;0,0
19630006800000;2;1;1;0,0
19630006801000;129;61;68;37,2
19630006806000;15;8;7;49,9
19630006807000;11;5;6;37,3
19630006809000;4;3;1;0,0
19630006818000;6;4;2;55,7
19630006822000;6;3;3;34,5
19630006839000;22;13;9;49,0
19630006840000;6;2;4;30,7
19630006845000;1;1;0;0,0
19630006868000;4;3;1;0,0
19630006879000;1;0;1;0,0
19640006520000;28;15;13;46,1
19640006521000;298;152;146;36,6
19640006523000;2;1;1;0,0
19640006524000;8;3;5;27,1
19640006525000;8;5;3;42,1
19640006526000;16;10;6;58,5
19640006527000;28;12;16;40,9
19640006528000;22;15;7;30,4
19640006529000;14;5;9;25,1
19640006536000;4;2;2;0,0
19640006539000;5;3;2;53,0
19640006541000;16;10;6;47,8
19640006542000;18;11;7;46,2
19640006544000;12;4;8;26,8
19640006545000;7;5;2;31,9
19640006546000;15;9;6;43,3
19640006547000;1023;529;494;34,5
19640006548000;373;191;182;27,3
19640006550000;41;22;19;36,3
19640006551000;226;117;109;34,9
19640006552000;923;463;460;30,7
19640006553000;1739;892;847;34,7
19640006554000;398;203;195;29,6
19640006555000;32;15;17;37,5
19640006556000;231;124;107;25,6
19640006557000;2289;1143;1146;31,5
19640006558000;822;398;424;38,6
19640006559000;1287;651;636;35,3
19640006560000;960;476;484;32,2
19640006561000;96;48;48;40,9
19640006562000;98;57;41;40,7
19640006563000;36;19;17;37,1
19640006564000;37;16;21;39,5
19640006565000;17;10;7;41,6
19640006566000;42;22;20;38,7
19640006567000;657;349;308;37,8
19640006568000;349;180;169;33,6
19640006569000;77;43;34;37,0
19640006570000;817;393;424;39,2
19640006571000;2447;1212;1235;36,3
19640006572000;787;375;412;43,5
19640006574000;32;17;15;34,7
19640006575000;135;67;68;39,5
19640006576000;373;199;174;32,0
19640006577000;863;446;417;30,8
19640006578000;1111;578;533;35,7
19640006579000;7;3;4;23,3
19640006581000;184;99;85;32,9
19640006582000;13;8;5;31,8
19640006586000;55;30;25;39,2
19640006587000;12;7;5;42,9
19640006588000;42;20;22;47,7
19640006589000;1;0;1;0,0
19640006591000;43;21;22;38,9
19640006612000;1;1;0;0,0
19640006613000;6;3;3;37,8
19640006614000;3;2;1;0,0
19640006615000;7;4;3;28,3
19640006616000;2;1;1;0,0
19640006617000;3;1;2;0,0
19640006620000;4;2;2;0,0
19640006621000;4;2;2;0,0
19640006626000;52;31;21;37,2
19640006627000;9;4;5;37,0
19640006628000;4;2;2;0,0
19640006630000;17;10;7;43,2
19640006631000;25;11;14;32,4
19640006632000;8;6;2;42,1
19640006633000;1;1;0;0,0
19640006634000;22;14;8;38,0
19640006635000;8;5;3;44,6
19640006640000;17;9;8;57,6
19640006641000;4;3;1;0,0
19640006646000;28;21;7;40,6
19640006647000;10;7;3;37,3
19640006648000;3;2;1;0,0
19640006650000;1;1;0;0,0
19640006651000;1;1;0;0,0
19640006652000;17;10;7;52,5
19640006653000;31;18;13;48,5
19640006654000;21;12;9;45,4
19640006655000;34;19;15;48,4
19640006656000;24;12;12;42,0
19640006662000;550;277;273;26,5
19640006663000;276;135;141;26,3
19640006664000;182;94;88;27,7
19640006665000;9;5;4;36,3
19640006666000;40;19;21;26,3
19640006667000;29;13;16;40,3
19640006684000;16;8;8;50,0
19640006685000;21;11;10;46,2
19640006686000;4;3;1;0,0
19640006690000;1;1;0;0,0
19640006692000;4;1;3;0,0
19640006696000;6;3;3;40,5
19640006697000;2;1;1;0,0
19640006698000;10;4;6;51,9
19640006708000;61;33;28;36,6
19640006709000;42;26;16;46,4
19640006710000;1;1;0;0,0
19640006715000;6;3;3;32,0
19640006716000;19;9;10;36,2
19640006717000;108;60;48;36,2
19640006718000;115;54;61;42,2
19640006719000;112;56;56;37,2
19640006720000;120;56;64;36,6
19640006721000;43;21;22;32,6
19640006722000;112;57;55;47,1
19640006723000;203;113;90;40,9
19640006724000;1670;832;838;33,9
19640006725000;3240;1536;1704;33,2
19640006726000;989;484;505;35,7
19640006727000;1179;606;573;37,9
19640006728000;1241;635;606;38,1
19640006729000;1818;893;925;40,7
19640006730000;298;149;149;49,9
19640006732000;1247;624;623;37,2
19640006733000;989;494;495;38,6
19640006734000;905;460;445;35,9
19640006736000;10;6;4;24,7
19640006737000;243;120;123;39,9
19640006738000;20;10;10;50,0
19640006742000;111;54;57;41,4
19640006747000;242;130;112;36,2
19640006748000;491;254;237;36,2
19640006749000;190;98;92;31,5
19640006750000;51;28;23;43,4
19640006751000;19;9;10;33,5
19640006752000;348;165;183;27,3
19640006753000;141;73;68;30,4
19640006755000;44;22;22;29,2
19640006756000;30;14;16;39,6
19640006757000;56;29;27;31,0
19640006758000;109;52;57;39,5
19640006759000;12;7;5;66,7
19640006760000;74;34;40;36,1
19640006761000;19;12;7;37,7
19640006762000;18;12;6;34,2
19640006763000;18;8;10;39,6
19640006764000;66;32;34;39,2
19640006765000;41;21;20;44,9
19640006766000;10;6;4;42,8
19640006769000;28;17;11;35,8
19640006770000;21;11;10;37,6
19640006772000;31;17;14;41,0
19640006773000;328;171;157;35,3
19640006774000;748;379;369;34,2
19640006775000;8;4;4;34,3
19640006777000;10;6;4;39,6
19640006785000;11;5;6;35,6
19640006786000;5;3;2;34,8
19640006787000;18;11;7;38,5
19640006788000;46;22;24;32,4
19640006789000;26;10;16;33,0
19640006790000;2;1;1;0,0
19640006791000;6;4;2;57,2
19640006800000;1;1;0;0,0
19640006801000;116;51;65;53,3
19640006806000;7;4;3;37,1
19640006809000;1;1;0;0,0
19640006810000;1;1;0;0,0
19640006831000;3;1;2;0,0
19640006832000;17;9;8;55,5
19640006839000;21;11;10;45,3
19640006840000;5;1;4;42,8
19640006888000;9;5;4;33,7
19650006519000;13;6;7;32,5
19650006520000;18;8;10;36,6
19650006521000;241;125;116;41,7
19650006522000;17;7;10;36,0
19650006523000;370;180;190;36,3
19650006524000;4;2;2;0,0
19650006527000;4;2;2;0,0
19650006528000;9;5;4;55,2
19650006529000;10;6;4;16,8
19650006530000;9;4;5;33,0
19650006535000;4;1;3;0,0
19650006536000;4;3;1;0,0
19650006539000;10;3;7;38,2
19650006541000;299;167;132;33,0
19650006542000;96;47;49;37,8
19650006543000;15;7;8;23,4
19650006544000;47;27;20;40,2
19650006545000;26;15;11;39,6
19650006546000;26;13;13;35,3
19650006547000;625;329;296;31,8
19650006548000;187;100;87;27,3
19650006551000;739;360;379;32,7
19650006552000;278;147;131;35,5
19650006553000;417;235;182;34,0
19650006554000;38;17;21;44,8
19650006555000;38;19;19;46,7
19650006556000;120;67;53;35,0
19650006557000;1749;878;871;37,4
19650006558000;2566;1254;1312;35,3
19650006559000;1684;832;852;36,4
19650006560000;3060;1532;1528;36,2
19650006561000;2234;1116;1118;33,2
19650006562000;1817;926;891;30,2
19650006563000;41;21;20;43,9
19650006564000;84;36;48;35,2
19650006565000;258;127;131;30,3
19650006566000;794;418;376;32,9
19650006567000;112;55;57;39,7
19650006568000;58;32;26;52,4
19650006569000;713;368;345;33,3
19650006570000;1449;720;729;39,3
19650006571000;4411;2063;2348;40,0
19650006572000;3058;1459;1599;39,0
19650006573000;1945;969;976;41,0
19650006574000;442;210;232;40,5
19650006575000;1761;863;898;34,7
19650006576000;3990;2011;1979;34,3
19650006577000;498;246;252;39,8
19650006581000;35;21;14;42,5
19650006582000;115;62;53;33,3
19650006583000;102;45;57;33,5
19650006585000;23;12;11;39,0
19650006586000;55;31;24;38,2
19650006587000;22;13;9;39,8
19650006589000;5;2;3;17,4
19650006590000;6;3;3;40,2
19650006591000;54;32;22;41,3
19650006592000;4;2;2;0,0
19650006613000;52;23;29;41,7
19650006614000;32;16;16;31,8
19650006624000;3;2;1;0,0
19650006625000;2;1;1;0,0
19650006626000;66;32;34;41,6
19650006627000;24;12;12;38,4
19650006628000;4;2;2;0,0
19650006631000;35;17;18;36,9
19650006632000;43;21;22;34,8
19650006633000;18;12;6;35,8
19650006634000;28;15;13;34,5
19650006635000;8;2;6;32,6
19650006637000;11;6;5;31,3
19650006640000;5;2;3;22,8
19650006642000;9;4;5;46,8
19650006643000;6;2;4;52,2
19650006644000;11;8;3;39,1
19650006654000;7;4;3;28,6
19650006655000;36;16;20;39,4
19650006656000;112;59;53;39,6
19650006657000;9;5;4;42,2
19650006662000;730;375;355;33,2
19650006663000;864;451;413;34,0
19650006665000;20;9;11;27,6
19650006666000;60;32;28;38,1
19650006667000;6;4;2;28,0
19650006684000;26;14;12;38,4
19650006687000;3;1;2;0,0
19650006689000;11;7;4;34,4
19650006690000;2;1;1;0,0
19650006692000;23;13;10;53,3
19650006693000;16;7;9;41,8
19650006697000;3;2;1;0,0
19650006705000;129;77;52;30,8
19650006706000;12;5;7;18,3
19650006708000;30;22;8;37,6
19650006709000;173;88;85;35,8
19650006710000;22;10;12;42,0
19650006711000;19;6;13;38,7
19650006718000;118;58;60;42,1
19650006719000;25;12;13;40,8
19650006720000;158;75;83;46,2
19650006721000;5;3;2;43,0
19650006722000;874;412;462;29,7
19650006723000;985;481;504;29,7
19650006724000;3042;1465;1577;36,5
19650006725000;812;406;406;32,8
19650006726000;80;34;46;37,0
19650006727000;2781;1374;1407;39,4
19650006728000;3273;1596;1677;39,2
19650006729000;3677;1685;1992;41,5
19650006730000;3234;1545;1689;40,5
19650006731000;808;385;423;45,1
19650006733000;935;485;450;39,1
19650006734000;2252;1163;1089;38,5
19650006743000;25;14;11;40,2
19650006744000;663;336;327;40,8
19650006745000;41;21;20;37,0
19650006747000;5;3;2;50,0
19650006748000;1015;496;519;39,9
19650006749000;297;147;150;37,3
19650006750000;107;54;53;39,2
19650006751000;133;61;72;37,8
19650006752000;19;9;10;36,2
19650006754000;616;297;319;28,9
19650006755000;429;231;198;34,1
19650006756000;60;33;27;35,6
19650006757000;119;57;62;37,8
19650006758000;69;32;37;44,8
19650006759000;54;27;27;39,8
19650006760000;46;25;21;41,3
19650006761000;18;12;6;36,1
19650006762000;32;15;17;34,0
19650006763000;29;13;16;44,0
19650006764000;1;1;0;0,0
19650006767000;21;15;6;28,4
19650006769000;2;1;1;0,0
19650006770000;8;2;6;33,5
19650006772000;36;20;16;49,2
19650006773000;48;26;22;37,9
19650006774000;204;97;107;44,2
19650006775000;4;2;2;0,0
19650006777000;3;2;1;0,0
19650006785000;28;16;12;37,1
19650006789000;8;4;4;51,1
19650006790000;2;2;0;0,0
19650006791000;4;2;2;0,0
19650006796000;3;1;2;0,0
19650006800000;11;4;7;42,7
19650006801000;38;19;19;40,4
19650006802000;26;13;13;34,8
19650006809000;1;1;0;0,0
19650006810000;2;1;1;0,0
19650006828000;8;4;4;61,4
19650006829000;6;4;2;31,8
19650006831000;6;2;4;29,2
19650006832000;12;6;6;41,5
19650006833000;17;10;7;47,8
19650006835000;18;12;6;37,9
19650006839000;18;9;9;42,0
19650006840000;6;1;5;35,8
19650006844000;8;5;3;48,0
19650006845000;7;4;3;25,6
19650006861000;3;1;2;0,0
19650006862000;24;16;8;38,8
19650006878000;11;6;5;63,9
19650006882000;1;0;1;0,0
19650006883000;5;2;3;41,2
19650006889000;3;2;1;0,0
19660006519000;26;15;11;38,2
19660006521000;4;2;2;0,0
19660006522000;20;9;11;28,4
19660006523000;30;14;16;38,5
19660006527000;22;12;10;46,5
19660006529000;7;2;5;20,4
19660006530000;18;10;8;41,4
19660006537000;11;7;4;36,8
19660006539000;27;13;14;38,5
19660006540000;9;5;4;51,4
19660006541000;143;70;73;35,8
19660006542000;54;27;27;43,1
19660006543000;18;10;8;35,5
19660006545000;7;5;2;60,4
19660006546000;4;3;1;0,0
19660006547000;6;2;4;33,2
19660006550000;3;2;1;0,0
19660006551000;5;2;3;24,2
19660006552000;9;6;3;53,3
19660006553000;13;5;8;51,2
19660006554000;15;8;7;38,3
19660006555000;3;2;1;0,0
19660006556000;1720;868;852;23,6
19660006557000;765;397;368;33,0
19660006558000;766;408;358;34,0
19660006559000;1797;895;902;38,4
19660006560000;2820;1419;1401;44,7
19660006561000;3340;1692;1648;38,1
19660006562000;2492;1228;1264;36,2
19660006563000;2402;1248;1154;36,1
19660006564000;1256;657;599;32,3
19660006565000;2392;1216;1176;35,9
19660006566000;3202;1613;1589;31,7
19660006567000;721;370;351;29,1
19660006568000;2564;1247;1317;38,3
19660006569000;205;106;99;37,9
19660006570000;266;124;142;38,5
19660006571000;3394;1670;1724;38,1
19660006572000;1196;608;588;40,0
19660006573000;3460;1689;1771;39,9
19660006574000;3437;1635;1802;38,5
19660006575000;2698;1371;1327;37,2
19660006576000;1340;650;690;37,0
19660006581000;39;22;17;39,1
19660006582000;172;85;87;34,2
19660006583000;22;10;12;39,5
19660006584000;75;33;42;31,5
19660006585000;27;12;15;30,1
19660006586000;54;29;25;28,3
19660006587000;28;14;14;28,1
19660006588000;18;11;7;44,7
19660006591000;11;5;6;49,8
19660006613000;11;7;4;55,7
19660006614000;8;3;5;35,3
19660006615000;15;9;6;46,0
19660006618000;3;2;1;0,0
19660006622000;3;2;1;0,0
19660006624000;1;0;1;0,0
19660006626000;4;1;3;0,0
19660006628000;16;9;7;29,8
19660006629000;20;11;9;33,3
19660006631000;6;4;2;57,5
19660006632000;36;19;17;36,9
19660006633000;19;12;7;39,3
19660006634000;6;3;3;48,7
19660006635000;13;8;5;39,2
19660006636000;16;8;8;38,7
19660006637000;31;18;13;37,6
19660006638000;8;2;6;39,5
19660006642000;14;7;7;42,8
19660006643000;8;8;0;43,4
19660006644000;4;3;1;0,0
19660006647000;7;5;2;35,4
19660006650000;1;1;0;0,0
19660006657000;10;7;3;47,7
19660006662000;86;44;42;41,2
19660006663000;558;285;273;37,2
19660006664000;186;93;93;42,0
19660006665000;97;50;47;35,1
19660006666000;21;8;13;47,5
19660006667000;11;4;7;30,3
19660006668000;13;9;4;35,5
19660006683000;4;2;2;0,0
19660006684000;9;5;4;29,0
19660006686000;8;5;3;45,3
19660006687000;45;20;25;39,8
19660006692000;12;7;5;52,6
19660006693000;6;3;3;36,3
19660006698000;2;1;1;0,0
19660006705000;141;71;70;34,5
19660006706000;437;224;213;35,6
19660006707000;22;12;10;46,6
19660006708000;95;48;47;34,5
19660006710000;86;44;42;37,2
19660006711000;65;35;30;37,0
19660006712000;116;64;52;39,8
19660006713000;42;23;19;41,6
19660006715000;14;8;6;46,0
19660006716000;13;10;3;52,9
19660006718000;137;69;68;42,0
19660006719000;1076;548;528;39,7
19660006720000;275;141;134;44,1
19660006721000;31;17;14;48,0
19660006722000;714;351;363;31,4
19660006723000;1296;652;644;37,2
19660006724000;2079;1012;1067;38,9
19660006725000;554;281;273;37,5
19660006727000;1662;836;826;34,9
19660006728000;1454;698;756;36,4
19660006729000;869;407;462;44,9
19660006730000;2206;1083;1123;45,8
19660006731000;582;293;289;40,1
19660006732000;2467;1254;1213;38,3
19660006733000;3336;1769;1567;37,4
19660006734000;334;190;144;34,6
19660006737000;17;9;8;47,1
19660006738000;675;320;355;41,4
19660006739000;1793;828;965;46,7
19660006740000;963;491;472;34,1
19660006741000;449;210;239;41,3
19660006742000;1313;651;662;38,7
19660006743000;1232;598;634;40,1
19660006744000;1879;931;948;37,4
19660006745000;1582;770;812;42,9
19660006746000;298;147;151;36,9
19660006747000;491;263;228;35,8
19660006749000;12;5;7;32,6
19660006750000;226;125;101;37,5
19660006751000;16;9;7;59,3
19660006753000;1066;517;549;35,0
19660006754000;173;90;83;34,5
19660006755000;170;91;79;33,9
19660006756000;105;56;49;45,3
19660006757000;9;5;4;38,8
19660006761000;57;29;28;33,3
19660006762000;6;4;2;50,3
19660006765000;5;3;2;41,4
19660006766000;26;14;12;32,4
19660006767000;144;78;66;26,9
19660006768000;18;14;4;44,7
19660006769000;3;2;1;0,0
19660006770000;25;15;10;35,9
19660006772000;51;29;22;42,4
19660006773000;4;2;2;0,0
19660006774000;17;8;9;39,6
19660006775000;52;26;26;40,8
19660006776000;5;4;1;63,0
19660006785000;72;36;36;35,6
19660006786000;17;8;9;36,9
19660006792000;15;9;6;28,4
19660006793000;5;4;1;30,6
19660006795000;70;31;39;40,3
19660006797000;1;1;0;0,0
19660006798000;8;5;3;42,0
19660006799000;8;5;3;25,9
19660006809000;7;3;4;45,1
19660006828000;7;3;4;22,7
19660006830000;1;1;0;0,0
19660006831000;11;7;4;29,3
19660006832000;17;7;10;61,8
19660006833000;15;7;8;33,9
19660006834000;13;5;8;46,0
19660006835000;23;12;11;40,1
19660006839000;7;4;3;40,9
19660006840000;52;27;25;44,7
19660006844000;19;11;8;47,1
19660006845000;28;12;16;27,1
19660006850000;3;2;1;0,0
19660006859000;1;1;0;0,0
19660006860000;20;14;6;50,4
19660006868000;15;7;8;36,7
19660006870000;2;1;1;0,0
19660006878000;25;12;13;44,8
19660006881000;6;3;3;59,0
19660006888000;14;7;7;40,6
19660006889000;96;53;43;41,2
19660006890000;11;7;4;26,4
19660006894000;1;1;0;0,0
19670006518000;27;13;14;36,4
19670006523000;3;2;1;0,0
19670006529000;2;1;1;0,0
19670006530000;10;5;5;43,3
19670006531000;3;2;1;0,0
19670006536000;2;1;1;0,0
19670006537000;12;5;7;37,3
19670006539000;2;1;1;0,0
19670006540000;14;7;7;42,6
19670006541000;5;3;2;72,0
19670006542000;35;20;15;35,1
19670006543000;21;10;11;41,9
19670006544000;6;3;3;37,7
19670006545000;8;3;5;38,0
19670006548000;9;5;4;47,3
19670006550000;10;5;5;46,2
19670006551000;6;4;2;47,8
19670006553000;7;4;3;27,9
19670006555000;13;4;9;23,4
19670006556000;1133;587;546;26,9
19670006557000;1310;675;635;28,1
19670006558000;81;39;42;38,2
19670006559000;1806;898;908;35,5
19670006560000;2503;1299;1204;39,5
19670006561000;1655;852;803;42,1
19670006562000;874;471;403;34,7
19670006563000;1445;730;715;35,3
19670006564000;885;454;431;33,6
19670006565000;1557;791;766;32,6
19670006566000;1701;838;863;34,8
19670006567000;1527;777;750;39,5
19670006568000;1786;906;880;34,6
19670006569000;3222;1581;1641;37,5
19670006570000;1642;808;834;38,4
19670006571000;4179;1999;2180;34,9
19670006572000;3105;1602;1503;34,5
19670006573000;4397;2280;2117;39,0
19670006574000;3655;1969;1686;37,2
19670006575000;267;142;125;38,1
19670006576000;495;260;235;36,8
19670006577000;1087;531;556;35,9
19670006580000;1;1;0;0,0
19670006581000;97;56;41;31,8
19670006582000;5;3;2;30,2
19670006583000;32;16;16;25,1
19670006584000;248;132;116;37,3
19670006585000;23;10;13;27,9
19670006587000;8;6;2;29,5
19670006588000;114;48;66;54,0
19670006589000;29;17;12;38,1
19670006590000;7;4;3;59,9
19670006591000;8;3;5;26,5
19670006614000;1;1;0;0,0
19670006615000;3;2;1;0,0
19670006616000;13;8;5;39,8
19670006617000;24;12;12;33,2
19670006618000;3;1;2;0,0
19670006619000;32;16;16;48,2
19670006620000;3;1;2;0,0
19670006622000;7;4;3;33,3
19670006624000;11;5;6;40,8
19670006625000;23;10;13;41,8
19670006626000;2;1;1;0,0
19670006629000;40;23;17;30,8
19670006630000;9;4;5;52,7
19670006633000;192;98;94;38,4
19670006634000;149;79;70;36,0
19670006635000;40;24;16;34,8
19670006637000;2;1;1;0,0
19670006638000;12;6;6;58,3
19670006639000;28;14;14;40,7
19670006652000;1;1;0;0,0
19670006657000;51;21;30;52,0
19670006658000;83;41;42;46,3
19670006663000;361;188;173;34,1
19670006664000;1372;742;630;39,4
19670006665000;1702;822;880;42,2
19670006666000;120;58;62;32,8
19670006667000;57;29;28;30,4
19670006669000;36;15;21;35,8
19670006682000;30;17;13;39,7
19670006686000;3;2;1;0,0
19670006687000;4;2;2;0,0
19670006688000;12;5;7;59,6
19670006692000;11;5;6;64,7
19670006694000;4;2;2;0,0
19670006695000;8;4;4;46,0
19670006696000;2;2;0;0,0
19670006697000;8;6;2;47,1
19670006706000;65;33;32;38,0
19670006707000;154;73;81;35,7
19670006709000;87;50;37;39,3
19670006710000;134;75;59;40,0
19670006712000;48;23;25;37,5
19670006713000;78;37;41;35,3
19670006715000;191;92;99;34,5
19670006716000;143;73;70;38,0
19670006718000;6;2;4;30,7
19670006719000;336;159;177;36,2
19670006720000;1015;522;493;35,8
19670006721000;404;212;192;36,0
19670006722000;398;211;187;32,3
19670006723000;1916;959;957;34,3
19670006724000;2435;1166;1269;41,8
19670006725000;2014;976;1038;36,8
19670006726000;1436;693;743;36,8
19670006727000;329;183;146;38,0
19670006728000;326;176;150;38,2
19670006729000;586;292;294;35,7
19670006730000;199;92;107;52,8
19670006732000;2054;1120;934;39,1
19670006733000;5221;2863;2358;35,2
19670006734000;6186;3285;2901;36,2
19670006735000;1348;704;644;40,9
19670006737000;2034;1048;986;37,4
19670006738000;2046;965;1081;41,7
19670006739000;1256;619;637;37,4
19670006740000;756;373;383;38,1
19670006741000;1544;769;775;40,0
19670006742000;2525;1240;1285;38,9
19670006743000;555;285;270;36,3
19670006744000;55;30;25;40,6
19670006745000;48;25;23;41,7
19670006747000;176;85;91;35,5
19670006748000;299;151;148;37,6
19670006750000;249;120;129;35,9
19670006751000;107;53;54;41,1
19670006752000;268;136;132;36,9
19670006753000;194;100;94;37,1
19670006754000;2;1;1;0,0
19670006755000;36;17;19;28,0
19670006758000;8;3;5;34,8
19670006759000;27;13;14;38,9
19670006760000;24;12;12;33,3
19670006761000;22;9;13;47,4
19670006762000;44;22;22;41,8
19670006763000;19;10;9;25,3
19670006765000;6;2;4;57,3
19670006766000;31;19;12;41,5
19670006767000;41;18;23;42,4
19670006768000;22;11;11;34,4
19670006769000;52;29;23;38,0
19670006770000;28;16;12;38,8
19670006771000;18;10;8;32,9
19670006772000;8;5;3;60,0
19670006785000;13;5;8;56,1
19670006787000;13;6;7;53,9
19670006795000;40;18;22;45,0
19670006796000;17;9;8;51,2
19670006797000;4;2;2;0,0
19670006798000;3;1;2;0,0
19670006816000;3;2;1;0,0
19670006817000;4;2;2;0,0
19670006830000;3;2;1;0,0
19670006832000;38;19;19;49,2
19670006834000;10;6;4;55,1
19670006835000;42;20;22;38,0
19670006836000;2;2;0;0,0
19670006839000;25;16;9;23,1
19670006840000;80;42;38;40,0
19670006841000;25;12;13;42,9
19670006842000;22;11;11;52,0
19670006845000;2;1;1;0,0
19670006850000;2;1;1;0,0
19670006859000;28;15;13;45,4
19670006860000;10;6;4;45,2
19670006861000;6;4;2;47,0
19670006862000;1;1;0;0,0
19670006869000;1;0;1;0,0
19670006889000;229;117;112;42,7
19670006890000;27;12;15;40,8
19680006517000;49;24;25;39,1
19680006518000;75;39;36;38,4
19680006530000;11;5;6;29,2
19680006531000;5;2;3;45,8
19680006532000;10;3;7;19,7
19680006533000;1;1;0;0,0
19680006536000;12;8;4;38,3
19680006537000;1;1;0;0,0
19680006539000;11;5;6;35,5
19680006540000;18;13;5;36,6
19680006545000;15;6;9;51,7
19680006546000;29;14;15;44,5
19680006549000;12;7;5;23,6
19680006550000;2;1;1;0,0
19680006551000;10;6;4;42,9
19680006552000;27;13;14;31,7
19680006553000;9;5;4;37,4
19680006554000;49;24;25;40,3
19680006555000;142;64;78;36,3
19680006556000;30;14;16;38,0
19680006557000;8;4;4;35,4
19680006558000;617;320;297;30,6
19680006559000;1173;588;585;36,4
19680006560000;1301;645;656;35,1
19680006561000;1635;799;836;40,6
19680006562000;1065;534;531;38,5
19680006563000;31;19;12;41,5
19680006564000;9;4;5;45,6
19680006565000;2;1;1;0,0
19680006567000;3;1;2;0,0
19680006568000;312;158;154;38,2
19680006569000;2483;1200;1283;43,5
19680006570000;2754;1373;1381;38,0
19680006571000;1694;815;879;39,9
19680006572000;3928;1963;1965;34,8
19680006573000;4724;2544;2180;36,0
19680006574000;354;215;139;38,5
19680006575000;1392;747;645;34,9
19680006576000;2133;1077;1056;36,9
19680006577000;2612;1318;1294;35,0
19680006578000;7;3;4;49,0
19680006584000;66;29;37;33,2
19680006587000;43;19;24;40,6
19680006588000;593;293;300;32,2
19680006589000;129;66;63;34,0
19680006590000;42;21;21;38,1
19680006607000;7;4;3;63,1
19680006608000;3;2;1;0,0
19680006609000;6;4;2;62,5
19680006610000;12;6;6;40,9
19680006611000;13;7;6;35,9
19680006616000;13;6;7;53,3
19680006620000;14;6;8;55,2
19680006621000;2;1;1;0,0
19680006622000;5;2;3;25,2
19680006623000;4;2;2;0,0
19680006624000;17;10;7;37,1
19680006625000;109;57;52;37,6
19680006626000;39;18;21;30,0
19680006627000;3;2;1;0,0
19680006633000;68;34;34;35,7
19680006634000;291;148;143;33,7
19680006640000;2;1;1;0,0
19680006641000;1;0;1;0,0
19680006642000;11;6;5;36,7
19680006643000;4;3;1;0,0
19680006644000;11;7;4;35,5
19680006646000;1;0;1;0,0
19680006648000;11;7;4;39,0
19680006653000;2;2;0;0,0
19680006654000;3;1;2;0,0
19680006657000;12;6;6;27,1
19680006664000;510;251;259;43,1
19680006665000;450;227;223;49,0
19680006666000;1180;578;602;38,5
19680006667000;226;119;107;32,6
19680006668000;16;9;7;34,4
19680006669000;42;19;23;35,6
19680006670000;34;17;17;39,8
19680006672000;1;1;0;0,0
19680006681000;16;8;8;35,9
19680006682000;3;1;2;0,0
19680006683000;7;5;2;22,1
19680006686000;5;4;1;41,8
19680006688000;13;5;8;46,7
19680006692000;2;1;1;0,0
19680006693000;4;3;1;0,0
19680006694000;10;5;5;50,5
19680006695000;5;3;2;32,6
19680006696000;3;2;1;0,0
19680006697000;4;2;2;0,0
19680006698000;1;1;0;0,0
19680006706000;2;1;1;0,0
19680006707000;42;22;20;46,5
19680006708000;67;32;35;29,6
19680006709000;259;140;119;33,8
19680006710000;257;126;131;33,7
19680006712000;2;1;1;0,0
19680006713000;315;150;165;35,0
19680006714000;533;261;272;35,9
19680006715000;257;131;126;35,1
19680006716000;6;2;4;27,5
19680006717000;3;1;2;0,0
19680006718000;3;2;1;0,0
19680006719000;6;4;2;34,3
19680006720000;118;58;60;36,7
19680006721000;9;4;5;55,2
19680006722000;42;21;21;41,4
19680006723000;230;114;116;36,8
19680006724000;1792;883;909;36,9
19680006725000;1853;874;979;41,1
19680006726000;1392;652;740;35,5
19680006727000;1383;676;707;37,0
19680006728000;2458;1207;1251;36,1
19680006729000;1853;884;969;38,1
19680006730000;3011;1636;1375;35,4
19680006731000;2928;1623;1305;34,0
19680006732000;5320;2814;2506;36,1
19680006733000;2732;1452;1280;36,4
19680006734000;4359;2299;2060;38,2
19680006735000;6940;3550;3390;37,7
19680006736000;2035;976;1059;43,6
19680006737000;127;65;62;32,4
19680006738000;72;34;38;32,5
19680006739000;496;263;233;38,6
19680006740000;611;295;316;45,6
19680006741000;1043;534;509;40,8
19680006742000;2501;1133;1368;46,8
19680006743000;381;202;179;36,1
19680006745000;9;3;6;35,1
19680006746000;8;3;5;38,4
19680006747000;121;67;54;32,5
19680006748000;761;407;354;37,1
19680006751000;1105;530;575;46,4
19680006752000;335;165;170;38,2
19680006753000;5;2;3;32,4
19680006754000;13;7;6;31,6
19680006755000;11;8;3;30,6
19680006756000;18;8;10;58,3
19680006757000;5;1;4;36,6
19680006758000;5;2;3;63,4
19680006759000;199;98;101;34,4
19680006760000;168;89;79;33,1
19680006761000;54;30;24;42,1
19680006765000;11;5;6;45,0
19680006766000;7;3;4;36,0
19680006768000;12;8;4;50,4
19680006769000;3;1;2;0,0
19680006771000;14;6;8;32,5
19680006772000;26;14;12;43,8
19680006773000;71;32;39;32,9
19680006774000;41;21;20;31,1
19680006778000;2;1;1;0,0
19680006783000;1;1;0;0,0
19680006784000;13;7;6;45,9
19680006785000;14;5;9;48,5
19680006786000;6;4;2;49,8
19680006790000;1;0;1;0,0
19680006794000;18;10;8;54,3
19680006795000;17;11;6;48,1
19680006799000;6;3;3;25,0
19680006824000;2;2;0;0,0
19680006827000;5;4;1;59,6
19680006829000;3;2;1;0,0
19680006830000;8;5;3;53,8
19680006835000;13;6;7;61,9
19680006836000;17;9;8;36,1
19680006845000;11;5;6;75,3
19680006846000;5;3;2;72,8
19680006868000;7;5;2;29,3
19680006869000;9;4;5;39,2
19680006873000;2;1;1;0,0
19680006890000;70;38;32;40,6
19680006891000;18;7;11;50,6
19680006892000;1;1;0;0,0
19690006513000;65;34;31;37,6
19690006514000;49;23;26;40,2
19690006515000;6;3;3;40,8
19690006517000;80;45;35;31,3
19690006518000;504;253;251;37,0
19690006533000;16;9;7;38,6
19690006536000;5;2;3;24,0
19690006539000;4;2;2;0,0
19690006540000;2;1;1;0,0
19690006541000;9;5;4;49,6
19690006545000;10;5;5;30,0
19690006546000;19;8;11;32,2
19690006547000;22;10;12;45,4
19690006548000;4;2;2;0,0
19690006549000;27;14;13;34,5
19690006550000;2;1;1;0,0
19690006551000;6;4;2;55,8
19690006552000;375;186;189;34,9
19690006553000;34;16;18;41,3
19690006555000;15;6;9;35,5
19690006556000;10;6;4;35,1
19690006557000;20;12;8;30,6
19690006559000;19;9;10;36,6
19690006560000;100;51;49;37,3
19690006561000;267;136;131;34,5
19690006563000;387;200;187;34,7
19690006565000;99;56;43;26,0
19690006569000;8;3;5;30,4
19690006570000;29;13;16;42,9
19690006571000;340;151;189;43,3
19690006572000;4173;2137;2036;36,4
19690006573000;3348;1897;1451;33,9
19690006574000;375;207;168;42,8
19690006575000;754;378;376;34,5
19690006576000;2354;1162;1192;33,3
19690006577000;540;267;273;33,5
19690006581000;7;4;3;47,1
19690006582000;11;7;4;44,7
19690006586000;32;17;15;33,5
19690006587000;9;7;2;46,9
19690006589000;18;10;8;45,0
19690006590000;106;53;53;31,0
19690006607000;2;1;1;0,0
19690006609000;1;1;0;0,0
19690006610000;18;10;8;38,2
19690006613000;3;1;2;0,0
19690006618000;2;2;0;0,0
19690006622000;12;7;5;40,2
19690006623000;13;7;6;37,2
19690006624000;200;109;91;30,5
19690006625000;108;62;46;35,1
19690006626000;14;7;7;42,3
19690006627000;8;5;3;29,6
19690006629000;5;3;2;43,2
19690006633000;4;3;1;0,0
19690006634000;75;41;34;34,7
19690006638000;9;4;5;53,6
19690006642000;3;1;2;0,0
19690006643000;104;49;55;37,3
19690006644000;153;70;83;36,8
19690006645000;22;11;11;40,3
19690006646000;15;7;8;47,5
19690006648000;2;1;1;0,0
19690006649000;1;1;0;0,0
19690006650000;5;3;2;54,6
19690006651000;1;1;0;0,0
19690006665000;189;95;94;37,3
19690006666000;1035;504;531;36,0
19690006667000;1292;676;616;38,1
19690006668000;826;406;420;36,6
19690006669000;137;66;71;30,3
19690006670000;56;28;28;47,0
19690006671000;22;13;9;40,1
19690006673000;9;6;3;31,8
19690006679000;9;5;4;56,0
19690006680000;18;10;8;24,8
19690006683000;47;21;26;36,6
19690006684000;14;8;6;42,1
19690006686000;26;12;14;28,4
19690006688000;6;3;3;64,8
19690006705000;101;55;46;30,2
19690006706000;174;89;85;40,8
19690006707000;99;56;43;36,2
19690006708000;356;183;173;33,7
19690006709000;1036;517;519;30,3
19690006710000;131;65;66;35,3
19690006713000;55;29;26;39,6
19690006714000;9;3;6;48,4
19690006715000;14;9;5;51,1
19690006719000;7;2;5;28,9
19690006720000;56;26;30;33,2
19690006721000;77;36;41;46,3
19690006722000;1576;823;753;32,6
19690006723000;896;454;442;32,9
19690006724000;1743;870;873;34,8
19690006725000;1551;797;754;41,4
19690006726000;1903;954;949;38,1
19690006727000;1326;651;675;31,3
19690006728000;3076;1488;1588;37,7
19690006729000;3652;1653;1999;42,7
19690006730000;6545;3045;3500;38,6
19690006731000;4445;2193;2252;35,7
19690006732000;2322;1141;1181;38,9
19690006733000;2725;1351;1374;40,9
19690006734000;7;2;5;42,7
19690006738000;6;2;4;38,5
19690006739000;224;120;104;36,0
19690006740000;310;146;164;28,2
19690006741000;1878;897;981;40,6
19690006742000;1632;806;826;41,6
19690006743000;464;213;251;50,4
19690006744000;63;31;32;38,4
19690006747000;8;6;2;45,5
19690006748000;818;424;394;30,4
19690006749000;4;2;2;0,0
19690006751000;780;382;398;38,0
19690006752000;93;43;50;37,0
19690006754000;14;7;7;41,0
19690006755000;1;0;1;0,0
19690006756000;22;12;10;41,1
19690006757000;44;24;20;38,0
19690006758000;95;44;51;39,6
19690006759000;37;22;15;41,7
19690006760000;20;12;8;51,9
19690006762000;2;0;2;0,0
19690006763000;12;7;5;42,8
19690006764000;13;6;7;37,3
19690006765000;36;18;18;38,9
19690006767000;9;4;5;33,8
19690006768000;23;11;12;51,0
19690006770000;20;13;7;46,3
19690006771000;2;1;1;0,0
19690006772000;13;7;6;35,5
19690006773000;13;7;6;50,0
19690006785000;19;9;10;51,5
19690006786000;13;8;5;35,8
19690006787000;45;23;22;48,4
19690006788000;15;9;6;31,1
19690006795000;3;3;0;0,0
19690006796000;9;6;3;50,2
19690006810000;18;9;9;38,3
19690006828000;17;7;10;52,9
19690006829000;5;3;2;24,0
19690006830000;3;1;2;0,0
19690006835000;7;4;3;27,6
19690006836000;13;8;5;39,5
19690006841000;82;41;41;45,6
19690006842000;125;54;71;41,6
19690006845000;4;2;2;0,0
19690006846000;9;5;4;39,6
19690006849000;4;3;1;0,0
19690006873000;10;5;5;39,7
19690006889000;4;2;2;0,0
19690006890000;34;19;15;33,2
19690006893000;6;4;2;64,3
19690006894000;20;11;9;35,3
19690006897000;12;8;4;54,5
19700006513000;45;23;22;45,1
19700006514000;12;6;6;41,1
19700006515000;42;23;19;48,2
19700006518000;27;14;13;45,3
19700006519000;15;8;7;50,1
19700006531000;3;1;2;0,0
19700006539000;6;3;3;36,0
19700006540000;5;2;3;32,6
19700006547000;4;2;2;0,0
19700006548000;27;14;13;30,8
19700006549000;37;16;21;23,6
19700006550000;928;484;444;25,6
19700006551000;1356;670;686;33,5
19700006552000;1021;574;447;32,3
19700006553000;18;8;10;40,9
19700006555000;10;5;5;13,8
19700006556000;20;10;10;39,6
19700006557000;163;84;79;38,3
19700006558000;8;4;4;48,1
19700006559000;53;28;25;35,0
19700006561000;630;316;314;34,9
19700006563000;22;7;15;37,0
19700006565000;1;0;1;0,0
19700006572000;15;7;8;59,9
19700006575000;643;324;319;35,6
19700006576000;424;210;214;35,0
19700006577000;23;9;14;49,4
19700006581000;241;127;114;34,6
19700006582000;1;1;0;0,0
19700006587000;23;14;9;29,7
19700006588000;1;1;0;0,0
19700006590000;6;2;4;35,2
19700006610000;15;7;8;31,9
19700006611000;21;11;10;34,1
19700006613000;3;2;1;0,0
19700006614000;46;28;18;31,9
19700006616000;6;2;4;41,3
19700006617000;5;2;3;59,8
19700006618000;1;1;0;0,0
19700006620000;7;3;4;36,7
19700006622000;20;12;8;30,8
19700006624000;8;6;2;39,9
19700006625000;9;5;4;36,7
19700006630000;6;4;2;33,2
19700006631000;7;5;2;55,3
19700006632000;13;8;5;36,2
19700006633000;11;5;6;51,3
19700006634000;15;7;8;49,1
19700006635000;4;2;2;0,0
19700006643000;46;22;24;34,1
19700006644000;30;15;15;48,2
19700006645000;1;1;0;0,0
19700006647000;23;13;10;34,2
19700006648000;4;2;2;0,0
19700006649000;4;1;3;0,0
19700006650000;26;14;12;35,2
19700006652000;10;4;6;43,2
19700006667000;27;13;14;35,8
19700006668000;153;66;87;43,2
19700006670000;8;3;5;34,0
19700006671000;54;23;31;38,6
19700006672000;60;33;27;34,5
19700006673000;24;12;12;33,3
19700006674000;18;8;10;38,1
19700006675000;6;3;3;36,8
19700006677000;18;10;8;35,7
19700006678000;5;3;2;36,0
19700006679000;3;2;1;0,0
19700006684000;9;5;4;31,4
19700006686000;28;16;12;42,6
19700006687000;10;6;4;57,2
19700006688000;50;23;27;40,2
19700006689000;83;39;44;31,7
19700006691000;11;7;4;54,5
19700006692000;1;1;0;0,0
19700006693000;1;0;1;0,0
19700006694000;1;0;1;0,0
19700006705000;415;215;200;30,9
19700006706000;510;268;242;32,0
19700006707000;510;261;249;36,3
19700006708000;290;152;138;37,1
19700006709000;10;6;4;26,6
19700006711000;1;1;0;0,0
19700006713000;2;0;2;0,0
19700006715000;7;4;3;52,0
19700006719000;35;19;16;47,2
19700006720000;6;3;3;37,0
19700006721000;111;59;52;45,0
19700006722000;248;119;129;48,5
19700006723000;9;4;5;31,9
19700006724000;271;139;132;41,0
19700006725000;63;35;28;44,2
19700006726000;88;46;42;38,4
19700006727000;790;403;387;31,2
19700006728000;1883;932;951;30,5
19700006729000;530;267;263;37,6
19700006730000;1802;815;987;41,7
19700006731000;1533;740;793;36,6
19700006732000;326;162;164;36,4
19700006733000;55;24;31;32,9
19700006737000;20;8;12;43,8
19700006738000;94;48;46;32,0
19700006739000;23;14;9;50,9
19700006741000;1081;522;559;36,0
19700006742000;2114;1019;1095;42,5
19700006743000;788;389;399;33,8
19700006744000;61;32;29;40,3
19700006745000;16;7;9;46,7
19700006746000;8;3;5;40,5
19700006747000;310;165;145;31,1
19700006748000;126;63;63;36,7
19700006752000;50;23;27;38,4
19700006753000;13;7;6;42,2
19700006758000;1;0;1;0,0
19700006759000;4;1;3;0,0
19700006760000;1;0;1;0,0
19700006761000;10;5;5;32,3
19700006763000;11;5;6;43,1
19700006765000;4;3;1;0,0
19700006768000;19;11;8;50,8
19700006769000;22;14;8;43,3
19700006770000;28;16;12;42,9
19700006771000;19;11;8;53,1
19700006772000;23;9;14;58,7
19700006782000;33;18;15;30,6
19700006783000;10;8;2;18,8
19700006787000;7;3;4;29,4
19700006789000;29;14;15;39,7
19700006790000;11;6;5;36,8
19700006800000;18;11;7;55,9
19700006802000;32;16;16;29,0
19700006803000;2;1;1;0,0
19700006810000;2;1;1;0,0
19700006811000;3;2;1;0,0
19700006827000;5;3;2;72,2
19700006828000;5;4;1;53,0
19700006829000;5;3;2;32,6
19700006830000;3;2;1;0,0
19700006831000;15;5;10;43,8
19700006832000;7;1;6;40,0
19700006835000;8;5;3;56,4
19700006836000;14;8;6;54,9
19700006839000;20;12;8;60,3
19700006840000;17;7;10;39,8
19700006841000;141;68;73;58,4
19700006842000;245;123;122;42,6
19700006844000;3;2;1;0,0
19700006847000;4;2;2;0,0
19700006849000;1;1;0;0,0
19700006852000;1;1;0;0,0
19700006868000;45;26;19;28,6
19700006869000;418;227;191;37,0
19700006870000;52;27;25;32,0
19700006878000;2;1;1;0,0
19700006889000;8;4;4;38,9
19700006891000;3;1;2;0,0
19700006893000;3;1;2;0,0
19700006897000;64;29;35;50,1
19710006515000;104;57;47;41,8
19710006516000;40;19;21;33,8
19710006517000;1;1;0;0,0
19710006519000;17;9;8;48,3
19710006520000;19;9;10;27,3
19710006521000;14;8;6;37,6
19710006524000;3;2;1;0,0
19710006532000;2;1;1;0,0
19710006533000;7;4;3;39,0
19710006536000;2;1;1;0,0
19710006540000;4;3;1;0,0
19710006541000;5;3;2;13,8
19710006549000;676;344;332;35,8
19710006550000;2097;1051;1046;33,2
19710006551000;360;188;172;37,5
19710006552000;17;10;7;33,1
19710006553000;15;8;7;41,5
19710006554000;28;12;16;38,9
19710006556000;46;23;23;33,2
19710006557000;171;84;87;34,2
19710006558000;24;15;9;29,6
19710006559000;59;28;31;31,8
19710006561000;35;20;15;38,4
19710006562000;9;8;1;44,3
19710006564000;2;1;1;0,0
19710006567000;3;1;2;0,0
19710006568000;19;12;7;49,5
19710006575000;265;136;129;30,6
19710006576000;436;222;214;36,6
19710006581000;35;15;20;34,3
19710006584000;2;2;0;0,0
19710006585000;32;17;15;41,5
19710006586000;226;109;117;32,8
19710006587000;52;22;30;37,9
19710006590000;9;4;5;43,3
19710006610000;11;4;7;43,6
19710006611000;5;3;2;45,6
19710006613000;11;5;6;22,1
19710006614000;5;2;3;16,6
19710006615000;4;3;1;0,0
19710006621000;38;22;16;37,5
19710006622000;20;10;10;34,3
19710006632000;13;4;9;40,2
19710006633000;1;1;0;0,0
19710006634000;7;3;4;24,9
19710006635000;50;25;25;33,7
19710006636000;8;3;5;43,4
19710006652000;4;2;2;0,0
19710006653000;26;14;12;48,3
19710006678000;2;1;1;0,0
19710006679000;6;3;3;54,8
19710006680000;5;3;2;75,2
19710006682000;33;15;18;52,5
19710006683000;32;11;21;39,4
19710006684000;12;4;8;31,3
19710006685000;8;4;4;50,5
19710006686000;7;5;2;32,9
19710006687000;6;2;4;69,7
19710006688000;27;12;15;42,2
19710006689000;97;49;48;44,5
19710006690000;114;47;67;56,1
19710006691000;7;3;4;47,3
19710006705000;6;5;1;41,2
19710006707000;31;18;13;40,1
19710006708000;644;344;300;32,3
19710006709000;1103;550;553;32,8
19710006710000;75;36;39;39,1
19710006711000;432;215;217;37,4
19710006712000;644;331;313;36,8
19710006713000;58;35;23;40,0
19710006714000;14;8;6;48,2
19710006715000;52;34;18;34,7
19710006716000;244;120;124;36,5
19710006717000;21;12;9;51,4
19710006718000;71;38;33;40,0
19710006719000;177;87;90;40,0
19710006720000;75;36;39;40,2
19710006721000;44;23;21;36,1
19710006723000;64;36;28;30,5
19710006724000;37;21;16;32,4
19710006726000;7;3;4;33,9
19710006727000;87;46;41;33,8
19710006728000;758;379;379;29,4
19710006729000;2;1;1;0,0
19710006738000;5;4;1;20,6
19710006740000;24;12;12;43,2
19710006741000;2888;1419;1469;32,8
19710006742000;1335;653;682;33,7
19710006743000;253;135;118;31,4
19710006744000;338;165;173;33,4
19710006745000;80;39;41;42,3
19710006746000;533;265;268;38,4
19710006747000;507;245;262;28,3
19710006749000;19;7;12;40,2
19710006750000;143;75;68;35,8
19710006752000;11;8;3;46,8
19710006754000;4;2;2;0,0
19710006755000;2;2;0;0,0
19710006757000;6;3;3;42,8
19710006759000;17;8;9;27,6
19710006760000;1;1;0;0,0
19710006761000;8;4;4;46,1
19710006768000;23;12;11;39,7
19710006770000;4;2;2;0,0
19710006771000;47;23;24;36,7
19710006772000;10;6;4;56,7
19710006775000;5;2;3;40,2
19710006776000;3;2;1;0,0
19710006777000;4;1;3;0,0
19710006779000;8;5;3;50,1
19710006780000;14;5;9;36,4
19710006783000;30;18;12;45,9
19710006784000;18;10;8;40,1
19710006789000;22;14;8;51,1
19710006790000;4;2;2;0,0
19710006798000;10;3;7;46,3
19710006803000;63;32;31;38,6
19710006808000;2;1;1;0,0
19710006810000;17;9;8;52,0
19710006827000;4;3;1;0,0
19710006829000;1;0;1;0,0
19710006835000;29;17;12;33,0
19710006836000;1;0;1;0,0
19710006839000;42;23;19;53,5
19710006840000;48;24;24;36,1
19710006841000;58;29;29;40,1
19710006842000;4;2;2;0,0
19710006843000;3;3;0;0,0
19710006847000;4;2;2;0,0
19710006849000;2;0;2;0,0
19710006850000;12;3;9;43,2
19710006852000;10;4;6;35,3
19710006868000;324;166;158;31,7
19710006869000;1074;563;511;39,3
19710006870000;608;310;298;38,7
19710006874000;3;2;1;0,0
19710006875000;12;10;2;29,2
19710006876000;1;1;0;0,0
19710006877000;2;1;1;0,0
19710006880000;1;0;1;0,0
19710006883000;7;3;4;36,7
19710006884000;2;2;0;0,0
19710006890000;2;1;1;0,0
19710006894000;16;8;8;37,5
19710006895000;7;4;3;31,0
19710006897000;38;19;19;59,7
19720006512000;3;1;2;0,0
19720006515000;20;10;10;47,6
19720006516000;54;28;26;46,9
19720006520000;19;12;7;30,7
19720006521000;12;8;4;52,0
19720006541000;8;4;4;44,6
19720006542000;11;5;6;38,2
19720006548000;15;9;6;53,8
19720006549000;22;9;13;30,1
19720006550000;1385;679;706;35,5
19720006553000;16;6;10;44,8
19720006556000;4;3;1;0,0
19720006557000;2;2;0;0,0
19720006558000;39;19;20;37,3
19720006560000;3;1;2;0,0
19720006561000;24;10;14;38,0
19720006562000;15;10;5;49,7
19720006563000;9;6;3;38,8
19720006565000;23;12;11;42,8
19720006566000;53;30;23;33,1
19720006567000;123;69;54;36,6
19720006568000;26;13;13;38,9
19720006585000;39;18;21;39,9
19720006586000;295;146;149;31,0
19720006587000;126;67;59;29,1
19720006588000;43;24;19;37,1
19720006589000;47;24;23;35,2
19720006611000;3;2;1;0,0
19720006613000;6;4;2;23,8
19720006614000;4;4;0;0,0
19720006615000;17;8;9;49,1
19720006622000;1;0;1;0,0
19720006630000;23;12;11;34,4
19720006631000;2;1;1;0,0
19720006633000;2;2;0;0,0
19720006635000;4;1;3;0,0
19720006636000;4;2;2;0,0
19720006647000;1;1;0;0,0
19720006652000;23;14;9;38,3
19720006653000;28;14;14;47,8
19720006669000;16;10;6;34,8
19720006670000;14;5;9;40,0
19720006671000;19;13;6;37,3
19720006672000;6;4;2;50,3
19720006673000;22;12;10;43,1
19720006674000;11;5;6;54,1
19720006677000;1;1;0;0,0
19720006682000;2;1;1;0,0
19720006685000;4;4;0;0,0
19720006689000;12;7;5;27,2
19720006690000;9;2;7;41,2
19720006692000;15;8;7;33,8
19720006693000;25;11;14;41,6
19720006694000;37;22;15;36,2
19720006695000;52;29;23;41,6
19720006709000;383;189;194;40,3
19720006710000;1271;627;644;40,5
19720006711000;520;258;262;42,1
19720006712000;896;428;468;40,0
19720006713000;25;14;11;41,8
19720006714000;8;3;5;56,4
19720006715000;391;197;194;32,9
19720006716000;718;360;358;37,3
19720006717000;59;33;26;41,1
19720006718000;88;42;46;39,8
19720006719000;18;8;10;57,1
19720006720000;2;1;1;0,0
19720006721000;34;17;17;37,5
19720006722000;78;39;39;42,1
19720006723000;21;13;8;38,3
19720006724000;92;51;41;35,9
19720006728000;147;80;67;33,5
19720006729000;8;4;4;34,4
19720006739000;5;4;1;27,6
19720006740000;105;51;54;36,0
19720006741000;74;36;38;47,0
19720006742000;47;23;24;39,5
19720006743000;34;20;14;42,4
19720006744000;137;91;46;37,4
19720006745000;119;86;33;39,7
19720006746000;85;45;40;35,4
19720006747000;35;18;17;25,8
19720006748000;33;18;15;26,5
19720006749000;16;8;8;37,8
19720006750000;35;17;18;42,3
19720006751000;38;16;22;35,5
19720006753000;39;23;16;42,7
19720006754000;20;11;9;46,4
19720006755000;55;29;26;41,2
19720006756000;10;7;3;34,4
19720006757000;5;4;1;57,6
19720006758000;4;2;2;0,0
19720006759000;23;13;10;28,3
19720006760000;22;11;11;52,9
19720006761000;2;1;1;0,0
19720006762000;46;25;21;43,3
19720006763000;71;38;33;39,2
19720006764000;6;2;4;36,8
19720006765000;12;7;5;44,6
19720006766000;8;4;4;24,0
19720006767000;22;11;11;43,5
19720006768000;22;8;14;37,8
19720006769000;20;12;8;44,5
19720006770000;9;4;5;39,6
19720006771000;17;7;10;52,5
19720006772000;21;11;10;38,6
19720006774000;1;0;1;0,0
19720006775000;7;4;3;57,6
19720006777000;4;3;1;0,0
19720006778000;33;18;15;41,0
19720006781000;1;1;0;0,0
19720006783000;41;19;22;44,7
19720006784000;3;2;1;0,0
19720006787000;6;3;3;58,0
19720006788000;3;2;1;0,0
19720006796000;6;2;4;33,2
19720006797000;13;7;6;46,7
19720006798000;15;5;10;57,1
19720006799000;6;3;3;31,0
19720006810000;12;3;9;42,4
19720006811000;10;4;6;28,9
19720006819000;12;7;5;49,3
19720006827000;27;15;12;37,9
19720006829000;5;2;3;60,8
19720006835000;9;6;3;56,3
19720006836000;2;1;1;0,0
19720006837000;5;3;2;17,2
19720006839000;28;14;14;50,3
19720006840000;9;6;3;44,0
19720006841000;49;26;23;46,9
19720006842000;4;2;2;0,0
19720006843000;17;9;8;33,9
19720006844000;6;2;4;48,8
19720006845000;3;2;1;0,0
19720006850000;5;2;3;40,6
19720006852000;1;1;0;0,0
19720006858000;2;1;1;0,0
19720006868000;583;298;285;34,1
19720006869000;890;419;471;41,5
19720006870000;490;251;239;41,0
19720006875000;3;1;2;0,0
19720006876000;1;1;0;0,0
19720006883000;8;5;3;31,1
19720006884000;19;7;12;38,2
19720006891000;2;2;0;0,0
19720006893000;18;9;9;38,3
19720006894000;23;11;12;62,3
19720006895000;36;19;17;51,1
19720006897000;108;56;52;39,1
19730006510000;9;5;4;42,1
19730006511000;5;2;3;48,2
19730006512000;66;31;35;54,5
19730006514000;241;132;109;26,1
19730006515000;109;62;47;38,5
19730006516000;19;10;9;54,0
19730006520000;11;6;5;30,5
19730006526000;13;7;6;32,6
19730006527000;8;5;3;31,1
19730006536000;1;1;0;0,0
19730006537000;12;6;6;18,7
19730006542000;3;2;1;0,0
19730006545000;3;2;1;0,0
19730006548000;24;14;10;40,6
19730006549000;9;4;5;44,2
19730006550000;1731;884;847;31,5
19730006551000;5;3;2;32,2
19730006555000;13;9;4;31,9
19730006556000;11;7;4;33,7
19730006557000;22;11;11;30,8
19730006558000;50;29;21;44,2
19730006560000;6;2;4;36,3
19730006561000;12;8;4;37,2
19730006563000;12;9;3;40,2
19730006564000;56;30;26;40,4
19730006565000;79;37;42;38,9
19730006566000;370;206;164;31,9
19730006567000;1799;927;872;32,0
19730006568000;641;318;323;30,8
19730006569000;7;4;3;50,9
19730006574000;21;9;12;53,2
19730006575000;1;0;1;0,0
19730006588000;4;2;2;0,0
19730006593000;42;21;21;29,1
19730006613000;15;8;7;39,7
19730006614000;11;5;6;36,1
19730006621000;2;1;1;0,0
19730006629000;3;2;1;0,0
19730006630000;9;6;3;28,6
19730006635000;15;8;7;42,5
19730006636000;8;5;3;44,1
19730006638000;2;1;1;0,0
19730006647000;9;4;5;24,3
19730006648000;7;4;3;38,0
19730006649000;10;4;6;34,8
19730006651000;107;57;50;44,9
19730006670000;6;4;2;59,2
19730006671000;2;2;0;0,0
19730006672000;6;4;2;25,8
19730006673000;2;1;1;0,0
19730006676000;17;10;7;37,4
19730006677000;6;4;2;29,7
19730006683000;12;6;6;37,9
19730006684000;2;1;1;0,0
19730006685000;5;2;3;39,0
19730006687000;7;3;4;19,4
19730006688000;9;4;5;45,1
19730006689000;4;2;2;0,0
19730006690000;8;4;4;40,6
19730006691000;19;9;10;34,5
19730006692000;2;1;1;0,0
19730006693000;224;103;121;38,1
19730006694000;289;140;149;44,9
19730006695000;13;8;5;37,2
19730006709000;83;39;44;46,6
19730006710000;634;280;354;47,2
19730006711000;664;346;318;32,6
19730006712000;272;135;137;27,5
19730006713000;20;12;8;44,6
19730006716000;12;8;4;34,3
19730006719000;4;2;2;0,0
19730006720000;56;34;22;39,3
19730006721000;8;5;3;41,5
19730006722000;2;1;1;0,0
19730006723000;22;13;9;44,4
19730006724000;65;31;34;30,7
19730006725000;26;13;13;33,4
19730006728000;42;20;22;47,8
19730006729000;66;32;34;43,3
19730006730000;3;2;1;0,0
19730006732000;3;2;1;0,0
19730006733000;20;10;10;49,3
19730006739000;89;50;39;40,7
19730006740000;188;97;91;36,8
19730006741000;13;5;8;20,8
19730006742000;152;81;71;32,1
19730006743000;168;77;91;32,8
19730006744000;395;210;185;32,7
19730006745000;89;59;30;38,4
19730006747000;54;28;26;29,1
19730006748000;2;1;1;0,0
19730006750000;26;15;11;43,8
19730006753000;351;172;179;34,7
19730006754000;105;55;50;42,9
19730006755000;229;123;106;29,7
19730006756000;48;26;22;40,3
19730006757000;51;22;29;30,3
19730006758000;3;2;1;0,0
19730006759000;12;5;7;44,2
19730006760000;20;9;11;31,2
19730006761000;29;14;15;36,9
19730006762000;57;26;31;47,6
19730006763000;125;61;64;40,0
19730006764000;47;25;22;34,5
19730006765000;30;11;19;36,9
19730006766000;34;14;20;40,9
19730006767000;27;15;12;33,0
19730006768000;109;64;45;35,7
19730006769000;5;3;2;23,6
19730006773000;8;3;5;22,0
19730006774000;29;14;15;36,0
19730006778000;33;19;14;45,4
19730006779000;72;37;35;32,4
19730006780000;20;10;10;38,9
19730006781000;18;9;9;37,7
19730006783000;42;16;26;45,2
19730006787000;16;9;7;45,3
19730006796000;2;2;0;0,0
19730006820000;21;11;10;41,5
19730006827000;78;29;49;60,5
19730006835000;15;9;6;33,6
19730006836000;4;3;1;0,0
19730006837000;15;9;6;53,1
19730006839000;52;27;25;42,5
19730006840000;5;4;1;46,2
19730006843000;16;6;10;45,6
19730006848000;17;7;10;37,5
19730006850000;5;3;2;34,4
19730006856000;8;5;3;32,4
19730006858000;7;4;3;43,4
19730006865000;4;3;1;0,0
19730006866000;3;1;2;0,0
19730006868000;25;11;14;32,4
19730006869000;1342;671;671;38,2
19730006870000;260;143;117;41,3
19730006882000;1;0;1;0,0
19730006883000;6;4;2;55,2
19730006895000;17;10;7;33,8
19730006896000;17;8;9;34,1
19730006897000;206;109;97;41,6
19740006511000;79;69;10;41,9
19740006512000;203;111;92;44,2
19740006513000;185;94;91;33,3
19740006514000;790;422;368;30,8
19740006515000;204;104;100;38,8
19740006520000;2;1;1;0,0
19740006521000;2;1;1;0,0
19740006536000;5;3;2;34,6
19740006541000;3;1;2;0,0
19740006546000;10;6;4;47,4
19740006547000;2;1;1;0,0
19740006548000;17;10;7;43,8
19740006549000;15;7;8;39,4
19740006550000;28;14;14;45,8
19740006556000;24;13;11;34,8
19740006558000;59;38;21;31,7
19740006561000;10;6;4;44,1
19740006562000;18;12;6;34,7
19740006563000;10;5;5;31,2
19740006565000;6;3;3;20,3
19740006566000;50;28;22;39,5
19740006567000;1270;656;614;33,1
19740006568000;738;359;379;40,7
19740006571000;23;11;12;44,8
19740006572000;2;1;1;0,0
19740006573000;4;3;1;0,0
19740006581000;2;1;1;0,0
19740006582000;1;1;0;0,0
19740006585000;11;5;6;23,2
19740006588000;7;3;4;41,6
19740006592000;5;2;3;34,8
19740006593000;8;4;4;42,1
19740006594000;26;13;13;59,0
19740006613000;1;0;1;0,0
19740006614000;9;5;4;32,8
19740006615000;17;9;8;51,5
19740006616000;1;0;1;0,0
19740006630000;7;4;3;42,4
19740006634000;6;3;3;54,0
19740006635000;67;33;34;30,0
19740006636000;66;36;30;32,9
19740006637000;31;15;16;43,3
19740006638000;17;9;8;30,4
19740006639000;6;4;2;58,2
19740006646000;1;1;0;0,0
19740006647000;13;4;9;39,8
19740006649000;9;6;3;35,4
19740006650000;48;26;22;36,6
19740006651000;53;22;31;42,7
19740006671000;9;5;4;53,8
19740006678000;1;0;1;0,0
19740006683000;7;3;4;45,4
19740006684000;2;1;1;0,0
19740006690000;5;2;3;65,6
19740006693000;50;26;24;42,6
19740006694000;43;20;23;42,7
19740006695000;5;3;2;41,6
19740006710000;52;27;25;48,7
19740006711000;99;45;54;33,9
19740006712000;57;30;27;32,2
19740006717000;16;8;8;29,7
19740006718000;51;25;26;32,7
19740006721000;30;18;12;44,6
19740006722000;7;4;3;61,9
19740006729000;558;284;274;40,8
19740006730000;138;63;75;38,8
19740006731000;141;64;77;42,3
19740006732000;134;68;66;39,1
19740006733000;107;59;48;34,4
19740006737000;6;3;3;64,5
19740006738000;28;14;14;46,4
19740006739000;2;1;1;0,0
19740006740000;448;224;224;37,4
19740006741000;421;212;209;37,4
19740006742000;24;13;11;48,0
19740006743000;92;43;49;38,2
19740006745000;10;5;5;58,8
19740006746000;35;18;17;35,8
19740006747000;30;19;11;41,0
19740006748000;2;1;1;0,0
19740006749000;23;13;10;39,8
19740006750000;35;17;18;44,3
19740006751000;38;18;20;38,2
19740006753000;149;78;71;25,0
19740006755000;28;14;14;36,4
19740006756000;14;8;6;39,3
19740006757000;12;7;5;39,4
19740006758000;78;41;37;35,2
19740006759000;26;12;14;34,7
19740006760000;24;13;11;48,3
19740006762000;9;6;3;51,4
19740006763000;53;27;26;36,5
19740006764000;1;1;0;0,0
19740006774000;14;9;5;53,3
19740006775000;4;3;1;0,0
19740006781000;12;6;6;42,3
19740006783000;13;7;6;40,4
19740006784000;17;9;8;36,4
19740006785000;1;0;1;0,0
19740006789000;9;6;3;49,9
19740006791000;7;4;3;61,9
19740006809000;12;5;7;54,6
19740006814000;3;2;1;0,0
19740006816000;6;3;3;52,5
19740006820000;9;5;4;34,9
19740006822000;4;3;1;0,0
19740006827000;53;27;26;44,6
19740006828000;25;13;12;44,3
19740006829000;9;4;5;31,0
19740006834000;1;1;0;0,0
19740006836000;35;17;18;32,3
19740006839000;30;12;18;44,3
19740006840000;21;10;11;40,4
19740006842000;5;1;4;44,8
19740006843000;8;4;4;63,6
19740006850000;25;16;9;54,7
19740006858000;4;2;2;0,0
19740006865000;9;4;5;26,7
19740006869000;1595;776;819;31,9
19740006870000;499;257;242;35,6
19740006896000;110;67;43;43,2
19740006897000;36;20;16;46,4
19740006898000;22;12;10;43,9
19750006509000;2;1;1;0,0
19750006510000;232;127;105;36,9
19750006511000;349;174;175;30,1
19750006512000;1699;874;825;35,0
19750006513000;1893;932;961;38,9
19750006514000;662;330;332;44,8
19750006515000;291;141;150;39,6
19750006516000;6;4;2;41,5
19750006517000;140;78;62;38,5
19750006520000;4;3;1;0,0
19750006521000;29;14;15;45,6
19750006537000;7;6;1;30,6
19750006547000;2;0;2;0,0
19750006549000;6;3;3;55,2
19750006550000;9;4;5;53,9
19750006551000;5;3;2;47,4
19750006552000;12;8;4;25,0
19750006555000;28;13;15;42,9
19750006556000;15;8;7;36,7
19750006558000;19;8;11;39,3
19750006559000;22;9;13;30,4
19750006563000;6;4;2;35,8
19750006566000;460;246;214;34,7
19750006567000;636;316;320;31,2
19750006568000;132;74;58;40,0
19750006569000;35;18;17;35,7
19750006570000;19;9;10;43,2
19750006588000;42;26;16;32,2
19750006592000;46;25;21;40,5
19750006593000;7;3;4;38,0
19750006594000;87;44;43;35,5
19750006595000;58;31;27;35,0
19750006596000;25;14;11;41,0
19750006597000;8;4;4;38,8
19750006615000;2;1;1;0,0
19750006616000;3;2;1;0,0
19750006617000;2;1;1;0,0
19750006626000;9;5;4;55,7
19750006627000;36;18;18;37,2
19750006628000;9;3;6;56,4
19750006629000;48;25;23;38,5
19750006630000;28;14;14;32,7
19750006631000;151;65;86;49,7
19750006632000;8;3;5;47,4
19750006633000;17;10;7;59,2
19750006634000;24;14;10;35,5
19750006635000;16;5;11;29,4
19750006636000;3;2;1;0,0
19750006637000;68;38;30;39,4
19750006638000;48;27;21;37,5
19750006639000;18;8;10;54,3
19750006640000;27;10;17;33,7
19750006645000;3;2;1;0,0
19750006650000;72;41;31;37,9
19750006651000;23;12;11;52,5
19750006658000;15;8;7;52,4
19750006673000;1;0;1;0,0
19750006674000;4;2;2;0,0
19750006678000;2;1;1;0,0
19750006679000;4;2;2;0,0
19750006680000;10;5;5;53,6
19750006693000;23;9;14;46,2
19750006694000;27;13;14;51,0
19750006696000;1;1;0;0,0
19750006710000;60;29;31;39,6
19750006711000;53;26;27;29,9
19750006712000;33;18;15;35,8
19750006713000;54;34;20;32,1
19750006717000;1;0;1;0,0
19750006721000;3;0;3;0,0
19750006722000;47;24;23;36,7
19750006723000;26;14;12;32,8
19750006724000;21;13;8;39,5
19750006725000;26;10;16;42,3
19750006729000;74;41;33;43,7
19750006730000;36;18;18;45,9
19750006731000;531;277;254;33,3
19750006732000;592;319;273;36,3
19750006733000;78;37;41;39,4
19750006734000;31;16;15;41,6
19750006735000;93;48;45;44,3
19750006736000;180;96;84;39,0
19750006737000;28;14;14;57,0
19750006738000;18;10;8;50,0
19750006739000;221;122;99;40,7
19750006740000;903;492;411;38,1
19750006741000;496;269;227;37,3
19750006744000;35;18;17;42,5
19750006745000;519;267;252;34,9
19750006746000;350;173;177;38,1
19750006747000;17;10;7;50,0
19750006748000;17;9;8;41,3
19750006749000;35;17;18;38,3
19750006750000;59;28;31;37,0
19750006751000;70;33;37;35,3
19750006755000;71;33;38;37,1
19750006756000;64;33;31;42,2
19750006757000;143;84;59;34,3
19750006758000;56;27;29;33,1
19750006759000;6;4;2;29,3
19750006761000;2;1;1;0,0
19750006762000;25;14;11;34,2
19750006763000;29;13;16;39,6
19750006764000;39;17;22;36,9
19750006766000;20;12;8;44,1
19750006775000;23;11;12;40,3
19750006780000;6;4;2;22,2
19750006782000;8;4;4;13,1
19750006783000;31;19;12;50,8
19750006788000;9;3;6;34,1
19750006789000;5;3;2;66,2
19750006791000;17;10;7;46,1
19750006809000;8;3;5;30,5
19750006816000;11;5;6;50,6
19750006819000;8;4;4;59,6
19750006820000;28;14;14;36,1
19750006826000;9;5;4;51,1
19750006827000;28;16;12;45,3
19750006833000;1;0;1;0,0
19750006834000;15;9;6;47,9
19750006836000;16;8;8;48,2
19750006839000;6;2;4;28,5
19750006840000;61;28;33;41,9
19750006841000;21;11;10;43,8
19750006842000;16;6;10;39,9
19750006843000;13;8;5;42,7
19750006849000;19;7;12;55,2
19750006850000;41;17;24;39,5
19750006857000;22;13;9;40,5
19750006858000;16;7;9;32,6
19750006869000;452;224;228;34,4
19750006870000;34;20;14;33,2
19750006873000;1;0;1;0,0
19750006896000;88;43;45;42,4
19750006898000;21;9;12;40,8
19750006899000;2;1;1;0,0
19760006506000;6;2;4;37,8
19760006507000;19;9;10;47,5
19760006508000;27;13;14;35,9
19760006509000;56;27;29;39,6
19760006510000;47;26;21;42,3
19760006511000;27;16;11;36,8
19760006512000;95;45;50;45,5
19760006513000;375;174;201;43,6
19760006514000;2039;968;1071;40,8
19760006515000;889;440;449;40,3
19760006516000;532;280;252;26,0
19760006517000;4;2;2;0,0
19760006518000;39;15;24;38,4
19760006521000;5;3;2;55,0
19760006524000;17;8;9;35,6
19760006528000;24;15;9;39,5
19760006529000;3;2;1;0,0
19760006546000;26;14;12;34,8
19760006551000;27;16;11;34,3
19760006552000;15;8;7;35,9
19760006555000;28;15;13;33,5
19760006556000;5;3;2;62,6
19760006559000;16;9;7;33,5
19760006560000;9;6;3;40,0
19760006561000;2;1;1;0,0
19760006562000;2;1;1;0,0
19760006563000;18;11;7;34,3
19760006565000;10;8;2;23,4
19760006567000;18;12;6;48,3
19760006568000;8;5;3;56,4
19760006569000;85;47;38;39,4
19760006570000;4;1;3;0,0
19760006587000;64;34;30;35,8
19760006588000;2;1;1;0,0
19760006592000;129;58;71;33,9
19760006593000;1;1;0;0,0
19760006594000;45;25;20;34,0
19760006595000;76;39;37;38,9
19760006596000;68;32;36;35,6
19760006597000;44;27;17;40,8
19760006603000;9;4;5;46,4
19760006614000;7;4;3;47,3
19760006615000;20;8;12;37,2
19760006616000;1;0;1;0,0
19760006622000;3;3;0;0,0
19760006625000;6;4;2;26,8
19760006626000;17;9;8;21,9
19760006627000;3;2;1;0,0
19760006628000;53;27;26;35,2
19760006629000;58;25;33;42,7
19760006630000;56;27;29;46,3
19760006631000;38;16;22;36,5
19760006632000;13;5;8;32,2
19760006634000;18;9;9;32,9
19760006635000;42;25;17;41,8
19760006636000;20;8;12;39,1
19760006637000;2;1;1;0,0
19760006638000;31;15;16;33,6
19760006639000;1;1;0;0,0
19760006640000;7;3;4;32,4
19760006641000;61;28;33;43,2
19760006642000;14;6;8;37,1
19760006650000;7;4;3;42,7
19760006651000;1;1;0;0,0
19760006656000;27;15;12;42,5
19760006665000;5;2;3;59,6
19760006666000;65;34;31;40,5
19760006667000;1;0;1;0,0
19760006677000;7;3;4;55,7
19760006679000;7;3;4;45,7
19760006680000;5;4;1;39,0
19760006681000;30;15;15;36,7
19760006687000;15;9;6;41,6
19760006693000;4;2;2;0,0
19760006694000;2;1;1;0,0
19760006697000;6;4;2;44,3
19760006711000;4;3;1;0,0
19760006712000;122;62;60;31,0
19760006713000;90;42;48;31,0
19760006714000;17;8;9;39,2
19760006723000;39;19;20;37,8
19760006724000;19;10;9;46,4
19760006726000;51;26;25;38,1
19760006729000;19;10;9;47,3
19760006730000;39;20;19;40,4
19760006731000;164;78;86;24,2
19760006732000;1;1;0;0,0
19760006733000;31;14;17;44,5
19760006734000;1314;676;638;36,5
19760006735000;1221;573;648;43,8
19760006736000;898;424;474;45,6
19760006737000;1034;530;504;40,3
19760006738000;981;487;494;37,5
19760006739000;493;246;247;34,6
19760006741000;43;24;19;33,6
19760006744000;40;19;21;35,9
19760006745000;197;101;96;35,8
19760006746000;151;82;69;34,7
19760006747000;72;39;33;37,2
19760006748000;6;3;3;31,3
19760006749000;29;13;16;38,8
19760006750000;5;4;1;57,2
19760006751000;103;56;47;42,2
19760006752000;5;4;1;62,4
19760006756000;61;36;25;34,3
19760006757000;50;24;26;40,7
19760006759000;13;9;4;46,6
19760006763000;6;4;2;32,2
19760006764000;13;5;8;34,5
19760006765000;94;57;37;37,2
19760006766000;48;23;25;39,9
19760006772000;5;2;3;84,6
19760006773000;40;16;24;45,0
19760006774000;6;3;3;58,8
19760006784000;2;1;1;0,0
19760006786000;1;1;0;0,0
19760006800000;2;1;1;0,0
19760006809000;22;11;11;41,5
19760006820000;10;5;5;38,7
19760006825000;4;3;1;0,0
19760006826000;6;4;2;65,8
19760006831000;2;1;1;0,0
19760006833000;1;1;0;0,0
19760006835000;4;2;2;0,0
19760006837000;1;1;0;0,0
19760006839000;8;5;3;54,6
19760006841000;44;22;22;50,5
19760006842000;104;50;54;44,1
19760006843000;11;5;6;49,0
19760006849000;32;15;17;36,7
19760006850000;30;17;13;32,4
19760006857000;13;5;8;53,3
19760006863000;2;1;1;0,0
19760006864000;13;8;5;41,3
19760006869000;66;35;31;33,9
19760006887000;1;0;1;0,0
19760006896000;5;3;2;16,8
19760006898000;6;3;3;43,8
19760006899000;4;2;2;0,0
19770006505000;5;4;1;33,6
19770006506000;42;21;21;43,7
19770006507000;21;9;12;31,4
19770006508000;12;5;7;27,7
19770006509000;26;11;15;35,7
19770006511000;4;3;1;0,0
19770006512000;27;17;10;35,3
19770006513000;15;6;9;42,0
19770006514000;13;8;5;30,8
19770006515000;370;188;182;43,2
19770006516000;94;53;41;37,2
19770006517000;2;1;1;0,0
19770006521000;10;4;6;55,5
19770006522000;2;1;1;0,0
19770006523000;1;1;0;0,0
19770006526000;7;5;2;30,9
19770006527000;8;4;4;20,1
19770006528000;17;11;6;42,9
19770006529000;13;6;7;42,8
19770006530000;13;8;5;46,3
19770006531000;3;2;1;0,0
19770006537000;8;5;3;25,9
19770006538000;15;8;7;24,9
19770006540000;4;1;3;0,0
19770006543000;7;2;5;17,6
19770006545000;9;6;3;45,0
19770006549000;46;24;22;37,1
19770006550000;3;2;1;0,0
19770006551000;24;15;9;35,8
19770006552000;6;3;3;33,7
19770006555000;20;8;12;37,3
19770006557000;2;1;1;0,0
19770006558000;13;9;4;32,8
19770006560000;35;19;16;43,4
19770006561000;1;0;1;0,0
19770006563000;45;22;23;34,3
19770006564000;28;15;13;34,0
19770006565000;12;6;6;29,3
19770006567000;15;6;9;27,9
19770006568000;2;2;0;0,0
19770006569000;24;15;9;36,1
19770006570000;3;1;2;0,0
19770006571000;15;8;7;59,1
19770006587000;60;27;33;31,0
19770006592000;67;39;28;43,2
19770006593000;42;16;26;49,7
19770006594000;29;17;12;41,3
19770006595000;23;12;11;39,3
19770006597000;29;14;15;32,4
19770006598000;13;7;6;36,0
19770006600000;5;3;2;49,8
19770006601000;50;25;25;29,8
19770006603000;8;3;5;40,1
19770006604000;87;47;40;40,7
19770006605000;22;11;11;52,7
19770006614000;46;21;25;35,4
19770006615000;114;45;69;50,9
19770006617000;7;4;3;34,7
19770006618000;8;5;3;23,3
19770006621000;4;2;2;0,0
19770006622000;3;1;2;0,0
19770006627000;59;32;27;30,3
19770006628000;12;6;6;40,0
19770006631000;6;2;4;41,8
19770006632000;1;1;0;0,0
19770006640000;13;8;5;32,9
19770006641000;9;4;5;44,6
19770006642000;35;21;14;42,0
19770006643000;9;5;4;49,2
19770006649000;21;9;12;39,7
19770006650000;13;7;6;43,1
19770006656000;7;4;3;58,0
19770006657000;21;10;11;40,8
19770006658000;15;8;7;54,9
19770006664000;87;36;51;39,9
19770006665000;106;49;57;38,1
19770006666000;2;1;1;0,0
19770006678000;4;2;2;0,0
19770006680000;4;2;2;0,0
19770006681000;4;2;2;0,0
19770006682000;30;16;14;53,2
19770006683000;68;38;30;39,4
19770006693000;1;1;0;0,0
19770006694000;17;9;8;31,1
19770006695000;5;3;2;40,0
19770006714000;34;20;14;33,2
19770006715000;35;19;16;35,0
19770006719000;6;5;1;69,0
19770006724000;18;9;9;48,7
19770006725000;21;14;7;29,2
19770006727000;3;2;1;0,0
19770006730000;24;14;10;33,3
19770006731000;31;13;18;30,0
19770006737000;40;22;18;39,9
19770006738000;352;183;169;39,5
19770006740000;54;29;25;33,5
19770006741000;162;87;75;35,5
19770006742000;25;14;11;42,6
19770006743000;5;3;2;41,2
19770006744000;17;7;10;38,8
19770006745000;142;65;77;59,2
19770006746000;45;24;21;35,4
19770006747000;6;4;2;39,7
19770006748000;22;12;10;42,5
19770006749000;13;4;9;25,6
19770006750000;1;1;0;0,0
19770006752000;45;22;23;43,1
19770006753000;1;1;0;0,0
19770006756000;5;1;4;30,8
19770006757000;17;7;10;43,6
19770006758000;26;13;13;38,5
19770006759000;16;9;7;53,4
19770006760000;29;10;19;33,0
19770006763000;40;22;18;41,8
19770006764000;24;13;11;37,9
19770006765000;2;1;1;0,0
19770006766000;4;3;1;0,0
19770006767000;5;3;2;72,2
19770006769000;8;3;5;21,0
19770006770000;3;3;0;0,0
19770006771000;16;4;12;38,4
19770006772000;45;24;21;51,3
19770006773000;4;2;2;0,0
19770006775000;10;4;6;47,3
19770006780000;29;14;15;40,8
19770006781000;2;0;2;0,0
19770006782000;5;3;2;21,6
19770006783000;2;1;1;0,0
19770006793000;3;2;1;0,0
19770006800000;25;14;11;47,4
19770006806000;6;3;3;48,0
19770006814000;11;6;5;53,0
19770006815000;2;1;1;0,0
19770006824000;9;4;5;32,9
19770006825000;33;19;14;34,4
19770006831000;6;3;3;60,3
19770006832000;7;4;3;43,1
19770006835000;8;6;2;43,1
19770006836000;4;2;2;0,0
19770006838000;3;2;1;0,0
19770006839000;60;31;29;45,1
19770006840000;36;17;19;50,5
19770006841000;13;9;4;37,9
19770006842000;15;7;8;50,3
19770006843000;3;1;2;0,0
19770006845000;1;0;1;0,0
19770006849000;14;5;9;42,3
19770006850000;4;2;2;0,0
19770006852000;11;4;7;45,5
19770006853000;1;1;0;0,0
19770006857000;4;1;3;0,0
19770006863000;10;5;5;41,4
19770006869000;267;143;124;32,4
19770006870000;20;11;9;33,3
19770006873000;2;1;1;0,0
19770006898000;8;4;4;43,6
19770006917000;6;4;2;60,8
19780006505000;19;10;9;38,6
19780006506000;21;8;13;34,0
19780006509000;15;8;7;35,9
19780006511000;6;3;3;20,7
19780006513000;35;16;19;28,8
19780006515000;16;7;9;36,6
19780006516000;21;11;10;43,8
19780006518000;5;3;2;43,8
19780006519000;12;8;4;35,3
19780006520000;12;8;4;25,6
19780006522000;82;37;45;34,2
19780006523000;23;10;13;43,7
19780006524000;18;12;6;36,2
19780006530000;26;14;12;37,5
19780006531000;32;20;12;38,8
19780006532000;18;7;11;25,4
19780006536000;6;3;3;37,2
19780006537000;18;8;10;27,2
19780006538000;13;6;7;43,5
19780006539000;30;16;14;32,4
19780006540000;23;13;10;33,7
19780006541000;3;2;1;0,0
19780006544000;36;19;17;40,2
19780006545000;10;6;4;44,9
19780006549000;13;7;6;36,5
19780006552000;2;1;1;0,0
19780006560000;25;14;11;43,2
19780006562000;7;3;4;31,6
19780006564000;13;6;7;34,4
19780006565000;11;7;4;44,3
19780006566000;1;1;0;0,0
19780006574000;1;0;1;0,0
19780006578000;3;1;2;0,0
19780006593000;11;5;6;61,7
19780006594000;115;61;54;40,1
19780006595000;14;7;7;35,9
19780006596000;51;31;20;29,8
19780006597000;24;9;15;37,5
19780006600000;11;6;5;39,5
19780006601000;30;19;11;40,1
19780006603000;2;1;1;0,0
19780006604000;18;11;7;46,6
19780006605000;27;15;12;47,9
19780006614000;2;1;1;0,0
19780006615000;20;10;10;42,7
19780006623000;1;1;0;0,0
19780006628000;9;7;2;35,9
19780006631000;12;7;5;40,8
19780006632000;19;9;10;39,8
19780006633000;13;8;5;34,2
19780006642000;284;143;141;32,1
19780006643000;130;66;64;39,2
19780006649000;7;4;3;35,4
19780006655000;7;2;5;39,3
19780006656000;7;2;5;49,4
19780006659000;10;5;5;38,2
19780006664000;124;66;58;38,9
19780006665000;288;145;143;35,1
19780006679000;6;2;4;25,8
19780006680000;2;1;1;0,0
19780006683000;17;13;4;37,7
19780006684000;20;11;9;55,3
19780006685000;6;3;3;50,2
19780006692000;3;3;0;0,0
19780006693000;15;6;9;44,5
19780006694000;15;6;9;38,6
19780006705000;65;31;34;40,1
19780006706000;175;84;91;36,4
19780006707000;6;2;4;35,3
19780006714000;34;18;16;34,8
19780006715000;36;20;16;39,8
19780006716000;18;6;12;35,2
19780006718000;27;15;12;36,9
19780006720000;5;3;2;68,0
19780006725000;1;1;0;0,0
19780006726000;12;4;8;40,3
19780006731000;15;9;6;51,2
19780006736000;49;26;23;40,1
19780006737000;70;33;37;37,9
19780006738000;135;70;65;37,2
19780006739000;414;208;206;37,9
19780006740000;69;33;36;44,2
19780006744000;15;8;7;36,3
19780006745000;200;109;91;34,0
19780006746000;29;16;13;52,4
19780006747000;12;6;6;41,2
19780006749000;26;13;13;42,6
19780006750000;57;30;27;46,5
19780006751000;73;35;38;37,4
19780006752000;36;16;20;34,6
19780006753000;22;12;10;55,2
19780006754000;23;15;8;32,2
19780006756000;109;54;55;41,4
19780006757000;59;32;27;39,5
19780006761000;8;4;4;54,0
19780006762000;39;19;20;34,3
19780006763000;8;4;4;35,8
19780006768000;2;1;1;0,0
19780006769000;4;1;3;0,0
19780006780000;43;20;23;41,6
19780006781000;23;13;10;56,0
19780006800000;3;1;2;0,0
19780006804000;8;5;3;44,6
19780006805000;6;3;3;53,2
19780006814000;14;7;7;55,6
19780006816000;5;3;2;38,2
19780006817000;3;3;0;0,0
19780006818000;1;0;1;0,0
19780006822000;1;0;1;0,0
19780006824000;9;4;5;52,7
19780006829000;15;8;7;45,4
19780006834000;9;2;7;37,2
19780006836000;12;7;5;29,3
19780006840000;3;3;0;0,0
19780006842000;6;5;1;28,5
19780006859000;6;3;3;36,7
19780006861000;4;1;3;0,0
19780006863000;2;1;1;0,0
19780006866000;2;1;1;0,0
19780006869000;258;140;118;36,2
19780006880000;3;2;1;0,0
19780006881000;9;4;5;55,3
19780006882000;11;6;5;39,9
19780006883000;2;1;1;0,0
19780006887000;1;1;0;0,0
19780006898000;12;5;7;56,6
19780006904000;28;17;11;35,4
19780006905000;12;6;6;41,4
19780006907000;3;2;1;0,0
19780006917000;8;4;4;66,9
19790006516000;28;15;13;41,0
19790006518000;22;12;10;38,5
19790006519000;7;3;4;31,4
19790006520000;22;10;12;38,7
19790006522000;9;5;4;35,4
19790006523000;19;11;8;27,8
19790006524000;43;26;17;35,5
19790006525000;23;13;10;36,7
19790006526000;2;1;1;0,0
19790006529000;10;5;5;42,2
19790006531000;10;5;5;35,3
19790006537000;3;1;2;0,0
19790006542000;4;1;3;0,0
19790006548000;10;5;5;38,1
19790006549000;19;10;9;46,6
19790006550000;6;3;3;38,2
19790006553000;20;14;6;36,0
19790006556000;5;4;1;55,2
19790006557000;11;7;4;41,1
19790006560000;25;12;13;30,5
19790006563000;2;1;1;0,0
19790006564000;2;1;1;0,0
19790006569000;8;6;2;44,0
19790006581000;136;73;63;45,6
19790006582000;267;125;142;37,3
19790006589000;6;3;3;67,3
19790006593000;8;4;4;25,0
19790006594000;422;205;217;41,3
19790006595000;140;69;71;43,1
19790006596000;27;15;12;36,6
19790006601000;14;7;7;40,7
19790006603000;9;3;6;39,9
19790006604000;10;5;5;50,4
19790006605000;4;3;1;0,0
19790006614000;31;17;14;36,3
19790006615000;9;6;3;46,2
19790006629000;6;2;4;47,3
19790006633000;5;1;4;31,6
19790006639000;3;2;1;0,0
19790006642000;25;11;14;41,2
19790006643000;73;36;37;35,7
19790006644000;13;8;5;38,1
19790006648000;1;0;1;0,0
19790006659000;10;6;4;44,9
19790006664000;57;27;30;48,9
19790006665000;142;67;75;44,0
19790006669000;62;29;33;42,5
19790006670000;14;7;7;30,5
19790006685000;2;2;0;0,0
19790006693000;11;5;6;39,5
19790006694000;100;58;42;41,3
19790006695000;38;22;16;38,8
19790006704000;3;1;2;0,0
19790006705000;11;5;6;53,2
19790006706000;18;7;11;47,4
19790006707000;10;6;4;44,6
19790006708000;45;20;25;43,5
19790006717000;4;2;2;0,0
19790006718000;15;8;7;36,5
19790006720000;1;1;0;0,0
19790006721000;3;0;3;0,0
19790006735000;83;42;41;37,1
19790006736000;9;4;5;59,2
19790006737000;7;5;2;35,0
19790006738000;7;3;4;28,1
19790006739000;68;33;35;36,8
19790006743000;21;14;7;39,9
19790006744000;22;11;11;43,5
19790006745000;52;24;28;45,1
19790006747000;266;136;130;40,7
19790006748000;4;2;2;0,0
19790006749000;28;13;15;40,2
19790006750000;8;3;5;39,5
19790006751000;14;7;7;52,3
19790006752000;61;32;29;34,4
19790006753000;136;75;61;41,8
19790006754000;16;9;7;61,4
19790006755000;6;0;6;38,2
19790006757000;30;17;13;33,8
19790006758000;30;13;17;62,3
19790006759000;27;14;13;41,6
19790006760000;18;12;6;33,2
19790006765000;1;1;0;0,0
19790006766000;1;0;1;0,0
19790006787000;3;2;1;0,0
19790006789000;5;2;3;21,2
19790006795000;2;1;1;0,0
19790006815000;10;6;4;39,7
19790006819000;7;3;4;15,4
19790006820000;75;38;37;45,0
19790006821000;65;30;35;35,2
19790006822000;1;1;0;0,0
19790006823000;4;3;1;0,0
19790006837000;4;1;3;0,0
19790006842000;1;1;0;0,0
19790006843000;8;5;3;44,5
19790006852000;3;1;2;0,0
19790006859000;11;8;3;50,3
19790006860000;4;2;2;0,0
19790006861000;59;35;24;44,1
19790006862000;12;5;7;44,8
19790006869000;7;4;3;37,1
19790006870000;4;1;3;0,0
19790006885000;2;1;1;0,0
19790006887000;7;2;5;47,9
19790006900000;5;2;3;64,8
19790006906000;15;8;7;59,3
19790006907000;201;106;95;37,0
19790006908000;12;7;5;59,1
19790006909000;20;11;9;42,0
19790006912000;3;1;2;0,0
19790006913000;20;10;10;49,1
19800006503000;4;3;1;0,0
19800006504000;11;6;5;52,7
19800006508000;3;2;1;0,0
19800006516000;2;1;1;0,0
19800006517000;4;1;3;0,0
19800006520000;5;4;1;45,0
19800006525000;16;8;8;48,1
19800006526000;60;30;30;30,1
19800006527000;5;2;3;30,6
19800006529000;11;5;6;44,4
19800006532000;21;11;10;35,9
19800006542000;6;4;2;46,3
19800006547000;15;9;6;32,9
19800006548000;6;3;3;38,7
19800006550000;11;5;6;46,8
19800006552000;24;13;11;40,3
19800006553000;2;1;1;0,0
19800006554000;2;0;2;0,0
19800006556000;10;5;5;37,5
19800006557000;1;1;0;0,0
19800006564000;52;26;26;38,8
19800006565000;8;5;3;35,8
19800006566000;16;10;6;37,9
19800006567000;59;28;31;38,5
19800006572000;4;2;2;0,0
19800006573000;26;15;11;31,9
19800006574000;3;1;2;0,0
19800006580000;151;73;78;37,5
19800006581000;1239;641;598;32,8
19800006582000;611;299;312;40,3
19800006583000;63;29;34;38,3
19800006589000;26;14;12;39,5
19800006590000;46;24;22;34,5
19800006591000;72;34;38;42,7
19800006601000;3;1;2;0,0
19800006603000;14;6;8;46,7
19800006604000;2;1;1;0,0
19800006605000;4;2;2;0,0
19800006606000;12;6;6;46,8
19800006614000;150;77;73;42,0
19800006615000;2;1;1;0,0
19800006616000;1;1;0;0,0
19800006629000;3;3;0;0,0
19800006633000;31;18;13;44,5
19800006642000;4;2;2;0,0
19800006643000;61;31;30;29,7
19800006644000;63;45;18;34,2
19800006647000;41;27;14;38,6
19800006648000;10;5;5;35,2
19800006658000;19;9;10;47,1
19800006659000;12;5;7;37,1
19800006663000;91;40;51;31,3
19800006664000;93;44;49;48,5
19800006665000;148;66;82;44,8
19800006669000;559;275;284;36,7
19800006670000;83;45;38;44,8
19800006671000;81;42;39;43,1
19800006672000;30;18;12;38,1
19800006686000;33;17;16;45,1
19800006687000;2;2;0;0,0
19800006694000;46;21;25;34,1
19800006695000;51;21;30;34,7
19800006704000;27;15;12;45,5
19800006705000;41;18;23;35,3
19800006707000;3;2;1;0,0
19800006708000;13;7;6;47,1
19800006709000;38;18;20;49,6
19800006710000;174;88;86;40,5
19800006711000;48;24;24;22,5
19800006714000;7;3;4;29,6
19800006715000;15;10;5;39,7
19800006716000;28;15;13;33,9
19800006718000;34;20;14;26,2
19800006719000;18;11;7;31,4
19800006735000;52;25;27;40,2
19800006736000;17;8;9;36,8
19800006737000;10;5;5;53,3
19800006739000;54;27;27;45,8
19800006741000;55;27;28;36,2
19800006742000;9;3;6;44,6
19800006743000;43;20;23;38,9
19800006744000;4;2;2;0,0
19800006745000;85;40;45;40,8
19800006746000;234;121;113;31,4
19800006747000;320;159;161;34,9
19800006748000;2;1;1;0,0
19800006749000;13;7;6;57,7
19800006750000;3;1;2;0,0
19800006752000;22;12;10;34,0
19800006753000;6;3;3;23,5
19800006755000;52;27;25;46,1
19800006758000;177;83;94;33,2
19800006759000;48;28;20;42,7
19800006760000;7;3;4;43,6
19800006762000;6;4;2;61,7
19800006763000;9;5;4;29,4
19800006764000;4;3;1;0,0
19800006794000;6;4;2;45,2
19800006795000;4;2;2;0,0
19800006804000;10;4;6;23,3
19800006814000;13;4;9;36,9
19800006815000;67;51;16;45,9
19800006816000;7;4;3;43,3
19800006818000;5;2;3;27,6
19800006819000;11;7;4;31,5
19800006822000;25;13;12;46,8
19800006836000;4;2;2;0,0
19800006837000;1;1;0;0,0
19800006839000;3;3;0;0,0
19800006840000;14;8;6;49,9
19800006841000;7;2;5;26,3
19800006842000;45;27;18;37,3
19800006843000;19;8;11;39,2
19800006852000;15;9;6;41,1
19800006861000;2;1;1;0,0
19800006872000;10;4;6;31,3
19800006882000;4;2;2;0,0
19800006887000;15;9;6;55,3
19800006894000;30;16;14;57,4
19800006895000;8;4;4;57,3
19800006900000;2;2;0;0,0
19800006902000;2;1;1;0,0
19800006904000;5;3;2;43,0
19800006905000;59;32;27;42,6
19800006906000;267;126;141;36,2
19800006910000;7;4;3;40,7
19800006912000;56;31;25;43,2
19800006913000;21;11;10;32,8
19810006504000;2;1;1;0,0
19810006505000;2;1;1;0,0
19810006510000;11;5;6;45,8
19810006511000;12;6;6;34,4
19810006520000;9;5;4;53,2
19810006521000;5;3;2;44,6
19810006522000;15;9;6;40,1
19810006524000;4;2;2;0,0
19810006525000;12;6;6;44,8
19810006526000;11;7;4;27,1
19810006527000;32;19;13;42,7
19810006528000;330;169;161;34,8
19810006532000;20;10;10;42,1
19810006535000;12;6;6;23,6
19810006540000;2;1;1;0,0
19810006541000;1;1;0;0,0
19810006547000;2;1;1;0,0
19810006548000;5;3;2;66,2
19810006553000;9;4;5;37,0
19810006556000;1;1;0;0,0
19810006557000;7;4;3;26,6
19810006560000;5;4;1;24,2
19810006563000;3;1;2;0,0
19810006567000;46;25;21;32,4
19810006568000;13;10;3;34,8
19810006572000;32;16;16;47,5
19810006573000;31;19;12;53,6
19810006577000;12;5;7;30,3
19810006578000;39;22;17;35,4
19810006579000;188;94;94;36,5
19810006581000;317;160;157;34,4
19810006582000;199;106;93;33,9
19810006585000;10;5;5;31,8
19810006586000;20;9;11;42,9
19810006589000;14;8;6;36,6
19810006590000;28;13;15;32,1
19810006591000;38;23;15;29,3
19810006592000;84;42;42;40,8
19810006601000;21;12;9;37,8
19810006602000;8;3;5;38,5
19810006604000;14;7;7;59,7
19810006605000;5;3;2;35,0
19810006606000;4;2;2;0,0
19810006614000;113;56;57;46,6
19810006615000;13;4;9;49,4
19810006631000;7;3;4;42,6
19810006633000;13;6;7;36,1
19810006634000;15;8;7;58,3
19810006637000;13;6;7;41,5
19810006638000;55;33;22;35,4
19810006639000;41;23;18;31,0
19810006640000;13;5;8;47,8
19810006641000;3;1;2;0,0
19810006642000;55;30;25;34,5
19810006643000;117;56;61;40,8
19810006644000;21;11;10;32,0
19810006645000;22;14;8;44,6
19810006646000;13;6;7;55,9
19810006647000;7;4;3;43,7
19810006658000;4;2;2;0,0
19810006659000;33;19;14;44,3
19810006660000;26;12;14;50,0
19810006663000;83;44;39;33,1
19810006664000;78;39;39;43,8
19810006665000;50;25;25;42,6
19810006668000;14;7;7;50,9
19810006669000;271;135;136;35,6
19810006670000;269;129;140;26,8
19810006671000;186;96;90;37,2
19810006672000;84;47;37;45,0
19810006679000;1;0;1;0,0
19810006686000;3;1;2;0,0
19810006687000;79;35;44;37,7
19810006692000;7;3;4;34,1
19810006694000;1;0;1;0,0
19810006695000;22;9;13;39,2
19810006696000;42;18;24;52,3
19810006704000;6;3;3;72,3
19810006705000;109;55;54;37,8
19810006710000;76;41;35;38,2
19810006711000;77;39;38;39,5
19810006715000;11;6;5;51,4
19810006716000;74;47;27;29,7
19810006719000;16;6;10;44,3
19810006737000;11;5;6;41,7
19810006739000;30;16;14;40,0
19810006740000;23;14;9;28,5
19810006741000;18;8;10;44,3
19810006742000;75;38;37;36,2
19810006743000;24;14;10;32,9
19810006744000;43;23;20;44,0
19810006745000;63;37;26;33,9
19810006746000;29;16;13;27,0
19810006747000;86;45;41;40,2
19810006748000;12;8;4;36,1
19810006749000;12;6;6;46,4
19810006750000;4;2;2;0,0
19810006754000;16;9;7;48,4
19810006755000;124;54;70;39,9
19810006756000;115;63;52;37,7
19810006758000;7;5;2;29,1
19810006759000;30;17;13;55,9
19810006788000;2;1;1;0,0
19810006803000;15;8;7;38,7
19810006804000;9;5;4;44,7
19810006813000;9;4;5;54,1
19810006814000;9;4;5;47,7
19810006815000;138;68;70;39,2
19810006816000;38;18;20;44,1
19810006817000;3;2;1;0,0
19810006819000;5;4;1;51,4
19810006822000;2;1;1;0,0
19810006839000;2;1;1;0,0
19810006840000;2;2;0;0,0
19810006842000;3;1;2;0,0
19810006843000;18;8;10;40,0
19810006852000;26;15;11;43,9
19810006853000;13;6;7;45,1
19810006854000;3;1;2;0,0
19810006857000;7;4;3;59,3
19810006858000;34;20;14;46,4
19810006867000;3;2;1;0,0
19810006868000;13;6;7;33,4
19810006869000;8;4;4;26,9
19810006882000;9;5;4;49,3
19810006884000;16;5;11;37,9
19810006887000;2;1;1;0,0
19810006894000;7;3;4;41,9
19810006895000;40;20;20;47,4
19810006900000;1;1;0;0,0
19810006902000;2;1;1;0,0
19810006905000;46;23;23;46,8
19810006910000;2;1;1;0,0
19810006912000;38;16;22;30,6
19810006913000;8;4;4;21,4
19810006914000;10;3;7;36,0
19820006510000;2;2;0;0,0
19820006520000;11;6;5;42,6
19820006521000;34;21;13;35,1
19820006522000;22;12;10;23,1
19820006527000;4;2;2;0,0
19820006528000;85;38;47;40,1
19820006529000;5;2;3;23,0
19820006533000;121;57;64;42,7
19820006534000;7;6;1;54,9
19820006540000;29;15;14;31,7
19820006541000;11;5;6;28,7
19820006549000;13;7;6;28,9
19820006550000;5;3;2;30,6
19820006551000;19;12;7;48,4
19820006554000;8;5;3;39,3
19820006555000;98;52;46;33,2
19820006557000;6;3;3;30,8
19820006558000;8;5;3;34,3
19820006560000;29;15;14;31,6
19820006561000;15;8;7;34,3
19820006562000;28;14;14;32,0
19820006563000;186;91;95;39,2
19820006567000;4;2;2;0,0
19820006572000;4;3;1;0,0
19820006577000;51;25;26;36,5
19820006578000;48;23;25;37,5
19820006579000;22;10;12;49,2
19820006581000;48;25;23;34,0
19820006582000;32;16;16;36,2
19820006583000;4;3;1;0,0
19820006585000;44;23;21;43,0
19820006586000;58;29;29;35,6
19820006587000;68;38;30;45,7
19820006589000;2;1;1;0,0
19820006590000;35;20;15;34,6
19820006591000;7;4;3;31,6
19820006592000;1;1;0;0,0
19820006593000;1;1;0;0,0
19820006614000;10;5;5;41,8
19820006615000;38;22;16;36,7
19820006620000;6;3;3;38,7
19820006634000;14;5;9;26,4
19820006636000;5;3;2;41,2
19820006637000;18;8;10;38,6
19820006640000;80;46;34;33,3
19820006641000;21;9;12;40,4
19820006642000;60;34;26;40,6
19820006643000;455;224;231;39,1
19820006644000;51;30;21;38,0
19820006645000;54;25;29;38,1
19820006647000;3;1;2;0,0
19820006648000;17;9;8;42,1
19820006649000;15;10;5;43,3
19820006650000;18;12;6;38,3
19820006651000;4;3;1;0,0
19820006652000;2;1;1;0,0
19820006663000;9;4;5;39,3
19820006668000;55;30;25;36,7
19820006669000;216;116;100;36,4
19820006670000;101;49;52;33,1
19820006671000;688;358;330;41,6
19820006672000;631;308;323;38,2
19820006673000;27;12;15;42,6
19820006687000;4;2;2;0,0
19820006688000;14;8;6;49,4
19820006689000;52;30;22;57,3
19820006690000;3;2;1;0,0
19820006696000;47;22;25;34,3
19820006705000;108;57;51;37,9
19820006706000;52;24;28;40,1
19820006711000;21;8;13;29,5
19820006712000;13;6;7;38,2
19820006716000;17;9;8;33,1
19820006717000;18;11;7;57,7
19820006718000;5;3;2;30,6
19820006720000;5;2;3;69,2
19820006721000;6;4;2;44,0
19820006722000;5;3;2;51,0
19820006723000;3;1;2;0,0
19820006724000;7;4;3;27,7
19820006735000;2;1;1;0,0
19820006736000;49;26;23;41,2
19820006737000;18;11;7;47,3
19820006740000;10;5;5;33,7
19820006741000;30;14;16;41,3
19820006742000;54;26;28;39,7
19820006743000;14;7;7;35,9
19820006744000;44;24;20;32,4
19820006745000;19;11;8;38,0
19820006746000;2;1;1;0,0
19820006747000;46;25;21;33,7
19820006748000;18;10;8;35,4
19820006749000;37;19;18;40,2
19820006750000;18;7;11;49,9
19820006753000;17;10;7;29,8
19820006754000;152;82;70;43,7
19820006755000;56;28;28;42,9
19820006756000;14;6;8;35,7
19820006795000;3;1;2;0,0
19820006796000;9;7;2;32,8
19820006803000;11;6;5;54,9
19820006809000;6;5;1;38,3
19820006815000;44;27;17;30,0
19820006816000;2;1;1;0,0
19820006817000;2;1;1;0,0
19820006818000;2;2;0;0,0
19820006819000;4;3;1;0,0
19820006820000;34;16;18;40,9
19820006821000;2;1;1;0,0
19820006823000;1;1;0;0,0
19820006825000;12;7;5;39,4
19820006826000;17;7;10;36,1
19820006831000;9;7;2;41,3
19820006838000;2;2;0;0,0
19820006839000;3;1;2;0,0
19820006842000;3;2;1;0,0
19820006853000;7;3;4;40,9
19820006854000;23;12;11;42,3
19820006857000;19;9;10;55,8
19820006858000;10;4;6;57,4
19820006867000;1;0;1;0,0
19820006868000;11;7;4;35,5
19820006869000;33;17;16;39,2
19820006870000;17;12;5;39,7
19820006882000;13;6;7;44,3
19820006884000;28;15;13;60,3
19820006888000;7;3;4;43,0
19820006894000;2;1;1;0,0
19820006901000;2;1;1;0,0
19820006904000;24;12;12;31,7
19820006905000;106;50;56;41,5
19820006906000;1199;599;600;41,0
19820006907000;445;219;226;37,5
19820006913000;60;33;27;41,4
19820006914000;40;22;18;36,9
19820006915000;66;33;33;33,2
19830006502000;4;2;2;0,0
19830006503000;1;1;0;0,0
19830006504000;3;2;1;0,0
19830006513000;7;4;3;29,4
19830006514000;2;1;1;0,0
19830006516000;2;1;1;0,0
19830006521000;109;54;55;36,1
19830006524000;1;1;0;0,0
19830006525000;2;1;1;0,0
19830006528000;29;11;18;30,4
19830006529000;12;8;4;37,3
19830006530000;50;20;30;42,4
19830006531000;16;10;6;33,6
19830006533000;230;110;120;43,9
19830006534000;256;134;122;32,0
19830006535000;3;2;1;0,0
19830006536000;14;7;7;50,5
19830006541000;19;12;7;54,3
19830006551000;13;8;5;39,5
19830006554000;1;1;0;0,0
19830006555000;498;258;240;35,0
19830006562000;6;4;2;17,7
19830006563000;239;125;114;35,2
19830006570000;21;12;9;33,7
19830006571000;6;3;3;42,7
19830006572000;11;8;3;39,5
19830006577000;203;105;98;38,4
19830006578000;34;18;16;34,7
19830006579000;2;1;1;0,0
19830006581000;21;10;11;34,1
19830006584000;9;4;5;31,2
19830006585000;2;2;0;0,0
19830006586000;9;5;4;31,2
19830006587000;90;55;35;37,6
19830006588000;2;1;1;0,0
19830006593000;7;5;2;64,6
19830006594000;1;1;0;0,0
19830006597000;11;6;5;38,7
19830006598000;27;13;14;32,6
19830006601000;11;4;7;36,5
19830006602000;13;8;5;30,2
19830006615000;18;8;10;36,8
19830006616000;8;4;4;65,1
19830006617000;2;1;1;0,0
19830006636000;136;68;68;37,0
19830006637000;15;9;6;44,5
19830006639000;2;1;1;0,0
19830006643000;423;206;217;38,9
19830006644000;77;50;27;29,1
19830006652000;45;28;17;39,4
19830006658000;1;1;0;0,0
19830006660000;19;8;11;42,8
19830006661000;15;7;8;45,4
19830006663000;36;21;15;29,2
19830006664000;66;33;33;36,8
19830006668000;102;53;49;38,1
19830006669000;207;111;96;34,6
19830006670000;134;72;62;35,9
19830006671000;115;46;69;35,4
19830006672000;444;206;238;42,2
19830006673000;3;1;2;0,0
19830006690000;4;3;1;0,0
19830006692000;2;1;1;0,0
19830006693000;8;5;3;32,6
19830006696000;4;3;1;0,0
19830006705000;66;30;36;39,9
19830006706000;40;22;18;43,5
19830006717000;16;5;11;33,6
19830006718000;7;4;3;43,7
19830006722000;2;1;1;0,0
19830006723000;51;28;23;32,5
19830006724000;16;8;8;47,1
19830006725000;19;10;9;45,2
19830006735000;7;4;3;39,6
19830006736000;66;31;35;35,7
19830006737000;1;1;0;0,0
19830006743000;4;2;2;0,0
19830006747000;19;13;6;38,4
19830006748000;7;3;4;31,0
19830006749000;25;13;12;49,2
19830006750000;4;1;3;0,0
19830006752000;8;4;4;32,4
19830006753000;15;10;5;27,5
19830006754000;17;9;8;51,4
19830006755000;44;24;20;34,5
19830006756000;1;1;0;0,0
19830006787000;8;3;5;45,4
19830006788000;6;5;1;48,2
19830006790000;5;3;2;43,4
19830006800000;16;8;8;39,3
19830006809000;7;3;4;47,6
19830006810000;5;3;2;26,4
19830006815000;7;3;4;45,7
19830006816000;6;3;3;64,5
19830006818000;5;4;1;47,6
19830006820000;1;0;1;0,0
19830006821000;4;2;2;0,0
19830006822000;5;1;4;60,0
19830006825000;6;2;4;28,8
19830006826000;8;5;3;31,8
19830006827000;1;1;0;0,0
19830006828000;1;1;0;0,0
19830006829000;2;1;1;0,0
19830006831000;4;2;2;0,0
19830006833000;7;3;4;29,4
19830006836000;2;2;0;0,0
19830006837000;34;12;22;21,7
19830006838000;32;21;11;45,9
19830006853000;3;2;1;0,0
19830006856000;8;4;4;27,5
19830006858000;18;9;9;34,7
19830006866000;12;6;6;43,6
19830006868000;4;3;1;0,0
19830006869000;15;6;9;26,3
19830006882000;9;4;5;26,1
19830006883000;31;16;15;43,0
19830006884000;15;9;6;35,3
19830006887000;7;6;1;46,4
19830006895000;2;1;1;0,0
19830006900000;1;0;1;0,0
19830006901000;1;1;0;0,0
19830006904000;85;37;48;36,8
19830006905000;425;218;207;40,3
19830006906000;27;23;4;39,3
19830006907000;312;164;148;44,6
19830006908000;1;1;0;0,0
19830006912000;11;7;4;39,1
19830006914000;23;12;11;35,6
19830006915000;60;39;21;42,2
19840006501000;14;8;6;42,4
19840006509000;2;1;1;0,0
19840006512000;2;1;1;0,0
19840006518000;2;1;1;0,0
19840006519000;5;3;2;25,2
19840006521000;74;43;31;41,7
19840006522000;36;17;19;31,4
19840006523000;13;8;5;37,0
19840006531000;2;1;1;0,0
19840006533000;20;12;8;37,9
19840006534000;339;177;162;28,4
19840006536000;18;10;8;38,9
19840006537000;3;1;2;0,0
19840006541000;2;1;1;0,0
19840006549000;8;3;5;24,4
19840006550000;12;7;5;34,3
19840006555000;278;146;132;32,9
19840006556000;38;18;20;34,4
19840006562000;22;11;11;41,6
19840006563000;1;1;0;0,0
19840006567000;38;21;17;28,1
19840006568000;44;22;22;38,9
19840006570000;2;1;1;0,0
19840006571000;3;3;0;0,0
19840006572000;2;1;1;0,0
19840006577000;293;143;150;38,3
19840006578000;2;1;1;0,0
19840006579000;7;3;4;50,3
19840006580000;4;3;1;0,0
19840006581000;1;0;1;0,0
19840006582000;18;8;10;31,6
19840006583000;40;22;18;31,2
19840006584000;38;23;15;28,1
19840006585000;5;3;2;39,6
19840006587000;8;5;3;57,8
19840006588000;23;13;10;49,3
19840006593000;12;5;7;48,4
19840006595000;4;1;3;0,0
19840006596000;24;15;9;36,5
19840006597000;33;15;18;39,6
19840006598000;14;8;6;34,6
19840006600000;6;3;3;27,3
19840006601000;20;12;8;42,2
19840006602000;11;6;5;46,0
19840006603000;5;2;3;39,4
19840006604000;3;2;1;0,0
19840006630000;3;2;1;0,0
19840006633000;13;7;6;44,5
19840006634000;179;91;88;32,1
19840006635000;183;94;89;45,1
19840006636000;140;70;70;45,1
19840006637000;48;27;21;43,9
19840006639000;5;2;3;37,8
19840006642000;21;11;10;40,1
19840006643000;93;44;49;34,3
19840006648000;10;6;4;34,0
19840006653000;12;6;6;30,8
19840006654000;5;2;3;64,2
19840006662000;43;22;21;36,0
19840006663000;163;85;78;46,1
19840006667000;13;5;8;43,2
19840006668000;347;173;174;37,5
19840006669000;13;5;8;31,0
19840006671000;17;10;7;59,4
19840006672000;18;9;9;42,2
19840006673000;14;7;7;59,6
19840006674000;43;24;19;44,1
19840006675000;14;6;8;62,4
19840006676000;32;17;15;38,4
19840006688000;16;7;9;58,6
19840006689000;4;2;2;0,0
19840006690000;14;6;8;41,9
19840006691000;7;2;5;47,6
19840006693000;2;1;1;0,0
19840006705000;2;2;0;0,0
19840006706000;8;4;4;52,9
19840006707000;5;3;2;65,6
19840006708000;2;1;1;0,0
19840006713000;4;2;2;0,0
19840006717000;1;1;0;0,0
19840006718000;38;22;16;40,1
19840006719000;11;7;4;59,5
19840006720000;26;13;13;35,6
19840006721000;16;7;9;36,9
19840006725000;6;2;4;37,2
19840006726000;42;20;22;41,5
19840006728000;17;5;12;31,1
19840006735000;17;10;7;32,0
19840006737000;13;6;7;32,2
19840006738000;39;20;19;49,8
19840006747000;7;3;4;39,3
19840006752000;9;5;4;42,6
19840006753000;6;4;2;64,3
19840006756000;9;5;4;62,3
19840006757000;8;4;4;37,4
19840006758000;6;3;3;50,0
19840006759000;7;4;3;45,0
19840006767000;1;1;0;0,0
19840006787000;20;11;9;42,8
19840006788000;23;7;16;41,1
19840006790000;12;5;7;56,4
19840006800000;3;2;1;0,0
19840006801000;37;14;23;53,9
19840006803000;8;4;4;44,3
19840006818000;15;7;8;39,2
19840006819000;35;21;14;36,7
19840006820000;44;28;16;39,6
19840006821000;32;16;16;44,6
19840006822000;35;17;18;43,3
19840006823000;3;1;2;0,0
19840006826000;7;5;2;34,0
19840006829000;5;2;3;67,4
19840006830000;3;2;1;0,0
19840006831000;4;2;2;0,0
19840006832000;6;4;2;49,0
19840006834000;22;11;11;49,2
19840006835000;15;9;6;33,1
19840006836000;24;13;11;38,5
19840006837000;156;67;89;22,9
19840006838000;28;14;14;42,9
19840006849000;10;3;7;52,2
19840006856000;14;8;6;46,7
19840006857000;12;6;6;33,8
19840006858000;23;14;9;41,7
19840006861000;2;2;0;0,0
19840006865000;11;7;4;41,4
19840006867000;4;2;2;0,0
19840006868000;3;1;2;0,0
19840006872000;9;3;6;38,8
19840006882000;1;0;1;0,0
19840006883000;13;8;5;50,3
19840006886000;3;2;1;0,0
19840006898000;2;1;1;0,0
19840006900000;1;0;1;0,0
19840006902000;4;2;2;0,0
19840006903000;4;2;2;0,0
19840006904000;379;194;185;38,7
19840006905000;107;54;53;36,3
19840006906000;3;2;1;0,0
19840006907000;10;6;4;64,1
19840006908000;17;10;7;44,1
19840006910000;111;60;51;41,4
19840006911000;363;189;174;43,0
19840006912000;114;58;56;35,8
19840006914000;15;7;8;50,3
19840006915000;8;5;3;34,0
19850006499000;8;4;4;45,5
19850006500000;45;24;21;44,0
19850006502000;3;2;1;0,0
19850006505000;2;1;1;0,0
19850006511000;5;3;2;43,2
19850006512000;3;2;1;0,0
19850006519000;3;1;2;0,0
19850006521000;11;5;6;25,7
19850006522000;98;58;40;42,6
19850006528000;2;1;1;0,0
19850006534000;39;22;17;40,4
19850006537000;1;1;0;0,0
19850006550000;8;4;4;39,8
19850006556000;14;8;6;36,6
19850006562000;18;9;9;39,8
19850006566000;2;2;0;0,0
19850006567000;6;2;4;54,3
19850006571000;8;2;6;28,1
19850006574000;2;1;1;0,0
19850006577000;653;319;334;37,2
19850006578000;220;118;102;28,9
19850006581000;21;12;9;40,5
19850006582000;37;20;17;47,3
19850006583000;4;2;2;0,0
19850006584000;33;17;16;38,5
19850006585000;62;27;35;37,1
19850006586000;31;15;16;38,2
19850006587000;115;62;53;38,6
19850006588000;12;7;5;43,3
19850006596000;17;8;9;38,2
19850006600000;2;1;1;0,0
19850006604000;7;3;4;68,0
19850006605000;12;6;6;46,1
19850006606000;16;10;6;45,9
19850006620000;10;4;6;38,3
19850006621000;2;1;1;0,0
19850006622000;3;2;1;0,0
19850006623000;2;1;1;0,0
19850006629000;31;14;17;27,4
19850006630000;96;37;59;41,5
19850006631000;2;1;1;0,0
19850006635000;9;4;5;27,4
19850006636000;20;7;13;31,7
19850006637000;5;3;2;51,6
19850006638000;16;8;8;46,7
19850006639000;19;10;9;35,4
19850006643000;19;13;6;49,3
19850006644000;30;14;16;38,7
19850006647000;28;17;11;39,6
19850006649000;6;2;4;41,8
19850006653000;9;4;5;51,7
19850006654000;11;4;7;49,4
19850006662000;22;10;12;38,2
19850006664000;45;24;21;36,9
19850006665000;127;63;64;42,1
19850006666000;30;15;15;50,4
19850006667000;49;24;25;38,0
19850006668000;10;5;5;22,8
19850006677000;45;21;24;40,6
19850006678000;6;3;3;56,7
19850006687000;10;5;5;26,1
19850006688000;13;7;6;28,5
19850006692000;1;1;0;0,0
19850006698000;3;2;1;0,0
19850006699000;7;3;4;43,6
19850006709000;7;4;3;44,9
19850006712000;25;12;13;35,5
19850006713000;48;26;22;48,6
19850006715000;21;13;8;49,0
19850006718000;41;22;19;32,8
19850006719000;50;27;23;39,9
19850006720000;38;15;23;45,5
19850006721000;40;21;19;36,8
19850006722000;8;6;2;30,8
19850006725000;38;21;17;47,6
19850006728000;4;2;2;0,0
19850006729000;26;11;15;34,2
19850006730000;26;14;12;40,8
19850006733000;4;2;2;0,0
19850006734000;3;1;2;0,0
19850006735000;147;72;75;40,7
19850006736000;48;28;20;41,0
19850006738000;17;10;7;37,8
19850006739000;4;3;1;0,0
19850006757000;90;49;41;41,5
19850006766000;4;3;1;0,0
19850006768000;2;1;1;0,0
19850006781000;6;4;2;49,3
19850006782000;2;0;2;0,0
19850006783000;16;8;8;41,0
19850006784000;3;2;1;0,0
19850006790000;16;10;6;42,4
19850006801000;19;12;7;42,1
19850006802000;60;33;27;34,5
19850006803000;60;32;28;37,0
19850006809000;8;3;5;39,9
19850006817000;1;1;0;0,0
19850006818000;6;3;3;38,3
19850006819000;13;6;7;31,5
19850006828000;2;1;1;0,0
19850006829000;1;0;1;0,0
19850006830000;3;1;2;0,0
19850006835000;5;3;2;48,4
19850006836000;104;57;47;39,4
19850006837000;5;3;2;67,0
19850006840000;3;3;0;0,0
19850006849000;1;1;0;0,0
19850006851000;2;1;1;0,0
19850006852000;6;2;4;34,8
19850006856000;36;22;14;47,0
19850006858000;1;1;0;0,0
19850006861000;29;12;17;46,3
19850006864000;15;8;7;40,3
19850006865000;36;20;16;31,4
19850006886000;10;7;3;35,1
19850006899000;1;1;0;0,0
19850006900000;1;1;0;0,0
19850006903000;63;33;30;27,3
19850006904000;73;32;41;40,4
19850006908000;11;5;6;32,5
19850006909000;11;5;6;49,8
19850006910000;32;17;15;45,3
19850006911000;67;35;32;38,2
19850006912000;35;19;16;34,3
19850006913000;61;32;29;41,0
19850006914000;35;18;17;45,6
19860006504000;1;1;0;0,0
19860006519000;3;1;2;0,0
19860006520000;13;6;7;45,4
19860006521000;29;13;16;31,0
19860006522000;45;26;19;36,4
19860006523000;6;4;2;34,5
19860006529000;8;4;4;28,6
19860006538000;16;9;7;30,1
19860006563000;4;2;2;0,0
19860006564000;11;4;7;33,6
19860006565000;6;4;2;44,2
19860006566000;7;4;3;29,1
19860006574000;3;1;2;0,0
19860006575000;87;43;44;38,5
19860006576000;640;319;321;46,5
19860006577000;1471;718;753;36,8
19860006578000;837;435;402;30,1
19860006581000;1;0;1;0,0
19860006582000;77;34;43;38,9
19860006583000;28;17;11;37,4
19860006584000;21;12;9;38,0
19860006586000;39;18;21;38,7
19860006587000;68;33;35;36,8
19860006589000;5;1;4;14,8
19860006590000;4;1;3;0,0
19860006595000;3;2;1;0,0
19860006601000;7;4;3;50,6
19860006605000;23;14;9;43,7
19860006606000;1;1;0;0,0
19860006607000;5;3;2;68,4
19860006612000;1;1;0;0,0
19860006614000;1;0;1;0,0
19860006615000;26;9;17;42,8
19860006616000;22;13;9;39,6
19860006628000;34;13;21;32,5
19860006629000;16;9;7;24,6
19860006630000;252;141;111;41,1
19860006631000;69;34;35;40,1
19860006632000;11;6;5;26,5
19860006636000;16;7;9;32,6
19860006643000;13;8;5;42,6
19860006644000;21;11;10;40,9
19860006646000;58;31;27;34,2
19860006647000;12;7;5;47,5
19860006654000;5;3;2;29,4
19860006661000;1;1;0;0,0
19860006664000;116;58;58;39,1
19860006665000;100;51;49;34,2
19860006666000;17;11;6;42,1
19860006677000;44;28;16;34,0
19860006678000;426;223;203;35,7
19860006679000;10;5;5;21,5
19860006686000;18;12;6;44,5
19860006687000;23;13;10;48,7
19860006688000;10;5;5;32,4
19860006693000;1;0;1;0,0
19860006695000;5;3;2;64,2
19860006697000;29;16;13;51,2
19860006698000;25;10;15;56,8
19860006699000;23;10;13;43,2
19860006700000;4;2;2;0,0
19860006703000;2;1;1;0,0
19860006704000;61;32;29;57,4
19860006705000;1;1;0;0,0
19860006706000;24;14;10;46,8
19860006713000;11;4;7;28,7
19860006714000;6;3;3;34,0
19860006719000;7;2;5;36,3
19860006720000;4;2;2;0,0
19860006724000;1;0;1;0,0
19860006726000;4;1;3;0,0
19860006728000;9;6;3;60,8
19860006729000;1;1;0;0,0
19860006730000;8;5;3;58,1
19860006731000;9;5;4;50,2
19860006735000;5;4;1;55,2
19860006736000;5;2;3;40,4
19860006738000;5;2;3;42,6
19860006740000;23;13;10;49,1
19860006741000;1;0;1;0,0
19860006745000;2;1;1;0,0
19860006746000;6;4;2;50,2
19860006748000;7;4;3;39,1
19860006756000;8;4;4;56,0
19860006757000;31;17;14;52,9
19860006766000;21;10;11;51,1
19860006781000;8;5;3;28,4
19860006784000;12;5;7;67,5
19860006785000;2;1;1;0,0
19860006788000;45;23;22;23,8
19860006789000;7;3;4;72,7
19860006792000;2;1;1;0,0
19860006793000;6;4;2;59,8
19860006798000;10;4;6;42,4
19860006801000;1;1;0;0,0
19860006803000;25;14;11;35,0
19860006809000;7;3;4;42,7
19860006816000;4;2;2;0,0
19860006817000;2;2;0;0,0
19860006828000;6;3;3;67,3
19860006840000;106;53;53;36,9
19860006841000;9;5;4;35,9
19860006850000;4;2;2;0,0
19860006853000;4;3;1;0,0
19860006861000;1;1;0;0,0
19860006864000;17;12;5;46,1
19860006865000;3;2;1;0,0
19860006869000;2;1;1;0,0
19860006886000;147;69;78;38,5
19860006891000;1;1;0;0,0
19860006898000;10;6;4;66,0
19860006902000;12;8;4;35,8
19860006903000;16;10;6;23,3
19860006911000;7;4;3;41,9
19860006931000;32;16;16;43,4
19860006932000;8;3;5;23,6
19870006499000;12;6;6;37,4
19870006502000;3;1;2;0,0
19870006519000;2;1;1;0,0
19870006520000;22;13;9;47,9
19870006521000;8;4;4;45,9
19870006522000;4;2;2;0,0
19870006523000;3;2;1;0,0
19870006524000;2;2;0;0,0
19870006528000;9;5;4;34,7
19870006533000;4;3;1;0,0
19870006535000;4;2;2;0,0
19870006536000;16;8;8;35,6
19870006537000;12;6;6;40,2
19870006562000;6;2;4;46,7
19870006563000;109;61;48;48,3
19870006565000;14;6;8;35,9
19870006574000;51;25;26;32,1
19870006575000;176;93;83;33,6
19870006576000;328;168;160;35,3
19870006577000;1319;668;651;35,4
19870006578000;283;140;143;31,6
19870006582000;40;21;19;35,2
19870006583000;36;20;16;36,3
19870006584000;13;7;6;51,6
19870006587000;7;3;4;26,4
19870006589000;18;8;10;29,1
19870006595000;9;5;4;26,6
19870006597000;8;5;3;49,1
19870006598000;4;3;1;0,0
19870006606000;4;1;3;0,0
19870006612000;17;10;7;50,1
19870006614000;38;18;20;39,8
19870006628000;7;4;3;47,3
19870006629000;6;3;3;63,3
19870006631000;19;10;9;41,6
19870006632000;44;22;22;28,4
19870006646000;128;64;64;39,8
19870006647000;2;1;1;0,0
19870006649000;6;4;2;53,3
19870006654000;9;5;4;37,1
19870006655000;8;5;3;38,4
19870006656000;61;31;30;41,6
19870006678000;42;20;22;41,7
19870006679000;15;7;8;31,7
19870006686000;34;12;22;45,0
19870006687000;18;8;10;43,2
19870006693000;2;1;1;0,0
19870006694000;1;1;0;0,0
19870006701000;3;2;1;0,0
19870006702000;11;5;6;55,7
19870006703000;102;52;50;40,7
19870006704000;25;14;11;45,8
19870006706000;5;2;3;21,6
19870006707000;5;2;3;57,2
19870006708000;42;20;22;27,9
19870006713000;20;12;8;44,4
19870006714000;111;50;61;38,8
19870006715000;81;44;37;37,4
19870006720000;6;3;3;40,0
19870006724000;7;5;2;32,1
19870006726000;20;11;9;49,0
19870006727000;13;8;5;47,3
19870006728000;25;11;14;46,3
19870006729000;21;10;11;45,0
19870006731000;36;19;17;44,9
19870006732000;21;12;9;35,3
19870006739000;28;14;14;43,3
19870006740000;53;26;27;41,6
19870006744000;2;2;0;0,0
19870006745000;5;3;2;67,2
19870006759000;2;1;1;0,0
19870006760000;8;4;4;53,9
19870006762000;2;1;1;0,0
19870006765000;5;4;1;40,6
19870006766000;7;6;1;69,3
19870006781000;7;4;3;42,1
19870006785000;2;1;1;0,0
19870006786000;1;0;1;0,0
19870006788000;12;6;6;66,6
19870006789000;77;45;32;45,2
19870006790000;14;6;8;30,2
19870006801000;15;7;8;51,6
19870006802000;16;7;9;44,7
19870006803000;27;15;12;29,0
19870006810000;14;7;7;52,1
19870006814000;7;3;4;28,3
19870006816000;30;15;15;53,5
19870006817000;2;1;1;0,0
19870006825000;2;2;0;0,0
19870006826000;22;9;13;47,5
19870006829000;2;1;1;0,0
19870006836000;4;1;3;0,0
19870006837000;5;3;2;49,8
19870006838000;8;5;3;50,0
19870006839000;51;21;30;47,3
19870006840000;335;166;169;39,6
19870006841000;262;124;138;38,4
19870006852000;14;7;7;41,0
19870006853000;20;9;11;31,4
19870006855000;9;5;4;49,7
19870006861000;11;6;5;39,2
19870006862000;2;1;1;0,0
19870006863000;5;3;2;68,8
19870006864000;2;1;1;0,0
19870006869000;7;3;4;29,1
19870006886000;320;167;153;42,1
19870006898000;2;1;1;0,0
19870006899000;2;1;1;0,0
19870006902000;2;1;1;0,0
19870006903000;10;7;3;40,3
19870006907000;4;3;1;0,0
19870006911000;40;21;19;51,7
19870006914000;2;1;1;0,0
19870006931000;39;20;19;30,9
19880006499000;41;21;20;45,9
19880006500000;6;4;2;40,3
19880006503000;3;1;2;0,0
19880006504000;2;1;1;0,0
19880006508000;2;1;1;0,0
19880006519000;8;5;3;35,8
19880006520000;3;2;1;0,0
19880006522000;14;6;8;46,7
19880006523000;19;10;9;41,8
19880006524000;9;6;3;27,9
19880006534000;10;5;5;36,2
19880006535000;19;7;12;34,8
19880006536000;19;11;8;27,3
19880006537000;7;4;3;43,1
19880006539000;21;8;13;49,8
19880006556000;2;1;1;0,0
19880006562000;23;13;10;43,9
19880006563000;287;145;142;35,0
19880006564000;85;42;43;42,8
19880006566000;3;2;1;0,0
19880006567000;11;5;6;30,5
19880006572000;3;2;1;0,0
19880006573000;34;17;17;35,8
19880006574000;51;27;24;45,0
19880006576000;2;1;1;0,0
19880006582000;11;3;8;22,8
19880006587000;4;3;1;0,0
19880006590000;16;10;6;39,6
19880006591000;25;13;12;26,5
19880006592000;41;18;23;32,5
19880006596000;7;4;3;37,0
19880006597000;14;7;7;36,0
19880006598000;3;1;2;0,0
19880006601000;11;8;3;36,6
19880006604000;7;3;4;48,6
19880006605000;1;1;0;0,0
19880006606000;9;5;4;58,8
19880006607000;2;2;0;0,0
19880006612000;1;1;0;0,0
19880006624000;1;1;0;0,0
19880006632000;20;11;9;42,6
19880006633000;40;20;20;34,7
19880006646000;88;54;34;39,0
19880006647000;41;23;18;35,7
19880006648000;7;4;3;52,4
19880006649000;1;0;1;0,0
19880006650000;34;16;18;33,8
19880006656000;55;34;21;38,0
19880006661000;33;19;14;40,0
19880006678000;16;9;7;44,3
19880006679000;31;14;17;44,0
19880006687000;14;6;8;42,7
19880006688000;176;91;85;41,6
19880006689000;4;1;3;0,0
19880006692000;8;2;6;20,6
19880006693000;13;6;7;56,0
19880006694000;3;1;2;0,0
19880006700000;1;1;0;0,0
19880006701000;2;1;1;0,0
19880006702000;2;1;1;0,0
19880006703000;4;2;2;0,0
19880006706000;2;1;1;0,0
19880006707000;29;15;14;47,8
19880006708000;48;26;22;49,0
19880006713000;32;17;15;41,8
19880006714000;246;115;131;44,1
19880006715000;140;73;67;35,8
19880006728000;2;1;1;0,0
19880006729000;10;5;5;38,1
19880006731000;46;22;24;49,7
19880006738000;42;24;18;39,9
19880006741000;70;40;30;38,5
19880006743000;2;1;1;0,0
19880006748000;1;1;0;0,0
19880006749000;2;2;0;0,0
19880006761000;4;1;3;0,0
19880006766000;12;4;8;41,8
19880006780000;6;3;3;36,5
19880006785000;6;3;3;79,7
19880006786000;4;1;3;0,0
19880006791000;12;5;7;48,9
19880006805000;5;3;2;30,2
19880006806000;4;2;2;0,0
19880006811000;7;4;3;48,1
19880006812000;13;6;7;42,9
19880006815000;4;1;3;0,0
19880006816000;15;5;10;30,3
19880006817000;2;1;1;0,0
19880006827000;2;0;2;0,0
19880006830000;5;4;1;38,4
19880006836000;5;3;2;38,2
19880006837000;16;7;9;42,7
19880006838000;103;58;45;39,1
19880006839000;54;27;27;36,1
19880006840000;176;85;91;38,7
19880006841000;168;76;92;49,0
19880006851000;17;9;8;23,8
19880006852000;12;8;4;42,9
19880006855000;22;14;8;26,0
19880006856000;9;5;4;51,2
19880006864000;1;0;1;0,0
19880006865000;9;7;2;47,7
19880006866000;6;2;4;42,8
19880006867000;1;1;0;0,0
19880006869000;10;5;5;47,8
19880006871000;1;1;0;0,0
19880006886000;269;133;136;43,7
19880006887000;350;181;169;38,0
19880006898000;11;7;4;53,1
19880006902000;31;16;15;47,8
19880006903000;78;40;38;37,1
19880006905000;9;5;4;42,3
19880006909000;19;10;9;41,1
19880006910000;25;12;13;54,6
19880006914000;14;7;7;61,6
19880006924000;3;1;2;0,0
19880006926000;15;7;8;57,9
19880006927000;7;4;3;45,7
19880006931000;14;8;6;50,4
19890006498000;14;7;7;46,1
19890006499000;96;51;45;43,3
19890006500000;23;13;10;37,2
19890006502000;6;3;3;39,7
19890006503000;7;3;4;44,1
19890006522000;16;8;8;41,6
19890006523000;8;4;4;28,1
19890006524000;17;10;7;39,6
19890006525000;8;4;4;37,3
19890006542000;9;5;4;44,8
19890006559000;16;11;5;41,6
19890006560000;18;7;11;35,8
19890006562000;3;1;2;0,0
19890006563000;8;3;5;40,9
19890006566000;6;2;4;66,0
19890006567000;3;2;1;0,0
19890006568000;2;1;1;0,0
19890006572000;2;2;0;0,0
19890006573000;7;4;3;38,1
19890006587000;6;4;2;28,0
19890006588000;32;14;18;45,3
19890006591000;4;1;3;0,0
19890006592000;11;8;3;35,6
19890006593000;52;26;26;36,1
19890006594000;16;11;5;41,1
19890006596000;12;5;7;52,4
19890006597000;13;6;7;35,6
19890006598000;7;5;2;33,4
19890006601000;6;4;2;24,8
19890006604000;5;2;3;32,2
19890006605000;2;2;0;0,0
19890006616000;6;4;2;46,0
19890006617000;8;5;3;48,1
19890006618000;1;1;0;0,0
19890006628000;18;7;11;18,0
19890006629000;26;12;14;38,3
19890006632000;5;3;2;56,8
19890006633000;39;20;19;39,5
19890006634000;51;27;24;34,4
19890006635000;18;7;11;28,2
19890006646000;18;10;8;45,4
19890006647000;8;6;2;33,9
19890006648000;246;121;125;41,8
19890006650000;34;21;13;37,1
19890006656000;19;10;9;45,2
19890006657000;1;0;1;0,0
19890006661000;9;4;5;47,9
19890006662000;8;5;3;43,1
19890006678000;95;44;51;45,7
19890006679000;2;1;1;0,0
19890006681000;5;4;1;38,2
19890006688000;23;12;11;51,2
19890006693000;3;1;2;0,0
19890006696000;1;1;0;0,0
19890006697000;16;8;8;35,1
19890006706000;11;7;4;43,6
19890006707000;4;2;2;0,0
19890006708000;51;27;24;56,6
19890006709000;2;1;1;0,0
19890006713000;4;3;1;0,0
19890006714000;147;75;72;33,2
19890006728000;23;11;12;45,1
19890006731000;24;12;12;39,9
19890006732000;86;47;39;39,5
19890006737000;5;3;2;14,6
19890006738000;1;1;0;0,0
19890006740000;23;12;11;45,5
19890006741000;92;48;44;41,0
19890006765000;1;1;0;0,0
19890006767000;4;2;2;0,0
19890006772000;2;1;1;0,0
19890006781000;3;2;1;0,0
19890006785000;98;46;52;36,8
19890006805000;7;4;3;38,7
19890006806000;28;13;15;33,9
19890006811000;121;49;72;47,4
19890006815000;25;15;10;43,8
19890006817000;5;2;3;35,8
19890006820000;2;1;1;0,0
19890006836000;13;8;5;33,6
19890006838000;11;6;5;49,0
19890006839000;7;3;4;37,7
19890006842000;4;2;2;0,0
19890006850000;4;3;1;0,0
19890006851000;3;2;1;0,0
19890006852000;6;2;4;34,2
19890006855000;33;17;16;44,1
19890006864000;6;2;4;60,8
19890006865000;3;2;1;0,0
19890006868000;19;9;10;45,9
19890006869000;1;1;0;0,0
19890006872000;5;3;2;34,0
19890006886000;155;77;78;39,3
19890006892000;2;1;1;0,0
19890006898000;2;1;1;0,0
19890006909000;223;95;128;40,2
19890006910000;51;23;28;41,4
19890006925000;2;1;1;0,0
19890006926000;5;1;4;63,4
19890006930000;7;4;3;34,3
19890006931000;20;15;5;32,4
19890006932000;9;3;6;48,6
19890006933000;37;18;19;44,4
19900006497000;122;63;59;39,2
19900006498000;161;83;78;34,7
19900006499000;516;257;259;37,8
19900006500000;542;285;257;35,2
19900006502000;35;21;14;39,4
19900006503000;5;2;3;17,4
19900006505000;24;13;11;28,8
19900006506000;17;7;10;50,0
19900006507000;2;0;2;0,0
19900006513000;6;4;2;39,2
19900006514000;11;5;6;43,3
19900006515000;12;6;6;26,8
19900006517000;7;6;1;48,7
19900006519000;5;2;3;57,6
19900006521000;1;0;1;0,0
19900006522000;2;1;1;0,0
19900006523000;13;8;5;36,7
19900006524000;4;3;1;0,0
19900006525000;9;5;4;33,7
19900006539000;20;11;9;42,5
19900006542000;8;4;4;55,1
19900006557000;10;3;7;45,1
19900006558000;75;36;39;37,0
19900006562000;37;23;14;25,1
19900006567000;5;2;3;43,0
19900006578000;12;7;5;44,3
19900006579000;7;4;3;40,7
19900006588000;20;14;6;42,7
19900006590000;14;6;8;28,1
19900006593000;132;70;62;35,3
19900006594000;51;32;19;34,2
19900006595000;1;0;1;0,0
19900006596000;10;4;6;26,1
19900006597000;5;2;3;54,2
19900006598000;4;3;1;0,0
19900006599000;6;4;2;37,8
19900006601000;7;3;4;40,6
19900006602000;3;1;2;0,0
19900006606000;5;4;1;28,6
19900006611000;19;10;9;44,7
19900006612000;97;49;48;53,7
19900006617000;2;1;1;0,0
19900006618000;9;5;4;39,6
19900006619000;9;4;5;41,2
19900006620000;1;1;0;0,0
19900006621000;6;2;4;22,0
19900006627000;16;6;10;33,2
19900006628000;36;17;19;38,3
19900006629000;29;19;10;42,8
19900006630000;12;6;6;31,5
19900006633000;14;7;7;41,4
19900006634000;19;9;10;45,0
19900006635000;6;3;3;30,7
19900006648000;197;82;115;46,7
19900006649000;206;98;108;44,1
19900006650000;36;18;18;38,7
19900006656000;283;141;142;40,1
19900006657000;4;2;2;0,0
19900006662000;58;25;33;43,9
19900006663000;29;14;15;34,1
19900006678000;123;69;54;38,7
19900006679000;353;172;181;40,0
19900006685000;4;2;2;0,0
19900006687000;14;7;7;36,5
19900006688000;3;2;1;0,0
19900006689000;14;8;6;31,9
19900006693000;2;1;1;0,0
19900006708000;22;11;11;48,1
19900006713000;1;1;0;0,0
19900006714000;19;8;11;32,2
19900006728000;28;16;12;35,4
19900006731000;75;37;38;37,7
19900006732000;212;115;97;40,7
19900006733000;65;39;26;36,7
19900006737000;27;14;13;49,2
19900006740000;13;7;6;46,1
19900006764000;2;1;1;0,0
19900006767000;3;1;2;0,0
19900006768000;41;18;23;44,0
19900006769000;14;7;7;42,0
19900006770000;2;2;0;0,0
19900006771000;5;2;3;40,0
19900006774000;1;1;0;0,0
19900006775000;2;1;1;0,0
19900006785000;24;12;12;36,8
19900006806000;1;0;1;0,0
19900006811000;43;23;20;45,8
19900006817000;15;7;8;35,6
19900006818000;7;3;4;39,1
19900006819000;4;2;2;0,0
19900006820000;1;0;1;0,0
19900006827000;10;4;6;27,6
19900006835000;12;6;6;27,7
19900006836000;26;14;12;38,7
19900006838000;9;6;3;57,8
19900006841000;7;4;3;24,1
19900006851000;72;35;37;35,7
19900006852000;29;11;18;40,3
19900006853000;13;7;6;45,4
19900006855000;37;20;17;39,3
19900006864000;8;4;4;15,3
19900006866000;5;5;0;72,0
19900006868000;21;11;10;43,9
19900006871000;2;1;1;0,0
19900006872000;2;0;2;0,0
19900006908000;10;3;7;21,8
19900006909000;7;4;3;26,9
19900006911000;12;6;6;24,0
19900006929000;4;2;2;0,0
19900006930000;3;2;1;0,0
19900006934000;6;2;4;36,7
19900006935000;5;3;2;44,2
19910006498000;42;21;21;50,9
19910006499000;282;138;144;41,2
19910006500000;623;291;332;45,1
19910006503000;2;1;1;0,0
19910006506000;1;0;1;0,0
19910006507000;6;5;1;49,3
19910006508000;2;2;0;0,0
19910006509000;3;2;1;0,0
19910006510000;7;3;4;40,9
19910006511000;7;3;4;34,0
19910006513000;5;4;1;50,4
19910006515000;20;13;7;34,6
19910006516000;2;1;1;0,0
19910006522000;1;1;0;0,0
19910006524000;11;6;5;53,1
19910006525000;4;4;0;0,0
19910006531000;5;3;2;58,4
19910006540000;2;1;1;0,0
19910006541000;11;6;5;48,2
19910006542000;16;10;6;38,3
19910006544000;8;4;4;29,5
19910006554000;1;0;1;0,0
19910006555000;66;34;32;36,2
19910006558000;37;21;16;38,2
19910006562000;91;40;51;27,9
19910006588000;39;20;19;39,4
19910006595000;1;1;0;0,0
19910006599000;18;8;10;52,7
19910006601000;4;3;1;0,0
19910006602000;5;3;2;67,0
19910006605000;6;1;5;28,5
19910006611000;6;3;3;28,7
19910006612000;39;24;15;34,7
19910006614000;9;6;3;24,9
19910006615000;3;1;2;0,0
19910006619000;3;1;2;0,0
19910006620000;40;21;19;29,7
19910006621000;17;9;8;45,9
19910006623000;1;1;0;0,0
19910006629000;19;8;11;54,6
19910006630000;14;7;7;57,7
19910006631000;8;4;4;46,3
19910006632000;1;0;1;0,0
19910006634000;1;1;0;0,0
19910006636000;3;1;2;0,0
19910006647000;49;21;28;29,1
19910006648000;75;38;37;39,4
19910006649000;291;140;151;37,8
19910006650000;229;109;120;34,7
19910006655000;37;23;14;37,0
19910006656000;255;130;125;49,2
19910006657000;33;17;16;39,3
19910006663000;40;23;17;45,8
19910006677000;1;0;1;0,0
19910006678000;47;27;20;37,0
19910006679000;37;18;19;21,5
19910006680000;219;114;105;36,1
19910006687000;21;13;8;33,4
19910006690000;2;1;1;0,0
19910006697000;7;3;4;67,4
19910006709000;13;6;7;31,3
19910006713000;43;22;21;42,4
19910006714000;40;22;18;36,1
19910006715000;17;7;10;21,9
19910006728000;108;54;54;43,0
19910006729000;194;94;100;38,4
19910006731000;92;52;40;39,4
19910006732000;14;5;9;29,1
19910006733000;3;1;2;0,0
19910006738000;33;16;17;36,0
19910006740000;237;127;110;36,6
19910006742000;1;1;0;0,0
19910006744000;1;0;1;0,0
19910006745000;15;7;8;33,6
19910006750000;1;1;0;0,0
19910006763000;10;4;6;47,4
19910006768000;8;4;4;23,5
19910006775000;1;0;1;0,0
19910006776000;4;3;1;0,0
19910006805000;7;3;4;39,9
19910006806000;59;31;28;36,1
19910006811000;3;1;2;0,0
19910006812000;15;7;8;35,6
19910006813000;2;1;1;0,0
19910006814000;8;4;4;43,1
19910006817000;19;9;10;37,9
19910006818000;24;14;10;35,3
19910006827000;10;5;5;45,2
19910006828000;5;2;3;17,0
19910006836000;7;4;3;53,0
19910006842000;21;13;8;35,5
19910006850000;4;3;1;0,0
19910006851000;26;10;16;32,7
19910006854000;2;1;1;0,0
19910006855000;10;5;5;37,0
19910006861000;3;2;1;0,0
19910006864000;4;2;2;0,0
19910006868000;4;2;2;0,0
19910006871000;14;10;4;50,0
19910006872000;4;2;2;0,0
19910006896000;36;16;20;45,1
19910006897000;29;17;12;34,1
19910006898000;1;0;1;0,0
19910006902000;8;4;4;58,8
19910006907000;27;14;13;36,3
19910006910000;3;2;1;0,0
19910006911000;4;3;1;0,0
19910006913000;6;4;2;39,0
19910006924000;11;4;7;41,8
19910006929000;6;4;2;57,2
19910006934000;39;24;15;43,8
19920006495000;2;2;0;0,0
19920006498000;2;1;1;0,0
19920006499000;57;34;23;38,8
19920006500000;66;33;33;33,7
19920006501000;20;11;9;43,4
19920006502000;6;5;1;57,7
19920006503000;6;4;2;22,3
19920006511000;7;3;4;38,6
19920006512000;3;2;1;0,0
19920006513000;2;1;1;0,0
19920006522000;15;7;8;32,2
19920006525000;4;3;1;0,0
19920006544000;1;0;1;0,0
19920006545000;38;19;19;34,6
19920006553000;5;2;3;32,0
19920006554000;24;14;10;35,9
19920006555000;2;1;1;0,0
19920006559000;12;7;5;51,9
19920006563000;3;1;2;0,0
19920006564000;12;7;5;41,7
19920006580000;2;1;1;0,0
19920006590000;28;16;12;44,5
19920006591000;27;14;13;31,5
19920006592000;16;10;6;40,8
19920006594000;3;2;1;0,0
19920006596000;1;1;0;0,0
19920006597000;12;6;6;40,5
19920006598000;29;14;15;40,9
19920006599000;55;29;26;40,6
19920006601000;5;3;2;55,6
19920006611000;2;1;1;0,0
19920006621000;10;5;5;59,2
19920006624000;5;3;2;31,4
19920006627000;14;8;6;46,4
19920006630000;16;8;8;48,1
19920006631000;13;7;6;43,6
19920006647000;41;25;16;44,2
19920006648000;42;20;22;37,6
19920006649000;69;35;34;39,5
19920006650000;34;16;18;35,7
19920006655000;5;3;2;31,6
19920006656000;1;1;0;0,0
19920006657000;42;21;21;44,0
19920006658000;5;2;3;56,4
19920006676000;6;3;3;40,7
19920006677000;44;22;22;42,6
19920006678000;4;2;2;0,0
19920006680000;12;8;4;46,3
19920006690000;7;3;4;67,4
19920006691000;7;2;5;40,1
19920006710000;1;1;0;0,0
19920006713000;64;35;29;32,3
19920006728000;2;1;1;0,0
19920006729000;58;32;26;39,5
19920006730000;361;174;187;45,5
19920006731000;307;150;157;34,5
19920006732000;5;2;3;55,8
19920006738000;45;22;23;43,1
19920006739000;62;34;28;42,7
19920006740000;684;338;346;41,9
19920006741000;35;17;18;43,1
19920006742000;6;2;4;25,8
19920006745000;7;4;3;62,7
19920006748000;64;34;30;41,8
19920006749000;12;5;7;34,3
19920006761000;9;5;4;55,1
19920006763000;2;1;1;0,0
19920006764000;3;2;1;0,0
19920006812000;4;2;2;0,0
19920006817000;12;9;3;45,8
19920006818000;2;1;1;0,0
19920006827000;14;7;7;42,9
19920006834000;1;1;0;0,0
19920006836000;12;4;8;37,8
19920006838000;6;1;5;34,0
19920006841000;10;6;4;57,8
19920006842000;15;6;9;46,5
19920006849000;24;13;11;45,8
19920006850000;12;7;5;49,8
19920006852000;4;3;1;0,0
19920006854000;6;3;3;59,3
19920006864000;5;3;2;26,8
19920006867000;14;11;3;37,8
19920006869000;2;1;1;0,0
19920006872000;2;2;0;0,0
19920006895000;2;1;1;0,0
19920006896000;18;8;10;39,8
19920006898000;34;17;17;56,6
19920006899000;6;2;4;41,5
19920006906000;24;11;13;36,1
19920006907000;38;23;15;42,1
19920006908000;30;15;15;46,5
19920006910000;8;5;3;30,3
19920006912000;14;7;7;46,3
19920006913000;4;2;2;0,0
19920006923000;2;2;0;0,0
19920006924000;13;6;7;63,8
19920006933000;7;4;3;70,7
19930006496000;16;11;5;52,6
19930006500000;26;12;14;45,1
19930006502000;3;1;2;0,0
19930006503000;8;5;3;51,4
19930006504000;3;2;1;0,0
19930006514000;4;3;1;0,0
19930006516000;3;1;2;0,0
19930006522000;7;2;5;42,1
19930006523000;2;1;1;0,0
19930006552000;9;5;4;39,4
19930006553000;14;8;6;42,9
19930006559000;2;1;1;0,0
19930006560000;16;9;7;41,4
19930006563000;5;2;3;28,6
19930006568000;4;2;2;0,0
19930006591000;4;3;1;0,0
19930006592000;9;4;5;42,9
19930006593000;16;6;10;34,5
19930006596000;24;13;11;46,5
19930006597000;22;12;10;43,7
19930006598000;1;1;0;0,0
19930006599000;2;1;1;0,0
19930006602000;8;4;4;23,0
19930006604000;11;7;4;38,3
19930006605000;3;1;2;0,0
19930006612000;6;3;3;44,7
19930006613000;1;0;1;0,0
19930006616000;2;2;0;0,0
19930006618000;6;2;4;30,5
19930006621000;28;9;19;29,3
19930006622000;17;11;6;41,4
19930006624000;2;2;0;0,0
19930006627000;12;5;7;45,3
19930006628000;3;2;1;0,0
19930006636000;6;4;2;58,3
19930006646000;1;1;0;0,0
19930006647000;73;41;32;36,2
19930006648000;97;50;47;37,4
19930006649000;90;47;43;35,2
19930006650000;8;4;4;30,8
19930006656000;2;1;1;0,0
19930006657000;2;1;1;0,0
19930006663000;5;3;2;62,6
19930006676000;6;2;4;16,3
19930006680000;21;10;11;56,5
19930006681000;1;1;0;0,0
19930006689000;7;5;2;56,3
19930006709000;7;4;3;48,0
19930006710000;8;4;4;28,1
19930006713000;78;38;40;36,5
19930006715000;20;12;8;36,9
19930006728000;2;1;1;0,0
19930006729000;29;19;10;38,9
19930006730000;9;4;5;12,6
19930006731000;55;27;28;39,5
19930006732000;7;5;2;28,4
19930006733000;1;1;0;0,0
19930006740000;15;9;6;35,5
19930006741000;42;24;18;27,0
19930006748000;340;164;176;42,1
19930006749000;327;163;164;37,0
19930006757000;1;1;0;0,0
19930006758000;1;1;0;0,0
19930006789000;5;3;2;28,6
19930006812000;2;1;1;0,0
19930006827000;15;8;7;41,0
19930006828000;13;6;7;29,8
19930006834000;4;3;1;0,0
19930006837000;3;2;1;0,0
19930006842000;17;9;8;45,2
19930006850000;2;1;1;0,0
19930006851000;1;1;0;0,0
19930006854000;2;1;1;0,0
19930006859000;16;8;8;30,1
19930006866000;75;39;36;32,8
19930006872000;7;4;3;50,1
19930006898000;16;8;8;39,7
19930006899000;32;16;16;37,8
19930006909000;5;3;2;65,4
19930006910000;2;1;1;0,0
19930006911000;1;0;1;0,0
19930006912000;5;3;2;62,4
19930006914000;8;3;5;22,8
19930006933000;5;3;2;46,8
19940006502000;5;2;3;70,8
19940006503000;5;3;2;51,4
19940006506000;4;3;1;0,0
19940006509000;2;1;1;0,0
19940006510000;2;1;1;0,0
19940006514000;7;5;2;18,3
19940006521000;19;11;8;36,7
19940006522000;10;4;6;38,6
19940006523000;4;1;3;0,0
19940006552000;34;17;17;48,6
19940006560000;38;19;19;26,2
19940006561000;6;3;3;60,8
19940006568000;12;7;5;28,6
19940006590000;34;18;16;46,6
19940006592000;6;2;4;42,5
19940006593000;25;14;11;29,1
19940006594000;2;1;1;0,0
19940006595000;2;1;1;0,0
19940006596000;32;18;14;24,8
19940006597000;5;1;4;24,8
19940006598000;48;24;24;40,5
19940006609000;2;2;0;0,0
19940006610000;21;9;12;43,6
19940006613000;5;4;1;33,6
19940006616000;2;1;1;0,0
19940006617000;19;8;11;35,8
19940006619000;28;16;12;38,2
19940006620000;2;2;0;0,0
19940006621000;5;3;2;49,4
19940006622000;10;6;4;48,6
19940006627000;5;3;2;63,4
19940006628000;2;1;1;0,0
19940006636000;8;3;5;51,6
19940006646000;36;17;19;32,6
19940006647000;31;19;12;34,5
19940006648000;28;14;14;41,3
19940006649000;38;18;20;40,9
19940006650000;23;10;13;40,4
19940006651000;6;2;4;32,0
19940006656000;4;3;1;0,0
19940006659000;8;5;3;64,0
19940006660000;5;2;3;61,8
19940006661000;7;5;2;36,4
19940006674000;18;9;9;35,3
19940006675000;4;3;1;0,0
19940006681000;5;3;2;27,2
19940006689000;7;3;4;57,9
19940006690000;31;17;14;50,0
19940006691000;55;26;29;47,1
19940006692000;28;17;11;40,4
19940006693000;2;2;0;0,0
19940006708000;7;3;4;43,1
19940006709000;6;4;2;66,3
19940006711000;16;8;8;35,1
19940006713000;27;17;10;30,8
19940006715000;4;2;2;0,0
19940006716000;1;1;0;0,0
19940006727000;3;2;1;0,0
19940006728000;56;26;30;40,5
19940006729000;33;20;13;46,4
19940006741000;4;2;2;0,0
19940006749000;45;23;22;42,6
19940006750000;9;4;5;25,4
19940006759000;2;1;1;0,0
19940006761000;5;3;2;42,4
19940006762000;7;4;3;42,0
19940006763000;21;12;9;30,4
19940006766000;1;1;0;0,0
19940006772000;1;1;0;0,0
19940006807000;5;2;3;27,0
19940006814000;10;5;5;52,5
19940006826000;5;2;3;30,6
19940006827000;3;3;0;0,0
19940006840000;3;2;1;0,0
19940006848000;11;5;6;42,0
19940006849000;2;1;1;0,0
19940006851000;17;10;7;42,0
19940006858000;5;3;2;22,8
19940006859000;6;1;5;43,3
19940006863000;21;14;7;42,0
19940006864000;180;97;83;33,0
19940006865000;133;69;64;47,7
19940006866000;26;15;11;41,4
19940006872000;5;3;2;65,2
19940006896000;8;4;4;30,4
19940006911000;28;13;15;36,3
19940006912000;3;2;1;0,0
19940006916000;6;2;4;37,0
19940006917000;12;7;5;65,3
19940006924000;1;1;0;0,0
19940006927000;2;1;1;0,0
19950006491000;3;1;2;0,0
19950006492000;4;2;2;0,0
19950006504000;2;1;1;0,0
19950006513000;11;6;5;41,9
19950006521000;23;11;12;38,9
19950006551000;214;119;95;35,5
19950006561000;7;3;4;66,6
19950006585000;4;2;2;0,0
19950006589000;1;1;0;0,0
19950006590000;111;63;48;38,7
19950006591000;2;1;1;0,0
19950006592000;3;2;1;0,0
19950006593000;4;2;2;0,0
19950006594000;12;5;7;40,4
19950006595000;21;13;8;30,9
19950006597000;8;5;3;32,0
19950006598000;31;16;15;35,4
19950006599000;5;2;3;73,8
19950006604000;18;10;8;35,7
19950006605000;31;18;13;45,4
19950006609000;9;5;4;53,9
19950006610000;8;5;3;44,0
19950006612000;6;2;4;30,5
19950006613000;7;3;4;30,0
19950006615000;6;2;4;37,3
19950006618000;4;2;2;0,0
19950006620000;13;9;4;38,4
19950006627000;10;4;6;44,8
19950006628000;2;1;1;0,0
19950006636000;1;0;1;0,0
19950006637000;1;1;0;0,0
19950006646000;16;7;9;47,0
19950006647000;13;9;4;38,9
19950006650000;26;14;12;44,1
19950006651000;6;4;2;61,2
19950006656000;1;1;0;0,0
19950006659000;17;9;8;28,8
19950006660000;9;6;3;49,1
19950006663000;1;0;1;0,0
19950006666000;4;2;2;0,0
19950006668000;1;0;1;0,0
19950006673000;15;5;10;27,1
19950006684000;6;4;2;63,8
19950006691000;2;1;1;0,0
19950006692000;93;47;46;29,3
19950006693000;138;71;67;42,9
19950006694000;19;13;6;48,6
19950006695000;14;6;8;45,6
19950006696000;10;5;5;62,2
19950006697000;2;2;0;0,0
19950006700000;5;2;3;39,8
19950006701000;25;11;14;47,3
19950006702000;6;3;3;38,7
19950006703000;2;2;0;0,0
19950006707000;3;2;1;0,0
19950006708000;4;2;2;0,0
19950006709000;6;4;2;56,2
19950006711000;8;3;5;42,1
19950006712000;12;7;5;42,5
19950006714000;10;4;6;47,0
19950006715000;32;18;14;38,1
19950006734000;4;1;3;0,0
19950006751000;4;1;3;0,0
19950006760000;12;7;5;59,1
19950006761000;104;51;53;49,9
19950006762000;13;7;6;40,0
19950006763000;13;8;5;58,8
19950006771000;1;1;0;0,0
19950006806000;2;1;1;0,0
19950006814000;17;8;9;42,9
19950006822000;12;8;4;44,3
19950006824000;1;0;1;0,0
19950006825000;3;2;1;0,0
19950006827000;1;1;0;0,0
19950006834000;1;1;0;0,0
19950006839000;4;2;2;0,0
19950006840000;7;4;3;67,7
19950006841000;19;12;7;48,9
19950006850000;2;1;1;0,0
19950006851000;3;0;3;0,0
19950006853000;14;7;7;35,9
19950006854000;32;15;17;50,8
19950006858000;13;7;6;34,9
19950006861000;4;2;2;0,0
19950006862000;2;1;1;0,0
19950006863000;13;6;7;47,5
19950006865000;99;58;41;40,6
19950006872000;8;6;2;35,3
19950006894000;3;2;1;0,0
19950006896000;10;5;5;41,2
19950006903000;3;2;1;0,0
19950006904000;8;3;5;36,4
19950006911000;27;12;15;52,2
19950006912000;6;2;4;27,5
19950006920000;4;1;3;0,0
19950006925000;136;69;67;35,7
19950006926000;35;19;16;40,5
19950006928000;8;6;2;51,1
19950006929000;16;8;8;41,6
19960006491000;1;0;1;0,0
19960006492000;22;10;12;60,6
19960006501000;1;1;0;0,0
19960006504000;19;10;9;56,3
19960006506000;4;3;1;0,0
19960006513000;21;9;12;34,9
19960006514000;12;6;6;38,4
19960006515000;7;3;4;27,6
19960006518000;6;4;2;36,8
19960006519000;13;7;6;30,9
19960006520000;127;65;62;37,4
19960006521000;2;1;1;0,0
19960006522000;9;4;5;45,3
19960006550000;20;12;8;34,5
19960006551000;207;107;100;25,5
19960006570000;2;1;1;0,0
19960006585000;1;0;1;0,0
19960006588000;1;1;0;0,0
19960006589000;4;3;1;0,0
19960006590000;137;73;64;34,5
19960006591000;1;1;0;0,0
19960006592000;15;9;6;45,1
19960006593000;4;2;2;0,0
19960006598000;4;2;2;0,0
19960006599000;149;75;74;39,1
19960006602000;11;6;5;47,0
19960006603000;22;14;8;37,4
19960006604000;23;12;11;38,4
19960006605000;22;10;12;36,6
19960006606000;1;1;0;0,0
19960006619000;3;1;2;0,0
19960006627000;3;2;1;0,0
19960006632000;3;2;1;0,0
19960006646000;4;2;2;0,0
19960006647000;13;8;5;36,5
19960006650000;4;2;2;0,0
19960006651000;20;9;11;37,3
19960006652000;7;3;4;37,7
19960006656000;7;4;3;26,7
19960006666000;10;5;5;57,2
19960006668000;1;1;0;0,0
19960006670000;4;2;2;0,0
19960006679000;34;14;20;35,1
19960006680000;27;14;13;49,0
19960006683000;7;4;3;66,0
19960006684000;1;1;0;0,0
19960006704000;37;24;13;44,9
19960006705000;3;2;1;0,0
19960006706000;11;5;6;45,3
19960006707000;11;6;5;33,2
19960006708000;6;4;2;16,0
19960006709000;1;1;0;0,0
19960006712000;12;4;8;47,8
19960006713000;3;1;2;0,0
19960006714000;10;5;5;26,8
19960006731000;5;3;2;68,6
19960006732000;8;5;3;46,0
19960006733000;3;1;2;0,0
19960006734000;4;2;2;0,0
19960006751000;27;13;14;50,9
19960006760000;10;4;6;44,4
19960006761000;77;38;39;39,3
19960006772000;1;1;0;0,0
19960006804000;2;1;1;0,0
19960006805000;29;16;13;43,5
19960006809000;1;1;0;0,0
19960006815000;9;5;4;51,0
19960006816000;5;3;2;69,8
19960006824000;8;3;5;32,9
19960006825000;12;9;3;32,5
19960006839000;6;1;5;48,5
19960006840000;13;8;5;37,7
19960006841000;9;6;3;44,0
19960006850000;12;7;5;41,8
19960006851000;5;3;2;54,8
19960006854000;5;3;2;28,2
19960006858000;9;4;5;35,9
19960006862000;12;7;5;46,3
19960006864000;66;30;36;39,4
19960006872000;40;20;20;43,6
19960006901000;5;3;2;57,6
19960006903000;34;15;19;36,9
19960006914000;46;21;25;44,0
19960006915000;47;25;22;39,7
19960006916000;499;247;252;42,4
19960006917000;33;20;13;49,6
19960006918000;39;21;18;37,0
19960006923000;16;8;8;34,4
19960006924000;169;92;77;43,0
19960006925000;134;60;74;41,1
19960006926000;13;6;7;41,4
19960006927000;7;4;3;60,1
19960006929000;25;11;14;32,7
19970006492000;9;4;5;48,9
19970006505000;45;21;24;22,9
19970006506000;1;1;0;0,0
19970006513000;12;7;5;40,8
19970006514000;10;5;5;41,5
19970006515000;8;4;4;48,9
19970006516000;12;5;7;46,8
19970006517000;13;6;7;29,1
19970006518000;27;13;14;39,4
19970006519000;35;16;19;34,3
19970006520000;11;5;6;46,1
19970006521000;2;1;1;0,0
19970006522000;2;2;0;0,0
19970006527000;6;3;3;64,3
19970006555000;8;5;3;36,5
19970006570000;7;4;3;34,6
19970006585000;2;2;0;0,0
19970006589000;6;5;1;53,3
19970006590000;101;39;62;43,2
19970006598000;28;14;14;40,6
19970006599000;376;180;196;39,9
19970006600000;41;16;25;37,3
19970006602000;2;1;1;0,0
19970006604000;18;8;10;33,1
19970006617000;1;1;0;0,0
19970006620000;1;1;0;0,0
19970006627000;6;4;2;55,2
19970006628000;4;3;1;0,0
19970006648000;15;9;6;61,5
19970006650000;11;6;5;42,1
19970006655000;5;4;1;23,2
19970006658000;23;11;12;39,3
19970006659000;9;5;4;37,7
19970006666000;20;10;10;24,6
19970006669000;30;17;13;31,8
19970006670000;8;5;3;32,9
19970006677000;17;9;8;41,2
19970006678000;42;25;17;45,2
19970006679000;155;84;71;34,2
19970006680000;243;120;123;34,6
19970006681000;1;0;1;0,0
19970006697000;15;7;8;45,4
19970006698000;7;1;6;33,6
19970006703000;13;8;5;36,8
19970006704000;25;12;13;39,2
19970006712000;6;2;4;34,3
19970006713000;12;8;4;52,8
19970006735000;3;1;2;0,0
19970006751000;149;81;68;40,0
19970006760000;29;14;15;51,0
19970006761000;10;6;4;33,1
19970006763000;24;15;9;33,9
19970006805000;2;1;1;0,0
19970006810000;5;3;2;60,2
19970006814000;5;1;4;35,6
19970006815000;3;2;1;0,0
19970006825000;6;2;4;26,5
19970006839000;29;15;14;45,8
19970006848000;25;13;12;37,8
19970006851000;40;20;20;37,6
19970006854000;15;7;8;47,5
19970006862000;14;7;7;30,4
19970006863000;12;6;6;39,3
19970006903000;5;2;3;31,6
19970006904000;58;31;27;48,3
19970006905000;21;11;10;46,0
19970006906000;10;5;5;65,0
19970006914000;8;5;3;63,1
19970006915000;21;8;13;50,9
19970006916000;157;80;77;32,1
19970006922000;10;5;5;50,9
19970006923000;19;12;7;47,8
19970006924000;46;21;25;37,7
19970006929000;6;3;3;44,5
19980006492000;24;9;15;36,7
19980006493000;71;39;32;45,8
19980006505000;31;15;16;30,1
19980006506000;5;2;3;46,6
19980006527000;1;1;0;0,0
19980006540000;2;1;1;0,0
19980006545000;18;8;10;34,3
19980006548000;12;6;6;41,7
19980006555000;31;16;15;37,4
19980006563000;47;28;19;35,9
19980006586000;3;2;1;0,0
19980006588000;21;10;11;33,2
19980006589000;8;4;4;49,6
19980006590000;69;35;34;34,6
19980006598000;7;4;3;38,9
19980006599000;46;24;22;43,1
19980006608000;5;4;1;21,2
19980006618000;2;1;1;0,0
19980006627000;5;4;1;31,0
19980006628000;2;1;1;0,0
19980006645000;1;1;0;0,0
19980006651000;20;11;9;34,2
19980006652000;13;8;5;33,6
19980006658000;5;2;3;55,0
19980006659000;8;5;3;40,4
19980006676000;16;7;9;39,9
19980006677000;14;7;7;41,9
19980006678000;32;16;16;36,4
19980006679000;20;11;9;39,2
19980006680000;148;74;74;37,4
19980006681000;211;103;108;41,3
19980006682000;153;76;77;38,0
19980006683000;2;1;1;0,0
19980006684000;88;40;48;54,4
19980006685000;217;102;115;40,3
19980006686000;23;11;12;44,7
19980006695000;21;12;9;58,3
19980006696000;15;7;8;63,7
19980006703000;9;4;5;61,1
19980006705000;4;2;2;0,0
19980006713000;1;0;1;0,0
19980006714000;4;1;3;0,0
19980006728000;3;2;1;0,0
19980006735000;1;1;0;0,0
19980006736000;1;1;0;0,0
19980006751000;160;78;82;39,7
19980006752000;769;336;433;44,7
19980006753000;69;34;35;41,4
19980006756000;1;1;0;0,0
19980006757000;1;0;1;0,0
19980006759000;84;44;40;40,6
19980006762000;14;9;5;36,9
19980006805000;15;8;7;50,2
19980006815000;1;0;1;0,0
19980006839000;32;18;14;36,3
19980006851000;14;4;10;31,6
19980006862000;8;5;3;39,3
19980006863000;8;5;3;45,8
19980006872000;39;24;15;39,3
19980006873000;9;5;4;52,7
19980006892000;4;3;1;0,0
19980006904000;80;37;43;38,4
19980006906000;7;2;5;44,0
19980006912000;2;1;1;0,0
19980006913000;31;10;21;35,8
19980006914000;23;10;13;42,9
19980006915000;48;22;26;39,1
19980006921000;21;9;12;43,1
19980006922000;10;4;6;41,7
19990006492000;6;3;3;43,0
19990006493000;85;41;44;36,0
19990006504000;34;18;16;34,4
19990006505000;8;3;5;43,4
19990006535000;23;12;11;37,1
19990006540000;3;1;2;0,0
19990006545000;3;2;1;0,0
19990006546000;9;5;4;25,6
19990006548000;25;13;12;49,6
19990006555000;33;16;17;42,6
19990006588000;7;4;3;39,6
19990006589000;34;16;18;38,8
19990006590000;3;1;2;0,0
19990006597000;8;6;2;38,3
19990006598000;32;15;17;38,0
19990006599000;4;3;1;0,0
19990006601000;6;2;4;52,5
19990006609000;9;4;5;61,1
19990006610000;27;16;11;32,0
19990006611000;22;15;7;41,7
19990006614000;17;9;8;33,9
19990006617000;4;1;3;0,0
19990006627000;23;13;10;42,7
19990006628000;5;3;2;40,4
19990006647000;1;1;0;0,0
19990006652000;14;8;6;49,2
19990006653000;15;7;8;49,6
19990006658000;1;1;0;0,0
19990006660000;2;1;1;0,0
19990006680000;19;11;8;46,2
19990006681000;52;26;26;47,6
19990006682000;71;41;30;38,6
19990006683000;144;68;76;46,1
19990006684000;346;167;179;42,7
19990006685000;14;7;7;39,2
19990006686000;5;1;4;35,4
19990006687000;50;27;23;45,4
19990006688000;64;30;34;45,7
19990006694000;1;1;0;0,0
19990006695000;21;12;9;52,9
19990006696000;82;32;50;47,4
19990006707000;6;4;2;29,0
19990006708000;7;4;3;38,7
19990006715000;12;6;6;47,9
19990006716000;15;5;10;36,2
19990006717000;7;4;3;56,7
19990006718000;2;0;2;0,0
19990006729000;28;15;13;46,0
19990006754000;24;15;9;39,0
19990006758000;1;1;0;0,0
19990006767000;17;11;6;32,2
19990006768000;83;38;45;42,0
19990006777000;10;7;3;57,0
19990006814000;14;6;8;38,6
19990006815000;9;6;3;39,3
19990006825000;2;1;1;0,0
19990006826000;9;4;5;43,1
19990006829000;6;4;2;35,3
19990006839000;17;8;9;48,7
19990006842000;14;7;7;46,0
19990006847000;3;2;1;0,0
19990006848000;5;3;2;46,4
19990006849000;2;1;1;0,0
19990006862000;5;3;2;27,0
19990006863000;39;23;16;33,2
19990006864000;27;13;14;43,9
19990006867000;1;0;1;0,0
19990006872000;16;10;6;50,8
19990006873000;9;5;4;29,1
19990006904000;125;54;71;47,2
19990006907000;1;1;0;0,0
19990006912000;21;11;10;42,5
19990006914000;7;4;3;34,6
19990006915000;11;5;6;42,1
19990006920000;4;2;2;0,0
19990006921000;14;6;8;45,4
19990006934000;4;3;1;0,0
20000006504000;4;3;1;0,0
20000006507000;1;1;0;0,0
20000006535000;6;1;5;27,0
20000006536000;10;6;4;43,9
20000006545000;14;7;7;42,2
20000006546000;33;14;19;34,6
20000006582000;7;3;4;26,6
20000006587000;12;7;5;43,3
20000006588000;4;2;2;0,0
20000006596000;1;1;0;0,0
20000006597000;3;1;2;0,0
20000006611000;104;52;52;40,6
20000006613000;8;3;5;71,0
20000006614000;5;2;3;50,2
20000006615000;2;2;0;0,0
20000006627000;3;1;2;0,0
20000006644000;4;1;3;0,0
20000006653000;22;12;10;41,4
20000006659000;3;2;1;0,0
20000006660000;3;1;2;0,0
20000006661000;7;3;4;27,3
20000006662000;28;17;11;41,5
20000006680000;6;3;3;24,0
20000006683000;17;11;6;39,8
20000006684000;46;23;23;44,0
20000006685000;15;9;6;50,8
20000006688000;5;2;3;72,4
20000006689000;7;4;3;46,9
20000006690000;4;2;2;0,0
20000006695000;18;10;8;63,3
20000006696000;2;1;1;0,0
20000006703000;2;1;1;0,0
20000006708000;12;6;6;56,9
20000006709000;153;92;61;39,6
20000006710000;64;36;28;31,0
20000006730000;1;1;0;0,0
20000006755000;2;1;1;0,0
20000006768000;18;6;12;49,5
20000006769000;4;3;1;0,0
20000006770000;7;3;4;53,0
20000006777000;80;32;48;38,4
20000006809000;4;1;3;0,0
20000006821000;6;4;2;49,5
20000006839000;15;7;8;40,3
20000006840000;34;21;13;37,0
20000006841000;49;22;27;36,4
20000006842000;16;9;7;32,3
20000006849000;5;2;3;61,8
20000006851000;22;14;8;34,7
20000006862000;27;14;13;43,7
20000006866000;10;5;5;33,4
20000006867000;17;9;8;40,8
20000006872000;1;1;0;0,0
20000006898000;8;2;6;30,0
20000006900000;5;3;2;47,4
20000006904000;134;65;69;39,3
20000006905000;25;14;11;52,0
20000006913000;9;5;4;33,1
20000006914000;2;1;1;0,0
20000006919000;8;4;4;39,9
20000006934000;24;14;10;49,6
20000006935000;8;4;4;49,9
20010006490000;6;3;3;65,5
20010006491000;8;5;3;43,9
20010006535000;3;1;2;0,0
20010006536000;3;2;1;0,0
20010006555000;10;6;4;29,1
20010006586000;2;2;0;0,0
20010006587000;7;3;4;33,3
20010006598000;8;4;4;37,9
20010006599000;8;4;4;42,4
20010006600000;7;4;3;37,3
20010006610000;82;36;46;39,5
20010006611000;29;14;15;53,1
20010006612000;22;12;10;37,0
20010006625000;1;1;0;0,0
20010006629000;4;1;3;0,0
20010006653000;7;4;3;38,4
20010006654000;6;3;3;57,2
20010006655000;64;36;28;29,4
20010006656000;31;11;20;36,2
20010006661000;54;27;27;40,2
20010006662000;12;8;4;45,4
20010006683000;3;2;1;0,0
20010006690000;2;1;1;0,0
20010006691000;16;10;6;35,4
20010006692000;2;1;1;0,0
20010006696000;2;1;1;0,0
20010006697000;16;9;7;48,9
20010006709000;8;3;5;39,0
20010006710000;90;40;50;42,0
20010006711000;3;2;1;0,0
20010006729000;2;2;0;0,0
20010006750000;11;5;6;46,8
20010006754000;1;1;0;0,0
20010006771000;3;1;2;0,0
20010006777000;69;30;39;38,9
20010006809000;1;1;0;0,0
20010006815000;8;5;3;75,5
20010006816000;21;11;10;57,5
20010006822000;10;6;4;36,1
20010006838000;4;3;1;0,0
20010006840000;135;70;65;42,8
20010006841000;98;45;53;36,3
20010006846000;7;3;4;35,1
20010006847000;1;1;0;0,0
20010006849000;1;1;0;0,0
20010006851000;9;6;3;38,0
20010006852000;18;7;11;35,3
20010006853000;10;3;7;45,1
20010006862000;27;11;16;38,7
20010006867000;18;11;7;39,8
20010006868000;2;1;1;0,0
20010006900000;18;8;10;36,1
20010006904000;13;9;4;45,2
20010006905000;29;16;13;54,7
20010006911000;39;21;18;51,6
20010006912000;9;4;5;52,9
20010006916000;6;1;5;21,5
20010006917000;34;19;15;43,9
20010006918000;19;11;8;42,4
20010006925000;14;5;9;49,9
20010006926000;10;5;5;31,5
20010006930000;1;0;1;0,0
20010006932000;1;0;1;0,0
20010006933000;30;13;17;49,7
20010006935000;20;7;13;49,8
20010006936000;8;4;4;30,3
20020006495000;1;1;0;0,0
20020006503000;4;3;1;0,0
20020006504000;3;1;2;0,0
20020006509000;2;2;0;0,0
20020006536000;5;3;2;28,6
20020006550000;17;9;8;38,4
20020006554000;6;4;2;45,0
20020006555000;5;2;3;30,0
20020006585000;6;3;3;22,8
20020006587000;2;1;1;0,0
20020006599000;9;4;5;25,6
20020006609000;15;8;7;41,6
20020006610000;7;2;5;29,9
20020006611000;36;16;20;56,8
20020006612000;4;3;1;0,0
20020006616000;11;5;6;28,2
20020006617000;2;1;1;0,0
20020006627000;1;0;1;0,0
20020006631000;13;5;8;22,8
20020006653000;10;5;5;37,9
20020006654000;2;1;1;0,0
20020006655000;3;2;1;0,0
20020006660000;15;5;10;37,1
20020006661000;13;8;5;44,8
20020006692000;13;7;6;61,8
20020006696000;3;2;1;0,0
20020006697000;3;2;1;0,0
20020006710000;9;3;6;42,7
20020006711000;16;9;7;48,9
20020006712000;35;20;15;55,2
20020006713000;22;10;12;41,8
20020006756000;4;2;2;0,0
20020006816000;3;2;1;0,0
20020006838000;6;3;3;38,3
20020006839000;32;18;14;38,2
20020006840000;36;16;20;44,2
20020006841000;22;11;11;35,8
20020006847000;40;23;17;34,8
20020006848000;16;8;8;45,5
20020006849000;4;3;1;0,0
20020006852000;15;8;7;38,0
20020006862000;5;2;3;18,0
20020006867000;2;1;1;0,0
20020006876000;1;1;0;0,0
20020006897000;9;6;3;29,0
20020006898000;14;8;6;48,1
20020006899000;3;2;1;0,0
20020006900000;3;1;2;0,0
20020006902000;1;1;0;0,0
20020006903000;27;14;13;34,6
20020006906000;15;8;7;41,9
20020006911000;1;0;1;0,0
20020006912000;18;8;10;43,9
20020006916000;8;5;3;53,0
20020006917000;22;14;8;41,1
20020006922000;14;4;10;45,4
20020006923000;12;5;7;47,7
20020006927000;26;13;13;50,3
20020006928000;5;3;2;61,0
20020006932000;18;8;10;49,4
20020006933000;91;52;39;38,6
20020006934000;23;12;11;52,3
20020006935000;15;7;8;33,9
20030006485000;99;53;46;47,2
20030006486000;95;48;47;39,1
20030006490000;9;5;4;43,8
20030006491000;2;1;1;0,0
20030006495000;1;0;1;0,0
20030006536000;11;5;6;27,4
20030006554000;3;2;1;0,0
20030006555000;9;6;3;35,1
20030006556000;4;1;3;0,0
20030006575000;1;1;0;0,0
20030006587000;6;3;3;55,7
20030006588000;6;3;3;66,8
20030006599000;1;1;0;0,0
20030006609000;10;6;4;33,1
20030006612000;14;9;5;25,4
20030006621000;4;2;2;0,0
20030006631000;10;6;4;28,9
20030006654000;23;11;12;43,5
20030006693000;4;2;2;0,0
20030006699000;9;6;3;29,1
20030006712000;16;8;8;46,3
20030006713000;81;38;43;55,6
20030006714000;152;79;73;37,7
20030006715000;94;44;50;41,6
20030006716000;9;6;3;50,6
20030006749000;9;6;3;33,2
20030006772000;5;2;3;30,2
20030006773000;12;6;6;44,7
20030006778000;18;8;10;32,9
20030006816000;2;1;1;0,0
20030006838000;8;3;5;44,3
20030006839000;10;5;5;33,7
20030006840000;97;49;48;41,5
20030006841000;7;4;3;40,4
20030006846000;10;4;6;31,1
20030006847000;5;2;3;53,4
20030006848000;6;2;4;28,5
20030006849000;25;10;15;55,4
20030006852000;7;3;4;46,0
20030006853000;2;1;1;0,0
20030006873000;8;3;5;63,5
20030006897000;31;13;18;53,5
20030006898000;33;16;17;47,5
20030006899000;11;3;8;43,8
20030006902000;24;14;10;44,9
20030006903000;11;5;6;40,5
20030006912000;20;9;11;49,2
20030006913000;15;8;7;34,5
20030006914000;7;5;2;47,4
20030006915000;5;3;2;61,2
20030006916000;5;2;3;62,2
20030006917000;2;1;1;0,0
20030006922000;46;27;19;34,3
20030006928000;37;22;15;37,3
20030006929000;41;21;20;47,6
20030006930000;43;26;17;41,0
20030006931000;2;2;0;0,0
20030006938000;14;5;9;40,6
20040006470000;150;76;74;40,5
20040006471000;283;134;149;38,4
20040006484000;2;1;1;0,0
20040006485000;49;26;23;46,0
20040006486000;20;8;12;44,2
20040006490000;2;1;1;0,0
20040006491000;38;18;20;38,2
20040006494000;2;2;0;0,0
20040006514000;1;1;0;0,0
20040006519000;19;8;11;32,4
20040006520000;15;10;5;29,2
20040006529000;3;3;0;0,0
20040006551000;6;3;3;51,2
20040006574000;1;1;0;0,0
20040006588000;18;7;11;28,6
20040006598000;7;3;4;55,1
20040006599000;2;2;0;0,0
20040006600000;7;3;4;44,3
20040006605000;7;4;3;48,9
20040006608000;4;2;2;0,0
20040006623000;13;6;7;24,5
20040006654000;24;15;9;30,0
20040006699000;6;3;3;45,5
20040006715000;29;11;18;56,1
20040006716000;4;3;1;0,0
20040006717000;7;4;3;61,6
20040006718000;6;4;2;35,0
20040006727000;1;1;0;0,0
20040006749000;16;8;8;41,8
20040006759000;2;1;1;0,0
20040006773000;2;1;1;0,0
20040006778000;18;9;9;30,8
20040006779000;21;13;8;25,0
20040006802000;6;3;3;41,5
20040006803000;8;4;4;49,0
20040006805000;33;15;18;45,5
20040006806000;3;1;2;0,0
20040006810000;6;2;4;39,3
20040006815000;3;1;2;0,0
20040006816000;5;3;2;80,2
20040006820000;3;1;2;0,0
20040006822000;1;1;0;0,0
20040006833000;5;4;1;52,6
20040006834000;5;2;3;31,8
20040006835000;20;12;8;48,4
20040006836000;7;4;3;53,3
20040006837000;8;4;4;40,6
20040006838000;12;9;3;44,6
20040006839000;4;3;1;0,0
20040006840000;26;15;11;37,5
20040006846000;18;8;10;31,8
20040006849000;6;3;3;27,7
20040006853000;50;29;21;42,3
20040006854000;5;2;3;57,0
20040006861000;14;6;8;31,6
20040006897000;101;51;50;35,0
20040006899000;3;0;3;0,0
20040006913000;4;2;2;0,0
20040006914000;2;2;0;0,0
20040006922000;24;14;10;40,7
20040006931000;40;16;24;44,9
20040006937000;20;8;12;55,2
20040006938000;10;6;4;33,1
20040006940000;5;2;3;67,0
20050006469000;282;150;132;34,7
20050006470000;375;197;178;41,5
20050006471000;13;8;5;63,2
20050006472000;37;17;20;38,6
20050006473000;16;8;8;39,9
20050006483000;6;3;3;42,2
20050006484000;20;11;9;44,2
20050006485000;46;25;21;39,1
20050006486000;29;14;15;57,7
20050006491000;18;12;6;42,4
20050006500000;1;1;0;0,0
20050006514000;6;4;2;34,0
20050006516000;11;7;4;47,5
20050006517000;7;3;4;61,9
20050006518000;71;40;31;38,1
20050006519000;133;71;62;33,0
20050006520000;22;16;6;32,0
20050006521000;15;7;8;30,3
20050006575000;2;2;0;0,0
20050006607000;7;3;4;29,6
20050006612000;10;5;5;25,2
20050006626000;681;324;357;44,8
20050006627000;381;185;196;33,2
20050006630000;1;0;1;0,0
20050006660000;1;1;0;0,0
20050006714000;6;2;4;55,0
20050006715000;66;31;35;47,9
20050006716000;7;5;2;38,6
20050006717000;7;3;4;66,3
20050006718000;12;6;6;42,8
20050006726000;4;2;2;0,0
20050006748000;6;2;4;30,3
20050006778000;1;1;0;0,0
20050006805000;6;3;3;38,8
20050006806000;5;3;2;57,8
20050006811000;9;4;5;45,2
20050006815000;4;2;2;0,0
20050006835000;19;9;10;45,7
20050006836000;19;8;11;37,7
20050006838000;5;4;1;55,4
20050006839000;3;1;2;0,0
20050006840000;13;6;7;40,9
20050006841000;9;4;5;41,2
20050006845000;16;10;6;51,8
20050006849000;10;6;4;31,5
20050006853000;7;2;5;44,1
20050006854000;85;39;46;33,3
20050006861000;3;2;1;0,0
20050006862000;7;3;4;37,4
20050006891000;8;4;4;50,8
20050006897000;2;2;0;0,0
20050006902000;2;1;1;0,0
20050006912000;4;2;2;0,0
20050006913000;67;31;36;40,7
20050006914000;185;94;91;42,4
20050006915000;41;23;18;41,9
20050006916000;2;1;1;0,0
20050006921000;6;4;2;60,7
20050006922000;11;4;7;42,9
20050006931000;13;5;8;47,8
20050006932000;5;2;3;61,6
20050006934000;32;18;14;38,7
20050006935000;2;1;1;0,0
20050006937000;18;11;7;47,3
20050006938000;12;7;5;44,7
20050006939000;3;2;1;0,0
20050006940000;20;12;8;54,6
20060006469000;12;6;6;41,6
20060006472000;48;21;27;43,5
20060006473000;76;44;32;44,9
20060006474000;28;11;17;42,5
20060006475000;3;1;2;0,0
20060006483000;139;64;75;44,8
20060006484000;6;4;2;58,7
20060006497000;5;2;3;24,6
20060006500000;8;4;4;27,4
20060006506000;27;15;12;36,0
20060006510000;5;2;3;22,0
20060006511000;174;83;91;33,3
20060006512000;39;16;23;38,5
20060006514000;2;1;1;0,0
20060006516000;53;29;24;38,0
20060006517000;47;28;19;47,3
20060006518000;43;25;18;28,9
20060006523000;7;3;4;34,6
20060006524000;24;16;8;40,8
20060006529000;1;1;0;0,0
20060006572000;6;3;3;70,7
20060006614000;17;9;8;31,6
20060006615000;6;3;3;37,3
20060006616000;11;5;6;31,4
20060006625000;12;7;5;41,2
20060006626000;108;54;54;31,3
20060006632000;2;1;1;0,0
20060006653000;1;1;0;0,0
20060006655000;5;3;2;32,6
20060006656000;1;1;0;0,0
20060006694000;31;16;15;44,8
20060006695000;10;5;5;41,0
20060006705000;5;1;4;29,6
20060006706000;12;5;7;40,9
20060006713000;11;6;5;45,5
20060006714000;6;4;2;56,2
20060006717000;2;1;1;0,0
20060006754000;1;1;0;0,0
20060006756000;101;49;52;40,9
20060006757000;22;13;9;42,1
20060006760000;5;3;2;60,0
20060006772000;4;2;2;0,0
20060006779000;4;2;2;0,0
20060006804000;8;2;6;32,4
20060006805000;30;18;12;43,6
20060006806000;6;2;4;18,0
20060006810000;2;0;2;0,0
20060006815000;7;4;3;33,0
20060006820000;7;4;3;41,7
20060006833000;15;6;9;27,2
20060006835000;19;10;9;32,8
20060006836000;7;4;3;49,9
20060006838000;7;5;2;34,0
20060006839000;26;13;13;36,7
20060006840000;25;14;11;40,6
20060006845000;5;2;3;26,6
20060006852000;18;9;9;43,3
20060006854000;72;41;31;41,3
20060006855000;19;11;8;34,8
20060006861000;8;4;4;39,0
20060006901000;22;13;9;47,7
20060006902000;6;1;5;35,2
20060006909000;2;1;1;0,0
20060006910000;5;1;4;34,4
20060006911000;5;3;2;57,0
20060006912000;22;11;11;31,5
20060006913000;34;12;22;48,8
20060006914000;56;26;30;39,9
20060006915000;73;43;30;38,9
20060006918000;40;23;17;38,7
20060006921000;8;4;4;60,5
20060006931000;5;2;3;51,4
20060006932000;9;5;4;61,6
20060006935000;2;1;1;0,0
20060006937000;25;14;11;51,2
20060006938000;94;49;45;44,8
20060006939000;20;11;9;45,2
20070006467000;9;5;4;47,9
20070006468000;36;22;14;33,6
20070006469000;48;28;20;30,7
20070006471000;36;19;17;40,6
20070006472000;42;21;21;37,9
20070006473000;42;22;20;36,7
20070006474000;19;10;9;38,0
20070006475000;5;2;3;32,0
20070006476000;1;0;1;0,0
20070006485000;21;12;9;40,1
20070006486000;3;2;1;0,0
20070006493000;2;1;1;0,0
20070006495000;4;2;2;0,0
20070006506000;1;0;1;0,0
20070006507000;36;17;19;38,9
20070006508000;68;33;35;50,3
20070006509000;378;183;195;36,0
20070006510000;506;249;257;37,8
20070006511000;579;269;310;40,0
20070006517000;25;13;12;32,4
20070006530000;6;3;3;37,5
20070006552000;12;6;6;33,5
20070006575000;3;2;1;0,0
20070006588000;1;1;0;0,0
20070006599000;6;2;4;33,7
20070006614000;2;1;1;0,0
20070006616000;5;2;3;40,2
20070006625000;61;34;27;39,0
20070006626000;14;8;6;37,7
20070006635000;2;1;1;0,0
20070006642000;7;5;2;37,9
20070006694000;32;17;15;33,4
20070006695000;14;8;6;52,6
20070006702000;2;1;1;0,0
20070006703000;7;4;3;24,9
20070006704000;4;3;1;0,0
20070006705000;12;7;5;30,0
20070006706000;9;7;2;38,3
20070006712000;2;1;1;0,0
20070006713000;17;9;8;41,9
20070006724000;39;21;18;34,5
20070006725000;2;1;1;0,0
20070006747000;13;7;6;52,2
20070006756000;10;4;6;48,6
20070006757000;21;10;11;50,4
20070006761000;3;1;2;0,0
20070006762000;8;4;4;44,4
20070006778000;10;4;6;36,1
20070006815000;19;12;7;39,1
20070006818000;6;1;5;38,3
20070006819000;2;1;1;0,0
20070006820000;65;32;33;43,3
20070006831000;17;8;9;39,2
20070006832000;2;1;1;0,0
20070006833000;158;79;79;38,0
20070006836000;2;1;1;0,0
20070006837000;35;17;18;45,5
20070006838000;52;31;21;37,8
20070006840000;80;44;36;31,4
20070006841000;3;2;1;0,0
20070006854000;345;180;165;40,2
20070006855000;482;244;238;36,2
20070006861000;4;3;1;0,0
20070006889000;21;11;10;48,3
20070006901000;33;14;19;47,5
20070006902000;6;2;4;34,0
20070006909000;14;8;6;44,6
20070006910000;15;6;9;39,6
20070006912000;5;2;3;76,2
20070006917000;11;4;7;48,5
20070006918000;77;39;38;38,4
20070006921000;38;15;23;36,2
20070006930000;2;1;1;0,0
20070006931000;11;5;6;39,5
20070006937000;10;7;3;38,1
20070006938000;2;1;1;0,0
20080006467000;28;15;13;38,8
20080006468000;46;21;25;40,2
20080006470000;20;11;9;57,6
20080006471000;105;59;46;34,0
20080006472000;195;98;97;35,3
20080006473000;8;6;2;44,8
20080006474000;14;6;8;33,8
20080006487000;3;1;2;0,0
20080006491000;8;4;4;27,8
20080006492000;28;16;12;51,4
20080006501000;5;3;2;63,8
20080006503000;1;1;0;0,0
20080006504000;19;9;10;35,2
20080006505000;38;23;15;43,3
20080006509000;155;79;76;36,9
20080006510000;119;54;65;37,0
20080006517000;13;6;7;36,8
20080006530000;8;4;4;33,6
20080006536000;3;2;1;0,0
20080006573000;2;1;1;0,0
20080006598000;4;2;2;0,0
20080006599000;41;21;20;40,0
20080006600000;20;10;10;47,9
20080006612000;3;1;2;0,0
20080006615000;2;1;1;0,0
20080006616000;15;8;7;35,1
20080006623000;1;1;0;0,0
20080006624000;29;13;16;38,8
20080006625000;23;10;13;34,9
20080006631000;22;13;9;41,3
20080006632000;11;5;6;38,1
20080006638000;1;1;0;0,0
20080006642000;29;16;13;44,7
20080006645000;5;2;3;34,6
20080006662000;43;22;21;38,7
20080006700000;2;1;1;0,0
20080006702000;1;1;0;0,0
20080006707000;42;20;22;42,0
20080006708000;18;8;10;51,2
20080006712000;11;6;5;46,2
20080006713000;1;1;0;0,0
20080006724000;25;10;15;41,2
20080006725000;119;65;54;40,1
20080006746000;6;4;2;53,2
20080006747000;3;1;2;0,0
20080006757000;43;23;20;41,8
20080006772000;22;12;10;40,1
20080006778000;15;8;7;53,0
20080006815000;22;10;12;46,5
20080006820000;174;80;94;46,0
20080006821000;14;6;8;47,3
20080006822000;6;4;2;44,0
20080006825000;2;1;1;0,0
20080006831000;2;2;0;0,0
20080006832000;70;36;34;27,1
20080006833000;421;212;209;32,8
20080006834000;103;41;62;56,8
20080006837000;16;9;7;42,9
20080006838000;21;10;11;47,4
20080006839000;7;4;3;39,4
20080006840000;39;19;20;34,5
20080006854000;54;29;25;37,1
20080006855000;227;123;104;39,7
20080006856000;19;8;11;39,8
20080006861000;3;2;1;0,0
20080006867000;20;7;13;40,8
20080006868000;8;4;4;43,5
20080006889000;4;2;2;0,0
20080006900000;24;14;10;40,4
20080006901000;7;2;5;52,1
20080006902000;3;1;2;0,0
20080006911000;9;4;5;32,3
20080006912000;2;1;1;0,0
20080006919000;3;2;1;0,0
20080006920000;52;30;22;38,1
20080006921000;287;142;145;39,6
20080006929000;1;1;0;0,0
20080006930000;7;4;3;48,3
20090006468000;44;20;24;35,0
20090006469000;22;12;10;34,0
20090006470000;41;22;19;38,8
20090006471000;23;12;11;38,4
20090006474000;7;5;2;53,7
20090006475000;20;12;8;36,4
20090006476000;6;4;2;31,7
20090006477000;7;3;4;64,6
20090006485000;1;0;1;0,0
20090006486000;12;6;6;53,4
20090006487000;18;11;7;43,8
20090006501000;2;1;1;0,0
20090006508000;15;9;6;40,3
20090006509000;23;13;10;52,2
20090006518000;11;6;5;22,4
20090006598000;1;1;0;0,0
20090006599000;7;4;3;53,3
20090006600000;8;2;6;50,0
20090006615000;18;9;9;41,2
20090006623000;2;2;0;0,0
20090006624000;15;11;4;32,5
20090006625000;10;4;6;43,9
20090006631000;9;7;2;37,6
20090006642000;20;12;8;45,8
20090006643000;32;18;14;36,5
20090006663000;12;7;5;63,3
20090006664000;7;3;4;50,7
20090006698000;2;2;0;0,0
20090006700000;11;5;6;34,5
20090006708000;23;10;13;39,1
20090006712000;34;21;13;47,0
20090006713000;15;7;8;36,9
20090006714000;1;0;1;0,0
20090006724000;1;1;0;0,0
20090006725000;108;55;53;36,2
20090006726000;16;8;8;52,4
20090006745000;12;3;9;43,0
20090006756000;12;6;6;43,1
20090006772000;2;2;0;0,0
20090006778000;9;5;4;43,3
20090006807000;32;17;15;51,2
20090006808000;27;9;18;29,1
20090006815000;9;4;5;65,9
20090006821000;57;30;27;37,9
20090006822000;7;2;5;32,9
20090006824000;1;1;0;0,0
20090006826000;8;4;4;32,4
20090006830000;29;13;16;43,9
20090006833000;10;7;3;43,6
20090006834000;47;25;22;35,1
20090006839000;17;9;8;42,1
20090006840000;21;10;11;37,1
20090006851000;2;1;1;0,0
20090006852000;4;3;1;0,0
20090006855000;3;2;1;0,0
20090006856000;49;24;25;40,7
20090006857000;33;19;14;46,2
20090006868000;36;21;15;32,8
20090006890000;38;19;19;36,7
20090006891000;31;14;17;44,5
20090006897000;31;17;14;51,0
20090006900000;108;52;56;34,3
20090006901000;56;27;29;37,0
20090006902000;9;5;4;22,4
20090006904000;6;3;3;31,0
20090006909000;1;0;1;0,0
20090006911000;2;1;1;0,0
20090006912000;2;1;1;0,0
20090006915000;16;10;6;51,1
20090006916000;24;14;10;35,8
20090006917000;19;9;10;30,9
20090006919000;64;34;30;38,5
20090006920000;62;37;25;27,0
20090006921000;106;50;56;41,6
20090006928000;33;16;17;42,8
20090006934000;33;24;9;42,4
20090006935000;14;6;8;25,8
20090006937000;16;6;10;50,2
20100006467000;39;22;17;44,3
20100006468000;9;4;5;53,2
20100006469000;460;227;233;40,3
20100006470000;182;92;90;37,3
20100006471000;35;15;20;29,1
20100006472000;25;16;9;37,2
20100006473000;8;4;4;34,1
20100006474000;1;1;0;0,0
20100006477000;4;2;2;0,0
20100006485000;67;37;30;40,7
20100006486000;12;7;5;46,9
20100006488000;1;1;0;0,0
20100006489000;38;24;14;48,0
20100006490000;26;13;13;38,6
20100006491000;35;20;15;41,0
20100006492000;677;325;352;39,5
20100006493000;33;19;14;31,9
20100006496000;1;1;0;0,0
20100006498000;3;2;1;0,0
20100006499000;1;1;0;0,0
20100006508000;16;5;11;39,3
20100006521000;2;1;1;0,0
20100006532000;2;1;1;0,0
20100006622000;6;4;2;29,5
20100006632000;3;2;1;0,0
20100006633000;11;5;6;29,2
20100006642000;219;107;112;39,3
20100006643000;410;206;204;43,0
20100006644000;45;23;22;39,6
20100006695000;5;4;1;24,6
20100006711000;5;2;3;27,6
20100006713000;53;24;29;39,6
20100006714000;4;2;2;0,0
20100006725000;123;66;57;36,6
20100006726000;14;8;6;43,9
20100006755000;1;1;0;0,0
20100006756000;2;0;2;0,0
20100006780000;51;22;29;38,4
20100006781000;9;4;5;33,3
20100006804000;6;2;4;25,2
20100006810000;6;3;3;45,5
20100006814000;1;1;0;0,0
20100006815000;2;1;1;0,0
20100006829000;22;11;11;39,4
20100006830000;8;3;5;22,8
20100006833000;14;7;7;31,4
20100006834000;8;5;3;45,8
20100006839000;10;4;6;57,3
20100006840000;30;17;13;43,9
20100006841000;7;3;4;33,3
20100006849000;49;26;23;35,9
20100006850000;195;99;96;30,1
20100006851000;29;14;15;29,0
20100006852000;9;4;5;49,0
20100006854000;4;2;2;0,0
20100006856000;26;11;15;32,3
20100006857000;57;29;28;41,4
20100006858000;9;5;4;27,9
20100006859000;17;9;8;42,6
20100006861000;1;0;1;0,0
20100006891000;40;19;21;42,1
20100006899000;3;1;2;0,0
20100006900000;14;6;8;34,4
20100006901000;17;8;9;46,5
20100006902000;33;17;16;42,5
20100006903000;7;3;4;55,4
20100006908000;11;8;3;34,5
20100006909000;18;9;9;43,7
20100006910000;28;14;14;48,2
20100006915000;32;18;14;42,2
20100006916000;27;16;11;44,0
20100006918000;24;13;11;42,0
20100006919000;4;2;2;0,0
20100006920000;2;1;1;0,0
20100006921000;38;19;19;42,3
20100006928000;2;0;2;0,0
20100006932000;112;53;59;54,3
20100006933000;158;90;68;29,7
20100006934000;11;7;4;61,5
20100006936000;36;18;18;47,6
20100006937000;7;3;4;37,0
20100006938000;13;9;4;46,5
20100006939000;1;1;0;0,0
20100006940000;46;21;25;39,9
20110006466000;5;3;2;30,2
20110006467000;35;17;18;32,8
20110006468000;118;54;64;35,9
20110006469000;725;338;387;45,4
20110006470000;246;113;133;40,5
20110006471000;8;4;4;25,6
20110006472000;32;14;18;42,9
20110006473000;29;14;15;37,0
20110006474000;1;1;0;0,0
20110006477000;2;1;1;0,0
20110006478000;34;15;19;34,2
20110006484000;112;62;50;42,5
20110006489000;13;7;6;46,8
20110006490000;55;24;31;43,0
20110006491000;503;250;253;44,7
20110006492000;954;484;470;42,4
20110006493000;85;41;44;40,2
20110006495000;22;12;10;49,7
20110006496000;26;15;11;40,3
20110006498000;16;9;7;57,6
20110006499000;20;15;5;57,2
20110006500000;26;15;11;42,9
20110006501000;1;1;0;0,0
20110006503000;1;1;0;0,0
20110006504000;59;29;30;38,9
20110006531000;8;5;3;45,3
20110006593000;4;1;3;0,0
20110006608000;2;0;2;0,0
20110006622000;4;3;1;0,0
20110006633000;12;8;4;60,1
20110006636000;5;3;2;59,4
20110006643000;134;69;65;32,0
20110006644000;111;55;56;39,8
20110006645000;19;10;9;59,1
20110006695000;9;5;4;33,8
20110006711000;13;6;7;49,5
20110006713000;36;18;18;33,8
20110006714000;1;0;1;0,0
20110006715000;22;9;13;36,1
20110006717000;19;12;7;48,4
20110006718000;24;11;13;41,0
20110006725000;194;100;94;33,4
20110006726000;19;10;9;36,6
20110006771000;11;5;6;50,1
20110006780000;5;2;3;25,6
20110006781000;29;16;13;41,3
20110006782000;16;13;3;34,8
20110006789000;1;1;0;0,0
20110006804000;15;9;6;39,1
20110006814000;35;19;16;45,6
20110006815000;162;80;82;44,7
20110006825000;3;2;1;0,0
20110006833000;3;1;2;0,0
20110006834000;21;11;10;53,1
20110006846000;19;14;5;40,5
20110006847000;809;431;378;33,9
20110006848000;116;57;59;36,3
20110006849000;40;20;20;36,3
20110006850000;4;1;3;0,0
20110006851000;7;3;4;46,9
20110006852000;16;9;7;36,3
20110006853000;10;7;3;43,3
20110006854000;3;3;0;0,0
20110006855000;12;7;5;39,3
20110006856000;6;4;2;65,3
20110006857000;60;33;27;42,2
20110006858000;69;43;26;35,4
20110006859000;51;22;29;40,8
20110006860000;21;13;8;43,5
20110006861000;29;16;13;35,1
20110006869000;2;1;1;0,0
20110006891000;22;11;11;24,9
20110006899000;34;17;17;40,9
20110006900000;23;11;12;39,7
20110006905000;6;3;3;29,5
20110006909000;10;5;5;70,9
20110006914000;7;5;2;38,3
20110006915000;46;21;25;39,3
20110006916000;4;2;2;0,0
20110006917000;33;19;14;45,4
20110006921000;33;21;12;51,5
20110006931000;132;67;65;43,6
20110006932000;226;110;116;43,5
20110006933000;69;36;33;36,8
20110006935000;15;9;6;38,7
20110006936000;128;79;49;43,8
20110006938000;47;24;23;36,7
20110006939000;85;39;46;40,1
20110006940000;7;4;3;36,7
20110006941000;8;4;4;47,8
20110006947000;3;2;1;0,0
20110006950000;99;55;44;39,7
20120006466000;20;12;8;38,0
20120006467000;54;25;29;34,7
20120006468000;35;17;18;42,1
20120006469000;59;24;35;30,9
20120006470000;315;166;149;32,7
20120006471000;5;2;3;48,2
20120006473000;7;5;2;34,0
20120006477000;2;1;1;0,0
20120006478000;5;3;2;23,2
20120006484000;2;1;1;0,0
20120006488000;6;2;4;44,3
20120006489000;47;26;21;36,3
20120006490000;427;219;208;28,0
20120006491000;951;493;458;41,0
20120006492000;1249;609;640;41,8
20120006493000;516;255;261;39,1
20120006494000;77;42;35;43,3
20120006495000;96;48;48;40,4
20120006497000;51;27;24;40,1
20120006498000;32;17;15;45,0
20120006501000;2;1;1;0,0
20120006504000;45;27;18;46,1
20120006505000;15;9;6;41,3
20120006603000;4;2;2;0,0
20120006622000;17;8;9;44,6
20120006632000;25;12;13;33,8
20120006633000;1;1;0;0,0
20120006643000;115;58;57;46,0
20120006644000;109;50;59;49,5
20120006667000;3;2;1;0,0
20120006668000;1;1;0;0,0
20120006714000;4;3;1;0,0
20120006715000;34;18;16;37,9
20120006716000;73;37;36;40,3
20120006717000;149;75;74;43,5
20120006718000;110;59;51;40,1
20120006719000;35;16;19;33,9
20120006720000;4;3;1;0,0
20120006724000;28;15;13;36,7
20120006725000;487;246;241;38,1
20120006726000;218;108;110;40,3
20120006727000;4;2;2;0,0
20120006771000;16;7;9;39,6
20120006772000;3;0;3;0,0
20120006810000;3;1;2;0,0
20120006814000;9;5;4;31,7
20120006815000;93;53;40;39,7
20120006833000;8;3;5;56,4
20120006834000;21;9;12;41,5
20120006835000;13;7;6;41,1
20120006846000;255;135;120;27,5
20120006847000;1757;868;889;35,5
20120006848000;581;281;300;36,5
20120006849000;298;161;137;32,3
20120006851000;31;16;15;38,6
20120006855000;12;7;5;46,8
20120006859000;5;1;4;58,2
20120006860000;39;19;20;44,8
20120006861000;1;1;0;0,0
20120006869000;8;3;5;32,3
20120006891000;17;8;9;41,9
20120006892000;4;2;2;0,0
20120006895000;23;11;12;47,6
20120006913000;8;2;6;37,6
20120006914000;1;0;1;0,0
20120006921000;24;15;9;46,2
20120006928000;6;2;4;47,5
20120006930000;14;8;6;40,1
20120006934000;20;11;9;44,2
20120006935000;48;21;27;44,6
20120006936000;32;17;15;33,0
20120006937000;2;1;1;0,0
20120006938000;163;88;75;43,5
20120006942000;4;2;2;0,0
20120006947000;54;25;29;32,3
20120006950000;157;82;75;45,1
20120006951000;1;1;0;0,0
20130006466000;5;3;2;27,8
20130006468000;40;22;18;38,8
20130006469000;131;65;66;31,0
20130006470000;86;45;41;39,5
20130006471000;27;9;18;39,3
20130006472000;14;7;7;38,4
20130006473000;21;10;11;34,6
20130006478000;1;1;0;0,0
20130006486000;4;2;2;0,0
20130006491000;129;66;63;37,6
20130006492000;263;148;115;36,9
20130006493000;105;54;51;42,1
20130006494000;18;11;7;43,6
20130006497000;13;5;8;28,2
20130006504000;38;21;17;35,6
20130006505000;282;148;134;40,6
20130006506000;195;106;89;36,4
20130006508000;6;3;3;37,3
20130006603000;2;1;1;0,0
20130006604000;3;1;2;0,0
20130006607000;20;9;11;47,5
20130006622000;39;18;21;38,7
20130006629000;4;2;2;0,0
20130006632000;2;0;2;0,0
20130006639000;5;2;3;36,4
20130006642000;6;4;2;41,3
20130006643000;28;13;15;54,7
20130006644000;773;364;409;47,7
20130006645000;87;52;35;38,2
20130006646000;126;70;56;39,7
20130006647000;2;1;1;0,0
20130006698000;2;1;1;0,0
20130006708000;11;4;7;37,3
20130006709000;6;2;4;57,8
20130006710000;57;29;28;39,3
20130006711000;4;2;2;0,0
20130006715000;13;6;7;32,1
20130006716000;14;9;5;36,9
20130006717000;55;29;26;31,6
20130006718000;1;1;0;0,0
20130006722000;136;73;63;41,2
20130006723000;30;15;15;43,6
20130006724000;134;72;62;47,0
20130006725000;961;463;498;43,9
20130006726000;99;42;57;41,8
20130006727000;16;7;9;37,1
20130006756000;26;10;16;47,8
20130006757000;19;10;9;40,6
20130006759000;1;1;0;0,0
20130006773000;5;3;2;38,6
20130006814000;150;79;71;40,1
20130006815000;30;16;14;57,4
20130006833000;10;7;3;22,6
20130006834000;1;0;1;0,0
20130006841000;15;9;6;30,8
20130006843000;9;5;4;23,7
20130006846000;122;58;64;32,8
20130006847000;863;424;439;44,7
20130006848000;677;346;331;37,1
20130006851000;9;4;5;42,4
20130006855000;5;3;2;42,8
20130006860000;10;5;5;50,4
20130006861000;52;27;25;35,6
20130006870000;1;1;0;0,0
20130006872000;7;4;3;53,6
20130006893000;6;5;1;22,3
20130006894000;9;3;6;53,9
20130006895000;1;1;0;0,0
20130006899000;18;9;9;54,9
20130006921000;6;2;4;26,3
20130006927000;1;1;0;0,0
20130006928000;12;5;7;49,3
20130006930000;52;21;31;46,8
20130006933000;19;9;10;40,3
20130006934000;83;40;43;32,0
20130006935000;43;25;18;47,9
20130006942000;24;13;11;43,3
20130006947000;201;97;104;38,2
20130006948000;22;13;9;31,5
20140006465000;2;0;2;0,0
20140006466000;43;22;21;41,9
20140006467000;32;19;13;41,1
20140006468000;51;25;26;33,2
20140006469000;59;28;31;33,4
20140006470000;8;4;4;34,8
20140006471000;25;15;10;33,7
20140006473000;4;1;3;0,0
20140006480000;4;2;2;0,0
20140006489000;5;1;4;23,4
20140006490000;12;7;5;50,6
20140006491000;22;13;9;38,3
20140006493000;1;0;1;0,0
20140006494000;16;5;11;48,3
20140006495000;9;5;4;71,0
20140006499000;24;12;12;46,0
20140006505000;12;4;8;32,2
20140006506000;93;51;42;32,3
20140006509000;5;2;3;36,6
20140006510000;5;3;2;63,6
20140006511000;1;1;0;0,0
20140006512000;4;3;1;0,0
20140006514000;3;2;1;0,0
20140006533000;1;0;1;0,0
20140006607000;47;24;23;35,1
20140006608000;38;20;18;38,7
20140006609000;4;1;3;0,0
20140006610000;1;1;0;0,0
20140006612000;9;5;4;30,7
20140006613000;10;5;5;48,8
20140006622000;13;8;5;53,1
20140006623000;13;8;5;47,1
20140006626000;6;4;2;50,0
20140006629000;4;1;3;0,0
20140006632000;7;4;3;34,7
20140006643000;249;124;125;40,9
20140006644000;907;448;459;41,2
20140006645000;181;85;96;37,8
20140006646000;43;22;21;35,1
20140006648000;3;1;2;0,0
20140006699000;16;10;6;33,6
20140006711000;34;17;17;33,5
20140006712000;11;7;4;37,7
20140006720000;26;12;14;35,8
20140006722000;187;96;91;40,1
20140006723000;9;5;4;24,8
20140006724000;95;50;45;42,2
20140006725000;22;14;8;47,5
20140006726000;31;15;16;27,5
20140006727000;54;29;25;35,8
20140006755000;4;3;1;0,0
20140006756000;98;52;46;51,7
20140006757000;8;5;3;47,1
20140006758000;2;1;1;0,0
20140006759000;3;2;1;0,0
20140006760000;2;1;1;0,0
20140006770000;1;1;0;0,0
20140006772000;6;4;2;37,5
20140006773000;1;1;0;0,0
20140006784000;1;1;0;0,0
20140006814000;28;14;14;48,3
20140006815000;171;92;79;41,7
20140006833000;7;3;4;51,7
20140006834000;8;4;4;41,6
20140006840000;1;0;1;0,0
20140006842000;27;17;10;26,4
20140006846000;139;70;69;30,9
20140006847000;608;291;317;37,7
20140006848000;102;58;44;39,2
20140006856000;1;0;1;0,0
20140006861000;33;17;16;37,7
20140006868000;13;7;6;45,0
20140006869000;26;15;11;39,2
20140006872000;10;5;5;39,0
20140006873000;6;4;2;60,0
20140006896000;2;1;1;0,0
20140006897000;5;2;3;56,2
20140006899000;4;2;2;0,0
20140006914000;12;7;5;44,9
20140006921000;48;25;23;39,6
20140006922000;39;21;18;51,2
20140006923000;29;12;17;52,7
20140006924000;27;11;16;50,1
20140006925000;28;15;13;59,0
20140006926000;7;4;3;61,3
20140006927000;2;1;1;0,0
20140006930000;20;12;8;51,9
20140006931000;10;5;5;49,7
20140006933000;40;23;17;47,7
20140006934000;158;103;55;38,8
20140006941000;89;51;38;40,6
20140006942000;146;72;74;41,7
20140006945000;5;3;2;34,6
20140006946000;8;5;3;62,4
20140006947000;147;71;76;40,4
20140006948000;123;57;66;44,3
20150006466000;6;2;4;16,2
20150006467000;62;32;30;35,5
20150006468000;785;400;385;37,0
20150006469000;243;127;116;43,8
20150006470000;31;20;11;36,5
20150006482000;5;3;2;63,0
20150006486000;4;3;1;0,0
20150006488000;5;3;2;48,2
20150006489000;22;12;10;41,4
20150006490000;7;5;2;45,0
20150006491000;6;5;1;19,0
20150006495000;28;16;12;49,0
20150006499000;19;10;9;40,1
20150006500000;3;2;1;0,0
20150006507000;1;0;1;0,0
20150006515000;8;4;4;39,4
20150006523000;2;1;1;0,0
20150006613000;13;8;5;55,1
20150006618000;2;1;1;0,0
20150006622000;14;5;9;37,4
20150006623000;47;24;23;45,7
20150006624000;3;2;1;0,0
20150006633000;8;4;4;33,4
20150006643000;11;7;4;31,1
20150006644000;316;151;165;39,5
20150006645000;564;273;291;37,3
20150006696000;69;36;33;37,2
20150006712000;1;0;1;0,0
20150006720000;32;15;17;38,1
20150006721000;21;11;10;45,7
20150006722000;30;14;16;37,8
20150006724000;25;14;11;36,4
20150006725000;277;135;142;40,4
20150006726000;502;259;243;39,8
20150006727000;444;225;219;40,7
20150006728000;43;24;19;25,9
20150006756000;139;73;66;34,3
20150006759000;1;0;1;0,0
20150006760000;2;1;1;0,0
20150006762000;1;1;0;0,0
20150006770000;3;2;1;0,0
20150006771000;2;1;1;0,0
20150006815000;12;6;6;56,4
20150006832000;1;1;0;0,0
20150006833000;14;6;8;38,1
20150006842000;57;27;30;37,9
20150006844000;110;58;52;30,8
20150006845000;162;86;76;36,4
20150006846000;45;22;23;39,2
20150006847000;1326;619;707;31,2
20150006848000;576;275;301;36,0
20150006858000;5;3;2;17,4
20150006860000;1;1;0;0,0
20150006861000;50;28;22;38,4
20150006873000;14;10;4;52,4
20150006874000;1;0;1;0,0
20150006894000;12;7;5;39,6
20150006897000;5;3;2;33,4
20150006899000;80;44;36;39,0
20150006900000;17;8;9;45,2
20150006915000;19;11;8;37,0
20150006920000;9;6;3;55,8
20150006921000;25;15;10;43,9
20150006923000;6;4;2;39,0
20150006928000;2;2;0;0,0
20150006930000;1;1;0;0,0
20150006931000;2;1;1;0,0
20150006933000;57;28;29;42,3
20150006934000;45;28;17;42,3
20150006941000;38;19;19;36,5
20150006942000;129;59;70;35,1
20150006945000;492;249;243;31,5
20150006946000;148;78;70;42,7
20150006947000;384;205;179;40,3
20150006949000;6;3;3;30,7
20160006467000;170;83;87;43,2
20160006468000;797;374;423;43,1
20160006469000;82;40;42;34,8
20160006470000;20;12;8;36,1
20160006471000;8;5;3;35,3
20160006479000;4;3;1;0,0
20160006481000;2;1;1;0,0
20160006482000;4;2;2;0,0
20160006490000;3;2;1;0,0
20160006491000;5;3;2;32,0
20160006492000;21;10;11;40,7
20160006495000;2;1;1;0,0
20160006498000;2;1;1;0,0
20160006499000;5;2;3;61,0
20160006502000;13;5;8;26,5
20160006507000;2;1;1;0,0
20160006510000;2;1;1;0,0
20160006511000;1;1;0;0,0
20160006517000;1;1;0;0,0
20160006522000;5;4;1;28,0
20160006523000;8;6;2;47,4
20160006526000;3;2;1;0,0
20160006532000;4;1;3;0,0
20160006533000;16;6;10;42,1
20160006624000;5;3;2;41,2
20160006625000;32;12;20;38,9
20160006644000;13;8;5;41,3
20160006645000;75;35;40;38,5
20160006646000;1;1;0;0,0
20160006667000;3;2;1;0,0
20160006696000;3;1;2;0,0
20160006713000;87;47;40;36,6
20160006714000;64;31;33;43,9
20160006715000;46;21;25;52,2
20160006720000;5;2;3;41,8
20160006721000;15;7;8;38,5
20160006726000;219;119;100;38,5
20160006727000;315;141;174;45,4
20160006728000;5;3;2;30,8
20160006729000;52;31;21;34,3
20160006752000;2;1;1;0,0
20160006753000;3;1;2;0,0
20160006756000;19;11;8;28,4
20160006764000;2;1;1;0,0
20160006765000;3;3;0;0,0
20160006808000;9;7;2;47,7
20160006815000;9;4;5;48,0
20160006816000;24;12;12;39,0
20160006832000;17;6;11;48,4
20160006833000;8;5;3;68,0
20160006842000;40;24;16;38,3
20160006844000;16;8;8;44,1
20160006845000;25;12;13;47,1
20160006846000;122;59;63;37,8
20160006847000;724;351;373;35,8
20160006848000;502;239;263;30,3
20160006860000;30;15;15;36,5
20160006861000;6;2;4;37,8
20160006894000;3;2;1;0,0
20160006896000;2;2;0;0,0
20160006897000;10;4;6;36,4
20160006899000;57;29;28;44,8
20160006900000;39;21;18;36,0
20160006901000;15;7;8;37,1
20160006902000;10;6;4;34,0
20160006918000;47;26;21;51,0
20160006919000;22;10;12;45,7
20160006920000;2;1;1;0,0
20160006921000;9;4;5;65,9
20160006923000;13;8;5;52,9
20160006924000;2;1;1;0,0
20160006925000;3;2;1;0,0
20160006927000;13;4;9;44,9
20160006928000;9;5;4;39,6
20160006931000;4;2;2;0,0
20160006932000;8;4;4;38,3
20160006933000;46;27;19;37,5
20160006942000;67;31;36;44,7
20160006944000;5;2;3;42,4
20160006945000;684;322;362;45,9
20160006946000;359;160;199;39,5
20160006947000;398;213;185;41,9
20160006949000;142;69;73;41,3
20160006952000;4;3;1;0,0
20160006954000;21;11;10;54,6
20170006465000;18;8;10;71,8
20170006466000;13;6;7;38,0
20170006467000;121;62;59;42,5
20170006468000;970;469;501;43,0
20170006471000;8;3;5;19,9
20170006475000;18;10;8;29,7
20170006478000;6;3;3;54,5
20170006491000;6;4;2;39,7
20170006500000;10;4;6;27,6
20170006501000;3;2;1;0,0
20170006503000;4;2;2;0,0
20170006504000;15;10;5;39,4
20170006523000;3;2;1;0,0
20170006624000;43;20;23;38,3
20170006625000;13;5;8;36,8
20170006631000;5;2;3;42,6
20170006645000;6;3;3;53,2
20170006700000;1;1;0;0,0
20170006701000;25;14;11;45,6
20170006714000;185;88;97;46,0
20170006715000;2;1;1;0,0
20170006725000;13;7;6;26,8
20170006726000;292;150;142;35,7
20170006727000;8;4;4;33,6
20170006729000;50;23;27;32,9
20170006730000;6;4;2;32,3
20170006751000;11;7;4;43,8
20170006753000;3;2;1;0,0
20170006754000;3;3;0;0,0
20170006755000;1;0;1;0,0
20170006756000;2;2;0;0,0
20170006765000;8;5;3;49,8
20170006771000;9;4;5;37,6
20170006772000;4;2;2;0,0
20170006832000;7;3;4;39,6
20170006842000;3;2;1;0,0
20170006843000;38;17;21;32,9
20170006844000;257;148;109;29,2
20170006848000;32;15;17;39,6
20170006849000;9;5;4;42,4
20170006860000;21;11;10;37,6
20170006893000;6;3;3;49,5
20170006894000;7;3;4;40,4
20170006897000;15;9;6;44,0
20170006899000;229;119;110;36,3
20170006917000;57;33;24;40,8
20170006918000;178;89;89;49,7
20170006919000;14;7;7;44,4
20170006920000;38;22;16;51,4
20170006921000;2;1;1;0,0
20170006927000;22;10;12;54,4
20170006933000;11;6;5;46,5
20170006942000;16;5;11;33,4
20170006943000;5;2;3;46,2
20170006945000;109;55;54;34,7
20170006946000;751;374;377;36,3
20170006947000;3;1;2;0,0
20170006949000;87;44;43;49,6
20170006950000;11;5;6;37,5
20170006952000;29;16;13;45,6
20170006953000;22;8;14;48,3
20180006468000;31;17;14;42,3
20180006470000;1;1;0;0,0
20180006475000;22;9;13;45,5
20180006478000;21;8;13;41,9
20180006479000;25;11;14;31,6
20180006480000;1;1;0;0,0
20180006481000;15;7;8;36,4
20180006483000;3;2;1;0,0
20180006488000;8;3;5;34,0
20180006497000;2;1;1;0,0
20180006500000;6;4;2;53,7
20180006506000;25;13;12;38,8
20180006510000;2;1;1;0,0
20180006613000;1;1;0;0,0
20180006624000;16;7;9;36,4
20180006625000;224;114;110;38,8
20180006633000;2;1;1;0,0
20180006642000;2;2;0;0,0
20180006645000;15;7;8;31,2
20180006646000;7;4;3;34,0
20180006668000;11;3;8;55,5
20180006697000;22;9;13;35,5
20180006717000;13;8;5;40,4
20180006725000;86;46;40;36,3
20180006726000;21;11;10;32,0
20180006729000;16;9;7;50,6
20180006730000;28;12;16;40,1
20180006750000;4;2;2;0,0
20180006751000;8;3;5;31,6
20180006752000;14;7;7;49,9
20180006754000;6;2;4;46,8
20180006757000;3;1;2;0,0
20180006765000;38;20;18;41,4
20180006766000;12;5;7;36,7
20180006807000;3;1;2;0,0
20180006832000;4;2;2;0,0
20180006842000;25;11;14;26,9
20180006843000;9;6;3;35,1
20180006844000;237;120;117;29,7
20180006845000;8;4;4;68,4
20180006848000;2;1;1;0,0
20180006849000;40;19;21;43,2
20180006850000;2;1;1;0,0
20180006860000;41;24;17;33,4
20180006861000;11;6;5;45,0
20180006878000;22;14;8;38,2
20180006898000;18;9;9;32,8
20180006899000;60;37;23;41,9
20180006900000;4;2;2;0,0
20180006918000;32;18;14;40,3
20180006919000;150;75;75;42,8
20180006927000;14;9;5;51,6
20180006928000;9;4;5;45,8
20180006931000;3;2;1;0,0
20180006933000;10;6;4;48,3
20180006943000;50;26;24;42,5
20180006944000;19;13;6;37,8
20180006945000;41;26;15;43,1
20180006946000;194;104;90;33,4
20180006947000;144;71;73;44,1
20180006948000;119;66;53;40,3
20180006949000;83;35;48;44,2
20180006950000;67;38;29;49,1
20180006953000;36;16;20;49,2
20180006954000;3;1;2;0,0
20190006468000;91;41;50;37,9
20190006469000;10;5;5;67,7
20190006472000;9;6;3;45,9
20190006478000;5;2;3;42,2
20190006480000;2;0;2;0,0
20190006484000;5;3;2;48,2
20190006487000;1;1;0;0,0
20190006488000;9;5;4;63,3
20190006489000;12;6;6;53,8
20190006493000;5;1;4;21,6
20190006497000;1;1;0;0,0
20190006499000;9;4;5;29,2
20190006502000;11;6;5;43,5
20190006515000;3;1;2;0,0
20190006518000;23;14;9;29,4
20190006519000;25;12;13;30,0
20190006520000;14;5;9;31,8
20190006523000;35;19;16;48,8
20190006524000;16;9;7;26,9
20190006525000;6;3;3;52,3
20190006532000;122;58;64;34,5
20190006533000;5;3;2;26,4
20190006624000;5;3;2;16,4
20190006625000;91;41;50;49,5
20190006668000;13;7;6;39,5
20190006669000;7;3;4;25,6
20190006697000;6;2;4;32,2
20190006714000;16;10;6;40,8
20190006716000;18;9;9;50,5
20190006717000;34;19;15;48,3
20190006723000;1;0;1;0,0
20190006725000;43;20;23;45,0
20190006726000;26;12;14;41,0
20190006727000;50;24;26;39,9
20190006728000;38;19;19;35,9
20190006729000;33;21;12;31,7
20190006752000;5;3;2;23,4
20190006753000;32;15;17;34,2
20190006754000;3;1;2;0,0
20190006757000;4;2;2;0,0
20190006765000;6;3;3;28,2
20190006772000;10;7;3;24,3
20190006773000;10;7;3;35,0
20190006807000;1;0;1;0,0
20190006808000;3;1;2;0,0
20190006812000;1;0;1;0,0
20190006831000;4;2;2;0,0
20190006841000;8;4;4;32,5
20190006842000;4;2;2;0,0
20190006843000;19;13;6;42,6
20190006844000;26;13;13;50,5
20190006845000;21;10;11;39,7
20190006847000;2;2;0;0,0
20190006849000;6;4;2;42,5
20190006850000;24;11;13;39,3
20190006860000;14;6;8;41,7
20190006870000;20;10;10;31,5
20190006878000;9;6;3;56,8
20190006898000;17;8;9;34,7
20190006899000;2;1;1;0,0
20190006900000;11;6;5;42,1
20190006901000;26;11;15;39,8
20190006909000;3;2;1;0,0
20190006918000;22;13;9;54,4
20190006927000;17;10;7;44,1
20190006928000;75;35;40;43,5
20190006941000;52;29;23;33,6
20190006942000;21;10;11;41,6
20190006943000;12;6;6;28,3
20190006944000;58;30;28;38,4
20190006945000;212;108;104;32,5
20190006946000;21;13;8;39,8
20190006947000;219;107;112;38,4
20190006949000;7;2;5;37,3
20200006467000;36;18;18;40,7
20200006468000;5;2;3;53,2
20200006469000;4;1;3;0,0
20200006471000;4;2;2;0,0
20200006472000;2;1;1;0,0
20200006473000;10;5;5;40,9
20200006479000;5;3;2;48,0
20200006484000;2;1;1;0,0
20200006486000;28;18;10;38,5
20200006487000;232;117;115;40,0
20200006488000;216;116;100;40,1
20200006489000;12;5;7;36,3
20200006494000;5;2;3;40,4
20200006497000;12;6;6;35,3
20200006501000;5;3;2;14,6
20200006514000;1;1;0;0,0
20200006515000;19;11;8;36,7
20200006524000;38;17;21;41,0
20200006525000;6;4;2;72,2
20200006531000;61;32;29;29,4
20200006532000;534;261;273;40,9
20200006533000;91;42;49;41,0
20200006534000;5;3;2;33,8
20200006535000;3;2;1;0,0
20200006624000;10;4;6;41,7
20200006625000;166;73;93;42,1
20200006668000;19;10;9;41,5
20200006714000;7;4;3;62,7
20200006717000;6;4;2;42,0
20200006725000;2;2;0;0,0
20200006726000;8;5;3;37,1
20200006727000;52;28;24;39,2
20200006752000;46;29;17;33,7
20200006753000;14;6;8;28,9
20200006754000;4;2;2;0,0
20200006755000;8;4;4;24,3
20200006774000;6;2;4;46,0
20200006812000;2;1;1;0,0
20200006819000;82;41;41;35,3
20200006831000;1;1;0;0,0
20200006843000;22;13;9;49,2
20200006844000;4;3;1;0,0
20200006849000;4;3;1;0,0
20200006850000;31;18;13;32,8
20200006851000;85;41;44;31,2
20200006852000;2;1;1;0,0
20200006860000;14;7;7;37,0
20200006861000;11;6;5;65,0
20200006862000;1;1;0;0,0
20200006869000;6;4;2;32,8
20200006870000;12;4;8;32,2
20200006872000;31;14;17;38,8
20200006873000;14;7;7;43,8
20200006896000;4;3;1;0,0
20200006898000;39;21;18;39,8
20200006899000;6;2;4;40,8
20200006900000;7;3;4;39,0
20200006901000;22;11;11;44,8
20200006908000;9;4;5;43,0
20200006916000;1;1;0;0,0
20200006917000;8;4;4;68,0
20200006918000;5;2;3;64,2
20200006927000;6;3;3;49,8
20200006928000;26;12;14;49,5
20200006933000;2;1;1;0,0
20200006934000;1;1;0;0,0
20200006935000;5;3;2;41,2
20200006939000;84;43;41;41,1
20200006940000;145;74;71;37,9
20200006941000;170;91;79;41,7
20200006942000;147;83;64;34,6
20200006944000;111;61;50;34,0
20200006945000;70;33;37;41,4
20200006946000;33;16;17;39,5
20200006948000;70;41;29;36,5
20210006464000;2;1;1;0,0
20210006466000;7;3;4;40,0
20210006467000;6;2;4;47,2
20210006468000;43;22;21;36,9
20210006469000;11;5;6;45,8
20210006472000;7;3;4;35,3
20210006483000;6;4;2;48,2
20210006485000;7;4;3;37,4
20210006486000;1;1;0;0,0
20210006488000;66;29;37;28,8
20210006489000;17;8;9;39,6
20210006490000;1;1;0;0,0
20210006492000;5;2;3;35,8
20210006494000;5;4;1;26,0
20210006496000;12;6;6;36,5
20210006498000;22;14;8;43,2
20210006499000;3;2;1;0,0
20210006500000;2;1;1;0,0
20210006501000;1;0;1;0,0
20210006502000;9;4;5;41,8
20210006504000;14;6;8;42,0
20210006508000;3;1;2;0,0
20210006509000;10;6;4;20,1
20210006510000;12;6;6;37,3
20210006512000;4;2;2;0,0
20210006532000;5;2;3;14,2
20210006533000;36;19;17;36,9
20210006534000;9;6;3;20,9
20210006535000;33;18;15;32,2
20210006536000;8;2;6;38,1
20210006538000;17;10;7;51,5
20210006539000;2;1;1;0,0
20210006576000;4;4;0;0,0
20210006582000;1;1;0;0,0
20210006624000;3;2;1;0,0
20210006625000;15;7;8;45,1
20210006626000;6;3;3;57,0
20210006635000;7;2;5;43,0
20210006668000;22;14;8;37,7
20210006714000;13;7;6;33,6
20210006715000;8;5;3;43,8
20210006717000;10;4;6;47,5
20210006718000;5;2;3;61,8
20210006726000;2;1;1;0,0
20210006753000;26;13;13;29,1
20210006754000;35;19;16;43,4
20210006755000;2;1;1;0,0
20210006775000;2;2;0;0,0
20210006813000;2;1;1;0,0
20210006819000;527;246;281;40,4
20210006820000;638;333;305;41,0
20210006831000;7;4;3;51,4
20210006843000;16;7;9;62,9
20210006844000;3;2;1;0,0
20210006845000;26;13;13;42,7
20210006850000;5;2;3;28,4
20210006851000;21;11;10;34,2
20210006852000;14;9;5;36,6
20210006853000;11;4;7;37,8
20210006859000;1;1;0;0,0
20210006860000;3;2;1;0,0
20210006861000;26;14;12;30,3
20210006862000;1;1;0;0,0
20210006869000;17;9;8;35,9
20210006877000;23;11;12;45,6
20210006878000;82;42;40;53,4
20210006879000;3;2;1;0,0
20210006896000;31;17;14;41,5
20210006898000;65;33;32;29,9
20210006899000;63;28;35;42,0
20210006900000;6;4;2;14,2
20210006908000;16;10;6;55,9
20210006909000;18;11;7;56,8
20210006915000;3;2;1;0,0
20210006916000;13;7;6;52,1
20210006928000;33;20;13;44,9
20210006934000;39;18;21;30,1
20210006935000;46;23;23;38,9
20210006939000;11;5;6;34,1
20210006940000;8;6;2;54,1
20210006942000;25;14;11;40,3
20210006944000;7;5;2;42,4
20210006946000;31;14;17;46,7
20210006947000;107;55;52;37,8
20210006948000;83;41;42;40,0
20220006466000;13;7;6;59,0
20220006467000;8;5;3;60,1
20220006468000;59;30;29;36,0
20220006469000;27;19;8;43,3
20220006470000;6;4;2;53,2
20220006478000;1;1;0;0,0
20220006479000;6;3;3;67,8
20220006483000;5;3;2;58,0
20220006485000;2;1;1;0,0
20220006488000;8;4;4;37,6
20220006489000;14;7;7;54,1
20220006495000;1;1;0;0,0
20220006503000;2;1;1;0,0
20220006504000;10;5;5;36,2
20220006505000;10;6;4;48,7
20220006507000;8;3;5;23,1
20220006508000;2;1;1;0,0
20220006510000;1;1;0;0,0
20220006526000;2;1;1;0,0
20220006527000;1;1;0;0,0
20220006529000;10;5;5;54,7
20220006534000;56;28;28;45,5
20220006538000;8;4;4;33,4
20220006549000;9;4;5;48,4
20220006577000;1;1;0;0,0
20220006626000;1;1;0;0,0
20220006647000;28;13;15;45,9
20220006713000;2;1;1;0,0
20220006714000;4;3;1;0,0
20220006736000;1;1;0;0,0
20220006753000;14;9;5;50,7
20220006754000;48;26;22;31,3
20220006806000;25;14;11;40,9
20220006807000;6;5;1;63,2
20220006819000;27;16;11;27,9
20220006820000;435;224;211;39,3
20220006821000;1;0;1;0,0
20220006831000;3;2;1;0,0
20220006832000;13;7;6;41,2
20220006846000;26;13;13;43,2
20220006847000;47;21;26;40,7
20220006853000;4;3;1;0,0
20220006860000;6;3;3;35,5
20220006861000;18;8;10;36,6
20220006862000;2;1;1;0,0
20220006863000;6;3;3;25,8
20220006869000;9;4;5;27,8
20220006879000;39;20;19;46,6
20220006894000;4;1;3;0,0
20220006896000;9;5;4;28,9
20220006898000;131;67;64;39,8
20220006899000;97;48;49;33,4
20220006900000;57;26;31;36,0
20220006901000;50;23;27;35,9
20220006902000;2;1;1;0,0
20220006907000;1;0;1;0,0
20220006908000;38;18;20;38,6
20220006910000;3;1;2;0,0
20220006915000;5;4;1;30,4
20220006928000;33;17;16;42,9
20220006929000;12;5;7;37,6
20220006930000;30;30;0;43,6
20220006932000;56;25;31;38,7
20220006933000;33;20;13;40,0
20220006934000;56;31;25;38,8
20220006935000;173;92;81;35,7
20220006936000;89;49;40;38,7
20220006938000;12;7;5;21,6
20220006939000;45;21;24;36,5
20220006940000;23;9;14;40,5
20230006467000;17;9;8;28,4
20230006468000;12;8;4;43,5
20230006469000;12;6;6;32,9
20230006470000;11;7;4;25,5
20230006479000;29;18;11;35,6
20230006485000;4;2;2;0,0
20230006488000;4;3;1;0,0
20230006489000;3;2;1;0,0
20230006499000;88;44;44;30,9
20230006500000;46;21;25;41,2
20230006502000;46;27;19;35,2
20230006503000;15;7;8;35,3
20230006504000;24;12;12;49,1
20230006505000;3;2;1;0,0
20230006509000;2;1;1;0,0
20230006510000;3;1;2;0,0
20230006534000;19;9;10;30,8
20230006539000;18;11;7;40,4
20230006542000;5;4;1;60,8
20230006576000;5;3;2;60,8
20230006626000;4;1;3;0,0
20230006647000;32;14;18;45,2
20230006648000;4;1;3;0,0
20230006669000;1;0;1;0,0
20230006713000;7;4;3;32,7
20230006714000;7;3;4;23,4
20230006720000;1;1;0;0,0
20230006751000;7;4;3;45,3
20230006752000;104;50;54;32,5
20230006753000;53;23;30;36,8
20230006806000;7;4;3;41,6
20230006807000;7;5;2;57,1
20230006808000;4;3;1;0,0
20230006820000;260;139;121;35,7
20230006821000;168;86;82;33,9
20230006833000;7;4;3;28,7
20230006842000;8;3;5;48,4
20230006843000;52;25;27;25,2
20230006844000;2;1;1;0,0
20230006847000;38;21;17;32,8
20230006853000;4;2;2;0,0
20230006854000;35;17;18;40,0
20230006861000;14;8;6;39,5
20230006862000;3;2;1;0,0
20230006869000;2;1;1;0,0
20230006891000;3;1;2;0,0
20230006894000;7;1;6;55,7
20230006896000;2;1;1;0,0
20230006898000;78;49;29;41,9
20230006899000;33;22;11;33,8
20230006900000;7;4;3;36,1
20230006901000;31;15;16;42,6
20230006902000;24;14;10;52,2
20230006929000;17;7;10;38,6
20230006933000;44;25;19;32,9
20230006934000;51;27;24;39,4
20230006935000;5;3;2;45,8
20230006936000;26;13;13;48,3
20230006937000;81;47;34;39,8
20230006938000;8;4;4;57,3
20230006939000;228;110;118;46,0
20230006940000;11;6;5;32,0
20230006941000;4;2;2;0,0
20230006943000;19;11;8;44,1
20230006944000;13;6;7;34,0
20230006946000;4;1;3;0,0
20240006466000;2;1;1;0,0
20240006468000;4;2;2;0,0
20240006469000;28;17;11;35,4
20240006470000;25;13;12;40,2
20240006473000;2;1;1;0,0
20240006480000;2;1;1;0,0
20240006482000;7;2;5;23,6
20240006483000;4;3;1;0,0
20240006485000;2;2;0;0,0
20240006487000;8;4;4;37,3
20240006488000;8;4;4;40,8
20240006499000;16;9;7;35,3
20240006503000;5;4;1;29,6
20240006504000;3;2;1;0,0
20240006505000;33;16;17;43,7
20240006506000;1;0;1;0,0
20240006540000;16;8;8;34,6
20240006541000;3;2;1;0,0
20240006547000;6;1;5;62,7
20240006548000;8;4;4;38,4
20240006550000;2;1;1;0,0
20240006551000;7;3;4;51,9
20240006626000;5;2;3;63,0
20240006713000;45;26;19;39,5
20240006720000;58;33;25;41,4
20240006721000;3;1;2;0,0
20240006722000;3;1;2;0,0
20240006723000;1;1;0;0,0
20240006751000;38;20;18;38,4
20240006752000;4;3;1;0,0
20240006753000;22;11;11;42,7
20240006775000;3;1;2;0,0
20240006821000;29;14;15;27,0
20240006832000;2;2;0;0,0
20240006833000;34;18;16;42,9
20240006842000;18;7;11;39,8
20240006843000;5;4;1;37,0
20240006847000;10;4;6;50,4
20240006848000;112;56;56;34,0
20240006849000;98;47;51;40,5
20240006850000;10;7;3;49,2
20240006854000;38;21;17;32,7
20240006855000;12;6;6;31,0
20240006896000;16;8;8;42,4
20240006898000;15;9;6;46,3
20240006902000;37;20;17;33,5
20240006911000;5;1;4;51,8
20240006937000;16;7;9;33,3
20240006938000;30;17;13;35,6
20240006939000;119;61;58;37,8
20240006941000;27;14;13;36,8
20240006942000;4;2;2;0,0
20240006943000;31;20;11;40,3
20240006944000;177;90;87;30,5
20240006946000;2;1;1;0,0
20250006463000;5;3;2;36,4
20250006464000;8;3;5;45,3
20250006465000;2;1;1;0,0
20250006466000;11;6;5;51,5
20250006467000;6;3;3;63,2
20250006468000;8;3;5;46,0
20250006469000;51;25;26;34,6
20250006470000;14;7;7;26,9
20250006488000;67;35;32;40,5
20250006489000;92;42;50;33,5
20250006510000;2;1;1;0,0
20250006535000;5;3;2;23,0
20250006541000;1;1;0;0,0
20250006548000;8;5;3;33,0
20250006551000;12;7;5;52,6
20250006552000;16;11;5;37,5
20250006671000;5;1;4;18,0
20250006687000;5;2;3;16,8
20250006720000;98;47;51;51,1
20250006721000;34;17;17;40,6
20250006728000;13;6;7;56,5
20250006729000;10;5;5;28,3
20250006751000;27;14;13;46,7
20250006752000;59;26;33;40,8
20250006753000;61;32;29;38,7
20250006754000;10;5;5;35,1
20250006775000;10;5;5;42,0
20250006833000;33;17;16;43,4
20250006834000;27;14;13;46,3
20250006841000;4;2;2;0,0
20250006842000;24;12;12;42,7
20250006848000;19;9;10;40,5
20250006849000;486;242;244;30,2
20250006850000;25;13;12;31,2
20250006854000;10;4;6;28,7
20250006855000;8;5;3;42,5
20250006882000;4;2;2;0,0
20250006883000;4;3;1;0,0
20250006895000;3;2;1;0,0
20250006896000;25;14;11;38,4
20250006897000;6;4;2;47,2
20250006902000;6;4;2;23,3
20250006912000;6;4;2;34,5
20250006914000;1;1;0;0,0
20250006915000;6;3;3;36,0
20250006927000;2;1;1;0,0
20250006929000;26;12;14;39,3
20250006935000;1;1;0;0,0
20250006937000;2;1;1;0,0
20250006938000;3;2;1;0,0
20250006939000;85;42;43;39,6
20250006942000;342;178;164;32,6
20250006943000;10;6;4;31,9
20250006944000;56;25;31;39,8
20250006946000;12;8;4;30,0
20250006948000;4;2;2;0,0
20260006463000;4;2;2;0,0
20260006464000;4;3;1;0,0
20260006465000;25;11;14;46,8
20260006466000;15;8;7;39,2
20260006467000;5;2;3;28,2
20260006468000;25;13;12;38,0
20260006469000;47;20;27;41,9
20260006470000;8;5;3;42,5
20260006473000;11;6;5;23,2
20260006475000;4;2;2;0,0
20260006476000;1;0;1;0,0
20260006477000;5;2;3;17,6
20260006481000;4;1;3;0,0
20260006484000;1;1;0;0,0
20260006488000;42;17;25;46,1
20260006489000;121;53;68;40,2
20260006513000;1;0;1;0,0
20260006519000;1;1;0;0,0
20260006534000;6;2;4;18,2
20260006549000;8;3;5;35,1
20260006551000;5;4;1;44,8
20260006552000;4;2;2;0,0
20260006553000;3;2;1;0,0
20260006632000;4;2;2;0,0
20260006671000;16;7;9;38,1
20260006686000;2;1;1;0,0
20260006720000;11;6;5;42,6
20260006721000;23;9;14;45,1
20260006723000;2;1;1;0,0
20260006728000;20;12;8;60,8
20260006729000;14;8;6;27,9
20260006750000;12;6;6;32,2
20260006751000;19;7;12;34,6
20260006752000;53;31;22;46,1
20260006753000;60;33;27;40,8
20260006754000;21;11;10;38,6
20260006775000;15;7;8;41,1
20260006812000;5;3;2;35,2
20260006832000;5;3;2;59,8
20260006834000;21;9;12;42,6
20260006841000;27;15;12;44,7
20260006842000;5;3;2;34,2
20260006848000;4;4;0;0,0
20260006849000;46;27;19;44,7
20260006856000;2;2;0;0,0
20260006888000;9;4;5;36,3
20260006890000;2;1;1;0,0
20260006895000;20;8;12;36,5
20260006897000;229;113;116;36,2
20260006898000;8;4;4;41,8
20260006913000;8;4;4;67,3
20260006914000;24;13;11;45,5
20260006915000;2;2;0;0,0
20260006916000;23;5;18;36,2
20260006928000;2;1;1;0,0
20260006929000;25;9;16;40,2
20260006933000;2;1;1;0,0
20260006935000;37;19;18;36,7
20260006936000;29;19;10;35,0
20260006939000;9;3;6;55,4
20260006940000;32;15;17;38,6
20260006941000;44;26;18;28,8
20260006942000;328;167;161;33,9
20260006943000;350;286;64;37,9
20260006944000;111;54;57;33,4
20260006945000;131;109;22;41,4
20260006946000;638;317;321;37,4
20260006947000;291;151;140;39,3
20260006948000;208;104;104;31,0
20260006949000;28;18;10;33,2
20270006457000;1;0;1;0,0
20270006461000;8;5;3;36,8
20270006464000;6;3;3;37,8
20270006465000;6;2;4;54,2
20270006467000;6;4;2;32,3
20270006468000;8;4;4;30,1
20270006469000;33;13;20;29,0
20270006470000;13;6;7;40,1
20270006473000;19;12;7;37,1
20270006475000;2;2;0;0,0
20270006480000;5;3;2;41,6
20270006488000;9;5;4;53,6
20270006489000;80;45;35;33,6
20270006490000;88;47;41;42,3
20270006491000;13;6;7;42,3
20270006549000;2;1;1;0,0
20270006550000;13;8;5;38,2
20270006553000;2;1;1;0,0
20270006554000;6;3;3;53,0
20270006625000;6;4;2;45,5
20270006626000;1;0;1;0,0
20270006627000;43;22;21;38,0
20270006723000;10;4;6;41,8
20270006729000;28;12;16;46,6
20270006730000;51;28;23;47,4
20270006749000;2;1;1;0,0
20270006750000;20;8;12;43,4
20270006751000;7;4;3;24,4
20270006814000;5;3;2;46,6
20270006831000;11;7;4;44,6
20270006832000;15;8;7;37,1
20270006833000;4;2;2;0,0
20270006835000;2;2;0;0,0
20270006837000;2;1;1;0,0
20270006841000;4;3;1;0,0
20270006842000;20;12;8;42,8
20270006848000;6;3;3;27,0
20270006849000;226;110;116;40,0
20270006850000;134;74;60;32,8
20270006888000;25;13;12;38,4
20270006889000;38;25;13;36,3
20270006895000;28;12;16;38,9
20270006896000;432;209;223;39,4
20270006897000;839;408;431;37,8
20270006898000;85;42;43;34,1
20270006913000;32;15;17;51,3
20270006914000;20;9;11;47,4
20270006918000;19;10;9;53,6
20270006919000;15;7;8;53,5
20270006924000;8;5;3;28,8
20270006925000;10;6;4;36,6
20270006935000;100;54;46;41,3
20270006938000;152;87;65;37,6
20270006939000;203;107;96;35,5
20270006941000;24;12;12;35,3
20270006942000;62;29;33;33,8
20270006943000;108;58;50;40,6
20270006944000;209;100;109;32,8
20270006945000;1027;467;560;44,8
20270006946000;1221;597;624;35,4
20270006951000;24;10;14;33,9
20280006458000;4;2;2;0,0
20280006459000;116;60;56;40,4
20280006461000;25;12;13;31,8
20280006462000;1;1;0;0,0
20280006466000;2;1;1;0,0
20280006467000;5;3;2;57,6
20280006469000;9;3;6;30,8
20280006470000;4;3;1;0,0
20280006473000;4;2;2;0,0
20280006479000;18;9;9;28,2
20280006480000;4;2;2;0,0
20280006488000;2;1;1;0,0
20280006489000;25;11;14;39,4
20280006490000;48;23;25;42,4
20280006491000;43;24;19;33,7
20280006501000;8;3;5;31,3
20280006502000;9;5;4;35,4
20280006503000;13;9;4;45,1
20280006506000;13;5;8;34,7
20280006514000;1;1;0;0,0
20280006517000;1;1;0;0,0
20280006521000;25;13;12;42,2
20280006522000;2;1;1;0,0
20280006554000;3;1;2;0,0
20280006624000;13;5;8;33,2
20280006723000;6;4;2;60,3
20280006730000;28;9;19;36,0
20280006749000;4;2;2;0,0
20280006751000;52;29;23;37,0
20280006812000;4;1;3;0,0
20280006814000;1;0;1;0,0
20280006815000;3;2;1;0,0
20280006831000;14;9;5;37,9
20280006834000;7;3;4;40,3
20280006839000;7;3;4;44,3
20280006841000;22;12;10;47,3
20280006842000;9;5;4;37,0
20280006849000;77;45;32;41,4
20280006850000;3;2;1;0,0
20280006887000;4;1;3;0,0
20280006889000;30;14;16;38,1
20280006896000;478;237;241;40,4
20280006897000;651;307;344;38,8
20280006898000;15;7;8;31,7
20280006902000;3;2;1;0,0
20280006918000;4;2;2;0,0
20280006919000;27;12;15;42,1
20280006920000;83;44;39;37,2
20280006921000;42;21;21;41,0
20280006923000;9;4;5;41,7
20280006924000;11;5;6;51,0
20280006925000;46;26;20;42,5
20280006926000;25;10;15;42,2
20280006927000;5;2;3;26,4
20280006934000;2;1;1;0,0
20280006935000;80;47;33;42,5
20280006939000;11;7;4;46,5
20280006945000;908;470;438;36,2
20280006946000;46;29;17;29,7
20280006951000;38;17;21;39,4
20280006952000;90;48;42;39,6
20280006953000;4;2;2;0,0
20290006459000;6;2;4;54,8
20290006460000;4;2;2;0,0
20290006461000;21;11;10;42,6
20290006463000;47;25;22;32,9
20290006464000;3;2;1;0,0
20290006465000;4;2;2;0,0
20290006467000;7;5;2;28,0
20290006468000;9;6;3;39,6
20290006469000;17;9;8;37,7
20290006470000;12;9;3;27,7
20290006471000;2;1;1;0,0
20290006472000;5;3;2;27,0
20290006474000;4;1;3;0,0
20290006476000;7;3;4;38,9
20290006478000;1;1;0;0,0
20290006483000;2;1;1;0,0
20290006489000;1;0;1;0,0
20290006490000;23;11;12;51,5
20290006491000;799;372;427;40,9
20290006492000;297;142;155;47,1
20290006493000;11;8;3;41,9
20290006498000;16;10;6;37,1
20290006499000;14;8;6;32,9
20290006500000;13;7;6;29,8
20290006501000;10;3;7;48,1
20290006502000;4;2;2;0,0
20290006503000;7;3;4;41,9
20290006505000;5;3;2;56,4
20290006506000;2;1;1;0,0
20290006509000;28;13;15;28,3
20290006510000;4;2;2;0,0
20290006513000;5;4;1;23,0
20290006514000;32;14;18;35,0
20290006517000;4;2;2;0,0
20290006523000;3;2;1;0,0
20290006633000;3;2;1;0,0
20290006682000;38;15;23;35,2
20290006684000;15;8;7;32,5
20290006685000;12;4;8;43,0
20290006686000;92;42;50;41,3
20290006687000;411;206;205;36,4
20290006688000;417;210;207;43,1
20290006689000;291;156;135;37,8
20290006690000;178;98;80;40,8
20290006691000;300;158;142;37,4
20290006692000;324;171;153;40,4
20290006723000;17;9;8;43,1
20290006730000;336;152;184;46,0
20290006749000;13;6;7;45,9
20290006750000;4;2;2;0,0
20290006751000;137;68;69;34,2
20290006752000;311;156;155;45,5
20290006798000;2;1;1;0,0
20290006815000;6;2;4;25,3
20290006830000;5;2;3;44,8
20290006831000;10;4;6;44,4
20290006832000;17;7;10;34,8
20290006834000;22;15;7;44,8
20290006840000;54;27;27;40,7
20290006841000;14;10;4;40,5
20290006849000;9;5;4;43,2
20290006850000;11;6;5;39,9
20290006851000;17;8;9;35,9
20290006887000;15;6;9;43,7
20290006889000;2;2;0;0,0
20290006896000;37;20;17;38,8
20290006897000;73;41;32;28,9
20290006917000;13;7;6;50,4
20290006923000;3;1;2;0,0
20290006924000;84;38;46;38,9
20290006925000;83;42;41;41,7
20290006931000;22;13;9;43,2
20290006935000;25;13;12;42,4
20290006936000;31;16;15;35,8
20290006939000;10;6;4;34,6
20290006940000;27;13;14;37,9
20290006942000;5;2;3;19,0
20290006945000;393;200;193;32,7
20290006953000;17;10;7;43,5
20300006455000;2;0;2;0,0
20300006457000;4;2;2;0,0
20300006463000;12;8;4;40,1
20300006464000;27;16;11;39,0
20300006465000;1;0;1;0,0
20300006466000;5;4;1;52,8
20300006468000;75;36;39;29,9
20300006469000;161;80;81;36,3
20300006472000;29;12;17;31,7
20300006473000;7;5;2;37,0
20300006474000;28;15;13;38,0
20300006475000;10;5;5;26,8
20300006476000;22;13;9;44,7
20300006477000;5;3;2;27,8
20300006478000;6;5;1;41,3
20300006480000;6;3;3;41,3
20300006481000;2;1;1;0,0
20300006483000;1;1;0;0,0
20300006484000;4;2;2;0,0
20300006485000;5;2;3;25,0
20300006491000;106;53;53;45,8
20300006492000;450;227;223;37,8
20300006493000;154;74;80;38,3
20300006494000;34;17;17;33,1
20300006495000;80;46;34;40,4
20300006496000;19;9;10;47,4
20300006497000;26;11;15;36,3
20300006498000;40;21;19;41,2
20300006499000;136;71;65;41,7
20300006500000;60;28;32;38,2
20300006501000;9;5;4;37,1
20300006503000;11;5;6;40,5
20300006505000;2;2;0;0,0
20300006508000;4;2;2;0,0
20300006509000;19;10;9;36,5
20300006510000;7;3;4;22,6
20300006512000;12;7;5;32,9
20300006513000;6;3;3;33,5
20300006514000;33;17;16;35,1
20300006515000;18;8;10;47,3
20300006517000;8;5;3;38,3
20300006520000;4;3;1;0,0
20300006524000;3;3;0;0,0
20300006525000;2;2;0;0,0
20300006526000;9;5;4;44,6
20300006532000;6;3;3;34,8
20300006555000;46;20;26;33,1
20300006556000;11;6;5;41,5
20300006634000;2;1;1;0,0
20300006673000;62;34;28;44,2
20300006674000;12;6;6;50,4
20300006675000;13;6;7;32,4
20300006676000;6;2;4;34,2
20300006677000;2;1;1;0,0
20300006678000;5;3;2;41,4
20300006679000;6;3;3;45,3
20300006680000;49;22;27;38,2
20300006681000;10;6;4;49,0
20300006682000;10;5;5;38,0
20300006687000;739;329;410;48,7
20300006688000;1230;575;655;45,9
20300006689000;1039;519;520;45,3
20300006690000;35;14;21;43,5
20300006696000;4;2;2;0,0
20300006730000;117;60;57;45,8
20300006749000;31;15;16;38,1
20300006750000;17;10;7;48,2
20300006751000;1;1;0;0,0
20300006752000;811;391;420;43,9
20300006809000;15;7;8;35,5
20300006829000;7;3;4;28,0
20300006830000;25;14;11;44,6
20300006834000;19;10;9;42,1
20300006839000;9;5;4;42,4
20300006850000;10;5;5;40,4
20300006851000;22;9;13;36,6
20300006852000;37;19;18;42,4
20300006884000;6;3;3;43,8
20300006896000;26;14;12;55,0
20300006897000;34;20;14;39,4
20300006921000;12;6;6;31,5
20300006922000;11;4;7;34,1
20300006930000;72;36;36;37,9
20300006931000;42;22;20;40,2
20300006940000;3;2;1;0,0
20300006942000;4;2;2;0,0
20310006455000;19;10;9;52,4
20310006458000;3;2;1;0,0
20310006463000;2;1;1;0,0
20310006465000;14;6;8;27,2
20310006466000;107;55;52;31,4
20310006469000;55;28;27;45,0
20310006470000;25;14;11;45,9
20310006471000;35;17;18;40,4
20310006472000;165;84;81;36,4
20310006473000;30;15;15;36,5
20310006474000;17;8;9;26,7
20310006475000;38;19;19;36,0
20310006476000;12;6;6;40,8
20310006481000;4;4;0;0,0
20310006485000;4;1;3;0,0
20310006486000;5;2;3;25,6
20310006491000;23;11;12;23,7
20310006492000;173;91;82;39,3
20310006493000;406;209;197;34,9
20310006496000;27;18;9;32,9
20310006497000;16;5;11;38,0
20310006498000;77;38;39;34,9
20310006499000;25;16;9;32,8
20310006500000;2;1;1;0,0
20310006501000;11;5;6;39,6
20310006502000;5;3;2;15,6
20310006503000;6;3;3;33,5
20310006504000;11;5;6;29,1
20310006510000;4;2;2;0,0
20310006511000;2;1;1;0,0
20310006514000;27;8;19;83,0
20310006515000;25;11;14;44,7
20310006516000;11;3;8;30,6
20310006518000;8;6;2;50,6
20310006526000;19;12;7;34,3
20310006546000;5;3;2;35,0
20310006556000;25;18;7;54,0
20310006558000;33;14;19;34,9
20310006559000;2;1;1;0,0
20310006634000;1;1;0;0,0
20310006673000;242;117;125;37,3
20310006674000;51;25;26;39,4
20310006675000;31;16;15;48,8
20310006676000;9;4;5;57,8
20310006677000;5;3;2;59,4
20310006689000;11;6;5;44,9
20310006694000;394;211;183;41,4
20310006697000;1;1;0;0,0
20310006698000;13;6;7;55,1
20310006699000;17;9;8;47,8
20310006700000;10;6;4;28,9
20310006730000;14;8;6;37,1
20310006747000;10;6;4;29,9
20310006748000;15;8;7;36,2
20310006749000;31;15;16;41,3
20310006750000;325;170;155;38,3
20310006751000;290;117;173;53,7
20310006752000;1428;668;760;45,3
20310006753000;13;7;6;35,5
20310006754000;3;2;1;0,0
20310006755000;102;49;53;44,2
20310006799000;3;2;1;0,0
20310006804000;5;3;2;70,2
20310006809000;72;34;38;42,5
20310006829000;8;3;5;50,4
20310006830000;1;1;0;0,0
20310006834000;21;10;11;39,5
20310006850000;5;3;2;30,4
20310006852000;9;4;5;58,9
20310006881000;23;9;14;51,3
20310006882000;80;44;36;41,7
20310006891000;40;18;22;41,5
20310006892000;23;14;9;37,8
20310006897000;54;28;26;36,3
20310006906000;3;2;1;0,0
20310006907000;10;4;6;39,1
20310006908000;1;0;1;0,0
20310006920000;3;1;2;0,0
20310006929000;18;8;10;33,8
20310006930000;42;25;17;41,4
20310006932000;14;6;8;27,6
20310006934000;3;2;1;0,0
20310006946000;32;16;16;41,5
20310006951000;6;4;2;30,8
20320006455000;21;11;10;53,8
20320006456000;8;5;3;42,4
20320006458000;10;4;6;45,5
20320006459000;4;3;1;0,0
20320006462000;7;3;4;35,7
20320006466000;13;7;6;27,6
20320006467000;16;7;9;31,3
20320006468000;254;130;124;29,9
20320006469000;21;11;10;38,8
20320006470000;764;386;378;33,6
20320006471000;181;96;85;31,5
20320006472000;222;117;105;40,2
20320006477000;5;2;3;26,8
20320006478000;7;4;3;43,7
20320006479000;20;8;12;36,2
20320006485000;12;6;6;42,4
20320006491000;5;2;3;52,4
20320006492000;5;3;2;53,2
20320006493000;30;19;11;39,0
20320006503000;9;5;4;19,2
20320006507000;5;2;3;46,6
20320006511000;12;7;5;30,7
20320006512000;4;2;2;0,0
20320006514000;1;1;0;0,0
20320006515000;18;7;11;25,8
20320006517000;5;3;2;38,6
20320006527000;2;2;0;0,0
20320006528000;4;2;2;0,0
20320006529000;4;2;2;0,0
20320006555000;2;1;1;0,0
20320006557000;5;2;3;42,4
20320006558000;40;22;18;31,1
20320006559000;21;9;12;49,5
20320006635000;9;5;4;41,9
20320006636000;12;8;4;34,6
20320006642000;1;1;0;0,0
20320006669000;2;1;1;0,0
20320006670000;6;3;3;64,8
20320006671000;6;3;3;35,8
20320006676000;11;6;5;37,5
20320006694000;259;135;124;40,2
20320006696000;11;6;5;44,2
20320006697000;4;2;2;0,0
20320006701000;19;11;8;39,6
20320006702000;2;0;2;0,0
20320006703000;22;10;12;33,5
20320006724000;27;15;12;47,9
20320006725000;24;9;15;36,4
20320006726000;5;2;3;53,8
20320006730000;9;6;3;44,9
20320006731000;6;4;2;59,7
20320006739000;10;3;7;29,4
20320006742000;2;1;1;0,0
20320006743000;1;1;0;0,0
20320006744000;11;6;5;52,3
20320006745000;26;13;13;44,5
20320006746000;16;8;8;35,1
20320006747000;24;11;13;47,0
20320006748000;77;41;36;37,8
20320006749000;21;12;9;34,5
20320006750000;111;48;63;44,0
20320006751000;829;403;426;39,6
20320006752000;1139;505;634;46,9
20320006753000;178;86;92;44,1
20320006754000;406;189;217;45,2
20320006755000;785;393;392;36,2
20320006756000;60;39;21;37,7
20320006765000;4;2;2;0,0
20320006803000;1;1;0;0,0
20320006808000;13;6;7;51,5
20320006829000;8;5;3;32,5
20320006830000;6;4;2;37,3
20320006834000;8;2;6;54,0
20320006835000;7;3;4;42,1
20320006836000;2;0;2;0,0
20320006837000;2;2;0;0,0
20320006838000;6;2;4;42,2
20320006850000;2;1;1;0,0
20320006852000;24;12;12;43,4
20320006878000;1;1;0;0,0
20320006879000;6;2;4;57,8
20320006880000;62;27;35;39,6
20320006881000;72;36;36;49,5
20320006882000;23;13;10;53,1
20320006886000;8;4;4;41,4
20320006887000;17;10;7;51,7
20320006890000;9;5;4;60,6
20320006891000;9;5;4;43,1
20320006896000;43;19;24;33,4
20320006897000;263;137;126;36,2
20320006898000;10;4;6;46,5
20320006901000;2;1;1;0,0
20320006906000;13;7;6;40,5
20320006907000;28;16;12;44,5
20320006911000;13;5;8;52,1
20320006919000;144;69;75;46,1
20320006920000;43;23;20;50,2
20320006921000;6;3;3;68,8
20320006925000;25;13;12;40,5
20320006926000;10;6;4;44,2
20320006929000;15;7;8;44,2
20320006930000;1;1;0;0,0
20320006932000;3;2;1;0,0
20320006934000;68;39;29;40,3
20320006946000;258;134;124;33,5
20330006456000;8;4;4;64,1
20330006457000;8;5;3;28,6
20330006459000;3;1;2;0,0
20330006463000;5;2;3;26,6
20330006464000;5;2;3;34,8
20330006465000;8;3;5;35,1
20330006466000;2;1;1;0,0
20330006467000;22;10;12;22,7
20330006468000;29;17;12;24,4
20330006469000;4;2;2;0,0
20330006470000;323;147;176;33,5
20330006471000;876;412;464;43,7
20330006472000;66;32;34;37,7
20330006473000;31;15;16;48,4
20330006474000;55;29;26;35,1
20330006475000;36;19;17;33,9
20330006476000;10;3;7;32,7
20330006477000;11;5;6;50,0
20330006479000;9;5;4;26,4
20330006493000;38;21;17;33,0
20330006494000;13;10;3;41,6
20330006495000;44;19;25;29,4
20330006497000;14;6;8;29,7
20330006498000;1;0;1;0,0
20330006500000;6;3;3;36,7
20330006502000;27;11;16;32,3
20330006503000;33;15;18;27,7
20330006504000;3;2;1;0,0
20330006507000;15;4;11;39,5
20330006508000;6;3;3;48,5
20330006513000;12;7;5;39,2
20330006514000;8;6;2;36,1
20330006515000;11;7;4;46,4
20330006517000;9;4;5;32,7
20330006518000;2;1;1;0,0
20330006529000;14;7;7;39,6
20330006555000;3;2;1;0,0
20330006557000;10;6;4;42,5
20330006558000;20;12;8;38,9
20330006559000;14;7;7;43,8
20330006668000;5;3;2;48,6
20330006669000;1;0;1;0,0
20330006670000;12;6;6;40,8
20330006698000;5;4;1;28,4
20330006699000;6;3;3;60,3
20330006703000;14;7;7;54,9
20330006704000;28;13;15;57,9
20330006705000;10;6;4;40,0
20330006708000;50;29;21;40,9
20330006709000;68;30;38;40,5
20330006726000;9;6;3;54,6
20330006727000;7;6;1;49,9
20330006739000;1;1;0;0,0
20330006742000;20;9;11;44,5
20330006743000;1;0;1;0,0
20330006744000;6;4;2;54,8
20330006745000;4;2;2;0,0
20330006746000;7;3;4;20,6
20330006747000;121;60;61;32,9
20330006751000;46;20;26;45,1
20330006752000;277;142;135;39,4
20330006753000;17;9;8;31,2
20330006754000;139;65;74;39,4
20330006755000;109;55;54;34,6
20330006756000;100;49;51;36,8
20330006757000;8;4;4;36,5
20330006768000;2;1;1;0,0
20330006793000;2;1;1;0,0
20330006808000;2;1;1;0,0
20330006830000;18;9;9;33,9
20330006835000;9;3;6;45,8
20330006836000;4;2;2;0,0
20330006838000;8;4;4;28,9
20330006852000;11;5;6;24,5
20330006853000;6;3;3;25,3
20330006879000;5;2;3;55,4
20330006880000;72;41;31;41,6
20330006884000;13;7;6;20,2
20330006885000;52;30;22;30,9
20330006886000;4;3;1;0,0
20330006890000;5;2;3;35,2
20330006896000;44;21;23;38,4
20330006897000;79;41;38;30,2
20330006898000;11;6;5;40,7
20330006905000;38;16;22;34,4
20330006906000;3;1;2;0,0
20330006907000;6;3;3;51,2
20330006908000;21;12;9;34,8
20330006912000;5;4;1;54,0
20330006913000;23;12;11;42,3
20330006918000;8;4;4;36,8
20330006919000;38;17;21;49,7
20330006920000;19;12;7;41,4
20330006924000;63;30;33;35,8
20330006925000;137;72;65;39,3
20330006926000;50;25;25;45,8
20330006929000;4;3;1;0,0
20330006930000;13;7;6;65,4
20330006932000;29;14;15;36,3
20330006933000;117;58;59;42,6
20330006934000;26;12;14;50,5
20330006936000;2;1;1;0,0
20330006940000;4;2;2;0,0
20330006941000;14;6;8;46,6
20330006942000;34;19;15;38,1
20330006943000;39;19;20;30,1
20330006944000;58;28;30;39,8
20330006945000;45;20;25;44,2
20330006946000;265;142;123;42,7
20340006456000;10;5;5;36,7
20340006459000;21;12;9;42,0
20340006460000;25;13;12;31,1
20340006461000;6;3;3;32,2
20340006462000;4;2;2;0,0
20340006463000;6;3;3;64,3
20340006464000;8;5;3;48,0
20340006465000;4;3;1;0,0
20340006466000;12;5;7;32,1
20340006467000;2;1;1;0,0
20340006470000;15;8;7;30,3
20340006471000;297;142;155;35,1
20340006472000;362;194;168;37,0
20340006473000;108;57;51;37,7
20340006475000;9;4;5;33,7
20340006489000;4;1;3;0,0
20340006493000;15;7;8;34,3
20340006494000;69;37;32;36,9
20340006495000;49;30;19;41,3
20340006496000;73;38;35;32,6
20340006497000;17;8;9;31,9
20340006498000;38;24;14;32,3
20340006499000;31;17;14;38,0
20340006500000;1;1;0;0,0
20340006503000;1;0;1;0,0
20340006507000;5;3;2;75,0
20340006510000;8;3;5;44,1
20340006512000;2;1;1;0,0
20340006514000;1;1;0;0,0
20340006515000;25;10;15;40,1
20340006559000;25;10;15;47,6
20340006701000;18;9;9;42,4
20340006702000;10;7;3;40,7
20340006703000;3;1;2;0,0
20340006708000;6;3;3;53,3
20340006709000;60;29;31;46,6
20340006710000;61;31;30;54,2
20340006711000;41;25;16;44,8
20340006727000;23;9;14;50,4
20340006728000;9;4;5;40,6
20340006751000;34;21;13;47,0
20340006752000;284;133;151;36,2
20340006753000;27;13;14;43,6
20340006755000;28;15;13;54,4
20340006757000;50;27;23;47,9
20340006758000;27;13;14;45,0
20340006767000;22;8;14;40,0
20340006768000;10;6;4;51,1
20340006793000;25;11;14;38,4
20340006794000;8;3;5;57,0
20340006795000;18;9;9;43,6
20340006807000;1;1;0;0,0
20340006830000;2;1;1;0,0
20340006831000;15;7;8;39,6
20340006836000;1;0;1;0,0
20340006837000;10;6;4;50,7
20340006839000;11;3;8;29,0
20340006851000;3;2;1;0,0
20340006853000;59;27;32;39,7
20340006873000;2;1;1;0,0
20340006879000;64;33;31;37,6
20340006880000;63;28;35;37,4
20340006883000;30;17;13;36,9
20340006884000;128;64;64;41,4
20340006885000;21;11;10;43,0
20340006889000;3;2;1;0,0
20340006895000;17;8;9;36,8
20340006896000;17;10;7;36,3
20340006897000;15;9;6;37,1
20340006898000;9;6;3;25,3
20340006905000;7;2;5;40,1
20340006906000;9;4;5;48,2
20340006912000;15;7;8;32,7
20340006913000;29;16;13;41,3
20340006914000;9;5;4;49,0
20340006918000;4;3;1;0,0
20340006923000;177;84;93;37,6
20340006924000;157;84;73;40,3
20340006925000;66;34;32;45,4
20340006926000;25;13;12;35,6
20340006928000;11;5;6;41,3
20340006930000;47;22;25;43,3
20340006937000;5;4;1;51,0
20340006940000;10;5;5;41,5
20340006942000;11;7;4;42,9
20340006944000;48;27;21;41,2
20340006945000;43;21;22;41,7
20340006946000;35;18;17;47,7
20340006947000;339;172;167;38,3
20350006460000;3;2;1;0,0
20350006461000;50;26;24;36,5
20350006465000;7;4;3;61,0
20350006467000;20;12;8;29,3
20350006468000;4;3;1;0,0
20350006470000;17;8;9;45,8
20350006471000;4;2;2;0,0
20350006472000;300;136;164;31,2
20350006473000;923;427;496;42,4
20350006474000;11;5;6;54,1
20350006475000;23;12;11;28,9
20350006476000;9;3;6;31,4
20350006477000;1;1;0;0,0
20350006478000;3;2;1;0,0
20350006482000;1;1;0;0,0
20350006485000;3;1;2;0,0
20350006489000;1;1;0;0,0
20350006494000;22;9;13;33,5
20350006496000;34;16;18;36,8
20350006497000;23;16;7;22,7
20350006498000;4;2;2;0,0
20350006500000;14;7;7;30,4
20350006501000;11;6;5;27,2
20350006506000;2;2;0;0,0
20350006508000;26;14;12;35,5
20350006509000;9;6;3;47,6
20350006510000;7;3;4;57,7
20350006511000;1;1;0;0,0
20350006512000;18;11;7;34,4
20350006513000;10;3;7;43,3
20350006514000;2;1;1;0,0
20350006515000;1;0;1;0,0
20350006530000;11;6;5;53,5
20350006531000;2;1;1;0,0
20350006559000;3;2;1;0,0
20350006561000;15;9;6;38,2
20350006562000;7;3;4;35,3
20350006568000;4;3;1;0,0
20350006648000;1;1;0;0,0
20350006695000;7;3;4;49,1
20350006703000;33;19;14;41,2
20350006704000;43;20;23;42,8
20350006705000;13;7;6;43,8
20350006711000;1;1;0;0,0
20350006712000;20;12;8;34,2
20350006713000;1;1;0;0,0
20350006728000;17;11;6;55,1
20350006729000;6;4;2;59,0
20350006732000;7;3;4;57,1
20350006749000;9;5;4;37,4
20350006750000;28;14;14;40,9
20350006751000;75;37;38;35,5
20350006752000;12;5;7;36,1
20350006753000;127;65;62;40,4
20350006754000;9;6;3;27,8
20350006755000;3;2;1;0,0
20350006756000;20;13;7;47,9
20350006757000;23;12;11;41,9
20350006758000;12;8;4;55,4
20350006759000;9;4;5;42,4
20350006760000;1;1;0;0,0
20350006762000;5;4;1;58,2
20350006766000;11;6;5;44,5
20350006767000;14;8;6;31,0
20350006770000;5;3;2;31,8
20350006773000;9;3;6;33,4
20350006774000;14;9;5;58,3
20350006795000;10;5;5;52,7
20350006796000;10;6;4;39,9
20350006806000;1;1;0;0,0
20350006839000;17;9;8;45,6
20350006850000;9;3;6;38,4
20350006852000;2;1;1;0,0
20350006853000;97;59;38;34,1
20350006854000;17;9;8;53,1
20350006878000;15;7;8;40,0
20350006879000;47;22;25;39,4
20350006881000;22;11;11;47,1
20350006882000;93;46;47;38,7
20350006883000;44;24;20;40,5
20350006884000;37;17;20;39,2
20350006885000;12;5;7;40,8
20350006886000;9;4;5;45,9
20350006895000;20;12;8;40,3
20350006912000;3;1;2;0,0
20350006914000;8;5;3;65,4
20350006916000;24;13;11;41,7
20350006917000;2;1;1;0,0
20350006920000;5;2;3;40,6
20350006921000;183;93;90;38,5
20350006922000;1186;564;622;42,5
20350006923000;936;453;483;38,2
20350006925000;4;3;1;0,0
20350006926000;40;19;21;40,2
20350006927000;21;12;9;44,1
20350006928000;54;31;23;38,9
20350006930000;17;9;8;54,6
20350006934000;1;1;0;0,0
20350006937000;5;2;3;63,2
20350006941000;14;8;6;26,2
20350006942000;2;1;1;0,0
20350006947000;159;79;80;38,6
20350006948000;6;3;3;49,7
20350006950000;21;12;9;42,1
20350006951000;4;3;1;0,0
20350006958000;34;15;19;32,1
20350006960000;56;29;27;39,9
20350006961000;102;51;51;43,1
20360006460000;295;143;152;40,3
20360006461000;82;46;36;42,7
20360006463000;12;7;5;64,8
20360006464000;14;9;5;51,6
20360006466000;8;4;4;37,6
20360006467000;6;3;3;34,2
20360006468000;6;3;3;47,8
20360006469000;2;1;1;0,0
20360006471000;2;0;2;0,0
20360006472000;22;11;11;31,2
20360006473000;497;253;244;37,2
20360006474000;13;8;5;25,1
20360006475000;18;10;8;32,8
20360006477000;6;2;4;48,0
20360006478000;2;1;1;0,0
20360006483000;4;3;1;0,0
20360006486000;2;1;1;0,0
20360006489000;5;3;2;41,8
20360006494000;2;1;1;0,0
20360006500000;7;5;2;24,1
20360006512000;4;2;2;0,0
20360006513000;6;3;3;28,5
20360006563000;26;12;14;41,3
20360006570000;9;7;2;25,0
20360006643000;5;3;2;37,4
20360006645000;2;1;1;0,0
20360006706000;82;43;39;35,6
20360006707000;65;31;34;37,5
20360006708000;2;2;0;0,0
20360006709000;18;7;11;35,3
20360006712000;11;5;6;44,4
20360006713000;160;86;74;39,0
20360006714000;41;23;18;45,0
20360006729000;21;12;9;48,0
20360006749000;19;9;10;41,6
20360006750000;30;14;16;37,1
20360006751000;7;4;3;51,9
20360006753000;71;36;35;40,3
20360006754000;13;6;7;39,6
20360006755000;14;6;8;28,4
20360006756000;69;40;29;38,6
20360006757000;33;14;19;40,5
20360006758000;24;12;12;40,7
20360006759000;10;4;6;36,4
20360006760000;21;11;10;36,9
20360006761000;20;11;9;44,7
20360006762000;9;6;3;55,3
20360006766000;30;13;17;37,2
20360006767000;50;23;27;40,4
20360006768000;60;27;33;37,5
20360006772000;23;13;10;40,8
20360006773000;6;2;4;68,3
20360006774000;72;32;40;40,1
20360006775000;23;11;12;47,5
20360006793000;48;24;24;45,8
20360006794000;9;6;3;39,7
20360006796000;2;1;1;0,0
20360006798000;6;2;4;73,8
20360006805000;8;4;4;56,4
20360006831000;4;2;2;0,0
20360006850000;36;21;15;45,5
20360006854000;21;12;9;38,0
20360006855000;3;1;2;0,0
20360006878000;37;18;19;44,5
20360006879000;261;128;133;42,7
20360006880000;138;59;79;44,3
20360006881000;157;77;80;40,7
20360006882000;55;32;23;40,4
20360006883000;34;18;16;37,6
20360006886000;29;17;12;36,8
20360006895000;5;2;3;40,8
20360006914000;14;8;6;32,5
20360006919000;7;3;4;62,3
20360006921000;114;50;64;33,6
20360006922000;1112;556;556;36,7
20360006923000;541;272;269;37,3
20360006926000;342;160;182;33,3
20360006927000;295;153;142;37,2
20360006929000;39;20;19;44,8
20360006930000;4;1;3;0,0
20360006941000;1;0;1;0,0
20360006942000;5;2;3;37,4
20360006943000;56;40;16;36,1
20360006944000;1;0;1;0,0
20360006946000;137;68;69;35,3
20360006947000;746;375;371;37,2
20360006948000;565;257;308;44,7
20360006950000;152;80;72;34,7
20360006951000;177;92;85;38,6
20360006952000;14;9;5;51,7
20360006953000;1;1;0;0,0
20360006958000;163;73;90;33,9
20360006960000;27;12;15;42,9
20370006460000;146;69;77;36,3
20370006461000;32;17;15;38,9
20370006463000;20;11;9;37,8
20370006466000;20;12;8;41,3
20370006469000;4;1;3;0,0
20370006470000;3;2;1;0,0
20370006471000;7;3;4;33,3
20370006472000;3;2;1;0,0
20370006473000;23;12;11;40,5
20370006477000;35;19;16;28,3
20370006480000;2;1;1;0,0
20370006481000;6;3;3;47,3
20370006483000;3;2;1;0,0
20370006485000;1;1;0;0,0
20370006511000;4;2;2;0,0
20370006512000;18;9;9;44,7
20370006518000;8;4;4;37,3
20370006563000;10;5;5;27,9
20370006568000;4;2;2;0,0
20370006569000;5;3;2;29,0
20370006570000;2;1;1;0,0
20370006634000;11;6;5;39,5
20370006635000;2;1;1;0,0
20370006636000;1;1;0;0,0
20370006650000;1;1;0;0,0
20370006651000;5;4;1;29,6
20370006707000;9;4;5;46,2
20370006708000;29;17;12;45,8
20370006709000;81;41;40;42,4
20370006710000;45;23;22;43,1
20370006711000;53;30;23;46,8
20370006712000;5;2;3;55,8
20370006714000;7;2;5;63,9
20370006715000;1;1;0;0,0
20370006717000;9;3;6;44,1
20370006718000;3;1;2;0,0
20370006728000;6;3;3;48,2
20370006731000;6;5;1;16,5
20370006748000;138;70;68;36,6
20370006749000;455;241;214;28,8
20370006750000;193;100;93;33,4
20370006751000;124;66;58;39,5
20370006752000;27;12;15;43,0
20370006753000;57;27;30;36,6
20370006754000;10;6;4;46,0
20370006755000;98;48;50;37,1
20370006756000;126;56;70;37,3
20370006760000;4;2;2;0,0
20370006761000;14;7;7;37,8
20370006762000;7;5;2;51,9
20370006764000;2;1;1;0,0
20370006765000;9;5;4;48,0
20370006766000;32;16;16;41,3
20370006767000;11;4;7;48,1
20370006768000;96;47;49;36,0
20370006769000;14;8;6;28,8
20370006771000;6;3;3;30,3
20370006772000;2;1;1;0,0
20370006775000;38;22;16;44,4
20370006776000;10;5;5;42,0
20370006791000;11;7;4;57,5
20370006792000;1;1;0;0,0
20370006793000;2;1;1;0,0
20370006806000;5;3;2;72,2
20370006850000;4;1;3;0,0
20370006878000;39;20;19;38,6
20370006879000;679;332;347;43,4
20370006880000;395;194;201;41,2
20370006881000;295;146;149;35,9
20370006882000;50;29;21;39,2
20370006896000;10;5;5;41,5
20370006902000;3;2;1;0,0
20370006917000;4;2;2;0,0
20370006918000;2;1;1;0,0
20370006922000;905;452;453;34,9
20370006923000;170;86;84;45,6
20370006926000;510;280;230;38,3
20370006927000;2;1;1;0,0
20370006928000;9;6;3;32,7
20370006929000;207;115;92;32,9
20370006939000;2;1;1;0,0
20370006943000;20;11;9;50,6
20370006944000;101;53;48;43,1
20370006946000;305;160;145;34,5
20370006947000;125;59;66;42,3
20370006948000;353;176;177;37,5
20370006949000;4;2;2;0,0
20370006958000;63;36;27;39,4
20370006959000;16;8;8;43,1
20380006460000;7;3;4;37,6
20380006463000;2;1;1;0,0
20380006464000;2;1;1;0,0
20380006468000;10;4;6;27,3
20380006471000;5;3;2;29,0
20380006472000;18;8;10;21,2
20380006478000;4;3;1;0,0
20380006479000;20;8;12;43,1
20380006480000;2;2;0;0,0
20380006481000;7;4;3;23,9
20380006484000;13;9;4;40,8
20380006511000;6;4;2;23,0
20380006569000;1;1;0;0,0
20380006570000;8;2;6;14,6
20380006633000;2;1;1;0,0
20380006634000;10;4;6;35,5
20380006637000;1;1;0;0,0
20380006640000;72;41;31;43,9
20380006656000;2;1;1;0,0
20380006659000;13;7;6;37,0
20380006677000;1;1;0;0,0
20380006718000;26;14;12;51,4
20380006719000;48;21;27;43,3
20380006720000;27;12;15;57,8
20380006728000;3;1;2;0,0
20380006747000;20;13;7;51,4
20380006748000;82;32;50;33,4
20380006749000;122;62;60;35,7
20380006750000;28;15;13;43,0
20380006753000;1;1;0;0,0
20380006754000;11;6;5;37,7
20380006755000;34;19;15;36,8
20380006768000;5;3;2;41,2
20380006769000;126;69;57;32,3
20380006776000;9;3;6;53,8
20380006777000;2;0;2;0,0
20380006806000;1;1;0;0,0
20380006839000;3;2;1;0,0
20380006852000;7;3;4;51,4
20380006878000;56;28;28;43,8
20380006879000;308;135;173;41,7
20380006880000;3;1;2;0,0
20380006889000;33;18;15;37,0
20380006916000;3;2;1;0,0
20380006917000;27;13;14;38,9
20380006920000;2;1;1;0,0
20380006921000;37;27;10;37,8
20380006922000;702;340;362;34,3
20380006926000;453;230;223;34,9
20380006927000;39;19;20;38,2
20380006928000;579;284;295;40,9
20380006929000;31;17;14;44,8
20380006938000;50;26;24;48,7
20380006939000;168;88;80;41,4
20380006943000;1;1;0;0,0
20380006944000;177;85;92;34,5
20380006945000;353;194;159;36,5
20380006946000;50;20;30;43,6
20380006958000;105;46;59;40,9
20380006959000;358;174;184;39,0
20390006461000;83;40;43;33,6
20390006462000;7;4;3;50,1
20390006464000;10;7;3;37,5
20390006465000;10;4;6;50,0
20390006468000;1;1;0;0,0
20390006471000;10;6;4;23,3
20390006472000;9;4;5;21,1
20390006479000;11;6;5;23,4
20390006480000;13;5;8;28,2
20390006481000;4;3;1;0,0
20390006483000;1;1;0;0,0
20390006569000;2;1;1;0,0
20390006640000;44;20;24;37,8
20390006641000;26;13;13;37,5
20390006651000;1;1;0;0,0
20390006652000;2;1;1;0,0
20390006659000;36;16;20;42,9
20390006676000;1;1;0;0,0
20390006714000;28;13;15;34,1
20390006715000;87;47;40;38,8
20390006716000;76;33;43;42,7
20390006717000;12;7;5;33,2
20390006720000;5;2;3;17,6
20390006721000;45;23;22;43,2
20390006722000;55;34;21;38,5
20390006723000;2;2;0;0,0
20390006727000;49;21;28;42,7
20390006728000;67;26;41;46,9
20390006733000;19;9;10;56,3
20390006747000;9;6;3;29,9
20390006748000;26;11;15;43,4
20390006749000;4;2;2;0,0
20390006753000;1;1;0;0,0
20390006769000;47;27;20;35,6
20390006776000;11;6;5;44,8
20390006777000;2;1;1;0,0
20390006778000;1;1;0;0,0
20390006840000;9;4;5;43,2
20390006850000;3;1;2;0,0
20390006851000;2;1;1;0,0
20390006852000;2;1;1;0,0
20390006853000;3;2;1;0,0
20390006877000;5;3;2;41,8
20390006878000;5;2;3;21,8
20390006889000;15;10;5;36,9
20390006890000;17;10;7;49,6
20390006896000;2;1;1;0,0
20390006897000;9;5;4;45,0
20390006916000;20;9;11;31,7
20390006917000;4;2;2;0,0
20390006922000;51;24;27;39,6
20390006926000;237;106;131;36,3
20390006927000;424;207;217;41,7
20390006928000;1594;749;845;42,8
20390006929000;102;49;53;41,3
20390006938000;42;25;17;38,1
20390006939000;183;94;89;39,9
20390006940000;39;19;20;43,1
20390006944000;30;15;15;41,4
20390006945000;167;87;80;37,4
20390006958000;13;7;6;42,0
20390006959000;121;58;63;38,2
20390006960000;5;4;1;55,6
20390006961000;40;17;23;43,2
20390006962000;421;219;202;35,4
20390006966000;39;22;17;43,4
20390006967000;2;1;1;0,0
20400006460000;279;153;126;31,6
20400006461000;25;14;11;41,4
20400006462000;9;4;5;34,2
20400006466000;24;13;11;42,1
20400006467000;7;4;3;31,9
20400006468000;11;6;5;45,8
20400006470000;11;6;5;30,9
20400006471000;7;5;2;39,3
20400006473000;14;6;8;30,0
20400006474000;6;3;3;58,7
20400006480000;16;7;9;25,3
20400006481000;22;8;14;45,5
20400006482000;1;1;0;0,0
20400006502000;2;1;1;0,0
20400006513000;1;1;0;0,0
20400006516000;1;1;0;0,0
20400006529000;1;1;0;0,0
20400006640000;7;4;3;35,7
20400006658000;13;4;9;34,8
20400006660000;5;3;2;16,8
20400006716000;284;154;130;40,6
20400006717000;140;70;70;38,8
20400006718000;69;30;39;42,0
20400006719000;5;2;3;42,0
20400006720000;2;1;1;0,0
20400006722000;28;14;14;41,0
20400006723000;42;20;22;49,3
20400006724000;14;6;8;27,0
20400006725000;1;0;1;0,0
20400006726000;4;1;3;0,0
20400006727000;8;4;4;32,6
20400006730000;8;3;5;46,9
20400006744000;2;1;1;0,0
20400006747000;11;5;6;46,1
20400006748000;38;18;20;38,4
20400006755000;1;1;0;0,0
20400006756000;12;6;6;53,0
20400006769000;4;3;1;0,0
20400006801000;4;2;2;0,0
20400006805000;2;2;0;0,0
20400006839000;17;7;10;35,3
20400006840000;22;13;9;41,0
20400006850000;2;1;1;0,0
20400006851000;14;6;8;59,2
20400006853000;11;7;4;43,4
20400006854000;20;10;10;39,8
20400006855000;26;16;10;43,8
20400006877000;20;8;12;37,2
20400006889000;3;1;2;0,0
20400006897000;7;3;4;49,0
20400006898000;3;2;1;0,0
20400006900000;7;4;3;33,4
20400006914000;7;6;1;44,0
20400006916000;44;21;23;41,3
20400006918000;7;4;3;27,4
20400006922000;14;10;4;41,6
20400006925000;11;5;6;43,0
20400006926000;89;46;43;37,6
20400006927000;844;424;420;32,0
20400006928000;959;483;476;39,9
20400006937000;9;6;3;60,9
20400006938000;25;15;10;36,2
20400006944000;6;4;2;57,3
20400006945000;1;0;1;0,0
20400006961000;58;33;25;42,8
20400006962000;207;96;111;39,5
20400006963000;11;7;4;31,5
20400006966000;69;36;33;34,3
20400006967000;213;111;102;35,7
20400006968000;86;49;37;39,3
20410006458000;18;9;9;57,9
20410006459000;54;26;28;43,9
20410006460000;26;12;14;35,6
20410006461000;15;6;9;38,9
20410006462000;9;4;5;19,4
20410006463000;2;1;1;0,0
20410006464000;4;3;1;0,0
20410006467000;9;5;4;40,7
20410006470000;2;1;1;0,0
20410006473000;7;5;2;42,6
20410006474000;6;3;3;35,8
20410006475000;1;1;0;0,0
20410006478000;1;0;1;0,0
20410006481000;25;14;11;24,6
20410006482000;134;67;67;31,2
20410006483000;13;7;6;33,8
20410006512000;40;20;20;39,8
20410006513000;40;22;18;40,5
20410006515000;15;8;7;50,5
20410006516000;17;10;7;36,7
20410006627000;2;1;1;0,0
20410006658000;14;7;7;23,0
20410006659000;8;3;5;41,1
20410006660000;55;27;28;37,8
20410006661000;15;7;8;30,5
20410006720000;47;28;19;45,7
20410006721000;17;8;9;51,4
20410006724000;2;2;0;0,0
20410006725000;18;9;9;59,0
20410006730000;4;2;2;0,0
20410006734000;25;13;12;47,3
20410006735000;35;18;17;39,7
20410006736000;17;11;6;34,4
20410006756000;50;27;23;34,7
20410006758000;5;2;3;70,0
20410006767000;13;7;6;37,9
20410006768000;113;49;64;49,5
20410006769000;59;31;28;41,4
20410006801000;1;0;1;0,0
20410006806000;16;9;7;45,8
20410006807000;9;4;5;44,0
20410006839000;15;6;9;37,0
20410006851000;8;3;5;53,0
20410006852000;7;4;3;41,0
20410006854000;51;29;22;43,5
20410006855000;44;22;22;39,8
20410006876000;9;5;4;29,3
20410006897000;22;10;12;40,8
20410006898000;8;3;5;43,8
20410006912000;11;5;6;45,2
20410006913000;30;13;17;39,1
20410006924000;11;5;6;34,5
20410006925000;15;8;7;48,4
20410006926000;43;19;24;41,0
20410006927000;57;38;19;25,3
20410006928000;60;34;26;33,5
20410006929000;2;1;1;0,0
20410006936000;18;10;8;36,3
20410006937000;37;18;19;43,1
20410006941000;87;34;53;51,6
20410006956000;88;48;40;37,5
20410006966000;48;22;26;44,7
20410006967000;83;36;47;41,8
20410006968000;68;30;38;44,2
20420006460000;14;10;4;37,3
20420006461000;12;7;5;34,3
20420006463000;5;3;2;15,8
20420006466000;2;2;0;0,0
20420006467000;11;5;6;33,3
20420006468000;1;1;0;0,0
20420006471000;1;0;1;0,0
20420006472000;7;3;4;27,0
20420006474000;9;4;5;23,8
20420006475000;16;6;10;23,8
20420006479000;1;0;1;0,0
20420006482000;5;2;3;19,2
20420006483000;8;5;3;29,8
20420006484000;32;15;17;42,9
20420006486000;13;7;6;37,2
20420006487000;14;6;8;46,6
20420006511000;19;9;10;31,3
20420006512000;6;4;2;28,2
20420006640000;10;5;5;47,0
20420006641000;1;0;1;0,0
20420006660000;49;23;26;53,5
20420006661000;252;123;129;47,3
20420006721000;29;14;15;40,8
20420006722000;87;49;38;43,3
20420006723000;26;15;11;33,3
20420006733000;8;4;4;49,4
20420006734000;8;4;4;55,5
20420006735000;2;1;1;0,0
20420006746000;13;8;5;34,5
20420006755000;5;4;1;47,4
20420006756000;37;18;19;38,0
20420006767000;3;2;1;0,0
20420006768000;5;4;1;65,6
20420006769000;45;25;20;46,0
20420006790000;4;2;2;0,0
20420006806000;2;1;1;0,0
20420006807000;11;5;6;36,8
20420006839000;7;3;4;36,9
20420006855000;41;21;20;43,0
20420006877000;4;2;2;0,0
20420006897000;4;2;2;0,0
20420006913000;21;12;9;48,3
20420006915000;1;1;0;0,0
20420006916000;2;1;1;0,0
20420006917000;1;1;0;0,0
20420006922000;2;1;1;0,0
20420006924000;16;8;8;57,5
20420006925000;117;62;55;35,0
20420006926000;22;9;13;45,5
20420006935000;1;1;0;0,0
20420006936000;7;5;2;63,1
20420006940000;15;9;6;39,5
20420006941000;86;48;38;44,0
20420006949000;23;12;11;38,5
20420006956000;643;324;319;36,2
20420006957000;1167;593;574;40,4
20420006958000;220;112;108;39,8
20420006961000;434;224;210;35,2
20420006962000;76;32;44;34,9
20420006967000;58;34;24;34,3
20420006968000;125;54;71;52,4
20420006969000;8;5;3;29,0
20420006970000;18;10;8;45,3
20430006458000;1;1;0;0,0
20430006459000;7;5;2;56,6
20430006460000;19;10;9;47,3
20430006466000;28;16;12;43,7
20430006468000;2;2;0;0,0
20430006472000;3;1;2;0,0
20430006482000;3;2;1;0,0
20430006484000;27;17;10;37,4
20430006487000;3;2;1;0,0
20430006499000;9;6;3;42,2
20430006500000;18;13;5;35,7
20430006501000;13;8;5;33,5
20430006502000;4;1;3;0,0
20430006509000;3;2;1;0,0
20430006511000;28;15;13;38,1
20430006512000;7;3;4;31,9
20430006661000;21;8;13;38,0
20430006722000;5;4;1;78,0
20430006728000;6;4;2;46,8
20430006735000;1;0;1;0,0
20430006745000;11;6;5;40,4
20430006746000;7;4;3;47,1
20430006747000;1;1;0;0,0
20430006756000;34;21;13;44,2
20430006757000;1;1;0;0,0
20430006768000;18;10;8;40,7
20430006769000;19;8;11;39,7
20430006797000;6;3;3;49,3
20430006798000;15;8;7;50,7
20430006799000;22;14;8;50,5
20430006802000;1;0;1;0,0
20430006816000;10;6;4;56,0
20430006839000;12;7;5;42,6
20430006851000;4;3;1;0,0
20430006855000;10;5;5;69,7
20430006863000;8;3;5;30,5
20430006889000;16;10;6;48,6
20430006890000;5;3;2;46,8
20430006895000;6;2;4;28,0
20430006898000;8;5;3;52,0
20430006915000;6;4;2;58,2
20430006922000;45;26;19;41,8
20430006923000;86;45;41;44,1
20430006924000;67;36;31;46,3
20430006925000;48;22;26;30,1
20430006926000;24;11;13;27,3
20430006949000;19;12;7;51,3
20430006950000;1;1;0;0,0
20430006956000;387;186;201;34,6
20430006957000;968;509;459;38,3
20430006958000;386;197;189;44,6
20430006960000;165;82;83;34,0
20430006961000;874;428;446;39,1
20430006962000;427;204;223;32,4
20430006963000;2;1;1;0,0
20430006964000;98;46;52;35,1
20430006968000;42;23;19;44,5
20430006970000;178;94;84;39,5
20440006460000;82;41;41;37,5
20440006461000;32;16;16;44,5
20440006462000;10;5;5;35,8
20440006463000;7;4;3;29,1
20440006464000;4;3;1;0,0
20440006465000;18;8;10;44,4
20440006466000;8;4;4;44,6
20440006489000;6;4;2;75,7
20440006490000;1;0;1;0,0
20440006491000;62;28;34;35,6
20440006492000;59;32;27;48,1
20440006494000;2;1;1;0,0
20440006497000;3;2;1;0,0
20440006498000;16;10;6;47,7
20440006499000;4;2;2;0,0
20440006500000;15;10;5;42,1
20440006501000;2;1;1;0,0
20440006502000;5;2;3;55,8
20440006503000;3;2;1;0,0
20440006508000;1;1;0;0,0
20440006510000;73;41;32;38,1
20440006511000;30;15;15;34,1
20440006515000;2;1;1;0,0
20440006661000;7;5;2;19,4
20440006720000;3;2;1;0,0
20440006721000;494;225;269;42,4
20440006722000;4;3;1;0,0
20440006739000;2;1;1;0,0
20440006743000;3;2;1;0,0
20440006744000;17;10;7;45,1
20440006745000;28;15;13;41,7
20440006746000;4;3;1;0,0
20440006756000;2;1;1;0,0
20440006768000;17;8;9;32,7
20440006769000;12;7;5;45,7
20440006770000;5;1;4;23,0
20440006798000;18;12;6;39,0
20440006799000;47;26;21;46,8
20440006800000;25;16;9;37,2
20440006803000;9;2;7;34,8
20440006807000;7;4;3;32,0
20440006813000;2;0;2;0,0
20440006816000;12;6;6;41,8
20440006817000;4;2;2;0,0
20440006840000;15;7;8;42,7
20440006851000;3;1;2;0,0
20440006853000;5;3;2;53,4
20440006855000;33;15;18;47,2
20440006867000;43;24;19;39,3
20440006869000;6;2;4;39,7
20440006870000;30;16;14;39,2
20440006877000;2;1;1;0,0
20440006889000;72;42;30;41,0
20440006890000;57;34;23;36,0
20440006895000;10;3;7;42,9
20440006898000;11;6;5;44,2
20440006901000;2;1;1;0,0
20440006912000;15;6;9;40,6
20440006914000;1;1;0;0,0
20440006920000;1;1;0;0,0
20440006921000;67;32;35;43,6
20440006922000;6;4;2;65,2
20440006923000;48;22;26;33,8
20440006925000;7;3;4;67,4
20440006926000;42;23;19;43,2
20440006927000;12;4;8;33,8
20440006949000;12;7;5;46,9
20440006954000;64;31;33;36,5
20440006956000;770;396;374;35,5
20440006957000;931;508;423;43,5
20440006958000;1309;703;606;38,2
20440006960000;3;1;2;0,0
20440006961000;335;164;171;36,1
20440006962000;626;329;297;33,9
20440006963000;524;273;251;34,4
20440006964000;18;12;6;40,4
20440006965000;41;22;19;42,7
20440006966000;6;4;2;46,7
20440006967000;52;31;21;34,3
20440006968000;60;34;26;41,4
20440006969000;69;35;34;42,5
20440006970000;455;237;218;37,5
20440006971000;4;3;1;0,0
20450006458000;12;6;6;48,2
20450006460000;73;36;37;31,1
20450006461000;38;22;16;38,2
20450006462000;107;56;51;40,9
20450006463000;1;0;1;0,0
20450006464000;16;8;8;40,5
20450006465000;12;5;7;31,9
20450006468000;7;3;4;51,3
20450006478000;4;3;1;0,0
20450006492000;5;3;2;30,4
20450006493000;11;7;4;27,9
20450006494000;4;2;2;0,0
20450006495000;46;22;24;42,8
20450006496000;106;52;54;39,4
20450006497000;102;57;45;32,3
20450006506000;4;1;3;0,0
20450006507000;53;27;26;34,1
20450006508000;54;25;29;32,6
20450006509000;65;32;33;39,9
20450006510000;5;1;4;32,2
20450006639000;6;3;3;15,2
20450006640000;20;12;8;45,9
20450006663000;3;2;1;0,0
20450006720000;1;0;1;0,0
20450006721000;37;19;18;34,0
20450006725000;9;7;2;28,0
20450006726000;1;0;1;0,0
20450006737000;2;1;1;0,0
20450006738000;10;4;6;52,1
20450006739000;6;4;2;54,5
20450006740000;7;4;3;50,0
20450006741000;2;1;1;0,0
20450006742000;9;6;3;44,6
20450006743000;36;17;19;34,6
20450006744000;21;11;10;47,9
20450006746000;6;4;2;31,5
20450006756000;1;0;1;0,0
20450006769000;4;2;2;0,0
20450006770000;9;6;3;47,9
20450006794000;1;1;0;0,0
20450006795000;20;10;10;43,9
20450006796000;7;4;3;41,4
20450006799000;49;25;24;41,2
20450006800000;72;33;39;46,8
20450006801000;39;20;19;46,8
20450006803000;4;2;2;0,0
20450006807000;1;1;0;0,0
20450006808000;1;1;0;0,0
20450006809000;7;4;3;43,6
20450006810000;4;3;1;0,0
20450006811000;11;6;5;58,5
20450006812000;5;3;2;63,4
20450006813000;131;70;61;36,0
20450006814000;367;180;187;40,9
20450006815000;290;135;155;40,0
20450006816000;11;6;5;38,6
20450006822000;14;7;7;32,3
20450006823000;7;3;4;57,6
20450006851000;3;2;1;0,0
20450006853000;18;12;6;43,4
20450006876000;11;7;4;46,5
20450006877000;6;4;2;41,5
20450006885000;4;3;1;0,0
20450006889000;16;7;9;31,7
20450006899000;3;2;1;0,0
20450006911000;3;2;1;0,0
20450006912000;14;8;6;45,8
20450006913000;2;1;1;0,0
20450006914000;1;1;0;0,0
20450006920000;47;24;23;41,5
20450006921000;30;18;12;43,3
20450006926000;30;18;12;39,4
20450006927000;28;17;11;42,5
20450006928000;14;10;4;36,1
20450006929000;9;4;5;39,3
20450006942000;8;4;4;28,9
20450006943000;32;12;20;38,3
20450006953000;496;248;248;35,5
20450006954000;216;115;101;37,9
20450006956000;296;162;134;37,6
20450006957000;1510;837;673;39,0
20450006958000;1387;774;613;39,2
20450006970000;161;84;77;35,1
20460006458000;15;10;5;37,4
20460006459000;11;6;5;39,3
20460006461000;4;2;2;0,0
20460006462000;29;16;13;42,8
20460006463000;442;195;247;41,8
20460006464000;635;322;313;39,5
20460006465000;4;2;2;0,0
20460006467000;14;9;5;29,3
20460006470000;2;1;1;0,0
20460006493000;11;4;7;21,8
20460006494000;4;3;1;0,0
20460006496000;9;5;4;59,1
20460006497000;2;1;1;0,0
20460006498000;7;3;4;46,9
20460006499000;10;4;6;32,1
20460006500000;2;2;0;0,0
20460006505000;1;1;0;0,0
20460006506000;1;1;0;0,0
20460006507000;5;2;3;20,4
20460006508000;135;74;61;32,0
20460006727000;23;12;11;32,6
20460006731000;3;2;1;0,0
20460006737000;33;16;17;35,1
20460006738000;330;147;183;44,0
20460006739000;7;4;3;31,9
20460006740000;14;8;6;35,9
20460006742000;22;12;10;49,5
20460006755000;14;10;4;42,8
20460006756000;5;2;3;48,2
20460006769000;39;19;20;36,5
20460006770000;28;14;14;38,7
20460006795000;10;9;1;48,6
20460006796000;4;2;2;0,0
20460006799000;29;16;13;46,0
20460006800000;264;136;128;37,1
20460006801000;729;353;376;45,9
20460006802000;16;7;9;33,4
20460006815000;61;27;34;41,5
20460006816000;11;6;5;45,0
20460006821000;1;1;0;0,0
20460006822000;12;7;5;28,0
20460006853000;22;11;11;50,8
20460006855000;14;8;6;51,1
20460006867000;6;4;2;33,3
20460006873000;7;4;3;58,6
20460006874000;21;12;9;37,7
20460006875000;247;118;129;37,0
20460006878000;1;1;0;0,0
20460006883000;3;1;2;0,0
20460006884000;32;16;16;50,7
20460006889000;5;2;3;35,2
20460006891000;10;4;6;46,1
20460006910000;9;5;4;46,0
20460006911000;9;5;4;53,9
20460006913000;3;2;1;0,0
20460006914000;5;3;2;58,8
20460006915000;1;1;0;0,0
20460006920000;26;16;10;44,6
20460006928000;10;4;6;50,1
20460006929000;37;21;16;49,2
20460006930000;7;2;5;18,9
20460006944000;2;1;1;0,0
20460006949000;2;1;1;0,0
20460006953000;558;279;279;35,3
20460006954000;1037;507;530;44,0
20460006957000;1941;948;993;44,7
20460006958000;310;147;163;36,2
20460006959000;7;2;5;20,6
20470006461000;5;2;3;20,0
20470006462000;2;1;1;0,0
20470006463000;115;59;56;38,0
20470006464000;269;132;137;42,9
20470006465000;62;29;33;37,0
20470006466000;14;6;8;44,0
20470006471000;3;3;0;0,0
20470006473000;2;1;1;0,0
20470006475000;4;2;2;0,0
20470006476000;8;3;5;54,4
20470006487000;5;2;3;29,6
20470006498000;51;27;24;32,8
20470006499000;8;5;3;40,6
20470006502000;8;5;3;42,0
20470006504000;14;6;8;46,1
20470006505000;9;5;4;43,7
20470006506000;191;111;80;39,9
20470006507000;44;18;26;38,7
20470006508000;6;2;4;30,5
20470006718000;3;2;1;0,0
20470006730000;2;1;1;0,0
20470006731000;33;18;15;36,5
20470006732000;5;3;2;69,6
20470006738000;33;17;16;40,7
20470006739000;34;20;14;46,2
20470006740000;17;10;7;42,9
20470006741000;15;8;7;58,6
20470006742000;77;46;31;37,7
20470006743000;4;2;2;0,0
20470006755000;1;0;1;0,0
20470006769000;5;3;2;36,8
20470006770000;58;30;28;34,5
20470006796000;19;9;10;41,1
20470006797000;15;6;9;23,9
20470006798000;1;0;1;0,0
20470006799000;60;29;31;35,0
20470006800000;145;74;71;45,1
20470006801000;64;31;33;40,6
20470006802000;1;1;0;0,0
20470006815000;3;1;2;0,0
20470006816000;61;31;30;43,5
20470006820000;15;9;6;42,0
20470006821000;3;2;1;0,0
20470006822000;24;9;15;38,4
20470006823000;4;1;3;0,0
20470006852000;18;11;7;31,7
20470006853000;18;10;8;44,9
20470006854000;11;5;6;29,4
20470006855000;15;10;5;46,9
20470006861000;24;11;13;37,9
20470006867000;50;22;28;42,6
20470006873000;11;4;7;31,8
20470006874000;99;45;54;44,2
20470006875000;67;36;31;44,6
20470006886000;7;3;4;28,3
20470006887000;6;3;3;45,3
20470006896000;6;3;3;40,3
20470006898000;6;3;3;23,5
20470006909000;6;4;2;29,8
20470006910000;27;13;14;39,1
20470006911000;63;31;32;47,5
20470006919000;33;16;17;33,7
20470006920000;7;4;3;30,0
20470006921000;2;2;0;0,0
20470006929000;4;1;3;0,0
20470006930000;24;14;10;37,8
20470006949000;6;3;3;32,2
20470006953000;191;94;97;36,4
20470006954000;999;507;492;37,7
20470006955000;117;63;54;37,6
20470006957000;1191;567;624;43,8
20470006959000;90;42;48;34,7
20470006960000;410;215;195;32,3
20470006973000;16;9;7;56,3
20480006455000;1;1;0;0,0
20480006456000;5;4;1;39,2
20480006458000;54;24;30;39,1
20480006461000;37;20;17;36,7
20480006462000;61;28;33;36,7
20480006464000;3;1;2;0,0
20480006465000;74;42;32;33,7
20480006466000;18;9;9;36,7
20480006467000;6;4;2;30,0
20480006469000;2;1;1;0,0
20480006470000;7;3;4;46,9
20480006473000;11;4;7;32,9
20480006477000;4;1;3;0,0
20480006478000;4;2;2;0,0
20480006480000;10;5;5;36,3
20480006482000;1;1;0;0,0
20480006485000;7;4;3;39,4
20480006493000;12;8;4;33,3
20480006497000;5;3;2;56,4
20480006498000;4;2;2;0,0
20480006500000;9;5;4;46,9
20480006503000;4;2;2;0,0
20480006504000;42;17;25;31,2
20480006505000;3;1;2;0,0
20480006728000;21;10;11;47,4
20480006732000;10;6;4;37,7
20480006739000;5;3;2;14,2
20480006741000;4;2;2;0,0
20480006768000;23;11;12;39,0
20480006770000;9;6;3;56,6
20480006771000;5;2;3;55,4
20480006772000;8;4;4;38,1
20480006773000;7;4;3;41,1
20480006797000;52;26;26;47,6
20480006798000;1;0;1;0,0
20480006805000;9;3;6;46,9
20480006806000;11;5;6;50,2
20480006820000;4;2;2;0,0
20480006825000;14;7;7;31,9
20480006826000;2;1;1;0,0
20480006851000;8;2;6;41,0
20480006852000;2;1;1;0,0
20480006855000;245;116;129;37,8
20480006856000;200;103;97;41,2
20480006861000;6;1;5;34,5
20480006873000;2;1;1;0,0
20480006874000;32;17;15;51,0
20480006875000;35;19;16;30,0
20480006877000;3;2;1;0,0
20480006883000;5;2;3;63,8
20480006885000;6;3;3;41,0
20480006886000;12;8;4;38,2
20480006903000;19;13;6;31,8
20480006910000;3;2;1;0,0
20480006911000;1;1;0;0,0
20480006920000;4;1;3;0,0
20480006921000;7;4;3;42,4
20480006922000;12;5;7;37,4
20480006930000;4;3;1;0,0
20480006932000;2;1;1;0,0
20480006942000;7;3;4;23,0
20480006943000;16;7;9;48,4
20480006944000;121;62;59;40,2
20480006949000;21;12;9;46,7
20480006950000;36;17;19;40,9
20480006953000;205;103;102;42,2
20480006954000;471;235;236;35,9
20480006956000;49;21;28;52,4
20480006957000;1246;651;595;40,5
20480006960000;146;68;78;31,9
20480006963000;13;7;6;47,9
20480006964000;2;1;1;0,0
20480006972000;6;3;3;63,5
20480006975000;11;5;6;64,1
20480006978000;3;2;1;0,0
20490006454000;1;1;0;0,0
20490006456000;2;1;1;0,0
20490006457000;11;6;5;44,8
20490006458000;64;28;36;36,9
20490006459000;25;14;11;46,5
20490006460000;4;2;2;0,0
20490006461000;21;9;12;37,1
20490006462000;23;13;10;45,3
20490006465000;17;11;6;31,2
20490006466000;41;20;21;39,4
20490006467000;109;54;55;39,2
20490006468000;96;49;47;35,8
20490006471000;5;3;2;42,8
20490006476000;5;1;4;23,8
20490006479000;9;6;3;47,6
20490006480000;2;1;1;0,0
20490006481000;10;6;4;48,2
20490006484000;10;6;4;27,9
20490006491000;3;1;2;0,0
20490006492000;7;3;4;39,1
20490006493000;22;11;11;27,2
20490006494000;1;1;0;0,0
20490006496000;3;2;1;0,0
20490006501000;1;1;0;0,0
20490006503000;6;4;2;52,7
20490006729000;26;11;15;47,3
20490006740000;2;0;2;0,0
20490006755000;18;8;10;50,9
20490006756000;1;0;1;0,0
20490006771000;8;5;3;62,5
20490006773000;12;8;4;41,2
20490006796000;10;5;5;56,1
20490006806000;12;8;4;41,8
20490006807000;10;5;5;51,9
20490006815000;2;1;1;0,0
20490006820000;4;2;2;0,0
20490006825000;2;1;1;0,0
20490006826000;4;2;2;0,0
20490006827000;15;9;6;42,5
20490006828000;18;8;10;43,1
20490006829000;12;5;7;54,7
20490006856000;15;7;8;57,4
20490006857000;45;24;21;33,5
20490006858000;10;5;5;51,1
20490006873000;11;6;5;39,2
20490006874000;31;17;14;42,3
20490006875000;25;12;13;48,0
20490006877000;1;1;0;0,0
20490006885000;9;5;4;50,2
20490006896000;3;2;1;0,0
20490006900000;12;7;5;33,8
20490006911000;11;4;7;33,4
20490006921000;5;3;2;41,2
20490006922000;33;13;20;36,2
20490006941000;3;1;2;0,0
20490006943000;32;20;12;45,5
20490006944000;83;42;41;45,0
20490006949000;11;6;5;41,4
20490006950000;173;93;80;32,9
20490006951000;159;82;77;37,5
20490006953000;195;105;90;40,7
20490006955000;295;132;163;42,2
20490006956000;630;315;315;34,2
20490006957000;1446;696;750;41,3
20490006958000;58;32;26;31,2
20490006960000;47;23;24;36,5
20490006961000;26;11;15;27,7
20490006972000;100;56;44;49,1
20490006973000;60;28;32;49,1
20490006974000;18;8;10;29,6
20490006975000;14;6;8;48,2
20490006977000;8;4;4;51,4
20490006978000;20;10;10;42,2
20490006980000;9;3;6;52,9
20500006456000;33;15;18;36,0
20500006457000;9;5;4;35,3
20500006458000;40;20;20;27,2
20500006459000;34;21;13;37,9
20500006461000;3;2;1;0,0
20500006463000;2;1;1;0,0
20500006465000;7;2;5;38,6
20500006466000;1;1;0;0,0
20500006468000;38;18;20;29,7
20500006472000;2;2;0;0,0
20500006473000;18;8;10;43,8
20500006474000;5;3;2;58,6
20500006475000;16;10;6;37,7
20500006476000;111;60;51;35,4
20500006477000;5;3;2;57,0
20500006478000;50;22;28;45,8
20500006479000;15;7;8;23,9
20500006482000;2;1;1;0,0
20500006483000;8;5;3;43,4
20500006486000;2;1;1;0,0
20500006499000;1;1;0;0,0
20500006513000;5;3;2;19,4
20500006734000;12;5;7;32,5
20500006744000;5;4;1;17,6
20500006754000;2;1;1;0,0
20500006755000;3;1;2;0,0
20500006795000;5;3;2;42,2
20500006808000;53;27;26;38,2
20500006809000;90;47;43;36,4
20500006810000;34;19;15;45,4
20500006814000;3;2;1;0,0
20500006817000;2;1;1;0,0
20500006858000;26;12;14;42,3
20500006859000;21;15;6;35,4
20500006873000;13;7;6;40,2
20500006874000;37;23;14;38,7
20500006875000;11;5;6;30,4
20500006885000;4;1;3;0,0
20500006896000;14;9;5;54,0
20500006897000;2;1;1;0,0
20500006900000;2;1;1;0,0
20500006907000;11;6;5;60,1
20500006909000;5;3;2;50,6
20500006910000;20;11;9;56,5
20500006911000;3;1;2;0,0
20500006921000;8;4;4;39,5
20500006922000;23;14;9;44,3
20500006923000;10;7;3;52,1
20500006930000;6;5;1;22,8
20500006931000;1;1;0;0,0
20500006951000;230;112;118;39,1
20500006952000;723;377;346;35,1
20500006953000;542;298;244;38,8
20500006954000;30;14;16;38,0
20500006955000;741;344;397;42,5
20500006956000;1032;531;501;33,9
20500006957000;384;191;193;35,8
20500006959000;133;67;66;37,3
20500006960000;9;3;6;52,3
20500006961000;62;29;33;38,5
20500006967000;5;1;4;31,0
20500006972000;7;5;2;48,9
20500006973000;91;46;45;46,0
20500006974000;10;7;3;51,0
20500006977000;40;24;16;53,0
20500006980000;22;10;12;41,5
20510006455000;23;12;11;35,1
20510006456000;82;42;40;41,6
20510006457000;7;3;4;42,3
20510006459000;45;22;23;40,7
20510006460000;15;5;10;54,1
20510006461000;88;48;40;31,6
20510006463000;10;5;5;50,8
20510006464000;1;1;0;0,0
20510006466000;8;4;4;32,9
20510006469000;5;3;2;27,8
20510006471000;12;7;5;48,4
20510006472000;27;13;14;36,8
20510006473000;12;5;7;52,3
20510006474000;8;4;4;44,3
20510006475000;22;13;9;38,0
20510006480000;1;1;0;0,0
20510006481000;2;1;1;0,0
20510006482000;51;24;27;33,4
20510006483000;14;7;7;46,6
20510006491000;3;3;0;0,0
20510006493000;17;9;8;45,2
20510006499000;2;1;1;0,0
20510006504000;6;3;3;46,7
20510006731000;9;4;5;42,7
20510006733000;4;3;1;0,0
20510006745000;6;3;3;33,8
20510006754000;5;3;2;47,0
20510006777000;17;9;8;41,2
20510006778000;4;2;2;0,0
20510006780000;5;3;2;33,0
20510006809000;53;23;30;45,9
20510006810000;93;46;47;32,9
20510006811000;2;1;1;0,0
20510006814000;1;1;0;0,0
20510006815000;1;1;0;0,0
20510006859000;42;20;22;37,3
20510006860000;17;8;9;36,6
20510006873000;29;14;15;36,4
20510006874000;35;15;20;37,1
20510006875000;34;18;16;39,1
20510006881000;3;2;1;0,0
20510006885000;94;46;48;36,1
20510006886000;34;15;19;42,9
20510006896000;14;6;8;56,6
20510006897000;9;4;5;24,9
20510006907000;3;3;0;0,0
20510006908000;21;11;10;43,4
20510006909000;10;7;3;40,4
20510006923000;17;10;7;35,6
20510006924000;25;15;10;32,0
20510006951000;362;177;185;31,6
20510006952000;85;41;44;35,8
20510006953000;89;46;43;36,7
20510006954000;21;10;11;51,4
20510006955000;962;496;466;36,4
20510006956000;641;326;315;34,2
20510006959000;69;40;29;41,4
20510006963000;35;18;17;35,8
20510006964000;7;4;3;37,7
20510006966000;249;137;112;27,9
20510006967000;1;0;1;0,0
20510006969000;3;1;2;0,0
20510006976000;24;12;12;48,3
20510006977000;9;5;4;58,0
20520006455000;22;9;13;59,0
20520006456000;396;199;197;39,2
20520006457000;439;212;227;39,9
20520006458000;188;99;89;29,8
20520006459000;58;28;30;34,5
20520006460000;3;2;1;0,0
20520006462000;8;5;3;28,8
20520006464000;8;4;4;52,4
20520006465000;2;1;1;0,0
20520006466000;12;8;4;30,0
20520006467000;4;1;3;0,0
20520006469000;6;4;2;45,3
20520006470000;1;0;1;0,0
20520006473000;7;3;4;50,4
20520006478000;3;2;1;0,0
20520006480000;15;8;7;28,9
20520006481000;1;1;0;0,0
20520006482000;11;6;5;33,4
20520006484000;23;13;10;32,4
20520006485000;171;81;90;41,8
20520006486000;41;15;26;66,4
20520006487000;148;73;75;36,2
20520006488000;19;7;12;32,2
20520006494000;7;5;2;36,1
20520006505000;9;5;4;49,9
20520006506000;26;15;11;27,3
20520006508000;1;1;0;0,0
20520006731000;14;8;6;41,9
20520006733000;7;5;2;51,9
20520006745000;1;1;0;0,0
20520006780000;10;6;4;38,7
20520006859000;4;1;3;0,0
20520006868000;32;19;13;41,4
20520006869000;21;12;9;38,2
20520006870000;4;1;3;0,0
20520006871000;23;11;12;42,5
20520006872000;17;9;8;40,2
20520006873000;213;106;107;41,7
20520006874000;129;66;63;45,2
20520006875000;9;4;5;55,4
20520006881000;47;20;27;51,1
20520006896000;2;1;1;0,0
20520006901000;13;9;4;36,1
20520006909000;13;5;8;24,1
20520006919000;10;6;4;34,0
20520006923000;5;4;1;50,0
20520006924000;37;18;19;35,2
20520006945000;1;0;1;0,0
20520006950000;179;91;88;40,5
20520006951000;327;162;165;33,6
20520006952000;172;94;78;37,2
20520006953000;67;34;33;37,5
20520006954000;2;1;1;0,0
20520006955000;436;225;211;36,8
20520006956000;1459;727;732;39,2
20520006957000;2;1;1;0,0
20520006958000;4;2;2;0,0
20520006959000;218;116;102;36,6
20520006961000;5;2;3;35,2
20520006963000;85;40;45;43,6
20520006964000;7;4;3;46,1
20520006965000;369;193;176;39,8
20520006966000;172;87;85;39,4
20520006967000;93;49;44;38,3
20520006968000;29;16;13;43,2
20520006969000;15;7;8;55,9
20520006974000;24;12;12;44,0
20520006975000;13;4;9;41,5
20520006976000;58;28;30;43,8
20520006977000;9;6;3;54,6
20520006978000;6;3;3;42,8
20520006980000;32;17;15;42,0
20520006981000;23;13;10;49,6
20530006455000;5;2;3;50,0
20530006456000;549;259;290;44,9
20530006457000;619;283;336;48,7
20530006458000;195;101;94;37,3
20530006459000;54;30;24;38,5
20530006460000;29;12;17;29,4
20530006461000;25;10;15;37,8
20530006463000;16;11;5;40,1
20530006464000;18;10;8;29,1
20530006466000;5;4;1;25,4
20530006467000;9;5;4;51,6
20530006469000;1;0;1;0,0
20530006470000;1;1;0;0,0
20530006472000;13;8;5;30,8
20530006474000;12;4;8;45,4
20530006475000;8;4;4;26,9
20530006476000;1;0;1;0,0
20530006481000;7;5;2;35,6
20530006482000;8;5;3;27,4
20530006483000;13;6;7;26,8
20530006484000;6;4;2;35,7
20530006485000;1;1;0;0,0
20530006487000;26;17;9;28,7
20530006488000;102;50;52;38,6
20530006489000;41;23;18;36,1
20530006490000;1;1;0;0,0
20530006491000;9;3;6;33,9
20530006495000;15;4;11;38,1
20530006499000;5;2;3;32,6
20530006509000;4;3;1;0,0
20530006510000;5;3;2;40,2
20530006731000;35;22;13;43,5
20530006733000;7;4;3;72,1
20530006775000;6;2;4;34,3
20530006849000;9;2;7;46,6
20530006859000;8;5;3;44,6
20530006869000;12;7;5;38,9
20530006870000;6;2;4;15,5
20530006871000;7;4;3;33,4
20530006880000;2;1;1;0,0
20530006881000;81;38;43;44,1
20530006885000;57;31;26;40,4
20530006896000;13;7;6;30,6
20530006897000;14;8;6;47,8
20530006898000;7;5;2;50,6
20530006924000;22;11;11;43,0
20530006925000;11;6;5;34,5
20530006942000;1;0;1;0,0
20530006943000;2;2;0;0,0
20530006944000;2;1;1;0,0
20530006950000;227;107;120;37,4
20530006951000;242;119;123;36,7
20530006952000;36;17;19;37,6
20530006953000;74;36;38;35,8
20530006955000;723;359;364;40,0
20530006956000;1499;734;765;38,7
20530006959000;51;27;24;38,9
20530006960000;5;3;2;41,2
20530006961000;71;38;33;43,3
20530006963000;14;5;9;71,0
20530006964000;23;12;11;50,2
20530006965000;90;47;43;38,4
20530006969000;9;5;4;39,7
20530006970000;43;23;20;46,3
20530006974000;6;3;3;36,3
20530006975000;261;124;137;42,0
20530006976000;87;51;36;34,0
20530006978000;29;16;13;42,9
20530006979000;130;68;62;35,6
20530006980000;125;69;56;40,2
20540006455000;14;7;7;39,3
20540006456000;1427;679;748;43,0
20540006457000;1267;593;674;43,3
20540006458000;726;369;357;31,6
20540006459000;52;26;26;38,1
20540006460000;35;15;20;34,6
20540006461000;5;4;1;44,0
20540006462000;11;6;5;41,7
20540006463000;13;6;7;24,9
20540006465000;5;2;3;28,8
20540006466000;3;2;1;0,0
20540006467000;4;2;2;0,0
20540006470000;8;3;5;22,5
20540006473000;8;3;5;28,8
20540006480000;2;1;1;0,0
20540006481000;8;5;3;41,1
20540006483000;3;1;2;0,0
20540006484000;4;3;1;0,0
20540006485000;2;1;1;0,0
20540006492000;26;15;11;25,3
20540006493000;30;18;12;37,5
20540006494000;2;1;1;0,0
20540006495000;27;12;15;38,1
20540006496000;5;3;2;53,4
20540006498000;13;8;5;29,6
20540006499000;69;34;35;31,4
20540006500000;1;0;1;0,0
20540006501000;2;1;1;0,0
20540006502000;5;3;2;26,6
20540006503000;10;4;6;31,5
20540006733000;2;1;1;0,0
20540006774000;11;4;7;27,8
20540006813000;10;5;5;45,5
20540006849000;6;3;3;54,3
20540006859000;8;3;5;60,4
20540006874000;5;4;1;44,8
20540006881000;106;52;54;44,3
20540006882000;29;16;13;44,3
20540006886000;51;27;24;41,5
20540006887000;19;10;9;37,9
20540006888000;9;4;5;48,3
20540006896000;18;11;7;48,6
20540006897000;4;3;1;0,0
20540006924000;11;6;5;37,0
20540006925000;61;30;31;44,8
20540006926000;8;3;5;31,8
20540006940000;2;0;2;0,0
20540006941000;4;1;3;0,0
20540006950000;30;12;18;41,4
20540006951000;97;56;41;38,6
20540006952000;1026;512;514;33,0
20540006953000;251;131;120;33,2
20540006954000;625;297;328;31,0
20540006955000;1087;537;550;40,7
20540006956000;781;385;396;43,9
20540006957000;5;3;2;27,2
20540006959000;107;57;50;43,6
20540006960000;2;1;1;0,0
20540006963000;35;19;16;39,4
20540006970000;40;21;19;45,3
20540006971000;3;2;1;0,0
20540006977000;10;6;4;43,5
20540006978000;88;48;40;46,6
20540006979000;6;4;2;44,3
20550006455000;114;61;53;36,4
20550006456000;1557;744;813;42,1
20550006457000;1185;612;573;32,7
20550006458000;254;133;121;33,4
20550006461000;18;10;8;34,3
20550006462000;19;10;9;35,4
20550006463000;6;2;4;43,8
20550006464000;14;5;9;27,2
20550006468000;10;5;5;37,2
20550006471000;2;1;1;0,0
20550006475000;5;3;2;43,4
20550006479000;7;3;4;38,0
20550006482000;21;12;9;26,9
20550006484000;3;2;1;0,0
20550006485000;2;1;1;0,0
20550006486000;6;3;3;33,5
20550006487000;3;2;1;0,0
20550006489000;4;2;2;0,0
20550006490000;16;8;8;26,3
20550006492000;6;3;3;15,2
20550006493000;20;7;13;23,5
20550006500000;50;24;26;34,3
20550006501000;4;2;2;0,0
20550006512000;12;6;6;27,0
20550006513000;3;2;1;0,0
20550006514000;10;6;4;38,5
20550006731000;5;3;2;56,8
20550006741000;2;1;1;0,0
20550006743000;4;2;2;0,0
20550006756000;4;3;1;0,0
20550006774000;23;10;13;29,7
20550006804000;8;4;4;61,3
20550006811000;7;4;3;54,3
20550006827000;2;0;2;0,0
20550006849000;6;3;3;40,5
20550006859000;8;4;4;61,6
20550006874000;25;11;14;36,7
20550006879000;5;2;3;40,8
20550006882000;11;7;4;52,5
20550006887000;62;33;29;37,4
20550006888000;55;32;23;42,1
20550006894000;5;3;2;64,6
20550006895000;21;9;12;46,9
20550006896000;12;7;5;50,5
20550006899000;21;9;12;38,8
20550006900000;16;8;8;51,4
20550006901000;11;6;5;46,5
20550006902000;9;6;3;40,3
20550006911000;22;10;12;40,1
20550006925000;13;6;7;34,9
20550006926000;38;19;19;31,2
20550006932000;18;13;5;52,1
20550006933000;6;3;3;53,3
20550006935000;3;2;1;0,0
20550006936000;4;2;2;0,0
20550006937000;3;2;1;0,0
20550006939000;2;1;1;0,0
20550006951000;98;47;51;30,5
20550006952000;1040;525;515;36,6
20550006953000;1044;512;532;37,7
20550006954000;1133;565;568;32,1
20550006955000;1818;847;971;42,8
20550006956000;1244;600;644;44,6
20550006959000;148;77;71;32,0
20550006963000;111;63;48;37,1
20550006971000;76;39;37;48,0
20550006976000;3;2;1;0,0
20550006977000;2;1;1;0,0
20560006455000;54;30;24;41,1
20560006456000;804;402;402;31,1
20560006457000;204;97;107;41,9
20560006458000;18;12;6;33,9
20560006460000;11;5;6;25,3
20560006461000;26;14;12;24,2
20560006465000;4;1;3;0,0
20560006466000;3;1;2;0,0
20560006468000;6;3;3;39,5
20560006471000;11;5;6;22,2
20560006473000;24;14;10;49,6
20560006475000;1;1;0;0,0
20560006478000;2;1;1;0,0
20560006479000;5;1;4;19,4
20560006480000;1;0;1;0,0
20560006481000;6;4;2;45,5
20560006483000;11;7;4;28,5
20560006485000;6;3;3;32,0
20560006486000;4;3;1;0,0
20560006490000;3;2;1;0,0
20560006491000;14;7;7;33,5
20560006493000;6;3;3;55,3
20560006494000;6;2;4;33,8
20560006495000;1;0;1;0,0
20560006499000;26;13;13;36,5
20560006500000;163;78;85;39,4
20560006501000;3;1;2;0,0
20560006505000;19;8;11;38,5
20560006507000;7;4;3;55,9
20560006513000;1;1;0;0,0
20560006514000;10;2;8;36,2
20560006529000;1;1;0;0,0
20560006738000;6;3;3;43,7
20560006739000;8;4;4;47,5
20560006740000;3;2;1;0,0
20560006741000;51;28;23;42,1
20560006742000;17;8;9;50,2
20560006743000;9;5;4;46,9
20560006775000;2;1;1;0,0
20560006804000;3;1;2;0,0
20560006805000;32;17;15;42,6
20560006806000;53;27;26;39,8
20560006807000;24;14;10;47,7
20560006811000;35;16;19;39,6
20560006828000;1;1;0;0,0
20560006859000;35;17;18;49,7
20560006874000;8;5;3;37,9
20560006889000;5;3;2;66,4
20560006890000;5;2;3;52,2
20560006894000;17;10;7;30,4
20560006895000;2;1;1;0,0
20560006899000;265;139;126;42,3
20560006900000;189;96;93;32,1
20560006901000;35;19;16;44,1
20560006902000;51;19;32;38,6
20560006925000;13;6;7;44,7
20560006926000;21;11;10;52,2
20560006943000;23;8;15;29,6
20560006944000;22;10;12;48,4
20560006945000;2;1;1;0,0
20560006946000;60;30;30;41,7
20560006950000;33;20;13;35,7
20560006951000;768;382;386;30,1
20560006952000;522;261;261;36,5
20560006953000;157;82;75;36,9
20560006955000;986;505;481;36,1
20560006956000;524;275;249;37,1
20560006957000;408;223;185;32,5
20560006959000;75;40;35;38,3
20560006963000;33;16;17;42,5
20560006970000;24;11;13;42,5
20560006971000;118;60;58;37,0
20560006972000;7;5;2;32,4
20560006977000;34;13;21;33,3
20560006978000;6;4;2;73,3
20570006452000;142;71;71;37,6
20570006454000;15;11;4;43,7
20570006456000;730;376;354;35,5
20570006457000;248;133;115;35,1
20570006458000;69;39;30;40,7
20570006459000;2;1;1;0,0
20570006461000;7;3;4;24,7
20570006464000;28;15;13;34,5
20570006465000;4;2;2;0,0
20570006466000;4;2;2;0,0
20570006467000;16;6;10;40,5
20570006468000;4;3;1;0,0
20570006469000;5;4;1;52,4
20570006472000;7;3;4;16,9
20570006473000;5;2;3;49,6
20570006480000;5;3;2;57,2
20570006481000;1;1;0;0,0
20570006483000;16;9;7;37,3
20570006484000;2;2;0;0,0
20570006485000;8;4;4;33,5
20570006495000;5;3;2;33,8
20570006496000;1;1;0;0,0
20570006499000;30;16;14;34,3
20570006500000;30;17;13;51,0
20570006501000;22;11;11;34,4
20570006502000;20;8;12;33,9
20570006514000;11;4;7;27,1
20570006515000;14;6;8;28,1
20570006739000;6;3;3;35,8
20570006740000;34;19;15;37,4
20570006741000;141;70;71;50,2
20570006742000;233;115;118;41,9
20570006776000;28;16;12;48,0
20570006803000;7;4;3;46,9
20570006804000;32;14;18;32,0
20570006805000;5;3;2;36,8
20570006806000;9;3;6;36,7
20570006807000;42;20;22;50,1
20570006811000;41;21;20;47,5
20570006828000;2;1;1;0,0
20570006856000;5;3;2;19,2
20570006859000;20;9;11;45,4
20570006860000;17;6;11;59,1
20570006870000;41;22;19;40,3
20570006871000;14;6;8;42,4
20570006884000;3;1;2;0,0
20570006890000;12;6;6;40,5
20570006893000;13;7;6;35,4
20570006894000;8;6;2;45,9
20570006895000;1;1;0;0,0
20570006898000;13;7;6;37,3
20570006901000;36;15;21;42,7
20570006902000;119;61;58;34,6
20570006903000;1;1;0;0,0
20570006911000;6;3;3;44,2
20570006912000;11;4;7;36,3
20570006926000;152;70;82;57,6
20570006927000;5;3;2;19,2
20570006944000;46;24;22;39,3
20570006945000;209;106;103;34,5
20570006946000;12;6;6;50,4
20570006950000;3;2;1;0,0
20570006951000;1142;603;539;34,9
20570006952000;66;30;36;40,1
20570006955000;6;4;2;23,0
20570006956000;154;80;74;39,2
20570006957000;8;4;4;37,1
20570006958000;1;0;1;0,0
20570006959000;197;97;100;38,2
20570006963000;59;26;33;40,2
20570006971000;85;41;44;41,7
20570006977000;13;8;5;43,4
20570006978000;27;13;14;54,2
20580006451000;149;75;74;36,6
20580006452000;29;14;15;36,9
20580006453000;17;8;9;44,0
20580006454000;52;23;29;39,2
20580006455000;8;3;5;19,5
20580006456000;62;30;32;31,6
20580006457000;71;41;30;36,8
20580006458000;9;5;4;58,3
20580006459000;48;21;27;34,7
20580006460000;36;17;19;42,3
20580006461000;6;3;3;34,0
20580006462000;4;1;3;0,0
20580006463000;2;1;1;0,0
20580006464000;10;4;6;28,9
20580006468000;1;1;0;0,0
20580006471000;14;7;7;26,6
20580006472000;10;5;5;25,6
20580006478000;15;7;8;37,6
20580006480000;8;5;3;43,0
20580006482000;7;4;3;25,9
20580006483000;18;9;9;22,8
20580006484000;1;1;0;0,0
20580006487000;8;4;4;43,3
20580006488000;5;4;1;29,0
20580006492000;13;7;6;31,7
20580006494000;10;4;6;31,6
20580006495000;2;1;1;0,0
20580006504000;21;8;13;28,4
20580006506000;19;10;9;40,6
20580006509000;3;2;1;0,0
20580006510000;2;2;0;0,0
20580006516000;4;2;2;0,0
20580006540000;1;1;0;0,0
20580006541000;23;10;13;34,3
20580006542000;2;1;1;0,0
20580006739000;17;9;8;41,8
20580006740000;13;10;3;32,2
20580006741000;128;63;65;37,5
20580006742000;147;80;67;47,1
20580006743000;15;9;6;40,2
20580006776000;1;1;0;0,0
20580006777000;2;2;0;0,0
20580006810000;18;9;9;45,1
20580006811000;26;12;14;46,0
20580006830000;1;1;0;0,0
20580006832000;2;2;0;0,0
20580006835000;4;3;1;0,0
20580006859000;3;1;2;0,0
20580006884000;42;25;17;38,5
20580006885000;37;17;20;41,4
20580006887000;33;14;19;40,5
20580006890000;37;21;16;40,3
20580006892000;13;6;7;42,6
20580006894000;25;14;11;41,9
20580006895000;17;8;9;53,2
20580006898000;5;4;1;52,8
20580006902000;43;27;16;40,0
20580006912000;1;1;0;0,0
20580006913000;13;7;6;35,2
20580006926000;5;2;3;35,4
20580006927000;75;40;35;39,0
20580006933000;1;1;0;0,0
20580006945000;1;0;1;0,0
20580006946000;16;9;7;45,9
20580006947000;57;26;31;37,4
20580006951000;352;188;164;40,6
20580006952000;67;35;32;42,1
20580006955000;5;4;1;52,8
20580006956000;20;12;8;35,5
20580006957000;6;3;3;62,0
20580006958000;5;3;2;32,8
20580006959000;107;57;50;40,3
20580006960000;5;3;2;59,0
20580006963000;25;14;11;57,0
20580006970000;34;22;12;39,1
20580006971000;20;11;9;43,5
20580006981000;1;1;0;0,0
20580006982000;7;4;3;67,1
20590006451000;17;9;8;53,8
20590006452000;49;22;27;41,9
20590006453000;42;18;24;26,4
20590006454000;119;61;58;36,9
20590006455000;48;26;22;40,1
20590006457000;42;25;17;42,9
20590006458000;22;11;11;52,3
20590006459000;4;2;2;0,0
20590006461000;57;25;32;39,0
20590006462000;96;42;54;36,5
20590006463000;500;244;256;32,7
20590006464000;33;16;17;37,7
20590006466000;12;6;6;52,4
20590006468000;6;4;2;37,8
20590006469000;7;5;2;36,1
20590006471000;5;4;1;40,6
20590006472000;8;3;5;33,5
20590006475000;3;1;2;0,0
20590006477000;1;0;1;0,0
20590006478000;19;11;8;38,7
20590006479000;6;2;4;23,7
20590006482000;24;12;12;25,5
20590006486000;1;1;0;0,0
20590006488000;19;11;8;45,1
20590006491000;9;4;5;39,2
20590006492000;4;2;2;0,0
20590006494000;11;6;5;20,6
20590006509000;15;8;7;41,5
20590006510000;5;3;2;71,6
20590006512000;2;2;0;0,0
20590006513000;31;16;15;39,9
20590006520000;2;0;2;0,0
20590006521000;66;37;29;36,8
20590006522000;76;39;37;43,8
20590006523000;23;12;11;21,1
20590006740000;4;2;2;0,0
20590006741000;50;24;26;42,5
20590006742000;88;44;44;40,5
20590006743000;9;5;4;52,0
20590006780000;7;6;1;55,7
20590006781000;5;3;2;32,4
20590006806000;2;1;1;0,0
20590006810000;69;34;35;47,7
20590006811000;29;16;13;47,2
20590006833000;5;4;1;58,2
20590006835000;78;37;41;47,4
20590006836000;1;1;0;0,0
20590006859000;12;7;5;39,6
20590006882000;4;3;1;0,0
20590006883000;7;2;5;36,9
20590006885000;125;69;56;38,0
20590006886000;230;115;115;44,5
20590006890000;8;1;7;21,8
20590006892000;6;1;5;35,2
20590006893000;1;1;0;0,0
20590006894000;15;9;6;40,0
20590006901000;7;3;4;32,0
20590006902000;30;15;15;35,0
20590006903000;3;3;0;0,0
20590006905000;9;6;3;44,6
20590006913000;9;5;4;47,2
20590006914000;3;1;2;0,0
20590006916000;11;5;6;47,0
20590006931000;4;3;1;0,0
20590006932000;5;3;2;41,8
20590006946000;86;45;41;34,0
20590006947000;54;31;23;35,7
20590006951000;688;364;324;31,8
20590006952000;102;49;53;47,0
20590006956000;29;19;10;31,6
20590006958000;9;5;4;43,0
20590006959000;45;30;15;28,5
20590006960000;228;116;112;29,9
20590006962000;26;16;10;27,2
20590006963000;24;13;11;52,5
20590006970000;8;3;5;39,1
20590006971000;27;18;9;51,0
20590006980000;6;4;2;66,0
20590006981000;30;16;14;54,6
20590006982000;32;15;17;58,5
20600006453000;1;0;1;0,0
20600006454000;148;78;70;34,7
20600006455000;9;4;5;35,7
20600006457000;87;50;37;36,7
20600006458000;4;2;2;0,0
20600006459000;8;4;4;32,1
20600006463000;97;49;48;44,4
20600006464000;97;53;44;36,3
20600006465000;13;6;7;32,4
20600006466000;101;48;53;29,4
20600006467000;27;15;12;34,6
20600006470000;2;1;1;0,0
20600006473000;7;2;5;41,0
20600006474000;3;1;2;0,0
20600006475000;77;43;34;33,6
20600006476000;76;26;50;51,4
20600006477000;52;27;25;21,3
20600006478000;28;16;12;31,3
20600006479000;35;19;16;40,2
20600006480000;168;86;82;37,4
20600006481000;8;3;5;35,9
20600006482000;10;4;6;37,7
20600006486000;23;9;14;38,5
20600006487000;6;3;3;47,5
20600006489000;5;3;2;48,4
20600006490000;11;4;7;25,8
20600006494000;8;4;4;35,1
20600006495000;12;8;4;47,0
20600006501000;28;17;11;40,9
20600006505000;12;5;7;48,3
20600006506000;3;1;2;0,0
20600006507000;9;5;4;47,6
20600006511000;5;3;2;41,0
20600006512000;5;4;1;43,2
20600006515000;2;2;0;0,0
20600006521000;99;47;52;35,7
20600006522000;121;55;66;42,8
20600006526000;1;1;0;0,0
20600006527000;2;1;1;0,0
20600006535000;4;1;3;0,0
20600006731000;7;5;2;51,4
20600006740000;9;6;3;38,3
20600006741000;35;20;15;44,8
20600006756000;1;1;0;0,0
20600006806000;12;6;6;46,0
20600006810000;23;13;10;46,9
20600006811000;394;187;207;41,3
20600006832000;4;2;2;0,0
20600006836000;20;13;7;33,1
20600006837000;22;10;12;26,4
20600006838000;9;4;5;33,7
20600006839000;3;2;1;0,0
20600006840000;4;1;3;0,0
20600006859000;10;5;5;40,7
20600006884000;12;8;4;43,0
20600006885000;68;37;31;32,9
20600006886000;9;5;4;42,4
20600006888000;9;4;5;37,7
20600006890000;55;30;25;36,3
20600006891000;13;7;6;41,5
20600006892000;3;3;0;0,0
20600006894000;5;4;1;49,4
20600006902000;40;22;18;46,0
20600006914000;21;11;10;60,9
20600006923000;2;1;1;0,0
20600006925000;9;5;4;59,2
20600006947000;33;15;18;37,5
20600006951000;257;129;128;34,2
20600006952000;47;26;21;39,5
20600006955000;1;1;0;0,0
20600006956000;37;23;14;47,9
20600006958000;4;1;3;0,0
20600006960000;21;15;6;45,5
20600006962000;36;15;21;41,3
20600006969000;39;23;16;34,1
20600006971000;47;24;23;39,4
20600006980000;26;13;13;49,0
20600006982000;4;2;2;0,0
20610006453000;6;3;3;34,7
20610006459000;22;12;10;28,9
20610006460000;19;12;7;29,9
20610006464000;6;4;2;23,3
20610006465000;10;5;5;46,4
20610006467000;36;19;17;32,8
20610006468000;15;8;7;43,8
20610006473000;15;9;6;36,7
20610006474000;34;18;16;44,4
20610006475000;131;68;63;35,1
20610006476000;28;11;17;46,8
20610006477000;26;15;11;27,2
20610006478000;6;3;3;37,7
20610006479000;4;2;2;0,0
20610006482000;8;4;4;43,3
20610006483000;7;4;3;31,7
20610006485000;2;2;0;0,0
20610006486000;13;6;7;27,6
20610006487000;4;3;1;0,0
20610006489000;4;1;3;0,0
20610006501000;16;7;9;32,6
20610006503000;4;2;2;0,0
20610006506000;7;5;2;53,9
20610006507000;43;19;24;38,1
20610006508000;27;15;12;31,4
20610006511000;7;3;4;22,3
20610006512000;13;7;6;47,6
20610006515000;22;12;10;42,4
20610006524000;2;1;1;0,0
20610006572000;1;1;0;0,0
20610006806000;8;5;3;39,3
20610006810000;57;27;30;31,1
20610006811000;157;75;82;38,5
20610006836000;1;1;0;0,0
20610006837000;21;8;13;28,5
20610006838000;19;10;9;47,4
20610006839000;36;20;16;33,3
20610006840000;3;2;1;0,0
20610006859000;18;8;10;38,9
20610006890000;29;13;16;43,2
20610006901000;15;10;5;49,5
20610006902000;33;17;16;39,2
20610006916000;10;5;5;51,4
20610006947000;35;17;18;37,7
20610006951000;79;44;35;38,0
20610006956000;4;2;2;0,0
20610006957000;46;23;23;27,3
20610006958000;3;1;2;0,0
20610006959000;11;5;6;44,3
20610006960000;9;5;4;48,1
20610006962000;24;10;14;49,2
20610006965000;8;3;5;36,4
20610006967000;118;59;59;41,7
20610006968000;509;264;245;37,7
20610006969000;747;386;361;39,5
20610006970000;607;295;312;47,0
20610006971000;353;198;155;28,5
20610006980000;3;1;2;0,0
20610006981000;4;2;2;0,0
20610006982000;45;23;22;54,7
20620006453000;83;40;43;39,1
20620006457000;31;16;15;38,2
20620006458000;93;49;44;30,3
20620006459000;63;33;30;46,1
20620006460000;7;4;3;39,9
20620006461000;16;7;9;39,3
20620006462000;14;8;6;32,2
20620006463000;13;6;7;46,2
20620006470000;18;10;8;49,6
20620006471000;165;84;81;41,0
20620006472000;182;93;89;39,9
20620006473000;16;8;8;48,9
20620006476000;4;3;1;0,0
20620006480000;3;1;2;0,0
20620006485000;9;4;5;39,1
20620006488000;3;2;1;0,0
20620006489000;2;1;1;0,0
20620006490000;10;5;5;34,3
20620006492000;6;4;2;50,0
20620006507000;4;2;2;0,0
20620006508000;2;1;1;0,0
20620006515000;6;3;3;21,3
20620006516000;16;10;6;21,5
20620006524000;1;1;0;0,0
20620006525000;20;13;7;41,1
20620006526000;18;9;9;33,2
20620006527000;12;5;7;37,6
20620006536000;2;1;1;0,0
20620006657000;8;6;2;32,0
20620006799000;1;1;0;0,0
20620006809000;5;2;3;50,8
20620006810000;475;218;257;40,8
20620006811000;513;259;254;37,5
20620006857000;8;5;3;32,8
20620006858000;2;2;0;0,0
20620006887000;6;3;3;37,3
20620006889000;9;8;1;42,6
20620006890000;2;1;1;0,0
20620006901000;6;3;3;34,3
20620006902000;40;25;15;41,4
20620006915000;8;3;5;38,8
20620006926000;46;21;25;47,1
20620006951000;40;23;17;32,8
20620006956000;8;4;4;28,4
20620006957000;35;19;16;31,6
20620006958000;4;1;3;0,0
20620006959000;9;6;3;36,1
20620006962000;15;9;6;37,9
20620006963000;46;22;24;38,0
20620006964000;31;18;13;41,9
20620006965000;4;3;1;0,0
20620006966000;23;13;10;49,0
20620006968000;5;2;3;28,8
20620006969000;58;31;27;46,4
20620006970000;3;2;1;0,0
20620006971000;32;19;13;47,2
20620006980000;1;0;1;0,0
20620006981000;2;1;1;0,0
20620006982000;3;2;1;0,0
20620006988000;61;40;21;40,9
20630006454000;29;14;15;36,0
20630006457000;36;15;21;51,3
20630006458000;6;3;3;13,0
20630006459000;23;13;10;37,3
20630006461000;5;3;2;42,6
20630006463000;5;3;2;15,2
20630006465000;7;4;3;40,4
20630006469000;18;11;7;27,4
20630006471000;72;40;32;31,6
20630006472000;40;24;16;32,6
20630006481000;2;1;1;0,0
20630006486000;6;4;2;39,0
20630006487000;5;3;2;21,8
20630006488000;1;1;0;0,0
20630006489000;7;3;4;47,7
20630006492000;13;7;6;31,5
20630006493000;2;1;1;0,0
20630006495000;82;40;42;47,7
20630006496000;10;3;7;44,7
20630006498000;3;2;1;0,0
20630006500000;15;7;8;39,3
20630006502000;12;5;7;36,4
20630006503000;8;3;5;35,4
20630006516000;5;3;2;57,8
20630006527000;16;9;7;36,4
20630006529000;10;6;4;39,9
20630006530000;1;1;0;0,0
20630006600000;3;1;2;0,0
20630006602000;5;3;2;32,4
20630006783000;2;1;1;0,0
20630006785000;1;1;0;0,0
20630006795000;4;2;2;0,0
20630006809000;53;30;23;39,6
20630006810000;88;44;44;37,5
20630006811000;229;120;109;37,6
20630006839000;7;3;4;36,7
20630006840000;17;8;9;31,1
20630006889000;119;58;61;34,0
20630006890000;109;61;48;29,9
20630006893000;3;2;1;0,0
20630006901000;30;15;15;40,0
20630006902000;33;16;17;39,5
20630006917000;2;1;1;0,0
20630006918000;12;8;4;63,8
20630006925000;3;2;1;0,0
20630006943000;12;6;6;39,9
20630006944000;111;58;53;41,4
20630006945000;397;202;195;36,8
20630006946000;212;112;100;38,3
20630006951000;10;5;5;41,8
20630006956000;31;16;15;35,5
20630006957000;6;5;1;24,8
20630006958000;55;31;24;30,5
20630006959000;21;11;10;31,4
20630006960000;16;9;7;44,4
20630006962000;1;1;0;0,0
20630006963000;13;8;5;38,8
20630006970000;110;62;48;38,8
20630006971000;10;5;5;49,2
20630006984000;125;64;61;40,0
20630006985000;44;22;22;42,2
20630006986000;60;30;30;30,8
20630006987000;2;1;1;0,0
20630006988000;22;10;12;39,7
20630006989000;36;21;15;44,5
20640006455000;7;4;3;43,9
20640006456000;24;12;12;38,2
20640006457000;33;21;12;42,1
20640006461000;31;18;13;40,4
20640006463000;24;13;11;31,9
20640006465000;16;9;7;31,4
20640006467000;4;3;1;0,0
20640006471000;37;15;22;33,4
20640006474000;4;3;1;0,0
20640006479000;14;7;7;41,6
20640006482000;4;2;2;0,0
20640006483000;13;6;7;35,5
20640006486000;5;3;2;27,2
20640006487000;2;1;1;0,0
20640006492000;4;2;2;0,0
20640006493000;4;2;2;0,0
20640006495000;1;0;1;0,0
20640006498000;3;2;1;0,0
20640006500000;10;4;6;26,0
20640006501000;14;8;6;49,9
20640006502000;2;2;0;0,0
20640006530000;23;11;12;32,4
20640006531000;4;3;1;0,0
20640006534000;3;2;1;0,0
20640006535000;4;2;2;0,0
20640006536000;7;2;5;44,1
20640006600000;7;3;4;23,4
20640006603000;4;1;3;0,0
20640006604000;17;11;6;43,2
20640006629000;5;1;4;43,8
20640006728000;80;36;44;34,9
20640006729000;296;132;164;41,6
20640006742000;1;1;0;0,0
20640006743000;43;19;24;39,7
20640006744000;2;1;1;0,0
20640006795000;15;9;6;65,0
20640006796000;38;23;15;39,2
20640006840000;6;3;3;41,7
20640006881000;2;1;1;0,0
20640006887000;5;3;2;17,4
20640006889000;2;1;1;0,0
20640006890000;10;5;5;32,6
20640006891000;202;99;103;37,7
20640006918000;1;1;0;0,0
20640006925000;1;0;1;0,0
20640006939000;6;3;3;37,7
20640006940000;47;21;26;43,9
20640006941000;40;21;19;35,2
20640006942000;44;26;18;49,8
20640006943000;45;23;22;40,2
20640006944000;58;29;29;41,8
20640006945000;72;34;38;36,6
20640006946000;65;36;29;37,5
20640006948000;345;168;177;39,2
20640006956000;29;14;15;37,1
20640006957000;17;6;11;28,3
20640006958000;23;16;7;41,7
20640006963000;62;29;33;36,7
20640006984000;115;59;56;42,1
20640006985000;2;1;1;0,0
20640006987000;28;14;14;33,8
20640006988000;3;2;1;0,0
20640006989000;16;8;8;54,8
20650006454000;23;15;8;42,7
20650006455000;8;5;3;56,9
20650006456000;13;7;6;43,1
20650006457000;11;4;7;35,4
20650006458000;7;3;4;32,3
20650006462000;20;9;11;56,8
20650006465000;3;2;1;0,0
20650006466000;12;6;6;50,0
20650006467000;4;2;2;0,0
20650006470000;4;2;2;0,0
20650006473000;2;1;1;0,0
20650006475000;2;1;1;0,0
20650006478000;9;2;7;28,7
20650006479000;1;1;0;0,0
20650006481000;9;3;6;37,0
20650006482000;58;30;28;26,7
20650006483000;33;15;18;40,8
20650006484000;6;4;2;37,2
20650006485000;13;6;7;52,1
20650006490000;1;1;0;0,0
20650006495000;5;1;4;29,2
20650006517000;5;3;2;60,8
20650006532000;2;1;1;0,0
20650006534000;2;2;0;0,0
20650006535000;4;2;2;0,0
20650006536000;13;7;6;41,1
20650006544000;3;0;3;0,0
20650006599000;2;1;1;0,0
20650006600000;17;8;9;49,5
20650006601000;6;3;3;25,8
20650006604000;107;53;54;36,1
20650006629000;12;6;6;44,8
20650006725000;1;0;1;0,0
20650006726000;3;1;2;0,0
20650006728000;50;25;25;42,2
20650006729000;97;48;49;42,8
20650006730000;124;66;58;33,8
20650006796000;7;3;4;63,1
20650006797000;137;63;74;46,7
20650006798000;3;2;1;0,0
20650006807000;7;4;3;66,3
20650006886000;3;2;1;0,0
20650006887000;1;1;0;0,0
20650006890000;378;189;189;40,9
20650006891000;961;463;498;40,7
20650006892000;129;65;64;24,6
20650006903000;21;12;9;30,1
20650006938000;14;6;8;25,6
20650006939000;289;152;137;39,1
20650006940000;240;120;120;36,9
20650006941000;45;26;19;47,3
20650006942000;35;17;18;42,6
20650006943000;69;32;37;35,6
20650006944000;751;373;378;39,0
20650006945000;624;308;316;41,7
20650006946000;542;245;297;51,6
20650006947000;413;204;209;38,0
20650006948000;5;2;3;46,2
20650006956000;1;1;0;0,0
20650006960000;13;5;8;45,5
20650006963000;24;13;11;44,0
20650006985000;1;0;1;0,0
20650006986000;2;1;1;0,0
20650006987000;14;8;6;35,6
20650006988000;89;48;41;37,2
20650006989000;145;57;88;49,9
20650006990000;338;171;167;40,5
20660006454000;10;5;5;33,8
20660006455000;2;1;1;0,0
20660006457000;25;12;13;46,6
20660006458000;23;10;13;48,2
20660006460000;5;3;2;27,6
20660006461000;4;2;2;0,0
20660006464000;10;6;4;44,1
20660006465000;15;9;6;28,0
20660006467000;3;2;1;0,0
20660006468000;1;1;0;0,0
20660006470000;16;9;7;43,9
20660006474000;8;5;3;31,1
20660006475000;7;3;4;73,7
20660006476000;19;9;10;33,3
20660006481000;2;0;2;0,0
20660006482000;1;0;1;0,0
20660006483000;20;9;11;49,5
20660006484000;15;9;6;37,9
20660006485000;19;10;9;35,7
20660006486000;12;5;7;36,6
20660006487000;15;6;9;45,0
20660006488000;17;10;7;35,3
20660006489000;9;5;4;43,6
20660006490000;10;4;6;48,3
20660006491000;8;5;3;46,6
20660006495000;6;3;3;56,8
20660006496000;19;10;9;35,2
20660006516000;5;3;2;34,0
20660006517000;7;4;3;22,3
20660006535000;3;2;1;0,0
20660006537000;1;1;0;0,0
20660006541000;7;3;4;29,9
20660006604000;125;65;60;34,9
20660006605000;4;3;1;0,0
20660006723000;35;17;18;46,2
20660006724000;28;12;16;43,8
20660006727000;1;1;0;0,0
20660006731000;3;1;2;0,0
20660006807000;34;16;18;50,6
20660006870000;1;0;1;0,0
20660006886000;7;2;5;32,6
20660006890000;24;13;11;29,2
20660006891000;497;262;235;36,4
20660006892000;88;43;45;30,0
20660006899000;3;2;1;0,0
20660006904000;8;4;4;37,0
20660006923000;39;20;19;44,0
20660006934000;2;1;1;0,0
20660006935000;51;22;29;43,4
20660006936000;75;42;33;41,6
20660006944000;214;112;102;33,7
20660006945000;207;104;103;35,3
20660006946000;597;289;308;34,0
20660006947000;460;234;226;37,3
20660006952000;7;4;3;58,9
20660006953000;4;2;2;0,0
20660006957000;5;2;3;50,4
20660006958000;15;7;8;28,7
20660006963000;30;16;14;51,9
20660006971000;3;1;2;0,0
20660006991000;20;13;7;19,0
20670006455000;22;14;8;45,6
20670006456000;14;5;9;41,4
20670006457000;28;15;13;36,1
20670006458000;9;5;4;36,4
20670006459000;21;12;9;34,7
20670006460000;10;4;6;51,6
20670006461000;6;3;3;25,3
20670006463000;17;7;10;21,1
20670006464000;8;3;5;30,6
20670006465000;1;1;0;0,0
20670006470000;8;5;3;37,0
20670006474000;1;0;1;0,0
20670006475000;6;3;3;56,8
20670006478000;3;2;1;0,0
20670006481000;7;4;3;23,6
20670006483000;10;6;4;45,3
20670006484000;4;2;2;0,0
20670006485000;11;7;4;40,7
20670006489000;21;12;9;34,8
20670006490000;15;5;10;35,1
20670006491000;10;6;4;27,4
20670006493000;10;4;6;24,6
20670006494000;2;2;0;0,0
20670006495000;13;7;6;37,5
20670006497000;6;3;3;43,0
20670006498000;6;3;3;28,8
20670006516000;2;1;1;0,0
20670006532000;2;1;1;0,0
20670006535000;3;1;2;0,0
20670006536000;33;16;17;36,9
20670006537000;5;2;3;46,8
20670006575000;2;1;1;0,0
20670006597000;4;2;2;0,0
20670006604000;4;3;1;0,0
20670006606000;2;1;1;0,0
20670006626000;39;20;19;40,2
20670006627000;11;7;4;33,9
20670006628000;4;2;2;0,0
20670006723000;50;23;27;43,4
20670006724000;69;39;30;42,5
20670006794000;3;2;1;0,0
20670006806000;4;2;2;0,0
20670006807000;39;18;21;41,9
20670006863000;4;1;3;0,0
20670006865000;12;5;7;38,6
20670006866000;7;3;4;66,0
20670006867000;62;31;31;34,9
20670006868000;26;16;10;47,6
20670006870000;6;4;2;47,7
20670006872000;3;1;2;0,0
20670006873000;6;2;4;30,7
20670006885000;2;1;1;0,0
20670006886000;6;3;3;54,0
20670006888000;7;3;4;58,1
20670006891000;55;28;27;30,9
20670006892000;36;19;17;36,4
20670006904000;14;9;5;27,7
20670006905000;5;2;3;34,4
20670006922000;10;5;5;44,7
20670006934000;49;26;23;35,8
20670006945000;8;4;4;64,1
20670006946000;108;54;54;39,0
20670006947000;37;23;14;37,5
20670006953000;26;14;12;44,3
20670006954000;1;1;0;0,0
20670006957000;9;4;5;43,6
20670006958000;2;1;1;0,0
20670006960000;25;15;10;40,3
20670006961000;1;0;1;0,0
20670006962000;505;249;256;30,9
20670006963000;91;45;46;43,5
20670006967000;4;1;3;0,0
20670006968000;6;3;3;49,3
20670006971000;3;1;2;0,0
20670006974000;10;5;5;44,1
20670006975000;3;2;1;0,0
20670006991000;101;53;48;41,3
20670006992000;14;8;6;41,8
20680006455000;5;2;3;57,0
20680006456000;8;3;5;47,3
20680006457000;32;14;18;36,1
20680006458000;25;16;9;29,1
20680006462000;26;15;11;42,0
20680006463000;21;13;8;48,2
20680006465000;10;5;5;39,0
20680006471000;8;4;4;44,5
20680006475000;16;6;10;29,2
20680006477000;13;7;6;29,7
20680006479000;3;2;1;0,0
20680006480000;4;1;3;0,0
20680006482000;16;8;8;39,3
20680006483000;5;2;3;65,4
20680006485000;15;6;9;33,0
20680006486000;10;4;6;31,0
20680006487000;2;1;1;0,0
20680006488000;3;1;2;0,0
20680006494000;3;2;1;0,0
20680006495000;9;5;4;45,7
20680006498000;3;1;2;0,0
20680006499000;6;2;4;53,8
20680006500000;2;1;1;0,0
20680006519000;8;4;4;45,6
20680006533000;1;1;0;0,0
20680006536000;18;8;10;28,4
20680006537000;5;4;1;48,8
20680006575000;1;1;0;0,0
20680006608000;16;7;9;26,0
20680006616000;1;1;0;0,0
20680006617000;4;2;2;0,0
20680006624000;1;0;1;0,0
20680006626000;51;30;21;34,4
20680006627000;179;97;82;35,9
20680006628000;4;3;1;0,0
20680006733000;1;0;1;0,0
20680006805000;6;2;4;40,7
20680006806000;35;18;17;33,9
20680006807000;13;7;6;30,7
20680006815000;5;3;2;41,2
20680006825000;7;3;4;20,3
20680006826000;1;1;0;0,0
20680006827000;6;2;4;43,2
20680006867000;6;4;2;37,2
20680006868000;14;9;5;50,0
20680006874000;24;13;11;42,0
20680006882000;10;3;7;52,0
20680006883000;11;6;5;39,7
20680006884000;31;17;14;52,5
20680006885000;10;6;4;57,8
20680006887000;24;12;12;47,2
20680006891000;32;19;13;36,2
20680006892000;46;23;23;38,0
20680006922000;9;6;3;46,9
20680006934000;124;62;62;37,9
20680006945000;27;18;9;35,1
20680006946000;79;43;36;42,5
20680006947000;7;4;3;35,6
20680006953000;40;22;18;38,6
20680006954000;62;28;34;39,8
20680006957000;3;1;2;0,0
20680006960000;46;25;21;30,6
20680006961000;45;21;24;45,1
20680006962000;307;151;156;32,5
20680006963000;233;138;95;41,0
20680006967000;4;1;3;0,0
20680006968000;6;2;4;45,2
20680006971000;2;1;1;0,0
20680006974000;2;2;0;0,0
20680006975000;16;9;7;42,4
20690006457000;13;8;5;41,6
20690006458000;29;15;14;37,6
20690006459000;21;12;9;43,5
20690006460000;22;11;11;42,7
20690006461000;3;2;1;0,0
20690006462000;6;3;3;45,3
20690006463000;6;3;3;57,2
20690006464000;7;4;3;57,7
20690006467000;7;4;3;36,1
20690006468000;5;3;2;51,0
20690006469000;1;0;1;0,0
20690006471000;5;3;2;22,2
20690006472000;3;1;2;0,0
20690006480000;8;4;4;41,8
20690006481000;196;108;88;30,3
20690006482000;93;40;53;36,0
20690006483000;4;3;1;0,0
20690006486000;8;4;4;22,3
20690006488000;7;3;4;35,4
20690006489000;7;4;3;32,7
20690006495000;6;2;4;18,5
20690006500000;3;2;1;0,0
20690006501000;8;3;5;33,8
20690006505000;5;3;2;64,6
20690006506000;3;2;1;0,0
20690006536000;16;7;9;33,1
20690006537000;5;4;1;24,0
20690006576000;1;1;0;0,0
20690006600000;5;2;3;44,0
20690006610000;1;1;0;0,0
20690006612000;19;11;8;42,5
20690006613000;4;2;2;0,0
20690006619000;12;7;5;28,2
20690006626000;153;77;76;28,9
20690006627000;41;17;24;32,8
20690006628000;3;2;1;0,0
20690006732000;7;4;3;53,9
20690006795000;3;2;1;0,0
20690006805000;2;1;1;0,0
20690006806000;34;17;17;38,5
20690006807000;167;92;75;36,9
20690006808000;1;1;0;0,0
20690006813000;20;10;10;42,5
20690006826000;28;18;10;44,6
20690006874000;32;16;16;36,1
20690006877000;18;9;9;39,1
20690006878000;16;6;10;42,1
20690006879000;36;18;18;41,4
20690006880000;34;21;13;37,4
20690006881000;40;18;22;49,5
20690006882000;102;50;52;44,6
20690006883000;174;82;92;42,9
20690006884000;91;53;38;29,7
20690006886000;17;8;9;36,4
20690006887000;96;49;47;40,0
20690006891000;3;2;1;0,0
20690006892000;46;23;23;39,8
20690006903000;20;11;9;40,1
20690006913000;13;5;8;34,5
20690006933000;2;1;1;0,0
20690006934000;52;30;22;41,3
20690006935000;13;8;5;58,8
20690006946000;46;24;22;35,1
20690006947000;13;7;6;49,5
20690006953000;3;2;1;0,0
20690006955000;6;4;2;29,0
20690006956000;33;20;13;47,5
20690006957000;11;6;5;39,0
20690006958000;17;9;8;43,1
20690006960000;257;132;125;29,6
20690006961000;19;9;10;47,3
20690006962000;13;5;8;38,2
20690006963000;64;34;30;38,6
20690006964000;274;124;150;44,1
20690006965000;4;2;2;0,0
20690006966000;6;3;3;24,7
20690006975000;27;13;14;41,3
20690006976000;29;16;13;42,6
20700006457000;6;3;3;26,2
20700006458000;129;69;60;42,4
20700006459000;5;3;2;54,4
20700006460000;11;5;6;38,6
20700006462000;8;3;5;42,8
20700006463000;63;34;29;32,0
20700006464000;1;0;1;0,0
20700006469000;7;5;2;32,4
20700006474000;9;5;4;41,6
20700006475000;2;2;0;0,0
20700006476000;5;4;1;16,4
20700006477000;8;5;3;26,4
20700006480000;13;6;7;33,8
20700006482000;16;6;10;39,2
20700006483000;9;6;3;26,1
20700006484000;12;5;7;15,4
20700006485000;1;1;0;0,0
20700006486000;8;6;2;24,6
20700006487000;6;4;2;33,7
20700006488000;3;2;1;0,0
20700006490000;4;2;2;0,0
20700006494000;1;1;0;0,0
20700006504000;3;1;2;0,0
20700006529000;8;5;3;34,0
20700006530000;4;1;3;0,0
20700006575000;9;4;5;56,8
20700006576000;57;33;24;42,8
20700006577000;4;3;1;0,0
20700006590000;1;1;0;0,0
20700006591000;13;6;7;35,3
20700006593000;26;16;10;32,6
20700006610000;1;1;0;0,0
20700006614000;22;13;9;37,3
20700006616000;1;1;0;0,0
20700006622000;1;0;1;0,0
20700006629000;2;2;0;0,0
20700006650000;2;1;1;0,0
20700006651000;1;0;1;0,0
20700006765000;2;0;2;0,0
20700006792000;1;1;0;0,0
20700006806000;3;1;2;0,0
20700006808000;29;11;18;37,0
20700006812000;27;15;12;34,9
20700006813000;17;9;8;42,5
20700006825000;11;5;6;32,3
20700006826000;4;1;3;0,0
20700006876000;10;6;4;31,9
20700006877000;2;1;1;0,0
20700006884000;152;86;66;41,2
20700006885000;45;26;19;50,0
20700006887000;15;9;6;53,1
20700006891000;1;1;0;0,0
20700006892000;25;15;10;46,7
20700006902000;1;0;1;0,0
20700006905000;5;2;3;49,4
20700006912000;17;7;10;43,5
20700006913000;13;7;6;33,8
20700006935000;78;38;40;39,5
20700006953000;49;26;23;33,7
20700006954000;8;5;3;38,4
20700006955000;129;62;67;37,1
20700006958000;183;84;99;31,6
20700006960000;15;6;9;39,5
20700006961000;8;3;5;52,6
20700006963000;8;5;3;50,6
20700006964000;359;188;171;40,9
20700006965000;9;7;2;30,1
20700006966000;16;9;7;32,9
20700006969000;3;2;1;0,0
20700006970000;2;1;1;0,0
20700006972000;2;1;1;0,0
20700006975000;52;25;27;37,6
20700006976000;36;17;19;28,7
20700006998000;25;11;14;66,0
20710006458000;21;10;11;39,8
20710006459000;26;16;10;44,2
20710006460000;35;20;15;37,6
20710006462000;2;1;1;0,0
20710006466000;4;2;2;0,0
20710006474000;24;11;13;36,2
20710006478000;6;3;3;39,3
20710006479000;19;11;8;34,0
20710006482000;12;9;3;29,2
20710006483000;34;21;13;36,1
20710006484000;13;6;7;41,6
20710006485000;9;4;5;48,7
20710006488000;2;1;1;0,0
20710006490000;4;3;1;0,0
20710006494000;7;3;4;26,0
20710006495000;9;6;3;31,6
20710006524000;2;2;0;0,0
20710006544000;1;1;0;0,0
20710006557000;1;1;0;0,0
20710006562000;16;6;10;44,0
20710006574000;5;2;3;21,8
20710006575000;14;10;4;35,6
20710006576000;22;9;13;54,5
20710006577000;19;10;9;34,8
20710006589000;2;1;1;0,0
20710006590000;3;2;1;0,0
20710006591000;14;7;7;49,4
20710006592000;32;17;15;38,6
20710006593000;7;3;4;67,9
20710006610000;10;5;5;32,9
20710006614000;5;3;2;66,6
20710006618000;3;2;1;0,0
20710006619000;7;4;3;46,7
20710006620000;2;1;1;0,0
20710006628000;2;1;1;0,0
20710006632000;2;1;1;0,0
20710006650000;5;3;2;31,2
20710006759000;5;1;4;27,6
20710006765000;5;3;2;35,4
20710006767000;4;3;1;0,0
20710006772000;22;8;14;36,0
20710006783000;3;1;2;0,0
20710006809000;30;14;16;40,2
20710006810000;35;18;17;42,9
20710006811000;49;21;28;37,1
20710006812000;12;4;8;33,2
20710006817000;12;7;5;45,0
20710006818000;4;3;1;0,0
20710006819000;6;3;3;62,3
20710006820000;21;12;9;34,1
20710006821000;3;1;2;0,0
20710006823000;2;1;1;0,0
20710006825000;7;3;4;45,3
20710006886000;25;12;13;24,9
20710006887000;53;30;23;34,6
20710006892000;2;1;1;0,0
20710006905000;6;4;2;37,3
20710006906000;12;8;4;44,2
20710006907000;8;4;4;17,1
20710006908000;2;1;1;0,0
20710006935000;6;4;2;66,0
20710006936000;8;4;4;31,4
20710006954000;52;27;25;31,5
20710006955000;285;145;140;36,3
20710006958000;154;82;72;33,1
20710006960000;9;6;3;45,7
20710006961000;40;21;19;38,6
20710006962000;6;5;1;51,7
20710006963000;4;3;1;0,0
20710006964000;77;37;40;38,3
20710006968000;42;16;26;37,5
20710006969000;80;41;39;33,8
20710006975000;34;17;17;43,3
20710006993000;23;11;12;57,0
20720006459000;39;20;19;44,2
20720006460000;44;22;22;35,3
20720006462000;70;34;36;46,5
20720006464000;1;0;1;0,0
20720006467000;3;3;0;0,0
20720006468000;16;9;7;34,0
20720006469000;3;2;1;0,0
20720006473000;3;1;2;0,0
20720006474000;28;15;13;40,3
20720006478000;4;2;2;0,0
20720006485000;7;4;3;22,1
20720006486000;15;7;8;39,1
20720006487000;6;4;2;48,2
20720006489000;8;4;4;33,0
20720006490000;2;1;1;0,0
20720006491000;4;2;2;0,0
20720006492000;1;1;0;0,0
20720006521000;4;2;2;0,0
20720006522000;5;3;2;37,0
20720006561000;2;1;1;0,0
20720006562000;2;1;1;0,0
20720006567000;4;3;1;0,0
20720006568000;3;1;2;0,0
20720006573000;35;20;15;33,7
20720006574000;43;20;23;47,9
20720006575000;35;18;17;46,6
20720006576000;54;26;28;42,0
20720006577000;6;1;5;28,7
20720006578000;2;2;0;0,0
20720006579000;14;10;4;42,6
20720006585000;10;5;5;46,3
20720006589000;12;7;5;30,5
20720006592000;4;2;2;0,0
20720006593000;11;6;5;40,7
20720006650000;6;4;2;58,7
20720006732000;8;6;2;58,3
20720006767000;10;3;7;48,6
20720006768000;5;2;3;38,8
20720006770000;56;29;27;45,6
20720006771000;29;15;14;42,2
20720006772000;126;62;64;42,8
20720006773000;53;28;25;45,4
20720006782000;21;12;9;44,7
20720006783000;43;23;20;42,4
20720006810000;22;11;11;38,7
20720006811000;18;10;8;43,8
20720006815000;27;12;15;31,9
20720006816000;6;2;4;39,7
20720006817000;39;22;17;32,9
20720006818000;6;3;3;45,7
20720006819000;6;4;2;44,3
20720006820000;14;9;5;38,0
20720006821000;1;1;0;0,0
20720006822000;12;6;6;34,6
20720006824000;13;9;4;35,5
20720006885000;46;23;23;30,4
20720006886000;310;203;107;37,0
20720006887000;4;1;3;0,0
20720006892000;36;19;17;34,8
20720006893000;44;20;24;36,5
20720006906000;4;3;1;0,0
20720006909000;21;12;9;55,7
20720006936000;19;11;8;47,7
20720006948000;13;7;6;42,9
20720006949000;5;1;4;31,6
20720006955000;21;12;9;40,1
20720006956000;6;5;1;38,0
20720006957000;155;69;86;33,4
20720006958000;663;311;352;41,5
20720006960000;3;2;1;0,0
20720006961000;62;34;28;41,0
20720006962000;27;15;12;39,6
20720006964000;2;2;0;0,0
20720006970000;5;3;2;29,6
20720006971000;6;3;3;19,7
20720006976000;14;11;3;39,4
20720006977000;28;16;12;30,3
20720006978000;34;19;15;38,8
20720006979000;16;12;4;50,9
20720006992000;1;1;0;0,0
20720006993000;14;6;8;67,6
20730006457000;6;3;3;42,0
20730006459000;130;61;69;34,0
20730006460000;150;77;73;28,6
20730006462000;287;144;143;31,4
20730006463000;445;241;204;27,5
20730006464000;27;14;13;39,1
20730006465000;22;9;13;32,0
20730006467000;1;0;1;0,0
20730006468000;2;2;0;0,0
20730006473000;4;3;1;0,0
20730006476000;12;5;7;31,7
20730006477000;5;3;2;27,8
20730006481000;14;10;4;30,1
20730006482000;20;7;13;36,1
20730006484000;2;0;2;0,0
20730006487000;5;2;3;40,6
20730006491000;3;2;1;0,0
20730006492000;22;13;9;38,2
20730006493000;11;6;5;42,8
20730006511000;1;1;0;0,0
20730006512000;3;2;1;0,0
20730006560000;2;1;1;0,0
20730006567000;9;4;5;56,7
20730006568000;3;0;3;0,0
20730006569000;3;1;2;0,0
20730006573000;98;48;50;43,4
20730006574000;34;20;14;40,6
20730006579000;14;8;6;35,0
20730006581000;3;2;1;0,0
20730006582000;7;6;1;27,3
20730006583000;10;7;3;34,1
20730006584000;15;7;8;30,1
20730006585000;37;20;17;44,9
20730006586000;4;3;1;0,0
20730006587000;14;8;6;67,1
20730006635000;4;1;3;0,0
20730006650000;5;3;2;53,8
20730006723000;2;1;1;0,0
20730006770000;25;12;13;31,8
20730006773000;16;7;9;28,1
20730006782000;2;1;1;0,0
20730006783000;18;8;10;46,4
20730006799000;2;1;1;0,0
20730006809000;1;1;0;0,0
20730006810000;6;3;3;25,5
20730006811000;20;11;9;46,1
20730006812000;7;4;3;36,4
20730006814000;19;11;8;38,1
20730006815000;73;40;33;29,2
20730006816000;25;12;13;43,6
20730006817000;68;38;30;40,9
20730006818000;31;14;17;40,0
20730006819000;11;6;5;25,5
20730006885000;56;29;27;39,9
20730006886000;27;14;13;40,3
20730006892000;8;6;2;32,6
20730006893000;24;15;9;39,5
20730006909000;12;8;4;45,2
20730006949000;5;3;2;50,4
20730006951000;1;1;0;0,0
20730006954000;24;11;13;43,6
20730006955000;5;2;3;20,2
20730006956000;5;3;2;54,0
20730006957000;559;267;292;34,8
20730006958000;74;40;34;39,8
20730006959000;4;2;2;0,0
20730006961000;50;30;20;33,7
20730006962000;16;10;6;46,8
20730006968000;34;16;18;43,1
20730006969000;26;14;12;45,5
20730006970000;17;9;8;46,5
20730006971000;33;16;17;39,0
20730006975000;25;12;13;52,8
20730006976000;65;34;31;38,2
20730006979000;13;7;6;34,7
20730006981000;6;5;1;25,8
20740006457000;7;4;3;51,9
20740006458000;3;1;2;0,0
20740006459000;103;56;47;33,0
20740006460000;224;107;117;28,7
20740006461000;214;112;102;32,3
20740006462000;251;119;132;40,9
20740006463000;319;157;162;26,2
20740006467000;2;2;0;0,0
20740006469000;4;4;0;0,0
20740006470000;5;2;3;52,2
20740006471000;9;4;5;41,0
20740006476000;5;2;3;12,6
20740006477000;2;1;1;0,0
20740006480000;6;4;2;58,3
20740006481000;10;5;5;33,0
20740006482000;21;11;10;37,6
20740006484000;18;9;9;39,4
20740006485000;3;2;1;0,0
20740006487000;8;4;4;35,6
20740006509000;2;1;1;0,0
20740006511000;22;9;13;33,8
20740006518000;14;8;6;47,4
20740006519000;1;1;0;0,0
20740006561000;3;3;0;0,0
20740006569000;5;2;3;32,2
20740006570000;14;8;6;43,0
20740006571000;38;20;18;36,7
20740006585000;13;6;7;48,4
20740006586000;52;27;25;43,8
20740006587000;214;96;118;42,2
20740006588000;26;9;17;38,1
20740006589000;6;5;1;38,3
20740006590000;31;17;14;49,1
20740006635000;7;2;5;62,7
20740006650000;7;3;4;45,0
20740006723000;10;5;5;38,2
20740006724000;1;1;0;0,0
20740006774000;28;13;15;49,6
20740006775000;5;2;3;39,0
20740006800000;2;1;1;0,0
20740006811000;2;1;1;0,0
20740006812000;9;2;7;34,4
20740006813000;9;6;3;30,2
20740006814000;114;55;59;44,2
20740006815000;7;3;4;40,1
20740006816000;8;4;4;27,3
20740006843000;17;6;11;30,6
20740006844000;15;10;5;41,7
20740006845000;2;1;1;0,0
20740006849000;2;1;1;0,0
20740006884000;15;11;4;27,2
20740006885000;21;10;11;37,1
20740006893000;40;22;18;33,4
20740006894000;3;1;2;0,0
20740006908000;5;3;2;17,8
20740006910000;1;0;1;0,0
20740006939000;1;1;0;0,0
20740006949000;55;29;26;36,8
20740006955000;7;4;3;40,7
20740006956000;18;8;10;34,6
20740006957000;466;234;232;37,4
20740006959000;33;17;16;38,2
20740006960000;6;2;4;32,7
20740006961000;42;22;20;35,4
20740006976000;274;128;146;44,3
20740006977000;267;133;134;40,2
20740006978000;29;17;12;27,1
20740006981000;12;7;5;50,1
20750006459000;25;11;14;37,6
20750006460000;224;110;114;40,4
20750006461000;863;433;430;35,0
20750006462000;113;50;63;54,0
20750006474000;7;3;4;55,3
20750006475000;6;3;3;33,7
20750006476000;1;0;1;0,0
20750006477000;18;9;9;49,5
20750006478000;16;7;9;33,2
20750006479000;29;14;15;49,9
20750006480000;8;4;4;41,0
20750006482000;5;3;2;24,4
20750006485000;10;3;7;22,2
20750006486000;22;10;12;33,0
20750006487000;18;11;7;23,7
20750006494000;120;58;62;42,2
20750006495000;3;1;2;0,0
20750006506000;11;7;4;35,1
20750006507000;3;1;2;0,0
20750006508000;5;4;1;20,0
20750006561000;20;12;8;46,4
20750006588000;38;21;17;35,4
20750006589000;68;34;34;36,4
20750006590000;53;31;22;30,1
20750006635000;6;3;3;57,2
20750006646000;2;1;1;0,0
20750006648000;5;2;3;39,6
20750006649000;2;1;1;0,0
20750006650000;7;3;4;35,6
20750006721000;3;3;0;0,0
20750006722000;15;9;6;41,7
20750006723000;9;5;4;49,4
20750006724000;7;4;3;32,0
20750006774000;6;4;2;41,0
20750006776000;38;21;17;45,6
20750006777000;6;4;2;64,3
20750006798000;2;1;1;0,0
20750006799000;3;2;1;0,0
20750006813000;143;71;72;34,4
20750006814000;715;363;352;33,8
20750006842000;6;3;3;28,3
20750006843000;12;8;4;41,7
20750006884000;17;9;8;34,9
20750006893000;15;7;8;38,9
20750006894000;4;2;2;0,0
20750006910000;197;99;98;37,6
20750006911000;13;5;8;33,8
20750006923000;8;4;4;37,9
20750006949000;12;5;7;38,1
20750006954000;37;18;19;33,2
20750006956000;15;6;9;43,7
20750006957000;4;2;2;0,0
20750006959000;31;17;14;38,8
20750006960000;3;2;1;0,0
20750006961000;3;1;2;0,0
20750006964000;25;12;13;35,2
20750006978000;40;20;20;38,8
20750006979000;78;37;41;33,6
20750006980000;29;16;13;28,0
20750006988000;3;2;1;0,0
20750006989000;5;2;3;40,6
20760006459000;135;68;67;36,0
20760006460000;1348;654;694;39,7
20760006461000;451;221;230;40,1
20760006462000;270;124;146;51,9
20760006469000;3;1;2;0,0
20760006473000;33;15;18;41,5
20760006474000;22;10;12;41,1
20760006479000;16;7;9;33,9
20760006480000;2;1;1;0,0
20760006483000;14;8;6;32,4
20760006485000;46;27;19;30,6
20760006492000;20;8;12;33,5
20760006493000;50;26;24;33,9
20760006494000;183;83;100;38,1
20760006495000;26;14;12;39,8
20760006500000;5;2;3;36,6
20760006506000;3;1;2;0,0
20760006509000;10;4;6;25,8
20760006510000;1;0;1;0,0
20760006516000;5;2;3;38,0
20760006517000;18;8;10;34,8
20760006589000;7;3;4;57,9
20760006590000;1;0;1;0,0
20760006602000;1;1;0;0,0
20760006722000;2;1;1;0,0
20760006777000;129;60;69;44,5
20760006813000;767;387;380;35,3
20760006814000;1369;666;703;43,0
20760006815000;30;15;15;31,9
20760006817000;4;2;2;0,0
20760006841000;17;10;7;49,7
20760006842000;35;20;15;50,9
20760006892000;32;15;17;30,7
20760006893000;1;1;0;0,0
20760006894000;4;4;0;0,0
20760006909000;2;1;1;0,0
20760006910000;49;25;24;62,4
20760006946000;26;15;11;38,8
20760006947000;55;34;21;35,3
20760006948000;47;26;21;42,9
20760006949000;18;9;9;30,3
20760006954000;53;26;27;42,0
20760006959000;2;1;1;0,0
20760006961000;9;7;2;47,0
20760006964000;6;5;1;46,2
20760006973000;20;13;7;41,7
20760006976000;6;4;2;60,2
20760006979000;107;57;50;39,3
20760006980000;15;6;9;36,3
20760006983000;11;7;4;45,5
20770006457000;10;5;5;49,7
20770006459000;528;265;263;33,5
20770006460000;803;383;420;36,9
20770006461000;333;159;174;39,5
20770006462000;422;205;217;41,4
20770006463000;34;15;19;41,5
20770006468000;21;9;12;37,5
20770006470000;17;8;9;27,9
20770006471000;119;63;56;37,2
20770006472000;88;48;40;34,6
20770006473000;29;16;13;38,7
20770006475000;21;11;10;40,2
20770006479000;5;3;2;46,0
20770006480000;3;1;2;0,0
20770006481000;4;2;2;0,0
20770006483000;10;3;7;48,6
20770006484000;21;9;12;31,0
20770006485000;2;1;1;0,0
20770006486000;20;10;10;36,6
20770006488000;8;3;5;46,8
20770006489000;5;1;4;20,2
20770006493000;4;1;3;0,0
20770006496000;41;19;22;33,4
20770006497000;61;30;31;40,6
20770006507000;6;4;2;55,5
20770006509000;8;4;4;34,8
20770006515000;3;2;1;0,0
20770006516000;4;2;2;0,0
20770006638000;1;1;0;0,0
20770006645000;5;2;3;22,8
20770006776000;13;7;6;32,6
20770006777000;273;131;142;37,1
20770006778000;210;110;100;40,6
20770006779000;176;90;86;41,2
20770006780000;2;1;1;0,0
20770006782000;21;10;11;37,5
20770006811000;162;79;83;38,4
20770006812000;183;97;86;30,4
20770006813000;39;19;20;42,0
20770006814000;414;205;209;37,9
20770006815000;31;15;16;42,5
20770006816000;27;15;12;49,4
20770006840000;3;2;1;0,0
20770006880000;4;2;2;0,0
20770006892000;4;3;1;0,0
20770006893000;10;5;5;33,8
20770006894000;15;9;6;38,2
20770006908000;6;3;3;37,8
20770006909000;11;5;6;54,0
20770006930000;10;5;5;43,4
20770006948000;2;1;1;0,0
20770006952000;2;1;1;0,0
20770006954000;119;58;61;36,0
20770006973000;18;8;10;43,7
20770006976000;15;8;7;44,5
20770006979000;2;1;1;0,0
20770006980000;34;17;17;49,1
20770006981000;83;43;40;41,8
20770006982000;42;21;21;44,8
20770006983000;52;27;25;37,1
20780006456000;1;1;0;0,0
20780006457000;10;5;5;50,3
20780006458000;1;1;0;0,0
20780006459000;98;51;47;34,4
20780006460000;824;420;404;36,1
20780006461000;46;26;20;34,2
20780006462000;2;1;1;0,0
20780006463000;31;18;13;43,1
20780006464000;24;12;12;46,0
20780006467000;357;187;170;39,8
20780006468000;681;291;390;47,3
20780006469000;172;91;81;38,6
20780006470000;634;317;317;35,3
20780006471000;5;3;2;27,6
20780006473000;8;3;5;46,6
20780006475000;1;1;0;0,0
20780006477000;6;4;2;42,7
20780006479000;2;1;1;0,0
20780006480000;10;6;4;41,8
20780006481000;9;5;4;51,6
20780006483000;16;8;8;29,4
20780006484000;38;17;21;34,0
20780006485000;13;8;5;39,8
20780006486000;17;9;8;35,8
20780006487000;2;0;2;0,0
20780006489000;3;1;2;0,0
20780006491000;3;1;2;0,0
20780006492000;1;0;1;0,0
20780006497000;27;15;12;36,3
20780006506000;4;2;2;0,0
20780006508000;6;4;2;25,7
20780006511000;6;2;4;34,5
20780006512000;34;14;20;41,2
20780006514000;3;2;1;0,0
20780006515000;34;14;20;39,0
20780006558000;4;2;2;0,0
20780006559000;11;5;6;39,2
20780006561000;4;1;3;0,0
20780006645000;2;1;1;0,0
20780006721000;4;2;2;0,0
20780006775000;10;5;5;31,3
20780006776000;36;20;16;42,1
20780006779000;12;6;6;42,7
20780006801000;2;1;1;0,0
20780006811000;215;100;115;31,4
20780006812000;30;15;15;29,3
20780006814000;12;5;7;52,1
20780006815000;59;27;32;41,4
20780006816000;69;35;34;36,6
20780006880000;12;5;7;43,0
20780006893000;7;4;3;34,0
20780006894000;11;6;5;41,1
20780006902000;4;2;2;0,0
20780006908000;3;1;2;0,0
20780006913000;5;2;3;32,8
20780006930000;55;32;23;30,8
20780006931000;26;12;14;45,6
20780006933000;2;1;1;0,0
20780006952000;11;6;5;46,0
20780006953000;43;28;15;40,7
20780006954000;435;224;211;40,9
20780006955000;90;47;43;36,9
20780006956000;21;10;11;48,2
20780006973000;49;28;21;41,0
20780006974000;6;5;1;30,3
20780006979000;2;1;1;0,0
20780006980000;125;60;65;39,7
20780006981000;16;6;10;39,7
20780006982000;28;21;7;34,5
20790006458000;41;22;19;46,8
20790006459000;878;439;439;34,8
20790006460000;37;21;16;34,6
20790006461000;13;5;8;36,6
20790006464000;507;261;246;37,3
20790006465000;99;53;46;39,6
20790006466000;303;156;147;35,8
20790006467000;103;54;49;39,7
20790006468000;22;13;9;54,1
20790006469000;518;273;245;31,7
20790006470000;122;62;60;33,1
20790006471000;4;3;1;0,0
20790006473000;13;8;5;19,5
20790006474000;12;5;7;33,7
20790006475000;8;5;3;53,6
20790006478000;6;4;2;40,8
20790006479000;26;13;13;32,8
20790006480000;186;97;89;35,4
20790006481000;83;39;44;29,2
20790006483000;5;3;2;22,0
20790006484000;6;3;3;59,8
20790006485000;24;16;8;46,3
20790006487000;3;0;3;0,0
20790006488000;9;6;3;33,1
20790006489000;7;3;4;42,4
20790006490000;6;4;2;43,3
20790006491000;4;2;2;0,0
20790006495000;5;2;3;21,6
20790006499000;9;6;3;26,6
20790006500000;1;0;1;0,0
20790006503000;5;3;2;56,4
20790006504000;18;12;6;28,7
20790006505000;14;7;7;47,0
20790006506000;58;30;28;27,6
20790006507000;53;30;23;43,8
20790006508000;22;13;9;38,6
20790006509000;3;2;1;0,0
20790006511000;10;5;5;48,7
20790006512000;32;20;12;38,9
20790006513000;221;115;106;30,0
20790006514000;111;59;52;41,3
20790006515000;13;10;3;30,1
20790006548000;13;9;4;24,2
20790006549000;4;3;1;0,0
20790006555000;2;1;1;0,0
20790006557000;14;8;6;45,4
20790006558000;23;13;10;53,8
20790006559000;2;2;0;0,0
20790006560000;6;4;2;30,5
20790006561000;5;3;2;18,8
20790006774000;28;12;16;43,0
20790006775000;41;21;20;49,2
20790006777000;1;1;0;0,0
20790006778000;7;4;3;26,7
20790006811000;16;9;7;37,1
20790006815000;1;1;0;0,0
20790006816000;2;2;0;0,0
20790006817000;38;19;19;44,7
20790006822000;2;1;1;0,0
20790006837000;4;2;2;0,0
20790006877000;9;5;4;40,8
20790006893000;2;0;2;0,0
20790006904000;7;4;3;54,1
20790006905000;12;6;6;37,9
20790006906000;42;20;22;37,1
20790006907000;6;3;3;55,5
20790006908000;15;6;9;31,7
20790006913000;8;4;4;45,5
20790006924000;1;1;0;0,0
20790006925000;8;4;4;41,0
20790006926000;2;1;1;0,0
20790006927000;3;2;1;0,0
20790006928000;45;25;20;36,8
20790006929000;46;26;20;35,2
20790006930000;65;31;34;43,0
20790006931000;10;5;5;52,4
20790006932000;25;12;13;47,9
20790006940000;2;1;1;0,0
20790006952000;70;37;33;46,8
20790006953000;29;15;14;29,8
20790006954000;409;191;218;44,3
20790006955000;162;77;85;37,7
20790006956000;15;9;6;46,7
20790006957000;5;4;1;62,8
20790006973000;47;24;23;49,2
20790006977000;61;31;30;33,0
20790006979000;2;0;2;0,0
20790006981000;14;5;9;28,4
20800006458000;2;2;0;0,0
20800006459000;72;36;36;46,2
20800006465000;188;86;102;24,7
20800006466000;33;20;13;32,4
20800006467000;55;29;26;40,7
20800006468000;2;2;0;0,0
20800006469000;197;98;99;34,9
20800006470000;627;323;304;26,7
20800006471000;12;9;3;43,3
20800006476000;4;1;3;0,0
20800006479000;32;20;12;46,8
20800006480000;114;64;50;23,5
20800006481000;48;24;24;25,5
20800006482000;25;13;12;43,1
20800006483000;59;35;24;41,3
20800006484000;89;44;45;35,2
20800006485000;10;4;6;43,4
20800006487000;1;0;1;0,0
20800006488000;7;3;4;47,9
20800006503000;3;2;1;0,0
20800006504000;7;4;3;51,0
20800006509000;11;8;3;34,7
20800006510000;5;3;2;56,2
20800006513000;68;43;25;38,0
20800006514000;121;56;65;46,2
20800006515000;33;16;17;55,8
20800006516000;13;8;5;50,3
20800006527000;3;1;2;0,0
20800006547000;1;1;0;0,0
20800006553000;16;10;6;41,2
20800006773000;37;16;21;42,4
20800006774000;10;6;4;42,7
20800006810000;58;32;26;42,4
20800006811000;4;1;3;0,0
20800006817000;31;12;19;42,2
20800006818000;24;12;12;39,0
20800006819000;6;3;3;42,0
20800006820000;1;1;0;0,0
20800006822000;33;17;16;47,6
20800006823000;2;2;0;0,0
20800006891000;5;3;2;48,8
20800006892000;2;1;1;0,0
20800006904000;30;16;14;44,4
20800006920000;8;4;4;36,1
20800006923000;7;3;4;40,0
20800006924000;3;1;2;0,0
20800006925000;36;19;17;42,8
20800006926000;4;2;2;0,0
20800006927000;16;6;10;42,6
20800006928000;25;11;14;41,8
20800006932000;30;15;15;52,0
20800006933000;45;24;21;42,0
20800006934000;238;120;118;35,9
20800006940000;9;5;4;37,8
20800006952000;116;63;53;36,1
20800006953000;28;15;13;44,0
20800006954000;165;88;77;39,6
20800006955000;9;4;5;49,8
20800006973000;11;7;4;44,1
20800006977000;22;12;10;46,0
20800006982000;5;3;2;64,8
20810006458000;1;1;0;0,0
20810006459000;2;1;1;0,0
20810006466000;71;39;32;40,1
20810006467000;12;7;5;28,4
20810006468000;3;2;1;0,0
20810006470000;8;4;4;31,3
20810006471000;17;8;9;50,7
20810006476000;6;3;3;30,2
20810006478000;9;4;5;57,4
20810006479000;28;15;13;44,7
20810006483000;241;125;116;33,3
20810006484000;174;82;92;33,1
20810006487000;1;1;0;0,0
20810006493000;1;1;0;0,0
20810006497000;9;4;5;45,7
20810006501000;4;2;2;0,0
20810006512000;12;6;6;35,3
20810006515000;25;13;12;40,0
20810006516000;235;111;124;40,1
20810006517000;23;10;13;34,2
20810006522000;9;7;2;46,3
20810006525000;12;8;4;30,9
20810006527000;5;2;3;49,4
20810006546000;3;2;1;0,0
20810006550000;13;5;8;53,4
20810006561000;1;0;1;0,0
20810006645000;31;18;13;39,1
20810006646000;6;3;3;23,2
20810006810000;48;27;21;38,2
20810006822000;112;58;54;42,9
20810006823000;37;18;19;43,0
20810006890000;10;6;4;34,0
20810006891000;21;13;8;39,7
20810006933000;5;3;2;48,0
20810006934000;685;337;348;37,8
20810006935000;298;166;132;39,6
20810006945000;1;0;1;0,0
20810006951000;37;21;16;40,3
20810006952000;33;18;15;44,0
20810006953000;13;6;7;26,7
20810006954000;58;26;32;38,7
20810006968000;29;14;15;40,5
20810006969000;12;8;4;35,1
20810006972000;18;10;8;43,1
20810006977000;10;5;5;49,2
20810006982000;3;2;1;0,0
20810006995000;13;7;6;67,2
20820006459000;32;12;20;35,5
20820006460000;9;4;5;39,8
20820006466000;31;11;20;28,4
20820006473000;22;10;12;45,7
20820006474000;3;1;2;0,0
20820006477000;4;1;3;0,0
20820006478000;11;6;5;45,7
20820006482000;44;24;20;40,4
20820006483000;48;28;20;29,7
20820006484000;4;2;2;0,0
20820006485000;3;1;2;0,0
20820006486000;1;1;0;0,0
20820006487000;10;4;6;40,1
20820006494000;1;0;1;0,0
20820006496000;7;2;5;41,9
20820006499000;1;0;1;0,0
20820006515000;15;7;8;30,7
20820006516000;972;454;518;42,5
20820006517000;83;39;44;39,5
20820006518000;9;5;4;39,4
20820006519000;3;1;2;0,0
20820006521000;9;4;5;41,0
20820006523000;3;2;1;0,0
20820006524000;8;3;5;38,1
20820006525000;54;26;28;38,9
20820006534000;2;1;1;0,0
20820006547000;1;0;1;0,0
20820006553000;33;18;15;45,4
20820006554000;5;2;3;41,6
20820006643000;2;1;1;0,0
20820006645000;88;39;49;44,1
20820006646000;14;8;6;51,9
20820006807000;26;12;14;37,3
20820006808000;485;238;247;38,8
20820006809000;382;207;175;31,7
20820006810000;54;25;29;39,9
20820006811000;6;3;3;38,8
20820006820000;51;28;23;24,0
20820006821000;171;86;85;23,6
20820006822000;78;40;38;43,4
20820006823000;99;49;50;37,8
20820006889000;17;11;6;30,9
20820006890000;10;4;6;33,2
20820006893000;5;1;4;36,8
20820006894000;70;36;34;31,4
20820006903000;6;3;3;52,2
20820006904000;21;8;13;48,3
20820006933000;127;64;63;35,9
20820006934000;619;294;325;47,0
20820006935000;153;74;79;44,2
20820006950000;27;15;12;43,0
20820006951000;29;18;11;33,1
20820006961000;6;4;2;38,2
20820006968000;29;16;13;31,8
20820006969000;242;125;117;38,1
20820006970000;19;10;9;51,5
20820006977000;27;14;13;37,2
20820006990000;12;6;6;40,6
20820006991000;5;2;3;29,4
20820006994000;12;6;6;53,7
20830006459000;2;1;1;0,0
20830006460000;4;2;2;0,0
20830006461000;5;3;2;39,2
20830006464000;22;9;13;46,4
20830006466000;456;246;210;34,4
20830006467000;718;370;348;33,2
20830006471000;5;1;4;42,0
20830006473000;22;11;11;30,3
20830006474000;84;44;40;32,8
20830006475000;162;93;69;35,2
20830006482000;1;1;0;0,0
20830006485000;16;11;5;34,3
20830006486000;1;1;0;0,0
20830006487000;13;8;5;32,0
20830006488000;27;14;13;34,9
20830006492000;4;3;1;0,0
20830006496000;8;5;3;22,9
20830006501000;5;3;2;50,8
20830006504000;3;1;2;0,0
20830006505000;10;3;7;24,7
20830006507000;5;3;2;27,2
20830006508000;4;3;1;0,0
20830006509000;4;3;1;0,0
20830006512000;9;5;4;36,0
20830006513000;8;4;4;24,4
20830006514000;12;5;7;52,9
20830006515000;1;0;1;0,0
20830006516000;316;150;166;35,9
20830006517000;237;110;127;40,0
20830006518000;13;8;5;33,7
20830006521000;28;16;12;33,6
20830006523000;4;2;2;0,0
20830006524000;4;2;2;0,0
20830006525000;361;185;176;41,2
20830006526000;6;4;2;28,5
20830006527000;5;3;2;36,2
20830006544000;2;1;1;0,0
20830006545000;4;2;2;0,0
20830006553000;3;1;2;0,0
20830006554000;9;6;3;55,9
20830006555000;1;1;0;0,0
20830006565000;5;2;3;20,4
20830006643000;1;1;0;0,0
20830006644000;2;1;1;0,0
20830006645000;79;45;34;39,8
20830006646000;79;38;41;40,2
20830006648000;2;1;1;0,0
20830006773000;16;9;7;47,9
20830006807000;15;10;5;53,5
20830006808000;153;76;77;35,0
20830006809000;33;19;14;41,6
20830006810000;74;44;30;35,1
20830006821000;222;116;106;31,8
20830006822000;147;60;87;50,4
20830006823000;161;88;73;41,0
20830006824000;36;21;15;37,9
20830006889000;51;24;27;40,7
20830006902000;8;5;3;49,8
20830006931000;4;2;2;0,0
20830006932000;126;67;59;45,0
20830006933000;236;124;112;41,3
20830006934000;383;204;179;41,4
20830006935000;81;39;42;42,7
20830006950000;9;6;3;63,1
20830006951000;79;46;33;44,0
20830006961000;2;1;1;0,0
20830006968000;28;14;14;43,6
20830006969000;15;6;9;49,9
20830006977000;26;15;11;40,5
20830006982000;33;18;15;40,9
20830006990000;53;30;23;41,1
20830006991000;172;85;87;42,0
20830006993000;42;23;19;46,6
20840006461000;222;107;115;40,5
20840006462000;1009;506;503;36,6
20840006463000;1586;815;771;31,6
20840006464000;2179;1056;1123;38,8
20840006465000;1752;905;847;35,7
20840006466000;1209;621;588;35,3
20840006467000;1029;522;507;27,6
20840006470000;1;0;1;0,0
20840006471000;479;205;274;42,9
20840006472000;123;63;60;30,9
20840006473000;295;158;137;37,6
20840006474000;531;262;269;35,7
20840006475000;595;315;280;34,3
20840006488000;48;22;26;30,8
20840006489000;10;3;7;42,7
20840006492000;10;6;4;45,5
20840006493000;8;3;5;30,4
20840006501000;3;1;2;0,0
20840006508000;3;1;2;0,0
20840006513000;8;5;3;31,8
20840006514000;5;4;1;66,0
20840006515000;9;5;4;49,7
20840006517000;61;35;26;37,7
20840006524000;9;4;5;45,3
20840006525000;3;2;1;0,0
20840006528000;8;5;3;20,4
20840006529000;48;26;22;44,9
20840006530000;1;1;0;0,0
20840006531000;3;2;1;0,0
20840006535000;1;1;0;0,0
20840006542000;117;60;57;43,5
20840006543000;80;36;44;39,2
20840006544000;24;14;10;47,8
20840006555000;11;4;7;35,8
20840006645000;97;55;42;41,2
20840006650000;2;1;1;0,0
20840006773000;59;39;20;45,7
20840006806000;6;3;3;52,2
20840006807000;72;43;29;41,2
20840006820000;20;10;10;35,6
20840006821000;113;54;59;35,8
20840006822000;106;58;48;37,7
20840006823000;88;40;48;37,1
20840006825000;2;1;1;0,0
20840006887000;2;1;1;0,0
20840006888000;25;13;12;55,9
20840006931000;56;31;25;49,7
20840006932000;5;3;2;29,8
20840006946000;15;8;7;32,7
20840006947000;53;23;30;32,9
20840006949000;1;1;0;0,0
20840006950000;5;2;3;35,0
20840006951000;50;25;25;40,6
20840006958000;4;2;2;0,0
20840006964000;26;14;12;38,6
20840006967000;23;11;12;49,1
20840006968000;16;9;7;33,3
20840006977000;1;0;1;0,0
20840006982000;14;8;6;44,5
20840006983000;6;3;3;56,5
20840006989000;16;10;6;43,1
20840006990000;62;31;31;37,7
20840006991000;70;35;35;45,2
20840006992000;45;25;20;31,7
20840006993000;2;1;1;0,0
20850006461000;1092;551;541;38,5
20850006462000;1834;915;919;35,8
20850006463000;1667;836;831;36,7
20850006464000;2523;1234;1289;43,7
20850006465000;2107;1025;1082;38,4
20850006466000;2018;993;1025;40,4
20850006467000;1128;540;588;37,2
20850006468000;156;79;77;34,4
20850006469000;14;8;6;35,3
20850006471000;678;329;349;30,9
20850006472000;150;77;73;32,1
20850006473000;44;23;21;46,3
20850006474000;94;56;38;36,5
20850006475000;677;355;322;36,3
20850006476000;268;132;136;33,9
20850006477000;44;20;24;46,6
20850006488000;59;28;31;39,3
20850006489000;27;11;16;25,6
20850006490000;10;4;6;30,0
20850006493000;37;22;15;32,9
20850006494000;37;18;19;35,1
20850006495000;11;5;6;34,1
20850006499000;4;2;2;0,0
20850006501000;46;24;22;32,1
20850006502000;8;4;4;35,3
20850006503000;5;2;3;29,6
20850006504000;2;1;1;0,0
20850006505000;1;1;0;0,0
20850006513000;7;2;5;48,9
20850006514000;23;14;9;33,9
20850006515000;28;15;13;38,9
20850006517000;4;3;1;0,0
20850006518000;15;8;7;28,0
20850006528000;5;3;2;36,8
20850006529000;41;20;21;39,7
20850006539000;23;11;12;44,8
20850006540000;8;5;3;29,0
20850006543000;45;19;26;39,9
20850006555000;6;2;4;62,3
20850006644000;1;1;0;0,0
20850006645000;25;11;14;27,2
20850006775000;4;1;3;0,0
20850006806000;1;1;0;0,0
20850006807000;15;6;9;54,9
20850006820000;50;20;30;42,3
20850006821000;54;26;28;35,3
20850006822000;5;2;3;13,6
20850006825000;12;6;6;61,3
20850006826000;3;2;1;0,0
20850006840000;19;10;9;41,2
20850006859000;7;2;5;40,9
20850006886000;9;6;3;60,3
20850006887000;26;13;13;49,4
20850006888000;1;1;0;0,0
20850006890000;11;6;5;39,7
20850006929000;7;5;2;40,0
20850006942000;30;16;14;45,0
20850006946000;7;4;3;38,4
20850006947000;23;11;12;40,7
20850006950000;5;2;3;60,6
20850006964000;67;34;33;39,5
20850006965000;74;55;19;43,3
20850006967000;17;13;4;40,6
20850006977000;2;1;1;0,0
20850006978000;7;5;2;31,3
20850006979000;2;1;1;0,0
20850006982000;3;1;2;0,0
20850006987000;2;1;1;0,0
20850006988000;28;11;17;36,1
20850006989000;8;4;4;18,9
20850006990000;25;14;11;48,0
20850006991000;9;6;3;31,8
20850006992000;3;2;1;0,0
20850006993000;8;5;3;34,8
20850006994000;27;13;14;50,2
20860006457000;8;5;3;34,3
20860006458000;523;267;256;31,5
20860006459000;8;2;6;26,6
20860006460000;27;13;14;36,2
20860006461000;545;268;277;43,2
20860006462000;1541;733;808;38,4
20860006463000;213;108;105;37,6
20860006464000;389;206;183;38,8
20860006465000;509;247;262;37,0
20860006466000;1843;887;956;39,6
20860006467000;1290;651;639;36,6
20860006470000;3;3;0;0,0
20860006471000;13;6;7;43,6
20860006476000;32;17;15;31,3
20860006477000;514;267;247;36,7
20860006478000;222;115;107;36,7
20860006479000;154;80;74;24,5
20860006480000;51;22;29;35,4
20860006492000;6;4;2;44,2
20860006493000;2;1;1;0,0
20860006494000;51;30;21;36,6
20860006495000;130;64;66;30,5
20860006496000;2;1;1;0,0
20860006497000;12;7;5;39,3
20860006499000;9;6;3;31,9
20860006500000;4;2;2;0,0
20860006501000;50;19;31;33,7
20860006502000;102;49;53;42,5
20860006503000;6;5;1;26,0
20860006508000;6;4;2;64,2
20860006517000;19;10;9;27,5
20860006518000;87;48;39;39,0
20860006529000;11;7;4;39,2
20860006533000;13;5;8;33,5
20860006534000;21;9;12;61,0
20860006544000;8;3;5;40,4
20860006545000;48;25;23;48,2
20860006546000;12;4;8;67,3
20860006548000;8;4;4;46,3
20860006644000;9;4;5;23,9
20860006821000;4;3;1;0,0
20860006822000;8;5;3;37,0
20860006824000;1;0;1;0,0
20860006825000;32;14;18;43,7
20860006826000;75;33;42;40,9
20860006827000;60;34;26;42,5
20860006828000;8;3;5;58,5
20860006858000;11;7;4;39,5
20860006884000;13;5;8;40,2
20860006885000;16;7;9;51,8
20860006889000;48;23;25;35,1
20860006890000;8;2;6;37,3
20860006941000;5;1;4;32,6
20860006942000;496;238;258;38,9
20860006945000;2;1;1;0,0
20860006946000;1;1;0;0,0
20860006964000;136;85;51;48,5
20860006965000;134;68;66;40,1
20860006966000;300;168;132;36,9
20860006967000;311;160;151;36,6
20860006968000;90;53;37;35,0
20860006970000;50;26;24;32,6
20860006971000;106;54;52;29,9
20860006972000;32;17;15;48,0
20860006978000;33;17;16;43,4
20860006986000;2;1;1;0,0
20860006987000;32;15;17;48,6
20860006988000;7;5;2;54,0
20860006989000;39;24;15;47,9
20860006990000;6;3;3;72,7
20860006991000;21;9;12;35,1
20860006992000;21;11;10;46,4
20860006993000;21;9;12;36,5
20870006457000;65;23;42;28,4
20870006458000;1001;481;520;38,5
20870006459000;735;385;350;30,6
20870006462000;574;285;289;32,0
20870006466000;1639;852;787;39,9
20870006467000;1271;611;660;38,8
20870006468000;87;47;40;33,3
20870006469000;552;286;266;38,0
20870006477000;396;207;189;37,2
20870006478000;651;321;330;36,1
20870006479000;1233;630;603;35,3
20870006480000;984;471;513;40,0
20870006481000;101;48;53;32,1
20870006482000;16;8;8;37,5
20870006490000;10;4;6;34,9
20870006492000;2;1;1;0,0
20870006498000;11;6;5;54,9
20870006500000;14;5;9;40,9
20870006501000;40;19;21;45,5
20870006502000;63;36;27;41,2
20870006504000;3;3;0;0,0
20870006505000;3;2;1;0,0
20870006506000;8;5;3;47,6
20870006507000;1;1;0;0,0
20870006508000;9;2;7;20,8
20870006509000;5;2;3;30,4
20870006514000;1;1;0;0,0
20870006515000;6;3;3;39,7
20870006517000;9;6;3;48,3
20870006526000;4;3;1;0,0
20870006534000;5;1;4;59,2
20870006535000;3;1;2;0,0
20870006545000;7;5;2;21,0
20870006546000;3;2;1;0,0
20870006644000;18;11;7;46,3
20870006649000;9;5;4;34,7
20870006800000;3;2;1;0,0
20870006822000;1;1;0;0,0
20870006823000;9;4;5;45,3
20870006825000;6;3;3;36,2
20870006826000;13;4;9;40,4
20870006827000;26;12;14;39,8
20870006828000;27;15;12;47,1
20870006829000;16;7;9;45,5
20870006833000;39;20;19;38,8
20870006835000;10;6;4;33,9
20870006839000;1;0;1;0,0
20870006858000;3;2;1;0,0
20870006889000;8;5;3;29,1
20870006942000;139;68;71;47,1
20870006943000;7;3;4;35,3
20870006949000;2;2;0;0,0
20870006960000;3;2;1;0,0
20870006967000;50;25;25;33,5
20870006968000;184;96;88;37,5
20870006969000;19;10;9;33,8
20870006970000;11;4;7;27,6
20870006971000;60;29;31;34,7
20870006972000;12;7;5;44,4
20870006978000;4;2;2;0,0
20870006983000;2;1;1;0,0
20870006986000;77;37;40;38,0
20870006987000;11;6;5;45,7
20870006988000;127;60;67;33,5
20870006989000;169;70;99;54,2
20870006990000;269;138;131;40,0
20870006991000;102;44;58;39,2
20870006992000;56;30;26;42,8
20870006993000;103;50;53;40,6
20870006994000;12;5;7;36,6
20880006458000;116;55;61;38,8
20880006459000;756;397;359;30,7
20880006465000;26;10;16;62,0
20880006466000;4945;2459;2486;47,9
20880006467000;1965;961;1004;39,1
20880006468000;1102;571;531;31,8
20880006469000;123;67;56;30,8
20880006478000;946;501;445;29,6
20880006479000;609;296;313;37,2
20880006480000;1553;700;853;48,0
20880006481000;967;467;500;39,6
20880006482000;62;35;27;40,0
20880006483000;160;84;76;31,2
20880006486000;2;2;0;0,0
20880006488000;5;3;2;44,2
20880006489000;4;2;2;0,0
20880006492000;2;1;1;0,0
20880006504000;21;12;9;24,3
20880006505000;1;0;1;0,0
20880006506000;4;2;2;0,0
20880006508000;5;2;3;31,6
20880006509000;2;1;1;0,0
20880006515000;11;6;5;32,9
20880006517000;7;5;2;42,3
20880006520000;7;5;2;29,0
20880006649000;1;1;0;0,0
20880006820000;4;2;2;0,0
20880006823000;7;5;2;49,0
20880006824000;3;1;2;0,0
20880006826000;2;1;1;0,0
20880006827000;11;5;6;40,9
20880006828000;42;20;22;48,5
20880006829000;32;20;12;32,7
20880006831000;2;1;1;0,0
20880006832000;337;164;173;38,6
20880006833000;138;74;64;37,8
20880006841000;9;5;4;52,2
20880006858000;11;8;3;45,4
20880006889000;7;5;2;28,1
20880006890000;14;9;5;54,1
20880006934000;42;20;22;45,8
20880006942000;134;65;69;34,8
20880006968000;4;3;1;0,0
20880006969000;29;16;13;46,2
20880006970000;14;6;8;42,6
20880006972000;13;7;6;32,0
20880006979000;7;4;3;44,7
20880006980000;12;5;7;47,6
20880006981000;2;1;1;0,0
20880006986000;18;11;7;48,4
20880006987000;194;99;95;31,9
20880006988000;163;78;85;44,7
20880006989000;2;1;1;0,0
20880006990000;44;24;20;32,3
20880006991000;99;48;51;45,4
20880006992000;14;8;6;40,3
20880006993000;10;7;3;54,4
20880006994000;42;24;18;50,1
20890006465000;112;50;62;41,7
20890006466000;3402;1616;1786;42,1
20890006467000;3231;1507;1724;42,1
20890006468000;1100;534;566;41,6
20890006469000;485;244;241;33,6
20890006470000;16;8;8;45,4
20890006471000;4;2;2;0,0
20890006472000;9;8;1;46,1
20890006473000;7;3;4;39,9
20890006477000;1;1;0;0,0
20890006478000;166;83;83;36,3
20890006479000;4;2;2;0,0
20890006481000;744;390;354;28,4
20890006482000;301;156;145;36,0
20890006483000;58;30;28;37,9
20890006484000;14;6;8;27,7
20890006487000;20;9;11;47,6
20890006488000;36;20;16;41,4
20890006496000;6;3;3;27,5
20890006497000;13;6;7;43,0
20890006504000;14;10;4;31,1
20890006509000;14;10;4;17,1
20890006510000;4;3;1;0,0
20890006523000;1;1;0;0,0
20890006643000;10;4;6;34,4
20890006649000;3;2;1;0,0
20890006742000;2;1;1;0,0
20890006819000;13;6;7;43,9
20890006820000;24;11;13;34,8
20890006829000;57;30;27;39,2
20890006830000;2;1;1;0,0
20890006831000;396;193;203;33,4
20890006832000;285;123;162;47,6
20890006845000;33;16;17;44,4
20890006857000;19;9;10;33,8
20890006858000;1;0;1;0,0
20890006889000;26;13;13;42,7
20890006890000;13;8;5;40,6
20890006933000;48;23;25;43,8
20890006934000;77;44;33;40,7
20890006935000;6;3;3;48,8
20890006936000;7;2;5;31,6
20890006941000;16;11;5;32,8
20890006942000;9;6;3;48,2
20890006962000;3;2;1;0,0
20890006968000;16;9;7;41,5
20890006969000;21;12;9;50,8
20890006972000;20;10;10;38,2
20890006990000;40;25;15;35,9
20890006991000;24;11;13;28,8
20890006992000;19;10;9;37,8
20890006993000;4;3;1;0,0
20890006994000;22;12;10;40,8
20890007000000;94;39;55;59,6
20890007001000;273;131;142;38,4
20900006466000;245;117;128;31,6
20900006467000;243;134;109;32,1
20900006468000;1579;749;830;43,3
20900006469000;1469;735;734;33,2
20900006470000;697;362;335;30,2
20900006471000;341;169;172;33,3
20900006472000;609;297;312;34,3
20900006473000;32;17;15;35,8
20900006474000;46;21;25;36,3
20900006475000;111;61;50;36,3
20900006476000;1;1;0;0,0
20900006479000;7;4;3;60,4
20900006482000;34;18;16;38,0
20900006483000;8;5;3;31,6
20900006484000;18;9;9;27,8
20900006485000;128;67;61;33,8
20900006486000;56;26;30;33,5
20900006491000;9;3;6;35,3
20900006498000;2;1;1;0,0
20900006504000;7;4;3;37,9
20900006508000;11;5;6;36,8
20900006514000;6;4;2;54,7
20900006515000;1;0;1;0,0
20900006642000;6;5;1;18,5
20900006643000;5;3;2;47,6
20900006649000;5;4;1;61,8
20900006741000;1;0;1;0,0
20900006742000;2;1;1;0,0
20900006795000;5;3;2;67,4
20900006796000;4;2;2;0,0
20900006803000;1;0;1;0,0
20900006828000;14;7;7;40,4
20900006829000;1;1;0;0,0
20900006831000;3;2;1;0,0
20900006843000;2;1;1;0,0
20900006844000;6;4;2;36,3
20900006845000;3;2;1;0,0
20900006847000;8;6;2;32,5
20900006851000;5;2;3;73,0
20900006852000;1;1;0;0,0
20900006853000;6;3;3;52,5
20900006857000;86;34;52;39,1
20900006889000;5;4;1;18,6
20900006890000;20;7;13;47,6
20900006933000;45;23;22;40,8
20900006940000;9;3;6;48,3
20900006941000;9;3;6;39,0
20900006967000;10;5;5;32,9
20900006968000;49;26;23;34,0
20900006969000;30;18;12;30,1
20900006972000;5;2;3;53,8
20900006991000;41;19;22;34,4
20900006992000;38;18;20;45,5
20900006993000;12;5;7;56,3
20900007000000;227;110;117;40,4
20900007001000;195;96;99;38,2
20910006463000;26;18;8;43,0
20910006465000;569;290;279;39,4
20910006466000;977;488;489;41,4
20910006467000;212;111;101;45,4
20910006468000;178;96;82;37,5
20910006469000;342;177;165;35,4
20910006470000;201;101;100;27,1
20910006471000;99;53;46;25,5
20910006472000;919;463;456;32,5
20910006473000;5;2;3;30,2
20910006475000;3;2;1;0,0
20910006476000;64;29;35;42,1
20910006479000;6;3;3;49,8
20910006481000;18;9;9;47,5
20910006482000;63;34;29;30,9
20910006483000;3;1;2;0,0
20910006484000;5;2;3;29,2
20910006485000;2;1;1;0,0
20910006486000;1;1;0;0,0
20910006492000;2;0;2;0,0
20910006494000;2;1;1;0,0
20910006498000;14;8;6;37,2
20910006499000;8;4;4;40,1
20910006500000;7;5;2;28,1
20910006509000;6;4;2;52,0
20910006511000;4;1;3;0,0
20910006514000;1;0;1;0,0
20910006517000;10;5;5;48,2
20910006518000;4;2;2;0,0
20910006612000;3;2;1;0,0
20910006627000;2;1;1;0,0
20910006642000;10;3;7;42,0
20910006649000;10;5;5;53,2
20910006796000;7;4;3;30,6
20910006797000;10;5;5;48,4
20910006798000;2;1;1;0,0
20910006803000;1;1;0;0,0
20910006817000;2;1;1;0,0
20910006821000;1;1;0;0,0
20910006825000;10;6;4;61,5
20910006827000;2;1;1;0,0
20910006844000;13;7;6;38,7
20910006848000;40;22;18;50,3
20910006849000;28;15;13;48,1
20910006850000;11;4;7;44,9
20910006851000;3;2;1;0,0
20910006852000;14;7;7;39,7
20910006853000;16;9;7;33,5
20910006854000;22;13;9;40,1
20910006855000;19;11;8;50,9
20910006856000;10;6;4;40,6
20910006859000;1;1;0;0,0
20910006860000;7;3;4;56,1
20910006921000;9;5;4;55,6
20910006922000;7;5;2;41,9
20910006924000;4;0;4;0,0
20910006932000;2;1;1;0,0
20910006937000;7;4;3;41,9
20910006939000;12;5;7;34,6
20910006940000;21;11;10;44,0
20910006968000;30;14;16;38,1
20910006969000;14;7;7;38,9
20910006981000;21;10;11;53,0
20910006982000;4;1;3;0,0
20910006983000;121;61;60;37,6
20910006985000;148;79;69;33,8
20910006986000;282;145;137;31,0
20910006987000;13;7;6;43,4
20910006988000;11;4;7;32,0
20910006999000;30;17;13;44,7
20910007000000;51;26;25;44,0
20910007002000;35;18;17;39,9
20910007003000;7;4;3;26,4
20920006462000;4;3;1;0,0
20920006463000;136;67;69;23,9
20920006464000;1031;508;523;29,4
20920006465000;1318;668;650;35,0
20920006466000;1796;892;904;32,9
20920006467000;1364;668;696;35,4
20920006472000;3;2;1;0,0
20920006476000;6;4;2;46,0
20920006477000;35;21;14;38,9
20920006478000;5;3;2;25,2
20920006479000;7;3;4;31,7
20920006480000;4;2;2;0,0
20920006483000;43;26;17;29,1
20920006485000;60;32;28;31,9
20920006488000;22;15;7;27,7
20920006489000;20;7;13;32,8
20920006498000;35;18;17;38,3
20920006502000;3;2;1;0,0
20920006503000;1;0;1;0,0
20920006506000;5;3;2;54,8
20920006509000;2;1;1;0,0
20920006514000;10;5;5;38,0
20920006523000;4;1;3;0,0
20920006587000;1;1;0;0,0
20920006612000;7;5;2;23,9
20920006613000;4;3;1;0,0
20920006641000;30;14;16;46,9
20920006648000;16;9;7;55,6
20920006649000;2;1;1;0,0
20920006766000;1;1;0;0,0
20920006797000;7;3;4;50,1
20920006803000;4;2;2;0,0
20920006816000;1;1;0;0,0
20920006829000;58;28;30;37,1
20920006830000;2;1;1;0,0
20920006854000;3;1;2;0,0
20920006855000;17;9;8;55,1
20920006860000;2;2;0;0,0
20920006890000;4;1;3;0,0
20920006891000;10;7;3;53,2
20920006910000;3;2;1;0,0
20920006911000;3;2;1;0,0
20920006912000;10;6;4;64,5
20920006913000;1;0;1;0,0
20920006918000;7;5;2;40,0
20920006919000;20;9;11;26,2
20920006920000;30;18;12;48,3
20920006921000;1;1;0;0,0
20920006922000;10;4;6;31,9
20920006923000;13;6;7;43,0
20920006924000;8;4;4;25,9
20920006925000;28;14;14;41,8
20920006927000;2;1;1;0,0
20920006932000;8;5;3;40,8
20920006940000;6;4;2;54,8
20920006967000;9;5;4;40,1
20920006968000;1;0;1;0,0
20920006969000;38;18;20;45,3
20920006970000;4;2;2;0,0
20920006980000;16;10;6;40,5
20920006981000;16;9;7;36,3
20920006983000;41;20;21;33,7
20920006984000;42;23;19;51,1
20920006985000;123;59;64;31,9
20920006986000;92;44;48;31,9
20920006987000;129;73;56;29,9
20920006988000;37;19;18;28,7
20920006989000;4;2;2;0,0
20920006997000;22;9;13;34,8
20920006998000;31;17;14;46,4
20920006999000;96;54;42;41,3
20920007000000;48;24;24;43,0
20920007001000;8;4;4;33,3
20920007002000;124;70;54;38,2
20920007003000;38;20;18;40,3
20930006462000;9;4;5;39,7
20930006463000;1483;747;736;34,6
20930006464000;948;459;489;26,5
20930006465000;218;114;104;27,4
20930006466000;285;145;140;35,5
20930006467000;444;217;227;35,1
20930006468000;657;305;352;46,4
20930006469000;731;346;385;36,5
20930006470000;185;99;86;37,4
20930006471000;49;30;19;45,5
20930006472000;13;9;4;28,5
20930006478000;14;9;5;56,7
20930006480000;23;10;13;38,7
20930006483000;4;2;2;0,0
20930006485000;13;4;9;45,7
20930006488000;1;1;0;0,0
20930006489000;16;8;8;44,9
20930006490000;1;1;0;0,0
20930006491000;5;3;2;27,8
20930006492000;12;6;6;36,6
20930006493000;1;1;0;0,0
20930006494000;5;2;3;26,4
20930006496000;10;8;2;24,8
20930006497000;3;2;1;0,0
20930006520000;2;2;0;0,0
20930006521000;1;0;1;0,0
20930006624000;18;9;9;42,7
20930006630000;6;4;2;34,0
20930006632000;3;1;2;0,0
20930006637000;2;1;1;0,0
20930006641000;54;27;27;45,0
20930006647000;10;7;3;33,4
20930006798000;1;1;0;0,0
20930006803000;13;7;6;35,8
20930006818000;4;2;2;0,0
20930006824000;3;2;1;0,0
20930006825000;9;6;3;47,9
20930006830000;15;8;7;42,6
20930006909000;134;64;70;38,4
20930006925000;10;6;4;42,3
20930006926000;28;19;9;57,5
20930006927000;34;14;20;42,5
20930006940000;3;2;1;0,0
20930006962000;13;8;5;58,0
20930006967000;3;1;2;0,0
20930006969000;331;163;168;34,4
20930006970000;2;1;1;0,0
20930006980000;16;8;8;60,6
20930006981000;2;1;1;0,0
20930006986000;11;4;7;24,3
20930006987000;145;77;68;36,7
20930006992000;63;29;34;34,6
20930006993000;5;3;2;58,8
20930006995000;7;4;3;29,9
20930006996000;21;8;13;39,7
20930006997000;63;31;32;34,5
20930006998000;23;12;11;50,7
20930006999000;24;12;12;44,9
20930007000000;5;4;1;45,0
20930007001000;15;7;8;43,8
20930007002000;6;3;3;61,2
20930007003000;51;27;24;52,4
20940006460000;7;3;4;31,7
20940006461000;47;24;23;35,7
20940006462000;103;60;43;39,1
20940006463000;57;29;28;37,2
20940006464000;64;33;31;36,5
20940006465000;37;20;17;36,0
20940006466000;38;19;19;39,3
20940006467000;9;5;4;34,2
20940006468000;1499;739;760;36,2
20940006469000;1108;537;571;34,8
20940006470000;666;337;329;38,0
20940006471000;74;34;40;39,2
20940006472000;40;20;20;41,7
20940006473000;27;15;12;43,7
20940006474000;119;60;59;30,4
20940006478000;2;1;1;0,0
20940006479000;24;9;15;47,0
20940006480000;21;11;10;33,6
20940006481000;17;9;8;35,6
20940006482000;16;8;8;32,9
20940006485000;41;23;18;36,7
20940006488000;1;1;0;0,0
20940006489000;26;14;12;30,0
20940006490000;10;4;6;28,7
20940006491000;5;3;2;39,0
20940006493000;7;4;3;54,9
20940006494000;11;7;4;34,4
20940006495000;4;1;3;0,0
20940006496000;14;5;9;35,9
20940006504000;3;1;2;0,0
20940006508000;2;2;0;0,0
20940006568000;3;2;1;0,0
20940006611000;1;1;0;0,0
20940006613000;1;0;1;0,0
20940006614000;13;4;9;32,6
20940006615000;4;2;2;0,0
20940006616000;3;2;1;0,0
20940006621000;1;1;0;0,0
20940006622000;26;16;10;40,8
20940006623000;2;1;1;0,0
20940006624000;24;9;15;41,3
20940006625000;31;14;17;41,1
20940006626000;2;1;1;0,0
20940006627000;6;3;3;41,7
20940006628000;2;1;1;0,0
20940006629000;3;1;2;0,0
20940006630000;5;3;2;28,0
20940006631000;15;7;8;35,8
20940006632000;9;6;3;55,0
20940006633000;19;8;11;46,0
20940006634000;30;14;16;41,8
20940006640000;19;9;10;40,4
20940006641000;4;1;3;0,0
20940006647000;5;3;2;53,6
20940006797000;23;4;19;44,8
20940006824000;3;2;1;0,0
20940006825000;6;2;4;50,8
20940006826000;7;5;2;40,3
20940006830000;17;10;7;41,4
20940006831000;88;46;42;36,0
20940006861000;11;7;4;37,0
20940006907000;4;3;1;0,0
20940006908000;28;11;17;48,0
20940006909000;57;32;25;31,3
20940006926000;5;3;2;37,0
20940006927000;132;68;64;42,9
20940006928000;3;1;2;0,0
20940006941000;5;3;2;30,6
20940006954000;25;12;13;39,3
20940006955000;44;22;22;51,0
20940006957000;44;25;19;33,6
20940006962000;3;2;1;0,0
20940006963000;30;14;16;37,7
20940006966000;3;2;1;0,0
20940006967000;577;287;290;37,3
20940006968000;296;136;160;54,6
20940006969000;341;177;164;37,6
20940006970000;203;105;98;36,0
20940006971000;9;4;5;41,8
20940006980000;189;96;93;38,0
20940006985000;10;5;5;31,6
20940006986000;9;5;4;26,6
20940006987000;22;14;8;41,4
20940006990000;11;6;5;25,8
20940006991000;26;13;13;27,8
20940006992000;7;3;4;36,7
20940006993000;109;51;58;37,2
20940006994000;17;9;8;46,2
20940006995000;47;22;25;40,2
20940006996000;46;23;23;38,0
20940006997000;11;7;4;42,3
20940007002000;2;1;1;0,0
20940007003000;5;2;3;30,8
20940007004000;4;3;1;0,0
20950006461000;2;1;1;0,0
20950006462000;50;27;23;35,1
20950006463000;43;29;14;33,7
20950006464000;80;41;39;37,5
20950006465000;47;24;23;46,7
20950006466000;28;13;15;37,3
20950006472000;105;45;60;41,6
20950006473000;135;70;65;37,7
20950006474000;681;342;339;33,4
20950006475000;56;30;26;31,2
20950006479000;8;4;4;63,5
20950006481000;4;2;2;0,0
20950006484000;8;3;5;21,6
20950006489000;5;3;2;54,4
20950006495000;22;14;8;29,5
20950006496000;114;59;55;38,1
20950006501000;16;7;9;26,9
20950006503000;5;2;3;64,6
20950006508000;14;7;7;39,7
20950006580000;1;1;0;0,0
20950006588000;10;5;5;44,1
20950006611000;2;1;1;0,0
20950006612000;3;2;1;0,0
20950006613000;2;1;1;0,0
20950006614000;5;4;1;25,4
20950006615000;31;20;11;42,6
20950006630000;8;5;3;40,8
20950006631000;9;4;5;46,9
20950006635000;7;3;4;64,3
20950006636000;7;4;3;53,4
20950006637000;8;5;3;47,8
20950006638000;13;5;8;44,3
20950006646000;9;4;5;22,6
20950006793000;8;6;2;58,1
20950006794000;2;1;1;0,0
20950006796000;202;97;105;40,0
20950006797000;358;179;179;39,9
20950006805000;1;0;1;0,0
20950006828000;2;2;0;0,0
20950006829000;1;1;0;0,0
20950006831000;36;16;20;36,8
20950006906000;13;7;6;32,3
20950006907000;2;1;1;0,0
20950006926000;3;2;1;0,0
20950006941000;1;0;1;0,0
20950006954000;37;20;17;49,8
20950006955000;26;14;12;37,2
20950006956000;60;31;29;44,7
20950006957000;160;72;88;45,4
20950006958000;27;14;13;53,5
20950006959000;32;15;17;34,6
20950006960000;12;6;6;65,5
20950006961000;22;12;10;43,0
20950006962000;31;17;14;39,0
20950006963000;175;94;81;39,1
20950006964000;30;17;13;40,4
20950006965000;41;20;21;38,9
20950006966000;51;22;29;46,7
20950006967000;126;58;68;40,0
20950006968000;217;97;120;51,7
20950006969000;128;67;61;43,4
20950006970000;23;10;13;28,3
20950006980000;46;23;23;50,0
20950006981000;143;81;62;46,9
20950006985000;27;13;14;32,5
20950006986000;36;19;17;39,8
20950006990000;27;16;11;42,1
20950006992000;204;97;107;37,2
20950006993000;85;38;47;41,8
20950006994000;1;1;0;0,0
20950007004000;98;54;44;44,4
20950007005000;9;6;3;60,1
20960006461000;49;27;22;36,3
20960006462000;27;16;11;40,6
20960006463000;18;10;8;39,3
20960006464000;3;2;1;0,0
20960006465000;11;5;6;42,3
20960006466000;30;16;14;33,7
20960006468000;1;1;0;0,0
20960006472000;5;3;2;34,0
20960006473000;41;22;19;38,4
20960006474000;135;66;69;47,2
20960006475000;345;177;168;36,9
20960006480000;5;4;1;56,2
20960006484000;30;15;15;33,0
20960006490000;9;6;3;34,7
20960006495000;24;11;13;31,7
20960006497000;14;7;7;44,1
20960006498000;4;2;2;0,0
20960006499000;13;7;6;22,5
20960006502000;2;1;1;0,0
20960006509000;2;1;1;0,0
20960006514000;9;5;4;42,8
20960006567000;2;1;1;0,0
20960006568000;5;4;1;25,4
20960006611000;2;1;1;0,0
20960006615000;8;4;4;40,5
20960006616000;1;1;0;0,0
20960006630000;14;7;7;44,0
20960006631000;11;5;6;38,0
20960006638000;5;3;2;63,6
20960006639000;14;8;6;57,6
20960006640000;1;0;1;0,0
20960006791000;2;1;1;0,0
20960006792000;59;32;27;44,1
20960006793000;19;7;12;40,9
20960006794000;29;16;13;39,7
20960006795000;14;9;5;52,2
20960006797000;436;201;235;43,9
20960006829000;2;1;1;0,0
20960006831000;25;11;14;34,5
20960006832000;38;17;21;32,9
20960006833000;4;2;2;0,0
20960006926000;3;3;0;0,0
20960006930000;4;1;3;0,0
20960006941000;3;1;2;0,0
20960006952000;6;3;3;35,8
20960006953000;27;15;12;31,8
20960006954000;28;16;12;44,6
20960006955000;27;13;14;50,3
20960006956000;19;10;9;39,8
20960006957000;8;3;5;35,8
20960006959000;12;7;5;63,8
20960006960000;15;8;7;43,5
20960006961000;23;14;9;35,1
20960006964000;2;1;1;0,0
20960006965000;22;13;9;43,9
20960006966000;16;6;10;42,0
20960006980000;553;259;294;39,8
20960006981000;649;333;316;40,7
20960006986000;17;9;8;41,3
20960006987000;9;6;3;43,0
20960006988000;15;8;7;26,5
20960006990000;68;33;35;37,3
20960006991000;6;3;3;64,2
20960006992000;172;81;91;28,5
20960006994000;13;7;6;49,0
20960006996000;1;1;0;0,0
20960006997000;8;5;3;40,1
20960007004000;6;3;3;58,0
20960007005000;39;21;18;35,9
20970006461000;3;2;1;0,0
20970006463000;13;6;7;42,8
20970006464000;22;12;10;41,2
20970006465000;11;4;7;38,1
20970006466000;2;1;1;0,0
20970006468000;8;4;4;39,1
20970006469000;2;2;0;0,0
20970006474000;12;7;5;34,0
20970006475000;37;21;16;33,2
20970006476000;156;68;88;37,6
20970006480000;1;1;0;0,0
20970006484000;27;11;16;25,9
20970006485000;16;8;8;19,0
20970006490000;1;1;0;0,0
20970006493000;2;1;1;0,0
20970006494000;12;6;6;47,3
20970006497000;4;2;2;0,0
20970006498000;6;3;3;30,8
20970006499000;4;1;3;0,0
20970006506000;8;5;3;39,0
20970006509000;11;7;4;26,2
20970006514000;14;7;7;38,9
20970006567000;10;5;5;32,4
20970006588000;12;9;3;45,2
20970006594000;5;3;2;27,0
20970006597000;1;1;0;0,0
20970006614000;6;3;3;44,0
20970006630000;30;14;16;43,3
20970006631000;18;10;8;35,6
20970006645000;11;6;5;44,7
20970006791000;36;20;16;47,6
20970006792000;4;3;1;0,0
20970006795000;29;13;16;48,0
20970006796000;27;15;12;45,4
20970006797000;151;81;70;34,1
20970006809000;2;1;1;0,0
20970006832000;12;5;7;48,6
20970006833000;20;9;11;42,1
20970006834000;59;35;24;43,2
20970006835000;19;9;10;32,7
20970006839000;1;1;0;0,0
20970006840000;3;2;1;0,0
20970006925000;41;19;22;36,0
20970006926000;73;35;38;47,6
20970006927000;1;0;1;0,0
20970006930000;43;21;22;40,9
20970006931000;11;5;6;46,7
20970006941000;3;2;1;0,0
20970006942000;1;1;0;0,0
20970006952000;19;11;8;41,6
20970006959000;9;4;5;48,7
20970006960000;60;30;30;39,5
20970006961000;84;40;44;44,3
20970006962000;53;26;27;37,3
20970006963000;24;12;12;31,6
20970006964000;10;4;6;35,5
20970006965000;18;8;10;27,1
20970006966000;91;52;39;45,1
20970006967000;95;47;48;49,3
20970006968000;9;5;4;46,9
20970006980000;363;181;182;44,0
20970006981000;149;70;79;36,9
20970006988000;22;10;12;33,4
20970006989000;152;70;82;35,8
20970006990000;15;11;4;31,5
20970006992000;8;3;5;24,0
20970006993000;81;45;36;41,0
20970006994000;25;15;10;45,3
20970006995000;7;2;5;31,6
20970006997000;2;2;0;0,0
20970006998000;10;6;4;56,6
20970007000000;2;2;0;0,0
20970007002000;7;4;3;47,1
20970007005000;2;1;1;0,0
20970007006000;39;23;16;37,8
20980006463000;16;9;7;52,1
20980006464000;17;8;9;41,5
20980006465000;3;2;1;0,0
20980006466000;2;1;1;0,0
20980006467000;10;5;5;58,3
20980006470000;1;1;0;0,0
20980006476000;62;30;32;37,7
20980006477000;44;24;20;36,7
20980006478000;10;3;7;29,2
20980006494000;13;6;7;27,8
20980006497000;7;3;4;51,1
20980006498000;18;8;10;43,3
20980006499000;5;2;3;41,6
20980006500000;7;4;3;51,1
20980006503000;5;2;3;30,4
20980006504000;2;1;1;0,0
20980006508000;2;1;1;0,0
20980006509000;6;3;3;47,3
20980006514000;10;6;4;35,6
20980006578000;4;3;1;0,0
20980006614000;4;1;3;0,0
20980006628000;5;3;2;54,2
20980006630000;41;22;19;42,7
20980006631000;1;1;0;0,0
20980006644000;20;9;11;38,3
20980006645000;8;5;3;43,9
20980006659000;1;0;1;0,0
20980006791000;23;12;11;40,9
20980006830000;4;2;2;0,0
20980006835000;194;86;108;53,4
20980006836000;35;20;15;36,4
20980006837000;18;9;9;34,8
20980006838000;7;4;3;50,0
20980006924000;6;3;3;69,8
20980006925000;22;11;11;43,0
20980006931000;194;87;107;35,1
20980006932000;59;29;30;42,7
20980006940000;3;2;1;0,0
20980006943000;4;2;2;0,0
20980006967000;86;42;44;45,5
20980006968000;48;26;22;38,2
20980006980000;696;320;376;41,8
20980006981000;844;388;456;42,4
20980006987000;5;2;3;41,2
20980006989000;68;35;33;43,3
20980006993000;50;28;22;39,7
20980006995000;1;1;0;0,0
20980006999000;21;10;11;53,0
20980007000000;14;8;6;36,6
20980007001000;8;4;4;31,8
20980007002000;3;2;1;0,0
20980007005000;8;4;4;47,4
20980007006000;56;29;27;29,6
20990006465000;19;12;7;32,0
20990006466000;32;17;15;46,3
20990006467000;29;15;14;52,6
20990006468000;4;2;2;0,0
20990006476000;35;19;16;31,8
20990006477000;108;50;58;37,3
20990006478000;76;38;38;40,5
20990006479000;8;4;4;38,1
20990006480000;20;10;10;36,8
20990006500000;5;1;4;23,2
20990006501000;7;5;2;31,7
20990006504000;3;1;2;0,0
20990006507000;12;6;6;41,6
20990006508000;41;20;21;38,5
20990006546000;5;1;4;31,8
20990006575000;1;1;0;0,0
20990006576000;1;1;0;0,0
20990006587000;5;3;2;47,2
20990006594000;2;1;1;0,0
20990006610000;2;1;1;0,0
20990006611000;7;6;1;43,0
20990006628000;9;6;3;42,1
20990006629000;33;18;15;44,1
20990006630000;34;22;12;34,1
20990006637000;14;8;6;51,7
20990006790000;19;10;9;39,8
20990006791000;42;23;19;35,3
20990006809000;1;1;0;0,0
20990006811000;1;0;1;0,0
20990006832000;8;4;4;42,6
20990006835000;25;15;10;38,7
20990006836000;6;3;3;47,5
20990006929000;2;1;1;0,0
20990006931000;185;80;105;49,4
20990006932000;25;11;14;39,5
20990006933000;8;6;2;37,9
20990006967000;12;6;6;33,3
20990006980000;1228;622;606;42,5
20990006981000;963;474;489;40,4
20990006989000;31;16;15;38,0
20990006993000;184;100;84;39,4
20990006995000;5;2;3;42,6
20990007000000;16;8;8;40,9
20990007001000;34;19;15;30,3
20990007002000;4;1;3;0,0
20990007004000;29;16;13;38,3
20990007005000;103;64;39;40,8
20990007006000;4;3;1;0,0
21000006461000;14;7;7;54,0
21000006462000;47;22;25;46,7
21000006463000;88;42;46;38,3
21000006464000;53;29;24;31,4
21000006465000;48;21;27;43,4
21000006466000;2;1;1;0,0
21000006467000;12;6;6;55,2
21000006468000;3;1;2;0,0
21000006469000;21;12;9;31,7
21000006470000;4;1;3;0,0
21000006479000;20;12;8;34,8
21000006480000;60;30;30;36,5
21000006481000;102;60;42;36,6
21000006483000;18;9;9;30,8
21000006489000;1;1;0;0,0
21000006491000;8;5;3;23,0
21000006500000;1;1;0;0,0
21000006501000;3;1;2;0,0
21000006502000;7;4;3;35,9
21000006506000;11;4;7;39,7
21000006507000;26;12;14;28,8
21000006515000;5;3;2;26,8
21000006610000;2;1;1;0,0
21000006611000;10;4;6;29,6
21000006613000;8;4;4;38,8
21000006614000;10;4;6;55,6
21000006622000;3;2;1;0,0
21000006626000;26;10;16;48,6
21000006627000;11;3;8;43,5
21000006637000;8;4;4;41,3
21000006640000;2;1;1;0,0
21000006790000;38;20;18;41,9
21000006791000;13;7;6;45,4
21000006809000;7;4;3;46,9
21000006810000;1;1;0;0,0
21000006812000;3;1;2;0,0
21000006832000;5;2;3;35,8
21000006833000;5;2;3;67,6
21000006836000;9;5;4;46,2
21000006930000;32;14;18;42,3
21000006931000;6;4;2;42,8
21000006932000;12;8;4;52,3
21000006933000;17;8;9;34,8
21000006967000;5;2;3;29,8
21000006980000;1082;533;549;43,1
21000006981000;2202;1089;1113;42,1
21000006986000;9;4;5;34,3
21000006988000;91;51;40;41,9
21000006989000;26;12;14;35,0
21000006993000;355;170;185;38,8
21000006994000;36;18;18;46,1
21000007001000;4;2;2;0,0
21000007003000;18;9;9;29,4
21000007004000;12;7;5;28,4
21000007005000;136;73;63;35,6
21000007006000;65;32;33;40,2
21000007007000;26;14;12;46,0
21000007008000;8;5;3;22,0
21010006462000;17;8;9;37,4
21010006463000;37;18;19;44,3
21010006464000;61;30;31;37,7
21010006465000;119;60;59;38,7
21010006466000;84;43;41;35,1
21010006467000;66;36;30;43,3
21010006468000;4;1;3;0,0
21010006469000;3;0;3;0,0
21010006470000;13;7;6;35,5
21010006471000;7;3;4;46,6
21010006472000;1;1;0;0,0
21010006477000;1;1;0;0,0
21010006478000;1;0;1;0,0
21010006479000;2;1;1;0,0
21010006481000;13;6;7;47,8
21010006482000;7;4;3;60,3
21010006483000;115;60;55;32,3
21010006484000;92;47;45;30,5
21010006485000;13;7;6;36,2
21010006490000;3;2;1;0,0
21010006491000;2;1;1;0,0
21010006513000;8;4;4;41,0
21010006515000;2;2;0;0,0
21010006523000;12;6;6;37,5
21010006542000;1;1;0;0,0
21010006575000;14;9;5;27,5
21010006576000;2;2;0;0,0
21010006586000;6;4;2;25,3
21010006593000;2;1;1;0,0
21010006595000;1;1;0;0,0
21010006606000;2;1;1;0,0
21010006607000;2;1;1;0,0
21010006608000;6;4;2;41,3
21010006610000;27;14;13;48,1
21010006611000;71;38;33;37,0
21010006615000;4;3;1;0,0
21010006620000;3;3;0;0,0
21010006625000;5;2;3;49,0
21010006640000;17;9;8;30,2
21010006789000;14;8;6;59,9
21010006790000;53;25;28;43,3
21010006812000;4;3;1;0,0
21010006835000;2;2;0;0,0
21010006930000;7;4;3;40,6
21010006931000;12;6;6;57,3
21010006932000;29;15;14;47,1
21010006933000;36;18;18;36,4
21010006966000;18;7;11;49,2
21010006980000;427;230;197;41,7
21010006981000;2040;1020;1020;37,9
21010006982000;593;303;290;25,3
21010006987000;45;24;21;35,7
21010006988000;8;4;4;46,0
21010006993000;417;176;241;46,4
21010006994000;3;2;1;0,0
21010006995000;7;3;4;34,9
21010006996000;6;3;3;56,3
21010006998000;7;4;3;24,1
21010007003000;6;3;3;18,2
21010007004000;10;5;5;48,8
21010007005000;15;7;8;35,5
21010007007000;6;4;2;44,3
21020006463000;38;21;17;35,1
21020006464000;42;20;22;54,3
21020006465000;39;20;19;48,2
21020006466000;5;3;2;55,6
21020006467000;166;85;81;33,2
21020006468000;48;22;26;43,3
21020006469000;22;8;14;37,4
21020006470000;15;9;6;40,0
21020006476000;10;6;4;39,8
21020006478000;10;5;5;37,9
21020006484000;13;7;6;47,7
21020006485000;42;23;19;26,8
21020006486000;30;16;14;31,4
21020006490000;1;1;0;0,0
21020006491000;3;2;1;0,0
21020006493000;15;8;7;42,7
21020006494000;4;2;2;0,0
21020006513000;12;5;7;27,3
21020006514000;5;3;2;23,8
21020006515000;6;2;4;32,3
21020006523000;2;2;0;0,0
21020006532000;8;4;4;47,8
21020006541000;9;5;4;46,9
21020006542000;13;5;8;47,8
21020006543000;13;5;8;33,2
21020006576000;23;15;8;32,5
21020006578000;6;3;3;15,8
21020006579000;2;2;0;0,0
21020006580000;3;2;1;0,0
21020006587000;10;6;4;54,3
21020006588000;6;1;5;34,5
21020006603000;1;0;1;0,0
21020006604000;3;2;1;0,0
21020006606000;7;3;4;61,3
21020006608000;21;12;9;53,3
21020006609000;1;1;0;0,0
21020006610000;199;105;94;39,0
21020006611000;71;36;35;35,5
21020006614000;6;3;3;33,2
21020006615000;3;2;1;0,0
21020006616000;13;6;7;41,0
21020006617000;9;6;3;42,9
21020006619000;3;1;2;0,0
21020006620000;4;3;1;0,0
21020006621000;1;1;0;0,0
21020006622000;4;1;3;0,0
21020006623000;16;6;10;30,3
21020006624000;2;1;1;0,0
21020006625000;22;14;8;36,4
21020006640000;8;4;4;19,8
21020006789000;45;24;21;36,8
21020006790000;147;76;71;35,4
21020006813000;1;1;0;0,0
21020006836000;7;5;2;70,9
21020006930000;89;43;46;37,1
21020006931000;16;10;6;49,0
21020006932000;1;1;0;0,0
21020006933000;39;19;20;45,1
21020006964000;9;6;3;34,3
21020006965000;24;11;13;45,3
21020006966000;38;22;16;33,6
21020006971000;1;1;0;0,0
21020006980000;417;209;208;41,4
21020006981000;1741;879;862;42,0
21020006982000;534;277;257;31,1
21020006987000;32;15;17;36,4
21020006989000;12;5;7;35,8
21020006990000;1;0;1;0,0
21020006991000;20;10;10;38,7
21020006992000;41;20;21;34,7
21020006993000;265;131;134;41,5
21020006994000;1074;523;551;35,5
21020006995000;7;3;4;37,7
21020006998000;13;8;5;42,8
21020007002000;14;8;6;47,3
21020007003000;20;14;6;35,4
21020007004000;3;1;2;0,0
21020007006000;28;16;12;42,9
21020007007000;30;15;15;45,6
21030006464000;3;2;1;0,0
21030006466000;61;33;28;39,5
21030006467000;162;85;77;42,1
21030006468000;26;14;12;41,1
21030006469000;19;11;8;37,7
21030006470000;7;4;3;58,7
21030006471000;42;23;19;40,1
21030006472000;66;37;29;36,7
21030006475000;7;5;2;42,7
21030006482000;42;17;25;34,1
21030006483000;6;2;4;24,2
21030006484000;133;69;64;31,2
21030006485000;476;229;247;37,8
21030006486000;51;26;25;30,0
21030006490000;13;6;7;30,4
21030006491000;5;3;2;36,4
21030006502000;3;1;2;0,0
21030006503000;1;1;0;0,0
21030006520000;1;1;0;0,0
21030006522000;9;4;5;44,3
21030006523000;44;30;14;42,5
21030006524000;4;3;1;0,0
21030006556000;2;0;2;0,0
21030006573000;9;4;5;36,2
21030006574000;3;1;2;0,0
21030006575000;10;7;3;46,8
21030006576000;1;1;0;0,0
21030006577000;5;4;1;30,6
21030006580000;1;1;0;0,0
21030006587000;9;4;5;38,7
21030006588000;8;5;3;62,5
21030006603000;3;2;1;0,0
21030006605000;11;7;4;43,3
21030006606000;4;3;1;0,0
21030006608000;32;16;16;38,3
21030006609000;21;9;12;41,5
21030006610000;370;165;205;45,3
21030006611000;5;2;3;58,8
21030006618000;4;2;2;0,0
21030006619000;6;3;3;48,5
21030006621000;5;3;2;30,6
21030006622000;12;6;6;32,3
21030006623000;13;7;6;46,9
21030006624000;61;33;28;42,0
21030006625000;30;13;17;41,8
21030006630000;1;1;0;0,0
21030006640000;4;2;2;0,0
21030006675000;4;1;3;0,0
21030006722000;1;0;1;0,0
21030006789000;19;9;10;38,5
21030006790000;3;1;2;0,0
21030006806000;57;33;24;46,7
21030006933000;13;5;8;31,1
21030006934000;39;22;17;37,5
21030006964000;3;2;1;0,0
21030006965000;19;8;11;29,6
21030006966000;3;2;1;0,0
21030006967000;2;2;0;0,0
21030006980000;236;122;114;42,3
21030006981000;2080;997;1083;45,9
21030006982000;738;359;379;33,9
21030006987000;16;8;8;40,6
21030006988000;36;17;19;39,6
21030006989000;40;22;18;35,7
21030006990000;9;5;4;46,3
21030006991000;46;25;21;38,7
21030006993000;102;46;56;35,4
21030006994000;41;22;19;22,8
21030006998000;15;8;7;32,7
21030006999000;6;3;3;36,2
21030007002000;7;5;2;53,4
21030007003000;9;2;7;25,8
21030007004000;14;9;5;36,0
21030007005000;15;11;4;48,6
21030007006000;81;42;39;41,2
21030007007000;195;87;108;48,1
21030007008000;48;26;22;40,1
21030007009000;7;5;2;47,3
21040006466000;17;8;9;45,7
21040006468000;23;13;10;45,2
21040006469000;6;2;4;53,7
21040006470000;11;7;4;43,0
21040006471000;8;4;4;29,8
21040006472000;8;4;4;28,8
21040006482000;46;18;28;35,1
21040006483000;36;15;21;24,6
21040006484000;585;306;279;31,3
21040006485000;1226;614;612;40,4
21040006486000;116;59;57;39,1
21040006487000;18;7;11;36,8
21040006492000;4;1;3;0,0
21040006498000;2;1;1;0,0
21040006500000;1;1;0;0,0
21040006504000;12;6;6;39,0
21040006515000;8;6;2;30,5
21040006516000;1;1;0;0,0
21040006526000;1;1;0;0,0
21040006573000;18;11;7;45,2
21040006578000;6;3;3;36,3
21040006583000;5;4;1;57,2
21040006586000;9;7;2;30,7
21040006587000;1;0;1;0,0
21040006589000;5;2;3;25,0
21040006590000;3;2;1;0,0
21040006591000;4;2;2;0,0
21040006592000;6;3;3;42,8
21040006593000;8;3;5;39,1
21040006601000;9;4;5;43,0
21040006602000;122;59;63;38,3
21040006603000;1;0;1;0,0
21040006604000;9;6;3;53,3
21040006605000;11;6;5;49,5
21040006606000;40;25;15;43,8
21040006607000;24;11;13;35,0
21040006609000;6;4;2;33,2
21040006610000;120;54;66;48,4
21040006611000;14;8;6;46,9
21040006612000;15;7;8;31,2
21040006613000;5;4;1;32,6
21040006618000;1;1;0;0,0
21040006619000;4;3;1;0,0
21040006621000;5;3;2;16,6
21040006623000;13;6;7;28,8
21040006624000;326;150;176;45,4
21040006625000;260;135;125;36,9
21040006629000;5;2;3;25,4
21040006632000;6;4;2;54,0
21040006633000;4;2;2;0,0
21040006634000;2;1;1;0,0
21040006635000;6;2;4;36,7
21040006636000;4;2;2;0,0
21040006637000;4;3;1;0,0
21040006640000;5;3;2;56,8
21040006674000;2;1;1;0,0
21040006675000;1;1;0;0,0
21040006791000;5;3;2;65,6
21040006806000;29;17;12;32,6
21040006839000;4;1;3;0,0
21040006934000;99;53;46;33,3
21040006935000;4;2;2;0,0
21040006964000;13;7;6;28,8
21040006965000;78;46;32;36,5
21040006966000;9;5;4;39,1
21040006970000;1;1;0;0,0
21040006980000;55;29;26;43,3
21040006981000;442;218;224;39,0
21040006982000;720;352;368;33,1
21040006986000;16;10;6;50,9
21040006987000;66;33;33;31,5
21040006988000;23;10;13;41,3
21040006989000;35;16;19;43,6
21040006990000;35;17;18;42,5
21040006991000;57;27;30;36,3
21040006992000;31;17;14;40,3
21040006993000;44;23;21;43,6
21040006998000;6;2;4;22,3
21040007000000;6;4;2;38,0
21040007001000;3;3;0;0,0
21040007002000;10;4;6;30,7
21040007003000;41;24;17;28,7
21040007004000;28;14;14;36,0
21040007005000;30;15;15;43,4
21040007008000;10;6;4;43,1
21050006468000;10;6;4;42,3
21050006469000;81;43;38;30,1
21050006470000;1;1;0;0,0
21050006471000;8;6;2;37,6
21050006472000;54;28;26;38,6
21050006477000;5;3;2;23,6
21050006482000;5;4;1;57,0
21050006483000;1;1;0;0,0
21050006484000;5;3;2;17,0
21050006485000;4;1;3;0,0
21050006487000;22;11;11;27,8
21050006488000;11;7;4;32,7
21050006489000;4;2;2;0,0
21050006492000;5;3;2;18,2
21050006498000;4;3;1;0,0
21050006506000;8;3;5;32,4
21050006578000;18;7;11;45,6
21050006579000;97;44;53;38,3
21050006580000;97;41;56;39,5
21050006581000;154;68;86;46,6
21050006582000;58;32;26;50,9
21050006583000;2;2;0;0,0
21050006584000;3;2;1;0,0
21050006586000;11;6;5;34,0
21050006587000;10;4;6;24,1
21050006588000;5;2;3;34,2
21050006589000;6;4;2;46,3
21050006590000;10;5;5;45,9
21050006592000;18;7;11;39,0
21050006602000;11;6;5;71,5
21050006603000;2;1;1;0,0
21050006604000;2;1;1;0,0
21050006611000;2;1;1;0,0
21050006612000;32;17;15;40,1
21050006620000;2;1;1;0,0
21050006623000;37;21;16;40,7
21050006624000;32;13;19;32,2
21050006625000;44;19;25;41,9
21050006626000;7;3;4;67,7
21050006629000;12;7;5;46,9
21050006630000;2;1;1;0,0
21050006634000;1;1;0;0,0
21050006635000;11;6;5;43,4
21050006636000;2;2;0;0,0
21050006640000;10;8;2;26,5
21050006674000;1;1;0;0,0
21050006791000;8;5;3;42,5
21050006812000;40;23;17;42,2
21050006934000;38;17;21;39,6
21050006964000;9;6;3;34,1
21050006965000;66;33;33;43,0
21050006969000;3;2;1;0,0
21050006970000;9;7;2;37,8
21050006972000;2;1;1;0,0
21050006973000;8;3;5;53,8
21050006979000;8;5;3;33,1
21050006981000;257;131;126;39,8
21050006982000;13;6;7;45,5
21050006986000;43;25;18;36,7
21050006987000;43;21;22;43,0
21050006988000;266;139;127;36,5
21050006989000;152;74;78;34,8
21050006990000;42;20;22;42,5
21050006991000;342;179;163;36,6
21050006992000;36;18;18;30,5
21050006993000;18;10;8;35,1
21050006999000;17;10;7;55,0
21050007000000;7;5;2;47,0
21050007001000;4;2;2;0,0
21050007002000;29;17;12;32,9
21050007008000;22;9;13;46,5
21060006468000;16;8;8;39,3
21060006469000;21;9;12;34,9
21060006470000;5;1;4;51,8
21060006472000;15;7;8;60,1
21060006473000;8;5;3;59,0
21060006474000;2;2;0;0,0
21060006478000;4;2;2;0,0
21060006480000;25;13;12;32,6
21060006481000;4;2;2;0,0
21060006485000;4;2;2;0,0
21060006486000;32;15;17;37,4
21060006487000;16;7;9;44,1
21060006488000;12;6;6;43,7
21060006490000;6;3;3;45,2
21060006491000;36;22;14;42,5
21060006493000;3;2;1;0,0
21060006499000;2;0;2;0,0
21060006506000;12;8;4;20,2
21060006507000;1;1;0;0,0
21060006508000;7;5;2;44,4
21060006515000;2;1;1;0,0
21060006519000;8;5;3;24,6
21060006538000;23;17;6;33,4
21060006572000;3;2;1;0,0
21060006575000;9;6;3;44,9
21060006579000;5;2;3;31,0
21060006580000;7;2;5;62,7
21060006581000;127;65;62;40,3
21060006582000;12;8;4;28,0
21060006583000;10;5;5;31,3
21060006584000;17;8;9;31,5
21060006585000;20;11;9;45,0
21060006586000;40;21;19;37,1
21060006587000;15;9;6;39,9
21060006588000;4;2;2;0,0
21060006590000;3;2;1;0,0
21060006591000;14;8;6;48,4
21060006592000;35;15;20;42,0
21060006602000;12;7;5;46,6
21060006604000;2;1;1;0,0
21060006628000;9;5;4;44,2
21060006630000;13;6;7;43,1
21060006631000;10;6;4;52,9
21060006635000;2;1;1;0,0
21060006640000;11;7;4;38,5
21060006641000;10;6;4;45,8
21060006790000;5;3;2;49,6
21060006811000;75;39;36;49,1
21060006812000;358;199;159;35,0
21060006813000;27;15;12;32,7
21060006838000;2;1;1;0,0
21060006839000;59;33;26;44,4
21060006840000;45;27;18;46,0
21060006922000;72;32;40;47,4
21060006923000;25;11;14;49,1
21060006934000;18;11;7;36,6
21060006935000;18;10;8;30,7
21060006953000;12;6;6;37,1
21060006954000;8;4;4;45,6
21060006964000;34;20;14;45,9
21060006965000;98;51;47;33,9
21060006970000;5;3;2;59,6
21060006972000;24;10;14;46,7
21060006973000;1;1;0;0,0
21060006978000;80;36;44;30,0
21060006979000;21;13;8;43,4
21060006981000;676;351;325;32,0
21060006982000;67;36;31;22,7
21060006983000;14;9;5;32,4
21060006986000;5;2;3;42,4
21060006990000;14;7;7;24,5
21060006992000;9;5;4;31,8
21060006993000;14;6;8;31,7
21060006999000;3;3;0;0,0
21060007000000;8;4;4;44,1
21060007001000;3;2;1;0,0
21060007008000;63;36;27;38,1
21060007009000;16;8;8;55,3
21070006468000;15;8;7;53,7
21070006469000;22;12;10;37,5
21070006472000;76;38;38;45,1
21070006473000;6;4;2;41,0
21070006478000;28;16;12;26,5
21070006479000;28;16;12;30,1
21070006480000;9;4;5;48,2
21070006483000;7;3;4;33,3
21070006485000;10;6;4;29,3
21070006486000;13;5;8;27,3
21070006488000;6;4;2;23,0
21070006489000;1;0;1;0,0
21070006496000;1;0;1;0,0
21070006499000;18;7;11;32,8
21070006500000;1;1;0;0,0
21070006502000;11;5;6;28,8
21070006504000;1;1;0;0,0
21070006536000;7;4;3;53,1
21070006574000;9;5;4;50,6
21070006575000;2;1;1;0,0
21070006592000;9;5;4;56,4
21070006593000;3;2;1;0,0
21070006594000;5;3;2;66,2
21070006621000;3;2;1;0,0
21070006631000;4;2;2;0,0
21070006632000;3;3;0;0,0
21070006634000;3;2;1;0,0
21070006636000;4;2;2;0,0
21070006637000;12;6;6;35,4
21070006640000;31;14;17;43,2
21070006641000;55;27;28;39,7
21070006839000;11;6;5;70,3
21070006840000;91;47;44;39,4
21070006841000;1;0;1;0,0
21070006842000;4;2;2;0,0
21070006844000;10;4;6;30,2
21070006919000;2;1;1;0,0
21070006920000;2;1;1;0,0
21070006952000;3;1;2;0,0
21070006953000;2;2;0;0,0
21070006954000;27;17;10;44,8
21070006963000;14;7;7;46,1
21070006964000;5;3;2;50,2
21070006969000;16;8;8;40,3
21070006970000;65;32;33;31,0
21070006978000;252;123;129;26,8
21070006979000;24;13;11;34,3
21070006981000;49;28;21;46,0
21070006983000;2;1;1;0,0
21070006984000;1;1;0;0,0
21070006990000;17;7;10;39,7
21070006992000;18;8;10;34,6
21070006993000;12;8;4;36,7
21070007007000;18;11;7;48,9
21070007008000;45;28;17;35,4
21070007009000;16;9;7;34,4
21080006469000;3;2;1;0,0
21080006472000;2;1;1;0,0
21080006474000;41;18;23;39,0
21080006475000;58;27;31;37,3
21080006476000;3;2;1;0,0
21080006478000;13;6;7;31,3
21080006479000;16;9;7;25,1
21080006485000;1;1;0;0,0
21080006487000;5;3;2;58,4
21080006488000;8;4;4;27,8
21080006489000;5;1;4;19,8
21080006490000;5;1;4;40,4
21080006494000;21;11;10;32,6
21080006495000;15;8;7;32,7
21080006500000;13;6;7;34,8
21080006501000;8;3;5;23,3
21080006510000;2;1;1;0,0
21080006522000;12;6;6;53,2
21080006527000;6;3;3;34,5
21080006536000;5;2;3;47,2
21080006537000;10;5;5;55,0
21080006591000;5;2;3;16,2
21080006592000;7;5;2;49,1
21080006594000;3;2;1;0,0
21080006596000;1;0;1;0,0
21080006634000;13;7;6;45,3
21080006635000;20;12;8;45,4
21080006636000;26;13;13;40,5
21080006637000;18;8;10;35,7
21080006638000;59;27;32;35,2
21080006639000;53;28;25;33,8
21080006640000;16;9;7;55,9
21080006659000;4;2;2;0,0
21080006671000;2;1;1;0,0
21080006729000;7;5;2;38,1
21080006791000;1;1;0;0,0
21080006810000;37;20;17;49,1
21080006811000;392;213;179;40,1
21080006845000;6;3;3;48,5
21080006934000;5;3;2;57,2
21080006935000;25;10;15;31,8
21080006954000;14;7;7;26,9
21080006955000;14;4;10;46,6
21080006961000;5;2;3;18,2
21080006962000;13;8;5;40,2
21080006963000;2;1;1;0,0
21080006970000;7;5;2;62,7
21080006971000;6;4;2;33,8
21080006978000;46;24;22;34,5
21080006979000;35;22;13;34,9
21080006981000;78;40;38;42,2
21080006982000;6;2;4;56,8
21080006990000;12;7;5;34,0
21080006999000;4;2;2;0,0
21080007000000;1;1;0;0,0
21080007003000;1;1;0;0,0
21080007007000;14;8;6;33,3
21080007008000;6;4;2;30,0
21090006469000;45;18;27;41,6
21090006470000;49;29;20;43,2
21090006471000;4;2;2;0,0
21090006472000;35;18;17;28,5
21090006473000;14;7;7;47,2
21090006474000;120;58;62;31,5
21090006475000;8;4;4;34,8
21090006477000;9;5;4;32,3
21090006478000;5;2;3;17,2
21090006481000;2;1;1;0,0
21090006483000;2;1;1;0,0
21090006486000;12;7;5;29,4
21090006490000;5;3;2;18,8
21090006495000;6;4;2;55,2
21090006496000;4;2;2;0,0
21090006499000;11;5;6;16,2
21090006503000;4;1;3;0,0
21090006518000;1;0;1;0,0
21090006522000;7;4;3;32,4
21090006536000;11;5;6;53,3
21090006537000;3;2;1;0,0
21090006553000;11;6;5;43,2
21090006554000;1;1;0;0,0
21090006594000;10;4;6;25,4
21090006595000;39;21;18;47,8
21090006596000;1;0;1;0,0
21090006601000;5;2;3;39,0
21090006613000;2;1;1;0,0
21090006634000;5;3;2;48,0
21090006635000;5;2;3;45,0
21090006636000;3;2;1;0,0
21090006637000;213;93;120;34,9
21090006638000;178;84;94;41,6
21090006639000;4;3;1;0,0
21090006668000;2;1;1;0,0
21090006789000;4;2;2;0,0
21090006810000;54;23;31;48,1
21090006811000;939;485;454;43,3
21090006919000;2;1;1;0,0
21090006934000;9;4;5;37,2
21090006955000;58;28;30;35,4
21090006970000;12;6;6;46,3
21090006974000;5;3;2;63,8
21090006975000;2;1;1;0,0
21090006978000;7;4;3;33,3
21090006981000;49;30;19;37,7
21090006982000;10;5;5;43,5
21090006985000;3;2;1;0,0
21090006986000;7;5;2;44,6
21090006987000;1;1;0;0,0
21090007000000;22;12;10;39,9
21090007002000;5;3;2;16,2
21090007008000;13;6;7;35,4
21090007009000;95;49;46;38,7
21100006470000;30;16;14;45,8
21100006471000;70;33;37;40,2
21100006472000;81;45;36;36,8
21100006473000;15;7;8;40,5
21100006474000;1011;508;503;37,4
21100006475000;882;446;436;34,4
21100006476000;86;51;35;39,9
21100006477000;32;18;14;44,8
21100006483000;9;5;4;36,9
21100006487000;1;1;0;0,0
21100006498000;3;2;1;0,0
21100006503000;1;0;1;0,0
21100006518000;54;28;26;37,7
21100006524000;2;1;1;0,0
21100006533000;6;3;3;53,2
21100006546000;4;1;3;0,0
21100006595000;27;15;12;38,6
21100006596000;46;18;28;40,2
21100006599000;13;10;3;31,7
21100006602000;8;3;5;29,3
21100006606000;11;6;5;31,6
21100006609000;3;2;1;0,0
21100006610000;4;2;2;0,0
21100006613000;7;4;3;30,4
21100006614000;12;6;6;39,3
21100006634000;4;2;2;0,0
21100006637000;59;23;36;40,5
21100006638000;25;13;12;52,6
21100006653000;6;1;5;17,2
21100006751000;2;1;1;0,0
21100006789000;11;6;5;44,3
21100006811000;94;48;46;45,3
21100006839000;18;10;8;48,1
21100006933000;9;3;6;39,6
21100006934000;8;4;4;51,1
21100006955000;206;111;95;37,6
21100006956000;28;15;13;24,2
21100006959000;1;1;0;0,0
21100006970000;9;5;4;39,3
21100006974000;33;19;14;42,1
21100006975000;17;8;9;38,6
21100006978000;6;2;4;43,2
21100006981000;80;44;36;37,4
21100006982000;51;27;24;40,1
21100006999000;1;0;1;0,0
21100007000000;21;13;8;30,5
21100007001000;47;21;26;29,4
21100007004000;4;1;3;0,0
21100007005000;54;27;27;34,1
21100007006000;29;18;11;29,6
21100007007000;43;22;21;34,6
21100007008000;58;28;30;46,5
21100007009000;104;59;45;33,8
21110006470000;2;1;1;0,0
21110006471000;7;4;3;62,0
21110006472000;13;7;6;41,8
21110006473000;1;1;0;0,0
21110006474000;530;257;273;37,8
21110006475000;1778;868;910;44,3
21110006476000;918;445;473;40,3
21110006477000;36;21;15;40,3
21110006486000;21;11;10;33,3
21110006487000;13;9;4;46,1
21110006489000;2;2;0;0,0
21110006492000;5;2;3;27,2
21110006498000;20;10;10;33,6
21110006499000;16;8;8;34,4
21110006500000;1;0;1;0,0
21110006518000;2;1;1;0,0
21110006519000;5;2;3;38,4
21110006546000;5;3;2;54,4
21110006547000;4;2;2;0,0
21110006548000;5;3;2;40,6
21110006599000;14;7;7;42,6
21110006600000;18;10;8;45,4
21110006602000;36;21;15;36,1
21110006603000;6;3;3;64,8
21110006604000;9;4;5;34,9
21110006609000;4;1;3;0,0
21110006610000;3;1;2;0,0
21110006613000;4;2;2;0,0
21110006614000;8;5;3;39,6
21110006637000;44;23;21;38,0
21110006638000;1;1;0;0,0
21110006663000;2;1;1;0,0
21110006789000;5;2;3;56,6
21110006839000;19;10;9;62,9
21110006840000;38;20;18;40,3
21110006841000;6;2;4;49,0
21110006955000;87;42;45;44,0
21110006956000;166;91;75;46,8
21110006957000;8;3;5;33,8
21110006974000;17;7;10;34,8
21110006978000;22;11;11;48,8
21110006979000;16;8;8;46,1
21110006981000;17;9;8;28,8
21110006982000;34;19;15;40,4
21110006995000;7;2;5;19,9
21110006996000;5;3;2;20,2
21110006999000;1;1;0;0,0
21110007000000;8;3;5;39,0
21110007001000;28;19;9;37,8
21110007002000;33;19;14;30,8
21110007005000;40;25;15;39,5
21110007006000;7;2;5;42,4
21110007007000;34;19;15;33,6
21110007008000;22;12;10;36,9
21110007009000;8;3;5;44,1
21120006475000;292;146;146;38,8
21120006476000;537;265;272;37,8
21120006477000;76;36;40;34,4
21120006486000;1;1;0;0,0
21120006489000;2;1;1;0,0
21120006496000;1;1;0;0,0
21120006498000;2;1;1;0,0
21120006500000;3;3;0;0,0
21120006502000;9;6;3;34,1
21120006504000;6;3;3;22,8
21120006505000;48;29;19;39,9
21120006506000;18;6;12;39,9
21120006513000;13;9;4;45,0
21120006520000;4;3;1;0,0
21120006527000;1;1;0;0,0
21120006547000;3;2;1;0,0
21120006548000;3;2;1;0,0
21120006559000;5;3;2;57,8
21120006568000;5;2;3;27,2
21120006600000;19;11;8;63,9
21120006603000;5;3;2;75,6
21120006604000;1;1;0;0,0
21120006609000;9;5;4;61,0
21120006610000;25;11;14;35,2
21120006611000;5;2;3;28,4
21120006612000;2;1;1;0,0
21120006625000;14;6;8;35,2
21120006635000;2;1;1;0,0
21120006636000;4;3;1;0,0
21120006637000;53;27;26;43,0
21120006638000;2;1;1;0,0
21120006788000;13;6;7;41,1
21120006789000;22;15;7;49,1
21120006790000;27;14;13;32,9
21120006791000;5;3;2;36,0
21120006840000;7;5;2;50,0
21120006842000;2;1;1;0,0
21120006933000;4;2;2;0,0
21120006956000;13;8;5;51,1
21120006974000;240;103;137;39,5
21120006977000;100;54;46;31,7
21120006978000;17;9;8;53,9
21120006979000;26;16;10;38,3
21120006982000;31;16;15;40,8
21120006995000;6;2;4;42,8
21120006996000;23;13;10;35,7
21120006997000;8;3;5;26,4
21120006999000;32;17;15;43,3
21120007000000;7;5;2;41,7
21120007001000;4;2;2;0,0
21120007002000;15;9;6;38,6
21120007003000;37;17;20;41,4
21120007004000;41;24;17;36,5
21120007005000;22;13;9;41,7
21130006474000;1;1;0;0,0
21130006475000;11;4;7;42,4
21130006476000;231;120;111;29,6
21130006477000;255;134;121;32,7
21130006478000;2;1;1;0,0
21130006481000;16;8;8;28,2
21130006486000;3;1;2;0,0
21130006493000;8;3;5;44,6
21130006494000;4;3;1;0,0
21130006499000;10;6;4;34,2
21130006505000;34;22;12;34,7
21130006506000;108;54;54;41,7
21130006507000;20;10;10;44,7
21130006513000;8;5;3;30,5
21130006518000;2;1;1;0,0
21130006519000;11;7;4;44,8
21130006526000;10;4;6;44,9
21130006543000;3;2;1;0,0
21130006545000;1;0;1;0,0
21130006560000;6;3;3;54,3
21130006567000;1;1;0;0,0
21130006568000;3;1;2;0,0
21130006599000;3;2;1;0,0
21130006604000;2;1;1;0,0
21130006605000;2;1;1;0,0
21130006607000;87;43;44;46,0
21130006608000;36;15;21;52,9
21130006609000;26;14;12;41,7
21130006613000;1;1;0;0,0
21130006614000;24;11;13;37,9
21130006615000;8;4;4;36,0
21130006616000;2;1;1;0,0
21130006617000;15;9;6;35,8
21130006618000;3;1;2;0,0
21130006620000;6;4;2;56,0
21130006621000;15;9;6;26,9
21130006625000;6;2;4;30,3
21130006626000;3;1;2;0,0
21130006635000;6;2;4;30,7
21130006636000;4;1;3;0,0
21130006650000;4;2;2;0,0
21130006656000;1;0;1;0,0
21130006657000;1;1;0;0,0
21130006664000;3;1;2;0,0
21130006791000;4;3;1;0,0
21130006792000;5;2;3;71,8
21130006818000;26;14;12;39,8
21130006820000;7;5;2;55,9
21130006821000;10;4;6;40,1
21130006843000;6;5;1;14,8
21130006844000;21;9;12;24,1
21130006946000;9;4;5;46,3
21130006947000;2;1;1;0,0
21130006955000;4;3;1;0,0
21130006956000;18;10;8;37,5
21130006962000;6;2;4;58,5
21130006965000;3;2;1;0,0
21130006966000;4;3;1;0,0
21130006973000;17;9;8;34,2
21130006974000;219;116;103;37,5
21130006976000;99;57;42;40,7
21130006977000;263;131;132;34,3
21130006978000;127;57;70;42,5
21130006982000;31;19;12;37,5
21130006995000;14;8;6;36,2
21130006996000;81;44;37;33,6
21130006997000;14;9;5;44,7
21130006999000;10;4;6;31,8
21130007003000;13;6;7;41,4
21130007004000;143;76;67;37,7
21130007005000;5;4;1;35,2
21130007006000;7;3;4;60,9
21130007007000;2;2;0;0,0
21140006475000;18;9;9;36,1
21140006476000;37;20;17;31,5
21140006477000;51;23;28;31,1
21140006478000;206;98;108;26,4
21140006479000;18;11;7;30,2
21140006480000;15;8;7;38,8
21140006489000;9;6;3;46,4
21140006495000;4;1;3;0,0
21140006526000;4;2;2;0,0
21140006527000;54;27;27;34,6
21140006544000;15;8;7;40,3
21140006545000;12;7;5;52,5
21140006558000;2;1;1;0,0
21140006559000;2;1;1;0,0
21140006560000;18;10;8;41,2
21140006561000;3;1;2;0,0
21140006566000;7;5;2;46,0
21140006598000;2;1;1;0,0
21140006599000;1;1;0;0,0
21140006604000;6;4;2;28,8
21140006608000;15;7;8;30,4
21140006609000;4;3;1;0,0
21140006613000;5;4;1;66,2
21140006615000;113;59;54;41,9
21140006616000;13;6;7;53,7
21140006620000;1;1;0;0,0
21140006621000;6;4;2;16,3
21140006622000;3;2;1;0,0
21140006623000;22;12;10;35,5
21140006624000;11;6;5;28,5
21140006625000;12;8;4;55,8
21140006642000;10;6;4;33,0
21140006651000;2;1;1;0,0
21140006652000;2;1;1;0,0
21140006653000;1;1;0;0,0
21140006792000;36;18;18;41,4
21140006811000;2;1;1;0,0
21140006817000;15;8;7;51,3
21140006818000;1706;821;885;44,9
21140006819000;3;2;1;0,0
21140006839000;1;0;1;0,0
21140006844000;13;8;5;43,3
21140006897000;3;2;1;0,0
21140006934000;9;6;3;26,8
21140006955000;7;4;3;31,4
21140006956000;27;16;11;35,1
21140006961000;3;1;2;0,0
21140006962000;31;16;15;37,5
21140006965000;5;3;2;66,2
21140006966000;23;10;13;31,6
21140006967000;14;8;6;51,4
21140006973000;70;33;37;42,8
21140006974000;30;17;13;33,4
21140006977000;3;2;1;0,0
21140006980000;13;5;8;35,0
21140006982000;26;13;13;38,3
21140006995000;32;13;19;36,8
21140006996000;193;96;97;31,3
21140006998000;8;4;4;39,8
21140006999000;5;2;3;58,0
21140007003000;56;25;31;44,6
21140007004000;9;6;3;49,1
21140007005000;4;2;2;0,0
21140007006000;1;1;0;0,0
21140007007000;6;4;2;45,7
21140007008000;4;3;1;0,0
21150006476000;6;3;3;36,8
21150006477000;8;4;4;43,5
21150006478000;6;3;3;53,3
21150006479000;17;9;8;32,3
21150006480000;12;8;4;39,6
21150006485000;5;2;3;24,2
21150006491000;5;4;1;26,6
21150006495000;7;4;3;51,7
21150006497000;2;1;1;0,0
21150006502000;1;1;0;0,0
21150006511000;14;9;5;50,1
21150006517000;24;11;13;35,9
21150006523000;2;1;1;0,0
21150006525000;12;5;7;38,7
21150006526000;6;4;2;41,7
21150006527000;33;14;19;29,7
21150006528000;18;8;10;25,2
21150006543000;22;9;13;41,5
21150006544000;4;2;2;0,0
21150006559000;10;6;4;36,9
21150006598000;4;2;2;0,0
21150006599000;4;2;2;0,0
21150006606000;5;2;3;46,0
21150006607000;2;1;1;0,0
21150006615000;48;18;30;50,7
21150006616000;6;5;1;38,5
21150006617000;2;1;1;0,0
21150006618000;2;1;1;0,0
21150006621000;5;3;2;31,8
21150006622000;14;7;7;31,9
21150006623000;34;16;18;40,0
21150006624000;20;11;9;41,3
21150006625000;8;5;3;41,0
21150006629000;5;2;3;53,8
21150006635000;2;1;1;0,0
21150006636000;12;7;5;37,1
21150006642000;1;0;1;0,0
21150006644000;3;2;1;0,0
21150006647000;1;0;1;0,0
21150006648000;10;5;5;37,5
21150006650000;3;1;2;0,0
21150006657000;1;0;1;0,0
21150006792000;9;2;7;28,3
21150006793000;17;11;6;42,1
21150006794000;9;7;2;35,1
21150006818000;868;457;411;42,5
21150006819000;38;23;15;39,8
21150006846000;9;4;5;35,3
21150006897000;3;2;1;0,0
21150006933000;5;3;2;53,6
21150006936000;2;1;1;0,0
21150006949000;3;2;1;0,0
21150006955000;18;10;8;36,7
21150006956000;23;11;12;46,0
21150006961000;39;21;18;36,6
21150006962000;38;23;15;43,7
21150006963000;6;4;2;39,5
21150006965000;1;0;1;0,0
21150006966000;42;24;18;47,2
21150006967000;45;20;25;33,7
21150006973000;29;16;13;33,5
21150006974000;14;10;4;31,8
21150006982000;58;32;26;42,5
21150006983000;8;4;4;33,9
21150006994000;3;1;2;0,0
21150006995000;5;2;3;37,6
21150006996000;20;10;10;39,7
21150006997000;31;18;13;45,5
21150006998000;31;13;18;37,9
21150006999000;23;8;15;33,5
21150007002000;18;8;10;32,7
21150007003000;102;50;52;36,1
21150007005000;10;3;7;35,5
21150007007000;9;4;5;48,7
21150007008000;50;26;24;41,4
21150007010000;4;1;3;0,0
21160006476000;10;5;5;59,5
21160006477000;2;1;1;0,0
21160006478000;49;29;20;39,0
21160006479000;5;3;2;13,8
21160006483000;9;6;3;44,1
21160006484000;39;20;19;41,1
21160006485000;54;33;21;35,8
21160006487000;1;0;1;0,0
21160006492000;7;5;2;20,0
21160006494000;8;3;5;37,0
21160006497000;11;5;6;44,7
21160006498000;5;3;2;61,0
21160006502000;3;1;2;0,0
21160006515000;3;2;1;0,0
21160006516000;20;11;9;35,5
21160006521000;11;4;7;31,3
21160006522000;3;3;0;0,0
21160006523000;11;3;8;27,9
21160006525000;3;2;1;0,0
21160006526000;2;2;0;0,0
21160006527000;4;1;3;0,0
21160006528000;2;1;1;0,0
21160006541000;14;9;5;49,6
21160006542000;22;7;15;31,8
21160006543000;3;2;1;0,0
21160006544000;1;1;0;0,0
21160006557000;2;1;1;0,0
21160006598000;2;1;1;0,0
21160006599000;2;1;1;0,0
21160006605000;1;1;0;0,0
21160006614000;6;4;2;51,5
21160006620000;2;2;0;0,0
21160006623000;20;7;13;25,2
21160006624000;3;1;2;0,0
21160006628000;12;6;6;37,0
21160006629000;17;10;7;38,0
21160006631000;2;2;0;0,0
21160006632000;7;5;2;22,9
21160006633000;6;3;3;30,3
21160006635000;2;1;1;0,0
21160006642000;3;1;2;0,0
21160006647000;5;2;3;21,2
21160006657000;1;1;0;0,0
21160006792000;8;5;3;47,5
21160006793000;14;9;5;46,8
21160006794000;26;11;15;48,6
21160006818000;129;78;51;44,6
21160006819000;348;175;173;40,9
21160006897000;3;2;1;0,0
21160006949000;26;15;11;45,1
21160006950000;9;4;5;36,1
21160006951000;25;13;12;40,5
21160006952000;13;8;5;40,6
21160006953000;2;1;1;0,0
21160006961000;8;3;5;43,5
21160006962000;4;2;2;0,0
21160006966000;8;4;4;48,8
21160006967000;6;2;4;71,0
21160006968000;27;17;10;46,0
21160006969000;41;21;20;29,4
21160006970000;144;70;74;41,3
21160006973000;17;9;8;36,4
21160006982000;14;10;4;28,0
21160006983000;43;26;17;44,4
21160006994000;29;18;11;35,3
21160006995000;14;7;7;37,4
21160006997000;47;26;21;27,7
21160006998000;579;277;302;45,0
21160006999000;436;220;216;34,4
21160007000000;20;9;11;31,8
21160007001000;74;43;31;41,1
21160007002000;31;12;19;34,3
21160007004000;13;8;5;44,1
21160007005000;38;19;19;39,3
21160007008000;200;112;88;34,1
21160007009000;14;9;5;38,1
21160007011000;8;5;3;40,0
21160007012000;16;10;6;35,9
21160007013000;74;37;37;42,7
21170006476000;38;15;23;37,1
21170006477000;41;20;21;44,1
21170006478000;33;14;19;35,7
21170006483000;6;3;3;42,5
21170006484000;33;17;16;40,2
21170006485000;116;61;55;34,4
21170006486000;10;4;6;43,3
21170006490000;11;6;5;21,5
21170006491000;4;2;2;0,0
21170006492000;2;1;1;0,0
21170006501000;4;2;2;0,0
21170006503000;9;5;4;42,1
21170006505000;18;11;7;31,9
21170006507000;16;6;10;40,9
21170006514000;47;23;24;42,0
21170006515000;4;1;3;0,0
21170006519000;5;3;2;59,2
21170006523000;10;5;5;31,6
21170006528000;1;1;0;0,0
21170006541000;5;4;1;44,4
21170006544000;1;1;0;0,0
21170006551000;2;1;1;0,0
21170006597000;5;2;3;66,6
21170006614000;8;3;5;46,4
21170006619000;1;0;1;0,0
21170006624000;1;1;0;0,0
21170006627000;3;1;2;0,0
21170006628000;5;1;4;37,2
21170006630000;14;8;6;42,0
21170006633000;6;3;3;52,0
21170006634000;6;3;3;38,3
21170006643000;11;5;6;28,9
21170006656000;2;1;1;0,0
21170006657000;3;2;1;0,0
21170006727000;7;4;3;36,1
21170006745000;1;0;1;0,0
21170006746000;5;1;4;44,8
21170006791000;19;12;7;39,6
21170006792000;12;7;5;43,9
21170006819000;128;65;63;35,4
21170006950000;6;3;3;51,3
21170006951000;205;104;101;39,0
21170006952000;76;42;34;34,9
21170006953000;4;2;2;0,0
21170006958000;12;6;6;39,8
21170006959000;2;1;1;0,0
21170006960000;10;5;5;37,1
21170006961000;26;10;16;42,8
21170006962000;3;2;1;0,0
21170006964000;7;4;3;30,7
21170006965000;9;5;4;41,0
21170006966000;25;13;12;47,6
21170006970000;15;3;12;83,2
21170006979000;5;2;3;46,8
21170006980000;18;11;7;29,3
21170006981000;3;2;1;0,0
21170006983000;132;69;63;41,7
21170006995000;9;6;3;27,2
21170006996000;12;6;6;45,3
21170006998000;53;22;31;64,4
21170006999000;191;100;91;38,0
21170007000000;30;15;15;33,5
21170007004000;36;19;17;38,4
21170007005000;16;10;6;50,1
21170007008000;14;8;6;39,7
21170007009000;164;84;80;41,3
21170007011000;42;25;17;42,9
21170007013000;22;11;11;37,2
21180006476000;7;4;3;34,6
21180006477000;14;8;6;57,2
21180006478000;11;6;5;28,2
21180006479000;7;3;4;41,3
21180006481000;8;3;5;66,1
21180006482000;20;8;12;38,8
21180006483000;17;10;7;37,8
21180006484000;11;7;4;40,5
21180006485000;37;20;17;39,5
21180006490000;3;2;1;0,0
21180006492000;5;2;3;32,8
21180006499000;3;2;1;0,0
21180006500000;2;1;1;0,0
21180006502000;1;1;0;0,0
21180006504000;10;6;4;50,4
21180006505000;17;6;11;34,6
21180006506000;5;3;2;19,2
21180006514000;2;1;1;0,0
21180006519000;1;1;0;0,0
21180006520000;2;1;1;0,0
21180006523000;7;4;3;45,0
21180006525000;2;1;1;0,0
21180006527000;8;4;4;27,5
21180006537000;1;1;0;0,0
21180006539000;5;3;2;29,6
21180006551000;6;3;3;29,5
21180006596000;1;1;0;0,0
21180006597000;3;1;2;0,0
21180006598000;3;2;1;0,0
21180006599000;2;1;1;0,0
21180006614000;19;9;10;41,4
21180006615000;9;5;4;49,6
21180006626000;9;3;6;46,0
21180006627000;13;5;8;23,9
21180006643000;14;8;6;55,0
21180006646000;3;1;2;0,0
21180006653000;5;3;2;40,2
21180006726000;2;2;0;0,0
21180006727000;18;11;7;45,3
21180006744000;7;5;2;44,0
21180006745000;11;7;4;40,7
21180006791000;6;5;1;37,8
21180006820000;147;72;75;28,3
21180006952000;27;13;14;37,9
21180006958000;42;24;18;37,1
21180006959000;1;1;0;0,0
21180006960000;19;10;9;46,6
21180006961000;4;2;2;0,0
21180006963000;2;1;1;0,0
21180006964000;14;7;7;54,6
21180006965000;4;3;1;0,0
21180006970000;7;3;4;46,4
21180006971000;8;3;5;33,4
21180006973000;3;2;1;0,0
21180006980000;76;34;42;40,3
21180006981000;47;31;16;26,4
21180006983000;207;109;98;39,2
21180006984000;111;63;48;42,3
21180006995000;10;6;4;48,4
21180006996000;29;16;13;33,6
21180006997000;3;1;2;0,0
21180007003000;23;13;10;44,2
21180007004000;4;2;2;0,0
21180007007000;14;10;4;47,6
21180007008000;46;24;22;45,8
21180007009000;198;105;93;39,5
21180007010000;14;8;6;34,9
21180007011000;9;3;6;39,0
21180007012000;4;2;2;0,0
21180007014000;37;19;18;41,3
21190006476000;196;100;96;36,6
21190006477000;410;211;199;33,8
21190006478000;81;46;35;30,4
21190006479000;24;10;14;36,1
21190006480000;5;4;1;55,8
21190006481000;2;1;1;0,0
21190006482000;4;1;3;0,0
21190006483000;14;8;6;40,1
21190006484000;11;8;3;42,5
21190006490000;6;3;3;49,7
21190006498000;6;4;2;19,2
21190006501000;2;1;1;0,0
21190006503000;2;1;1;0,0
21190006505000;4;2;2;0,0
21190006506000;22;13;9;47,5
21190006507000;1;1;0;0,0
21190006531000;2;2;0;0,0
21190006537000;1;1;0;0,0
21190006538000;6;3;3;43,2
21190006540000;5;4;1;45,0
21190006596000;1;1;0;0,0
21190006598000;2;2;0;0,0
21190006614000;3;2;1;0,0
21190006615000;3;2;1;0,0
21190006616000;3;3;0;0,0
21190006626000;11;6;5;41,3
21190006627000;1;0;1;0,0
21190006629000;2;1;1;0,0
21190006645000;20;10;10;39,4
21190006652000;4;3;1;0,0
21190006726000;4;2;2;0,0
21190006727000;1;0;1;0,0
21190006744000;19;7;12;44,7
21190006791000;8;2;6;37,4
21190006821000;2;1;1;0,0
21190006958000;13;4;9;34,9
21190006959000;51;27;24;33,1
21190006960000;2;1;1;0,0
21190006971000;5;3;2;57,4
21190006974000;3;1;2;0,0
21190006980000;5;1;4;45,8
21190006981000;25;11;14;38,4
21190006982000;14;8;6;48,4
21190006983000;567;307;260;37,4
21190006984000;30;15;15;43,6
21190006987000;5;3;2;23,2
21190006997000;1;1;0;0,0
21190007001000;9;5;4;23,2
21190007002000;15;9;6;47,3
21190007003000;34;17;17;47,2
21190007007000;40;23;17;38,7
21190007008000;35;18;17;44,0
21190007009000;51;26;25;34,1
21190007014000;16;10;6;38,3
21200006476000;9;4;5;32,8
21200006477000;59;27;32;40,6
21200006478000;9;4;5;43,0
21200006479000;3;2;1;0,0
21200006480000;12;6;6;34,6
21200006481000;13;5;8;37,5
21200006482000;55;27;28;40,5
21200006483000;5;3;2;37,6
21200006484000;24;12;12;36,6
21200006485000;12;6;6;33,7
21200006486000;17;10;7;35,1
21200006487000;3;2;1;0,0
21200006490000;30;13;17;37,3
21200006491000;13;6;7;29,8
21200006496000;2;1;1;0,0
21200006497000;14;4;10;32,0
21200006498000;5;4;1;43,8
21200006499000;2;1;1;0,0
21200006506000;5;4;1;46,0
21200006507000;7;4;3;58,9
21200006508000;10;4;6;32,8
21200006510000;13;9;4;28,1
21200006511000;6;3;3;19,2
21200006513000;6;4;2;45,7
21200006514000;8;4;4;43,1
21200006528000;6;3;3;41,5
21200006529000;13;9;4;33,8
21200006536000;2;1;1;0,0
21200006609000;4;3;1;0,0
21200006610000;8;6;2;29,9
21200006613000;1;1;0;0,0
21200006625000;5;2;3;43,0
21200006642000;9;5;4;34,2
21200006645000;4;2;2;0,0
21200006651000;1;1;0;0,0
21200006742000;4;2;2;0,0
21200006743000;1;0;1;0,0
21200006744000;4;2;2;0,0
21200006790000;1;0;1;0,0
21200006791000;7;2;5;51,6
21200006959000;2;0;2;0,0
21200006969000;2;1;1;0,0
21200006971000;26;15;11;30,6
21200006974000;5;3;2;40,0
21200006982000;10;5;5;40,0
21200006983000;99;54;45;26,0
21200006985000;51;25;26;35,3
21200006997000;34;18;16;36,9
21200007000000;6;2;4;47,5
21200007001000;24;12;12;37,5
21200007002000;9;5;4;27,0
21200007003000;60;26;34;38,0
21200007012000;4;4;0;0,0
21200007013000;24;13;11;37,6
21200007014000;24;14;10;47,0
21200007015000;19;10;9;38,5
21210006479000;2;1;1;0,0
21210006480000;74;43;31;31,1
21210006481000;78;43;35;39,5
21210006482000;18;9;9;32,7
21210006483000;13;8;5;24,3
21210006484000;723;359;364;24,6
21210006485000;247;121;126;39,2
21210006486000;108;57;51;30,9
21210006487000;6;4;2;37,5
21210006488000;1;1;0;0,0
21210006489000;4;2;2;0,0
21210006490000;1;0;1;0,0
21210006491000;51;27;24;34,6
21210006495000;13;8;5;43,6
21210006506000;36;18;18;28,2
21210006507000;29;16;13;39,2
21210006508000;8;4;4;37,8
21210006509000;4;3;1;0,0
21210006510000;18;11;7;42,5
21210006511000;1;1;0;0,0
21210006512000;2;1;1;0,0
21210006515000;1;1;0;0,0
21210006517000;2;1;1;0,0
21210006526000;3;1;2;0,0
21210006529000;7;3;4;27,7
21210006530000;1;1;0;0,0
21210006531000;5;3;2;28,6
21210006553000;5;1;4;49,6
21210006594000;21;13;8;30,5
21210006595000;3;1;2;0,0
21210006609000;16;8;8;37,6
21210006611000;3;3;0;0,0
21210006612000;4;2;2;0,0
21210006613000;9;7;2;47,0
21210006615000;3;2;1;0,0
21210006626000;1;1;0;0,0
21210006627000;4;3;1;0,0
21210006631000;6;2;4;39,5
21210006636000;1;1;0;0,0
21210006644000;2;1;1;0,0
21210006740000;3;1;2;0,0
21210006791000;2;1;1;0,0
21210006959000;2;1;1;0,0
21210006971000;2;1;1;0,0
21210006974000;6;3;3;54,8
21210006982000;15;8;7;36,7
21210006983000;19;7;12;42,6
21210006985000;26;15;11;45,3
21210006997000;68;36;32;37,1
21210007001000;32;15;17;34,4
21210007002000;17;8;9;46,5
21210007003000;1;0;1;0,0
21210007009000;21;11;10;38,0
21210007010000;9;4;5;33,0
21210007012000;4;2;2;0,0
21210007013000;107;53;54;37,8
21210007014000;205;102;103;47,6
21210007015000;108;58;50;38,8
21220006481000;15;9;6;23,1
21220006482000;108;54;54;42,9
21220006483000;46;22;24;39,2
21220006484000;671;336;335;33,9
21220006485000;744;392;352;34,3
21220006486000;86;44;42;31,9
21220006488000;3;2;1;0,0
21220006489000;1;1;0;0,0
21220006490000;16;10;6;55,8
21220006494000;2;1;1;0,0
21220006498000;1;0;1;0,0
21220006531000;26;16;10;47,2
21220006532000;9;3;6;49,3
21220006575000;2;1;1;0,0
21220006576000;5;3;2;34,0
21220006577000;5;4;1;31,0
21220006594000;2;2;0;0,0
21220006603000;1;1;0;0,0
21220006609000;6;5;1;31,7
21220006611000;4;3;1;0,0
21220006625000;1;1;0;0,0
21220006729000;14;7;7;34,7
21220006792000;3;2;1;0,0
21220006896000;1;1;0;0,0
21220006959000;11;7;4;42,2
21220006969000;3;2;1;0,0
21220006971000;3;2;1;0,0
21220006972000;5;3;2;58,2
21220006975000;2;1;1;0,0
21220006982000;23;14;9;46,0
21220006983000;15;6;9;38,6
21220006985000;19;10;9;38,7
21220006990000;11;7;4;33,8
21220006991000;23;11;12;36,1
21220006997000;12;6;6;39,3
21220007001000;39;19;20;39,4
21220007002000;24;13;11;46,0
21220007008000;28;12;16;46,2
21220007009000;22;11;11;43,6
21220007010000;2;2;0;0,0
21220007012000;19;9;10;43,5
21220007013000;11;5;6;56,6
21220007014000;14;8;6;28,0
21220007015000;63;33;30;46,3
21220007016000;2;1;1;0,0
21230006481000;141;71;70;36,9
21230006482000;1387;696;691;36,8
21230006483000;536;285;251;37,0
21230006484000;226;122;104;36,3
21230006485000;640;318;322;34,6
21230006486000;206;110;96;31,7
21230006495000;3;1;2;0,0
21230006502000;6;2;4;30,7
21230006504000;7;4;3;47,1
21230006507000;17;10;7;34,5
21230006508000;4;2;2;0,0
21230006510000;4;3;1;0,0
21230006511000;11;5;6;33,1
21230006517000;1;1;0;0,0
21230006520000;1;1;0;0,0
21230006528000;8;3;5;46,9
21230006529000;1;1;0;0,0
21230006531000;263;126;137;39,3
21230006532000;255;124;131;43,6
21230006533000;17;11;6;34,6
21230006535000;2;1;1;0,0
21230006537000;4;3;1;0,0
21230006575000;5;3;2;27,4
21230006576000;7;4;3;30,9
21230006577000;4;3;1;0,0
21230006580000;4;1;3;0,0
21230006593000;8;3;5;37,9
21230006595000;14;6;8;30,2
21230006607000;2;1;1;0,0
21230006608000;7;3;4;36,6
21230006609000;8;5;3;51,1
21230006612000;4;2;2;0,0
21230006729000;15;8;7;46,1
21230006740000;17;10;7;41,0
21230006741000;2;1;1;0,0
21230006792000;8;3;5;27,0
21230006951000;1;1;0;0,0
21230006953000;10;6;4;62,8
21230006956000;31;10;21;44,4
21230006957000;255;130;125;38,2
21230006958000;22;8;14;43,6
21230006959000;10;7;3;52,3
21230006972000;4;1;3;0,0
21230006975000;11;4;7;32,5
21230006982000;53;30;23;48,7
21230006983000;11;5;6;36,8
21230006984000;12;6;6;41,6
21230006988000;1;1;0;0,0
21230006989000;4;3;1;0,0
21230006990000;5;2;3;54,6
21230006991000;32;17;15;40,4
21230006998000;27;13;14;34,7
21230006999000;1;1;0;0,0
21230007001000;8;5;3;34,3
21230007002000;57;28;29;35,3
21230007008000;33;18;15;40,7
21230007009000;4;3;1;0,0
21230007010000;16;10;6;32,2
21230007011000;49;25;24;31,1
21230007012000;13;8;5;37,2
21240006482000;118;57;61;47,2
21240006483000;1036;546;490;39,8
21240006484000;1337;660;677;41,3
21240006485000;651;323;328;41,8
21240006486000;98;57;41;30,9
21240006495000;15;7;8;33,3
21240006503000;7;4;3;63,7
21240006504000;3;2;1;0,0
21240006507000;5;1;4;39,8
21240006508000;36;18;18;34,3
21240006509000;21;10;11;25,1
21240006510000;16;7;9;39,1
21240006511000;4;2;2;0,0
21240006512000;3;1;2;0,0
21240006516000;34;18;16;30,0
21240006517000;1;1;0;0,0
21240006529000;2;1;1;0,0
21240006530000;5;3;2;37,8
21240006531000;3;2;1;0,0
21240006532000;41;24;17;42,3
21240006533000;49;27;22;30,9
21240006535000;5;3;2;62,8
21240006551000;1;0;1;0,0
21240006553000;9;4;5;33,9
21240006554000;2;1;1;0,0
21240006555000;2;1;1;0,0
21240006593000;3;1;2;0,0
21240006595000;3;1;2;0,0
21240006607000;1;0;1;0,0
21240006608000;2;1;1;0,0
21240006609000;8;4;4;44,3
21240006611000;3;2;1;0,0
21240006612000;6;3;3;38,5
21240006637000;1;1;0;0,0
21240006729000;28;16;12;52,0
21240006730000;22;8;14;42,2
21240006740000;34;19;15;46,5
21240006741000;6;4;2;26,8
21240006785000;2;1;1;0,0
21240006883000;16;7;9;37,5
21240006952000;2;1;1;0,0
21240006953000;13;6;7;38,1
21240006954000;114;62;52;39,5
21240006955000;145;79;66;37,5
21240006956000;8;5;3;38,5
21240006957000;281;137;144;41,5
21240006958000;883;416;467;43,3
21240006959000;3;1;2;0,0
21240006960000;13;6;7;44,2
21240006973000;8;4;4;52,6
21240006982000;67;36;31;39,0
21240006984000;211;102;109;44,2
21240006991000;4;2;2;0,0
21240006992000;4;3;1;0,0
21240006998000;9;4;5;42,3
21240006999000;12;6;6;46,8
21240007002000;44;18;26;43,6
21240007006000;4;3;1;0,0
21240007007000;49;22;27;37,3
21240007008000;93;47;46;36,8
21240007009000;21;13;8;60,2
21240007010000;10;4;6;51,9
21240007012000;5;2;3;44,2
21240007016000;2;2;0;0,0
21250006483000;267;121;146;56,4
21250006484000;1278;636;642;42,6
21250006485000;882;437;445;36,5
21250006486000;405;203;202;38,2
21250006487000;75;39;36;39,7
21250006490000;21;13;8;40,9
21250006491000;9;4;5;30,3
21250006492000;10;6;4;21,8
21250006493000;5;3;2;33,6
21250006494000;3;3;0;0,0
21250006495000;73;33;40;34,8
21250006496000;23;11;12;29,9
21250006497000;1;1;0;0,0
21250006502000;4;2;2;0,0
21250006511000;6;3;3;65,2
21250006516000;14;8;6;46,9
21250006528000;3;2;1;0,0
21250006530000;2;1;1;0,0
21250006531000;50;28;22;38,4
21250006532000;1;1;0;0,0
21250006533000;2;1;1;0,0
21250006534000;19;9;10;38,6
21250006535000;3;1;2;0,0
21250006537000;9;3;6;32,9
21250006554000;2;1;1;0,0
21250006564000;4;1;3;0,0
21250006572000;3;0;3;0,0
21250006575000;4;2;2;0,0
21250006576000;4;2;2;0,0
21250006577000;5;4;1;32,6
21250006595000;9;3;6;48,8
21250006603000;2;1;1;0,0
21250006607000;4;2;2;0,0
21250006612000;12;4;8;45,9
21250006623000;5;4;1;52,8
21250006630000;22;13;9;33,3
21250006631000;5;3;2;28,8
21250006632000;6;6;0;42,3
21250006648000;4;1;3;0,0
21250006650000;4;2;2;0,0
21250006651000;2;1;1;0,0
21250006729000;156;84;72;41,8
21250006730000;26;15;11;53,3
21250006740000;137;67;70;40,6
21250006741000;6;4;2;60,7
21250006794000;10;7;3;23,9
21250006883000;2;1;1;0,0
21250006884000;18;10;8;54,8
21250006954000;24;14;10;40,7
21250006955000;6;4;2;52,2
21250006956000;84;43;41;47,0
21250006957000;608;297;311;41,1
21250006958000;103;50;53;45,7
21250006960000;29;14;15;35,2
21250006982000;21;8;13;44,7
21250006984000;240;113;127;43,0
21250006992000;15;6;9;41,6
21250006993000;17;10;7;33,5
21250006999000;37;21;16;46,6
21250007000000;12;6;6;45,9
21250007002000;2;1;1;0,0
21250007003000;48;23;25;46,1
21250007006000;13;9;4;36,0
21250007007000;12;8;4;36,2
21250007008000;131;62;69;37,6
21250007009000;11;5;6;52,4
21250007010000;12;6;6;39,3
21250007012000;27;16;11;33,3
21250007013000;26;7;19;24,0
21250007016000;4;3;1;0,0
21250007018000;8;3;5;49,6
21260006483000;10;6;4;51,3
21260006484000;63;32;31;36,9
21260006485000;46;23;23;30,7
21260006486000;76;38;38;42,6
21260006487000;188;94;94;34,5
21260006488000;5;1;4;24,8
21260006491000;77;30;47;34,9
21260006492000;36;15;21;36,1
21260006493000;25;12;13;36,1
21260006494000;27;17;10;41,0
21260006495000;39;23;16;38,4
21260006496000;4;3;1;0,0
21260006500000;10;4;6;33,1
21260006501000;20;11;9;36,1
21260006502000;147;72;75;39,6
21260006503000;12;4;8;61,4
21260006508000;2;0;2;0,0
21260006509000;4;3;1;0,0
21260006516000;9;6;3;29,1
21260006530000;5;2;3;57,6
21260006531000;30;16;14;33,3
21260006532000;18;10;8;52,8
21260006536000;15;9;6;33,8
21260006537000;10;5;5;60,1
21260006551000;43;17;26;42,8
21260006552000;14;6;8;38,9
21260006570000;3;2;1;0,0
21260006571000;9;4;5;44,8
21260006572000;5;3;2;61,6
21260006573000;29;13;16;37,3
21260006575000;10;4;6;35,3
21260006576000;27;16;11;35,1
21260006577000;2;1;1;0,0
21260006593000;6;2;4;44,0
21260006594000;5;2;3;28,2
21260006606000;2;1;1;0,0
21260006607000;1;1;0;0,0
21260006611000;3;1;2;0,0
21260006612000;36;19;17;38,8
21260006613000;22;7;15;39,0
21260006623000;5;3;2;59,0
21260006624000;31;14;17;43,2
21260006630000;29;15;14;44,3
21260006631000;7;4;3;41,7
21260006632000;6;3;3;32,2
21260006723000;5;3;2;46,2
21260006729000;208;102;106;43,4
21260006730000;26;13;13;47,6
21260006740000;123;67;56;41,9
21260006884000;11;5;6;37,4
21260006954000;38;20;18;55,6
21260006955000;81;40;41;41,5
21260006956000;25;14;11;47,1
21260006958000;9;4;5;43,1
21260006960000;9;5;4;59,6
21260006972000;16;9;7;58,9
21260006973000;28;14;14;53,6
21260006983000;2;1;1;0,0
21260006984000;81;42;39;40,5
21260006992000;11;6;5;59,2
21260006993000;21;10;11;35,4
21260006994000;32;15;17;37,9
21260007000000;16;7;9;48,0
21260007001000;9;4;5;36,0
21260007003000;40;24;16;46,1
21260007004000;11;7;4;37,1
21260007006000;10;7;3;41,1
21260007007000;26;13;13;30,1
21260007009000;11;6;5;20,5
21260007010000;22;15;7;52,3
21260007012000;21;10;11;43,6
21260007013000;3;2;1;0,0
21260007014000;73;40;33;38,4
21260007015000;61;27;34;42,5
21260007016000;39;23;16;35,1
21260007018000;96;53;43;41,5
21260007019000;16;9;7;47,6
21270006484000;97;49;48;34,6
21270006485000;65;36;29;37,6
21270006486000;58;32;26;45,1
21270006487000;653;327;326;32,5
21270006488000;51;25;26;38,6
21270006489000;19;10;9;28,4
21270006490000;26;16;10;35,7
21270006491000;41;23;18;39,9
21270006492000;97;49;48;33,7
21270006493000;58;24;34;30,8
21270006494000;1;1;0;0,0
21270006495000;32;15;17;46,5
21270006496000;57;28;29;38,7
21270006497000;27;11;16;49,8
21270006498000;30;15;15;40,5
21270006500000;39;21;18;28,9
21270006502000;96;53;43;34,9
21270006503000;9;4;5;25,4
21270006504000;26;11;15;33,0
21270006505000;21;11;10;25,2
21270006509000;1;1;0;0,0
21270006510000;2;1;1;0,0
21270006512000;2;2;0;0,0
21270006514000;18;12;6;37,3
21270006515000;5;4;1;25,2
21270006516000;5;2;3;16,6
21270006518000;7;4;3;38,3
21270006525000;7;3;4;44,7
21270006531000;1;1;0;0,0
21270006532000;1;1;0;0,0
21270006533000;4;2;2;0,0
21270006536000;2;1;1;0,0
21270006537000;2;1;1;0,0
21270006538000;4;2;2;0,0
21270006550000;2;1;1;0,0
21270006551000;4;2;2;0,0
21270006552000;28;16;12;35,5
21270006553000;22;13;9;46,9
21270006554000;17;10;7;41,7
21270006555000;19;6;13;51,0
21270006561000;93;48;45;42,3
21270006562000;12;7;5;27,0
21270006568000;10;6;4;42,3
21270006593000;9;5;4;44,1
21270006594000;27;14;13;28,6
21270006603000;8;4;4;50,9
21270006604000;1;1;0;0,0
21270006605000;9;6;3;68,9
21270006606000;6;3;3;59,3
21270006608000;3;2;1;0,0
21270006609000;12;7;5;45,9
21270006610000;1;0;1;0,0
21270006611000;72;34;38;40,8
21270006612000;20;9;11;36,9
21270006613000;9;5;4;58,6
21270006628000;3;2;1;0,0
21270006629000;20;11;9;34,3
21270006630000;9;6;3;70,6
21270006651000;1;0;1;0,0
21270006722000;6;3;3;41,0
21270006723000;2;1;1;0,0
21270006726000;1;0;1;0,0
21270006728000;9;6;3;46,9
21270006729000;179;84;95;48,2
21270006730000;130;58;72;51,8
21270006731000;29;13;16;36,3
21270006739000;7;2;5;27,1
21270006740000;51;26;25;43,8
21270006802000;1;1;0;0,0
21270006882000;3;1;2;0,0
21270006884000;1;1;0;0,0
21270006950000;2;2;0;0,0
21270006951000;5;2;3;31,0
21270006952000;17;9;8;38,5
21270006953000;15;10;5;44,0
21270006959000;10;5;5;31,3
21270006960000;30;16;14;36,0
21270006971000;2;1;1;0,0
21270006972000;30;14;16;38,3
21270006973000;23;9;14;53,5
21270006974000;1;1;0;0,0
21270006976000;2;1;1;0,0
21270006983000;3;1;2;0,0
21270006984000;3;2;1;0,0
21270006985000;20;12;8;24,9
21270006993000;54;24;30;37,6
21270006994000;41;21;20;39,9
21270006995000;84;47;37;36,1
21270006996000;23;15;8;37,4
21270007001000;29;16;13;46,2
21270007004000;37;18;19;34,3
21270007006000;22;10;12;45,0
21270007012000;34;17;17;44,5
21270007013000;99;51;48;47,4
21270007015000;37;15;22;39,6
21270007016000;1;1;0;0,0
21270007018000;138;65;73;35,7
21270007019000;77;37;40;28,2
21280006483000;6;4;2;62,8
21280006484000;38;18;20;38,1
21280006485000;66;31;35;34,0
21280006486000;34;19;15;30,3
21280006487000;525;262;263;31,8
21280006488000;41;21;20;46,3
21280006489000;73;37;36;34,1
21280006490000;66;28;38;40,3
21280006491000;142;74;68;38,1
21280006492000;437;218;219;35,9
21280006493000;46;27;19;36,6
21280006494000;73;38;35;38,3
21280006495000;81;45;36;38,9
21280006496000;79;37;42;29,6
21280006497000;39;21;18;36,8
21280006498000;84;44;40;35,6
21280006499000;56;31;25;40,0
21280006500000;69;33;36;35,7
21280006501000;104;55;49;26,0
21280006502000;401;196;205;30,8
21280006503000;38;24;14;31,1
21280006505000;12;6;6;21,9
21280006506000;22;12;10;34,7
21280006507000;1;0;1;0,0
21280006508000;76;40;36;33,0
21280006509000;6;5;1;21,0
21280006513000;10;5;5;37,9
21280006514000;14;5;9;37,9
21280006515000;1;1;0;0,0
21280006516000;1;1;0;0,0
21280006524000;8;4;4;19,1
21280006525000;11;6;5;58,4
21280006539000;1;1;0;0,0
21280006540000;2;1;1;0,0
21280006555000;5;3;2;43,0
21280006559000;64;34;30;41,7
21280006560000;99;50;49;39,8
21280006561000;222;118;104;34,6
21280006562000;5;2;3;43,0
21280006563000;4;1;3;0,0
21280006564000;9;5;4;60,1
21280006570000;1;1;0;0,0
21280006571000;3;2;1;0,0
21280006573000;1;1;0;0,0
21280006576000;81;39;42;45,3
21280006578000;2;2;0;0,0
21280006593000;3;2;1;0,0
21280006594000;62;28;34;47,2
21280006601000;16;9;7;48,1
21280006602000;23;12;11;41,5
21280006603000;20;12;8;45,5
21280006604000;8;4;4;33,8
21280006605000;40;23;17;38,5
21280006606000;11;7;4;31,8
21280006607000;11;4;7;28,6
21280006608000;5;4;1;39,2
21280006609000;7;4;3;58,4
21280006610000;26;10;16;41,7
21280006611000;7;3;4;34,1
21280006621000;1;1;0;0,0
21280006622000;7;4;3;44,9
21280006627000;5;2;3;73,8
21280006628000;39;17;22;39,1
21280006629000;24;11;13;37,2
21280006728000;22;10;12;41,2
21280006729000;531;260;271;34,3
21280006730000;391;202;189;41,8
21280006731000;131;69;62;42,4
21280006739000;25;14;11;51,7
21280006740000;26;14;12;40,4
21280006883000;1;1;0;0,0
21280006884000;15;7;8;55,4
21280006889000;1;1;0;0,0
21280006890000;2;1;1;0,0
21280006947000;6;2;4;38,7
21280006951000;7;5;2;47,4
21280006952000;13;5;8;57,0
21280006959000;106;56;50;40,0
21280006960000;14;9;5;37,8
21280006970000;21;11;10;23,4
21280006971000;22;12;10;29,9
21280006974000;2;1;1;0,0
21280006976000;1;0;1;0,0
21280006982000;7;4;3;57,6
21280006983000;15;8;7;44,5
21280006985000;55;33;22;42,1
21280006986000;4;3;1;0,0
21280006994000;250;107;143;49,0
21280006995000;116;60;56;39,6
21280006996000;22;10;12;53,4
21280007001000;3;1;2;0,0
21280007002000;16;7;9;49,7
21280007004000;39;19;20;56,0
21280007011000;50;30;20;39,8
21280007012000;123;69;54;38,7
21280007013000;68;34;34;36,5
21280007014000;55;33;22;33,3
21280007015000;27;15;12;40,8
21280007016000;12;6;6;56,1
21280007017000;4;2;2;0,0
21280007019000;62;27;35;33,7
21290006486000;60;29;31;35,1
21290006487000;890;430;460;33,7
21290006488000;166;76;90;37,1
21290006489000;58;32;26;48,0
21290006490000;96;52;44;35,7
21290006491000;55;28;27;41,3
21290006492000;72;37;35;34,3
21290006493000;46;23;23;32,4
21290006494000;8;4;4;42,9
21290006495000;20;11;9;38,0
21290006497000;21;9;12;29,2
21290006498000;21;13;8;41,6
21290006500000;14;7;7;50,6
21290006501000;38;20;18;36,6
21290006502000;645;306;339;47,5
21290006503000;219;105;114;36,3
21290006504000;36;16;20;47,4
21290006505000;11;6;5;33,0
21290006506000;38;18;20;30,8
21290006507000;30;15;15;26,0
21290006508000;34;17;17;28,1
21290006510000;1;0;1;0,0
21290006512000;19;9;10;40,3
21290006513000;51;26;25;35,7
21290006515000;2;0;2;0,0
21290006524000;2;1;1;0,0
21290006525000;16;9;7;47,3
21290006539000;4;2;2;0,0
21290006540000;8;3;5;41,1
21290006545000;15;10;5;32,5
21290006547000;15;7;8;48,5
21290006555000;1;1;0;0,0
21290006558000;19;10;9;46,8
21290006559000;66;35;31;43,2
21290006560000;4;2;2;0,0
21290006561000;28;14;14;34,9
21290006571000;8;5;3;41,4
21290006574000;15;8;7;57,9
21290006575000;7;3;4;30,4
21290006576000;18;8;10;40,6
21290006577000;27;13;14;48,6
21290006578000;10;7;3;42,9
21290006579000;10;5;5;49,8
21290006580000;19;6;13;34,6
21290006582000;5;2;3;19,0
21290006592000;4;3;1;0,0
21290006593000;12;6;6;30,9
21290006594000;110;58;52;43,8
21290006601000;1;1;0;0,0
21290006602000;12;6;6;28,7
21290006603000;108;55;53;44,9
21290006604000;124;59;65;42,2
21290006605000;20;10;10;34,2
21290006607000;11;5;6;49,6
21290006610000;3;1;2;0,0
21290006613000;1;0;1;0,0
21290006621000;4;2;2;0,0
21290006622000;8;4;4;49,0
21290006627000;17;11;6;33,5
21290006628000;2;1;1;0,0
21290006724000;4;3;1;0,0
21290006725000;6;4;2;30,7
21290006729000;28;14;14;33,6
21290006730000;402;197;205;40,9
21290006731000;184;87;97;38,9
21290006732000;11;5;6;42,2
21290006739000;39;22;17;43,1
21290006883000;2;1;1;0,0
21290006884000;9;3;6;31,3
21290006946000;6;5;1;31,5
21290006947000;5;2;3;45,2
21290006958000;10;4;6;45,0
21290006959000;395;180;215;44,4
21290006974000;3;1;2;0,0
21290006977000;4;2;2;0,0
21290006983000;14;7;7;41,1
21290006984000;1;1;0;0,0
21290006985000;62;34;28;36,3
21290006991000;6;3;3;65,5
21290006995000;53;28;25;37,2
21290006996000;33;17;16;29,0
21290006997000;14;8;6;63,9
21290007002000;15;8;7;43,9
21290007004000;16;7;9;43,4
21290007005000;23;11;12;42,5
21290007008000;3;1;2;0,0
21290007009000;28;14;14;49,5
21290007010000;11;6;5;49,4
21290007011000;41;19;22;42,6
21290007012000;29;16;13;40,0
21290007013000;41;19;22;30,1
21290007014000;190;98;92;38,9
21290007015000;328;183;145;41,8
21290007016000;120;38;82;60,6
21290007017000;73;40;33;34,6
21290007018000;41;18;23;40,5
21290007019000;6;4;2;37,2
21300006487000;548;273;275;37,3
21300006488000;1049;489;560;40,7
21300006489000;94;47;47;37,9
21300006490000;8;4;4;49,0
21300006491000;79;41;38;37,9
21300006492000;146;72;74;37,8
21300006493000;39;18;21;40,9
21300006495000;9;3;6;30,6
21300006496000;19;10;9;35,5
21300006497000;44;22;22;38,1
21300006498000;16;10;6;36,1
21300006499000;3;2;1;0,0
21300006500000;42;24;18;46,6
21300006501000;231;114;117;34,9
21300006502000;858;433;425;29,5
21300006503000;156;84;72;40,0
21300006504000;73;36;37;36,6
21300006505000;49;20;29;34,9
21300006506000;44;22;22;36,3
21300006507000;3;0;3;0,0
21300006508000;10;5;5;30,2
21300006510000;46;26;20;35,0
21300006511000;10;5;5;20,3
21300006512000;31;19;12;34,6
21300006513000;6;1;5;48,8
21300006519000;44;25;19;43,4
21300006520000;1;1;0;0,0
21300006524000;1;1;0;0,0
21300006525000;14;9;5;36,0
21300006538000;12;6;6;42,8
21300006539000;2;1;1;0,0
21300006542000;4;2;2;0,0
21300006544000;10;6;4;28,3
21300006545000;5;3;2;71,4
21300006558000;3;1;2;0,0
21300006559000;14;5;9;40,1
21300006575000;9;5;4;55,9
21300006576000;4;1;3;0,0
21300006579000;19;9;10;39,6
21300006580000;16;7;9;49,5
21300006581000;8;3;5;44,1
21300006587000;4;1;3;0,0
21300006592000;8;5;3;56,1
21300006593000;13;5;8;58,2
21300006594000;58;33;25;39,4
21300006599000;2;1;1;0,0
21300006601000;6;2;4;56,5
21300006602000;138;64;74;52,6
21300006603000;219;102;117;44,0
21300006604000;45;27;18;44,3
21300006605000;13;6;7;40,3
21300006606000;39;21;18;46,3
21300006607000;18;6;12;50,5
21300006608000;4;2;2;0,0
21300006611000;17;11;6;26,2
21300006612000;8;5;3;44,5
21300006622000;2;1;1;0,0
21300006623000;1;1;0;0,0
21300006625000;23;11;12;50,0
21300006723000;2;1;1;0,0
21300006724000;46;20;26;43,7
21300006731000;57;35;22;45,2
21300006732000;27;13;14;37,9
21300006739000;2;1;1;0,0
21300006802000;2;1;1;0,0
21300006812000;3;1;2;0,0
21300006884000;7;3;4;46,3
21300006944000;24;10;14;55,4
21300006945000;4;2;2;0,0
21300006946000;8;3;5;37,8
21300006958000;32;16;16;43,9
21300006959000;681;328;353;42,1
21300006960000;3;2;1;0,0
21300006975000;5;2;3;55,8
21300006977000;32;15;17;42,1
21300006978000;9;5;4;36,1
21300006984000;11;6;5;40,5
21300006985000;39;20;19;37,1
21300006986000;22;12;10;45,9
21300006996000;5;2;3;66,4
21300006997000;3;2;1;0,0
21300006998000;23;10;13;44,4
21300007002000;7;4;3;55,3
21300007005000;37;21;16;38,6
21300007006000;2;1;1;0,0
21300007008000;50;24;26;39,0
21300007014000;9;6;3;45,1
21300007015000;5;3;2;44,2
21300007016000;91;44;47;36,6
21300007017000;97;48;49;36,5
21310006487000;1;1;0;0,0
21310006488000;853;430;423;34,8
21310006489000;95;46;49;38,0
21310006490000;503;252;251;31,6
21310006491000;406;204;202;38,3
21310006492000;21;8;13;48,8
21310006493000;221;106;115;40,4
21310006494000;24;13;11;36,8
21310006495000;28;14;14;41,5
21310006496000;27;13;14;50,0
21310006497000;24;12;12;43,1
21310006498000;5;2;3;69,4
21310006499000;140;71;69;40,8
21310006500000;19;9;10;37,5
21310006502000;11;6;5;37,0
21310006503000;38;20;18;39,1
21310006504000;15;8;7;32,9
21310006505000;51;27;24;38,4
21310006506000;22;12;10;36,7
21310006519000;97;51;46;38,9
21310006522000;4;2;2;0,0
21310006524000;2;1;1;0,0
21310006525000;7;3;4;35,7
21310006544000;5;3;2;24,0
21310006545000;11;6;5;39,2
21310006557000;44;23;21;41,6
21310006558000;8;5;3;47,8
21310006576000;2;1;1;0,0
21310006587000;3;2;1;0,0
21310006588000;12;5;7;52,7
21310006591000;6;3;3;36,7
21310006592000;24;15;9;47,4
21310006593000;6;4;2;53,2
21310006594000;2;2;0;0,0
21310006598000;3;2;1;0,0
21310006600000;5;2;3;38,6
21310006601000;65;29;36;41,5
21310006602000;173;80;93;44,6
21310006607000;5;4;1;58,2
21310006609000;3;1;2;0,0
21310006610000;15;8;7;35,8
21310006611000;20;10;10;33,3
21310006623000;6;5;1;28,5
21310006723000;10;4;6;55,9
21310006724000;20;11;9;45,8
21310006732000;27;14;13;33,3
21310006738000;9;5;4;27,7
21310006739000;3;1;2;0,0
21310006774000;4;3;1;0,0
21310006884000;7;4;3;22,9
21310006888000;1;1;0;0,0
21310006943000;12;6;6;46,9
21310006944000;5;2;3;58,6
21310006956000;11;5;6;60,0
21310006957000;13;8;5;35,8
21310006958000;45;25;20;42,2
21310006959000;110;64;46;39,3
21310006975000;4;2;2;0,0
21310006977000;23;14;9;31,8
21310006978000;1;0;1;0,0
21310006984000;11;6;5;45,0
21310006985000;7;3;4;27,4
21310006986000;20;11;9;34,2
21310006996000;8;4;4;40,5
21310006997000;3;2;1;0,0
21310006998000;5;3;2;53,2
21310006999000;10;3;7;34,1
21310007002000;3;3;0;0,0
21310007003000;2;1;1;0,0
21310007005000;6;3;3;33,5
21310007006000;76;35;41;42,2
21310007007000;17;10;7;27,0
21310007008000;26;14;12;40,5
21310007010000;1;1;0;0,0
21310007011000;32;19;13;35,7
21310007012000;17;8;9;34,0
21310007013000;32;19;13;39,9
21320006487000;5;4;1;17,8
21320006488000;609;306;303;39,4
21320006489000;120;56;64;40,6
21320006490000;27;13;14;44,0
21320006491000;1002;512;490;39,0
21320006492000;301;136;165;45,4
21320006493000;893;448;445;38,0
21320006494000;629;299;330;41,1
21320006495000;82;39;43;36,2
21320006496000;2;1;1;0,0
21320006497000;33;19;14;45,2
21320006498000;8;4;4;60,4
21320006499000;36;19;17;39,0
21320006500000;3;2;1;0,0
21320006503000;30;15;15;37,2
21320006504000;13;6;7;31,5
21320006505000;13;6;7;54,2
21320006506000;25;12;13;38,7
21320006508000;10;8;2;33,4
21320006515000;7;2;5;34,9
21320006519000;3;2;1;0,0
21320006522000;2;1;1;0,0
21320006526000;8;4;4;39,6
21320006557000;4;3;1;0,0
21320006559000;2;1;1;0,0
21320006596000;1;1;0;0,0
21320006597000;1;1;0;0,0
21320006598000;17;7;10;43,5
21320006599000;14;7;7;54,0
21320006600000;76;40;36;30,2
21320006601000;38;17;21;41,6
21320006606000;2;2;0;0,0
21320006607000;34;21;13;41,2
21320006608000;24;14;10;48,6
21320006609000;6;2;4;29,8
21320006622000;14;7;7;49,7
21320006704000;3;1;2;0,0
21320006722000;15;9;6;32,6
21320006723000;23;10;13;45,0
21320006732000;22;11;11;40,3
21320006733000;20;10;10;54,0
21320006738000;51;29;22;36,0
21320006739000;27;13;14;31,3
21320006749000;10;4;6;30,2
21320006801000;7;4;3;38,0
21320006884000;4;1;3;0,0
21320006888000;1;1;0;0,0
21320006942000;7;3;4;63,0
21320006956000;14;6;8;50,7
21320006957000;7;4;3;34,3
21320006958000;28;15;13;44,3
21320006959000;68;33;35;36,9
21320006984000;5;3;2;40,0
21320006985000;7;2;5;30,9
21320006986000;5;3;2;71,0
21320006987000;8;5;3;40,1
21320006994000;8;5;3;29,6
21320006996000;12;7;5;29,1
21320006997000;59;29;30;36,1
21320006999000;18;10;8;33,2
21320007000000;27;14;13;32,8
21320007006000;5;3;2;24,2
21320007010000;42;25;17;27,2
21320007011000;115;59;56;38,7
21320007012000;25;13;12;38,8
21320007013000;18;10;8;46,4
21320007014000;61;35;26;35,8
21320007015000;5;3;2;46,2
21320007018000;30;17;13;53,2
21320007019000;732;352;380;41,8
21320007020000;913;457;456;42,9
21330006489000;6;4;2;37,5
21330006491000;14;7;7;42,6
21330006492000;604;296;308;36,4
21330006493000;292;143;149;35,8
21330006494000;481;252;229;39,1
21330006495000;473;247;226;33,1
21330006496000;26;14;12;40,8
21330006497000;41;20;21;46,9
21330006498000;479;233;246;28,4
21330006499000;18;8;10;33,7
21330006501000;12;6;6;38,3
21330006504000;5;1;4;24,4
21330006505000;15;11;4;51,6
21330006506000;4;3;1;0,0
21330006507000;3;1;2;0,0
21330006508000;2;1;1;0,0
21330006516000;2;1;1;0,0
21330006517000;12;7;5;39,8
21330006519000;1;1;0;0,0
21330006522000;7;3;4;35,6
21330006526000;8;5;3;45,9
21330006527000;10;6;4;40,8
21330006560000;1;1;0;0,0
21330006607000;15;7;8;26,9
21330006633000;4;2;2;0,0
21330006636000;2;1;1;0,0
21330006722000;15;7;8;49,3
21330006733000;30;16;14;45,8
21330006734000;16;10;6;26,1
21330006735000;6;3;3;62,3
21330006737000;6;3;3;42,2
21330006738000;267;130;137;46,0
21330006739000;25;13;12;50,0
21330006745000;5;4;1;57,6
21330006746000;9;6;3;40,9
21330006884000;2;0;2;0,0
21330006956000;16;9;7;40,5
21330006957000;16;9;7;44,9
21330006958000;34;20;14;40,3
21330006959000;37;21;16;48,1
21330006975000;2;1;1;0,0
21330006983000;5;3;2;44,4
21330006985000;5;1;4;21,2
21330006987000;6;4;2;56,5
21330006995000;15;9;6;45,8
21330006996000;12;4;8;41,8
21330006997000;16;8;8;32,8
21330006998000;7;4;3;46,7
21330007000000;6;3;3;59,0
21330007002000;13;5;8;51,5
21330007008000;17;10;7;50,6
21330007009000;79;38;41;45,2
21330007010000;21;10;11;29,2
21330007015000;14;7;7;38,7
21330007017000;682;350;332;40,8
21330007018000;2605;1233;1372;45,2
21330007019000;2796;1370;1426;41,6
21330007020000;1613;768;845;41,3
21340006492000;34;19;15;42,8
21340006493000;305;170;135;42,0
21340006494000;290;143;147;40,9
21340006495000;914;448;466;36,8
21340006496000;26;15;11;46,4
21340006497000;169;85;84;43,8
21340006498000;155;83;72;29,6
21340006499000;387;198;189;33,2
21340006500000;33;16;17;33,6
21340006501000;19;10;9;47,6
21340006502000;4;2;2;0,0
21340006503000;2;1;1;0,0
21340006506000;2;1;1;0,0
21340006507000;1;0;1;0,0
21340006509000;11;5;6;29,2
21340006510000;42;25;17;37,4
21340006514000;1;1;0;0,0
21340006519000;3;2;1;0,0
21340006522000;29;18;11;46,9
21340006529000;4;1;3;0,0
21340006540000;8;6;2;42,5
21340006548000;6;3;3;35,3
21340006607000;6;3;3;60,5
21340006620000;11;6;5;28,5
21340006621000;11;6;5;45,3
21340006624000;2;1;1;0,0
21340006625000;10;4;6;35,7
21340006626000;10;5;5;32,2
21340006627000;3;1;2;0,0
21340006634000;4;2;2;0,0
21340006654000;6;3;3;60,2
21340006721000;3;3;0;0,0
21340006734000;16;8;8;38,1
21340006735000;15;8;7;50,7
21340006737000;64;31;33;36,6
21340006738000;67;31;36;43,3
21340006745000;13;6;7;45,9
21340006746000;22;12;10;39,2
21340006883000;1;1;0;0,0
21340006954000;10;5;5;47,7
21340006955000;18;10;8;27,4
21340006958000;8;5;3;40,3
21340006959000;9;5;4;47,0
21340006975000;5;3;2;49,8
21340006983000;1;1;0;0,0
21340006984000;7;5;2;45,3
21340006985000;2;1;1;0,0
21340006987000;9;4;5;52,1
21340006988000;4;2;2;0,0
21340006994000;6;4;2;63,2
21340006998000;13;7;6;38,0
21340007001000;20;13;7;37,2
21340007002000;2;1;1;0,0
21340007008000;96;57;39;41,2
21340007009000;90;40;50;45,7
21340007015000;16;6;10;41,9
21340007016000;9;6;3;34,6
21340007017000;92;48;44;49,9
21340007018000;1841;925;916;41,0
21340007019000;1793;909;884;42,7
21340007020000;76;39;37;41,7
21350006493000;164;88;76;38,8
21350006494000;1044;503;541;41,3
21350006495000;1299;645;654;39,7
21350006496000;1551;724;827;42,0
21350006497000;740;381;359;36,0
21350006498000;292;143;149;35,6
21350006499000;378;191;187;31,4
21350006500000;25;14;11;33,2
21350006501000;29;16;13;48,4
21350006502000;12;5;7;50,8
21350006505000;1;1;0;0,0
21350006506000;1;1;0;0,0
21350006508000;6;3;3;50,7
21350006509000;8;6;2;22,8
21350006511000;5;3;2;20,2
21350006512000;40;23;17;36,7
21350006517000;1;0;1;0,0
21350006520000;3;2;1;0,0
21350006521000;7;3;4;51,1
21350006522000;19;11;8;49,9
21350006523000;2;1;1;0,0
21350006531000;3;2;1;0,0
21350006532000;2;1;1;0,0
21350006561000;1;1;0;0,0
21350006595000;6;3;3;20,5
21350006606000;10;6;4;46,8
21350006607000;26;14;12;42,3
21350006608000;41;19;22;43,4
21350006609000;9;5;4;47,8
21350006620000;2;1;1;0,0
21350006621000;5;3;2;73,2
21350006623000;11;7;4;43,7
21350006624000;26;13;13;33,4
21350006626000;6;4;2;38,0
21350006631000;5;4;1;48,0
21350006632000;1;1;0;0,0
21350006720000;12;8;4;47,5
21350006721000;9;5;4;51,6
21350006734000;5;2;3;64,0
21350006735000;39;19;20;37,4
21350006736000;21;9;12;49,0
21350006737000;36;16;20;39,8
21350006746000;9;7;2;34,9
21350006883000;12;7;5;44,1
21350006884000;30;15;15;38,2
21350006941000;4;2;2;0,0
21350006942000;5;3;2;63,4
21350006954000;18;11;7;27,2
21350006976000;15;10;5;36,2
21350006982000;2;1;1;0,0
21350006984000;51;23;28;38,0
21350006985000;3;2;1;0,0
21350006999000;6;3;3;45,2
21350007002000;14;3;11;35,6
21350007003000;37;18;19;28,1
21350007004000;10;4;6;48,2
21350007008000;48;22;26;41,1
21350007009000;286;144;142;31,4
21350007010000;422;216;206;38,1
21350007011000;3;1;2;0,0
21350007014000;45;25;20;43,2
21350007015000;113;60;53;38,0
21350007016000;1;1;0;0,0
21350007018000;1423;713;710;41,0
21350007019000;577;288;289;40,2
21350007020000;102;52;50;38,1
21360006492000;2;1;1;0,0
21360006493000;40;18;22;27,6
21360006494000;475;246;229;38,1
21360006495000;833;403;430;41,0
21360006496000;1540;767;773;41,5
21360006497000;1952;996;956;40,0
21360006498000;1682;809;873;37,8
21360006499000;633;332;301;37,5
21360006500000;19;8;11;54,8
21360006501000;30;20;10;35,5
21360006502000;16;8;8;53,8
21360006503000;2;0;2;0,0
21360006504000;10;5;5;33,1
21360006505000;20;10;10;30,4
21360006506000;1;1;0;0,0
21360006514000;6;4;2;54,7
21360006520000;1;1;0;0,0
21360006522000;20;8;12;50,3
21360006529000;1;1;0;0,0
21360006533000;2;1;1;0,0
21360006534000;4;2;2;0,0
21360006545000;4;2;2;0,0
21360006575000;4;2;2;0,0
21360006604000;1;1;0;0,0
21360006606000;13;6;7;53,8
21360006607000;8;5;3;44,1
21360006609000;71;38;33;47,7
21360006610000;6;4;2;41,2
21360006619000;7;3;4;68,0
21360006620000;48;25;23;38,5
21360006621000;75;40;35;49,1
21360006622000;36;19;17;37,4
21360006623000;25;13;12;46,9
21360006630000;5;3;2;28,6
21360006655000;49;30;19;37,0
21360006668000;3;2;1;0,0
21360006714000;1;0;1;0,0
21360006720000;4;3;1;0,0
21360006734000;16;9;7;43,4
21360006735000;3;2;1;0,0
21360006736000;32;22;10;46,3
21360006737000;8;5;3;34,1
21360006746000;8;5;3;36,8
21360006747000;8;3;5;58,0
21360006803000;8;3;5;51,1
21360006804000;20;13;7;41,2
21360006883000;32;17;15;37,2
21360006884000;17;9;8;44,5
21360006941000;2;1;1;0,0
21360006959000;11;8;3;31,5
21360006969000;3;2;1;0,0
21360006976000;6;3;3;56,5
21360006982000;6;3;3;44,3
21360006983000;2;1;1;0,0
21360006989000;13;7;6;33,9
21360006999000;18;9;9;34,6
21360007002000;21;11;10;34,2
21360007004000;1;1;0;0,0
21360007008000;36;18;18;31,3
21360007009000;45;24;21;44,9
21360007014000;8;6;2;31,5
21360007015000;205;90;115;34,8
21360007016000;8;3;5;42,6
21360007017000;2;1;1;0,0
21360007018000;252;132;120;39,7
21360007019000;797;424;373;36,7
21370006493000;5;3;2;21,0
21370006494000;450;227;223;42,4
21370006495000;632;319;313;38,5
21370006496000;337;164;173;39,4
21370006497000;2171;993;1178;46,8
21370006498000;1432;700;732;42,0
21370006499000;307;152;155;38,5
21370006500000;36;21;15;31,3
21370006501000;77;41;36;41,0
21370006502000;207;103;104;34,9
21370006503000;24;12;12;26,7
21370006504000;3;2;1;0,0
21370006513000;4;2;2;0,0
21370006522000;19;11;8;38,7
21370006523000;21;9;12;47,0
21370006524000;7;4;3;49,7
21370006525000;7;3;4;27,4
21370006529000;4;2;2;0,0
21370006530000;4;1;3;0,0
21370006606000;10;3;7;39,6
21370006610000;59;32;27;32,0
21370006611000;28;15;13;27,4
21370006613000;12;7;5;42,1
21370006619000;91;42;49;37,8
21370006620000;57;25;32;40,6
21370006621000;33;19;14;44,0
21370006623000;2;0;2;0,0
21370006633000;1;1;0;0,0
21370006635000;3;3;0;0,0
21370006655000;6;4;2;47,2
21370006714000;7;4;3;55,9
21370006715000;2;1;1;0,0
21370006721000;6;2;4;46,3
21370006734000;6;3;3;54,5
21370006735000;21;8;13;37,0
21370006746000;28;12;16;30,9
21370006747000;5;4;1;33,2
21370006804000;22;13;9;29,6
21370006882000;2;1;1;0,0
21370006883000;39;20;19;43,6
21370006884000;2;1;1;0,0
21370006941000;1;1;0;0,0
21370006970000;2;1;1;0,0
21370006979000;19;8;11;58,6
21370006990000;40;20;20;35,3
21370006991000;13;7;6;32,2
21370006997000;6;2;4;21,8
21370006998000;17;11;6;42,4
21370006999000;81;41;40;41,4
21370007000000;2;2;0;0,0
21370007002000;2;1;1;0,0
21370007003000;5;1;4;18,2
21370007005000;4;3;1;0,0
21370007008000;5;4;1;31,4
21370007009000;59;31;28;45,5
21370007010000;10;5;5;52,0
21370007015000;221;109;112;34,8
21370007016000;971;482;489;33,9
21370007017000;93;54;39;39,4
21370007018000;12;8;4;40,2
21370007019000;1102;574;528;30,8
21370007020000;101;47;54;26,0
21380006493000;3;2;1;0,0
21380006494000;236;119;117;45,7
21380006495000;68;31;37;46,5
21380006496000;210;105;105;36,8
21380006497000;643;319;324;40,1
21380006498000;1001;489;512;40,1
21380006499000;8;5;3;38,4
21380006500000;1;0;1;0,0
21380006502000;20;9;11;30,1
21380006503000;68;35;33;43,6
21380006504000;6;5;1;50,3
21380006506000;9;5;4;46,1
21380006507000;5;1;4;34,8
21380006512000;4;2;2;0,0
21380006514000;7;3;4;29,9
21380006515000;3;2;1;0,0
21380006522000;17;8;9;40,6
21380006526000;10;7;3;51,4
21380006527000;35;16;19;31,9
21380006528000;33;17;16;39,4
21380006529000;2;2;0;0,0
21380006532000;11;6;5;36,3
21380006582000;2;1;1;0,0
21380006583000;2;1;1;0,0
21380006610000;95;40;55;39,3
21380006611000;413;209;204;42,4
21380006612000;10;5;5;36,4
21380006613000;2;1;1;0,0
21380006618000;40;23;17;38,6
21380006619000;16;5;11;25,1
21380006620000;7;4;3;40,0
21380006621000;1;1;0;0,0
21380006627000;2;0;2;0,0
21380006628000;2;1;1;0,0
21380006630000;8;3;5;40,6
21380006665000;5;3;2;22,8
21380006683000;7;2;5;46,7
21380006714000;14;6;8;31,4
21380006715000;10;6;4;46,0
21380006733000;6;4;2;39,3
21380006734000;14;7;7;44,4
21380006746000;25;15;10;30,6
21380006747000;34;15;19;42,3
21380006882000;8;6;2;38,4
21380006883000;23;13;10;45,6
21380006884000;28;14;14;46,7
21380006958000;4;2;2;0,0
21380006959000;3;2;1;0,0
21380006973000;6;4;2;65,2
21380006974000;24;12;12;45,7
21380006975000;2;2;0;0,0
21380006979000;3;2;1;0,0
21380006989000;1;1;0;0,0
21380006990000;29;14;15;37,8
21380006991000;26;12;14;41,5
21380006997000;3;2;1;0,0
21380006998000;4;3;1;0,0
21380006999000;192;96;96;39,9
21380007002000;15;9;6;37,4
21380007003000;18;11;7;47,8
21380007004000;16;9;7;38,9
21380007005000;5;2;3;69,6
21380007010000;24;14;10;48,6
21380007015000;10;6;4;60,7
21380007016000;358;165;193;38,0
21380007017000;130;69;61;38,8
21380007018000;10;5;5;31,5
21380007019000;53;26;27;30,3
21380007020000;191;96;95;24,7
21390006494000;1;0;1;0,0
21390006495000;148;75;73;40,8
21390006496000;492;232;260;44,0
21390006497000;330;174;156;35,9
21390006498000;282;147;135;32,2
21390006502000;6;3;3;59,2
21390006503000;53;29;24;34,3
21390006504000;50;28;22;30,4
21390006505000;42;20;22;37,5
21390006506000;71;40;31;41,1
21390006507000;25;15;10;46,3
21390006508000;3;2;1;0,0
21390006512000;1;1;0;0,0
21390006514000;1;0;1;0,0
21390006515000;5;2;3;41,8
21390006522000;6;3;3;41,8
21390006523000;13;7;6;39,3
21390006525000;15;10;5;37,4
21390006526000;3;2;1;0,0
21390006546000;51;29;22;36,5
21390006582000;6;5;1;34,2
21390006583000;2;1;1;0,0
21390006604000;2;1;1;0,0
21390006605000;4;3;1;0,0
21390006609000;7;4;3;31,6
21390006610000;132;57;75;42,8
21390006611000;469;214;255;45,2
21390006612000;60;27;33;44,8
21390006613000;17;8;9;39,0
21390006617000;17;12;5;30,9
21390006618000;11;5;6;43,7
21390006625000;19;11;8;61,4
21390006626000;8;4;4;31,0
21390006629000;1;1;0;0,0
21390006655000;95;49;46;41,3
21390006715000;77;40;37;41,6
21390006733000;10;6;4;48,6
21390006734000;19;9;10;30,7
21390006746000;6;3;3;59,3
21390006747000;29;15;14;44,2
21390006882000;9;4;5;48,3
21390006883000;35;20;15;41,7
21390006884000;45;23;22;47,8
21390006971000;3;0;3;0,0
21390006972000;26;13;13;36,3
21390006973000;18;8;10;39,2
21390006974000;47;23;24;41,9
21390006975000;2;1;1;0,0
21390006989000;13;4;9;47,2
21390006990000;1;1;0;0,0
21390006991000;1;0;1;0,0
21390006992000;2;1;1;0,0
21390006994000;10;5;5;31,7
21390006995000;6;2;4;46,7
21390006996000;4;2;2;0,0
21390006999000;4;3;1;0,0
21390007000000;12;7;5;50,3
21390007003000;4;2;2;0,0
21390007010000;41;28;13;40,8
21390007011000;130;76;54;39,7
21390007012000;4;1;3;0,0
21390007013000;21;7;14;32,3
21390007015000;13;5;8;40,0
21390007016000;442;240;202;27,4
21390007017000;124;63;61;43,1
21390007018000;30;15;15;41,9
21390007019000;15;9;6;37,6
21390007020000;3;1;2;0,0
21390007046000;13;4;9;26,8
21400006494000;5;2;3;32,0
21400006495000;49;28;21;51,0
21400006496000;252;118;134;37,6
21400006497000;90;44;46;41,5
21400006498000;147;73;74;44,3
21400006499000;81;35;46;46,4
21400006500000;223;116;107;30,5
21400006501000;45;23;22;39,7
21400006502000;11;6;5;34,4
21400006503000;2;1;1;0,0
21400006504000;41;20;21;42,8
21400006505000;35;19;16;41,2
21400006506000;42;24;18;45,9
21400006507000;23;11;12;44,7
21400006508000;6;4;2;33,0
21400006509000;7;3;4;35,3
21400006510000;3;2;1;0,0
21400006513000;4;2;2;0,0
21400006519000;8;4;4;31,3
21400006522000;22;13;9;46,1
21400006523000;2;1;1;0,0
21400006524000;2;1;1;0,0
21400006525000;13;5;8;59,8
21400006546000;29;17;12;43,0
21400006547000;22;12;10;35,1
21400006556000;2;1;1;0,0
21400006563000;1;1;0;0,0
21400006580000;8;3;5;44,3
21400006582000;6;3;3;22,2
21400006592000;9;3;6;42,1
21400006604000;3;2;1;0,0
21400006605000;5;1;4;22,2
21400006610000;12;8;4;40,1
21400006611000;115;50;65;46,9
21400006612000;147;74;73;42,1
21400006613000;17;9;8;38,3
21400006614000;9;5;4;28,7
21400006623000;12;6;6;36,3
21400006624000;67;28;39;40,7
21400006625000;5;3;2;54,0
21400006655000;243;114;129;38,7
21400006704000;12;7;5;35,0
21400006715000;13;7;6;57,8
21400006722000;2;1;1;0,0
21400006733000;1;1;0;0,0
21400006734000;11;7;4;35,8
21400006746000;7;3;4;56,1
21400006882000;48;23;25;39,0
21400006883000;13;5;8;43,2
21400006923000;3;2;1;0,0
21400006931000;5;3;2;61,6
21400006932000;10;6;4;52,4
21400006933000;1;0;1;0,0
21400006934000;5;2;3;61,8
21400006935000;4;2;2;0,0
21400006958000;1;1;0;0,0
21400006971000;25;14;11;45,6
21400006979000;20;11;9;58,4
21400006983000;2;1;1;0,0
21400006991000;4;3;1;0,0
21400006992000;16;8;8;37,4
21400007004000;5;4;1;44,4
21400007005000;7;2;5;33,6
21400007006000;6;2;4;36,3
21400007007000;3;2;1;0,0
21400007008000;13;7;6;39,9
21400007011000;24;13;11;36,3
21400007012000;196;94;102;33,9
21400007013000;98;48;50;36,3
21400007014000;83;45;38;43,2
21400007015000;257;131;126;34,2
21400007016000;172;99;73;39,9
21400007017000;31;20;11;37,3
21400007018000;1;1;0;0,0
21400007046000;30;15;15;34,8
21400007047000;13;6;7;38,2
21400007048000;12;6;6;57,9
21410006494000;68;37;31;43,2
21410006495000;90;42;48;39,2
21410006497000;41;19;22;30,9
21410006498000;224;106;118;39,9
21410006499000;516;278;238;41,0
21410006500000;916;456;460;40,9
21410006501000;671;354;317;36,2
21410006502000;14;7;7;43,3
21410006503000;24;12;12;46,8
21410006504000;16;8;8;47,1
21410006505000;4;1;3;0,0
21410006506000;47;24;23;35,9
21410006507000;2;1;1;0,0
21410006508000;6;4;2;44,0
21410006509000;10;3;7;42,0
21410006510000;4;3;1;0,0
21410006518000;14;8;6;45,0
21410006519000;36;21;15;42,1
21410006520000;10;6;4;44,4
21410006521000;19;10;9;40,2
21410006526000;13;9;4;40,2
21410006533000;14;6;8;37,9
21410006545000;12;8;4;44,3
21410006546000;2;1;1;0,0
21410006564000;8;5;3;55,6
21410006580000;15;9;6;34,7
21410006581000;5;3;2;56,0
21410006590000;29;17;12;43,0
21410006591000;27;10;17;35,7
21410006604000;9;4;5;37,1
21410006608000;1;1;0;0,0
21410006609000;26;14;12;41,7
21410006610000;2;1;1;0,0
21410006611000;2;1;1;0,0
21410006613000;12;7;5;42,9
21410006614000;16;9;7;32,6
21410006615000;8;4;4;34,8
21410006623000;15;8;7;35,2
21410006624000;24;12;12;42,8
21410006625000;12;7;5;38,8
21410006630000;2;1;1;0,0
21410006648000;3;2;1;0,0
21410006655000;526;246;280;45,1
21410006704000;32;14;18;36,2
21410006705000;7;4;3;24,7
21410006706000;5;2;3;51,8
21410006710000;3;1;2;0,0
21410006715000;12;5;7;49,7
21410006734000;15;8;7;40,8
21410006735000;18;9;9;44,4
21410006740000;2;1;1;0,0
21410006741000;9;5;4;49,4
21410006746000;11;6;5;44,6
21410006763000;2;1;1;0,0
21410006766000;18;11;7;25,4
21410006804000;7;3;4;34,4
21410006857000;2;1;1;0,0
21410006881000;4;3;1;0,0
21410006882000;39;21;18;48,1
21410006883000;3;3;0;0,0
21410006930000;9;5;4;65,0
21410006931000;37;20;17;49,9
21410006968000;5;3;2;33,6
21410006970000;28;17;11;38,1
21410006971000;3;1;2;0,0
21410006979000;83;44;39;37,3
21410006992000;1;0;1;0,0
21410007001000;24;11;13;33,7
21410007004000;8;3;5;25,5
21410007005000;5;3;2;25,0
21410007006000;25;10;15;39,1
21410007007000;60;38;22;43,2
21410007008000;7;3;4;36,9
21410007009000;5;2;3;50,8
21410007012000;17;7;10;47,5
21410007013000;50;29;21;35,6
21410007014000;224;104;120;48,7
21410007015000;153;84;69;35,3
21410007016000;79;44;35;32,4
21410007045000;10;6;4;44,1
21410007046000;11;7;4;65,9
21410007047000;7;5;2;65,0
21410007048000;4;2;2;0,0
21410007049000;6;3;3;70,5
21410007050000;5;2;3;72,8
21410007052000;1;0;1;0,0
21410007056000;1;1;0;0,0
21420006494000;1;1;0;0,0
21420006495000;122;62;60;37,9
21420006496000;13;6;7;35,7
21420006497000;16;7;9;42,5
21420006498000;504;240;264;36,8
21420006499000;346;177;169;34,4
21420006500000;853;435;418;38,8
21420006501000;378;174;204;42,6
21420006502000;7;4;3;22,7
21420006504000;39;22;17;43,3
21420006505000;14;6;8;46,6
21420006506000;19;9;10;41,3
21420006509000;25;15;10;37,6
21420006510000;33;16;17;48,6
21420006511000;2;1;1;0,0
21420006514000;1;0;1;0,0
21420006519000;8;3;5;52,8
21420006520000;140;70;70;31,7
21420006521000;35;17;18;45,8
21420006524000;2;2;0;0,0
21420006527000;3;2;1;0,0
21420006532000;5;2;3;27,8
21420006533000;8;4;4;38,6
21420006534000;5;2;3;18,6
21420006565000;3;2;1;0,0
21420006573000;4;1;3;0,0
21420006580000;4;2;2;0,0
21420006589000;1;1;0;0,0
21420006591000;4;2;2;0,0
21420006601000;2;0;2;0,0
21420006603000;4;1;3;0,0
21420006604000;2;1;1;0,0
21420006613000;9;5;4;44,0
21420006614000;2;1;1;0,0
21420006623000;20;10;10;35,8
21420006624000;58;27;31;40,2
21420006631000;3;2;1;0,0
21420006647000;5;3;2;34,2
21420006649000;2;1;1;0,0
21420006654000;2;1;1;0,0
21420006655000;465;221;244;43,2
21420006703000;14;8;6;52,1
21420006704000;1;1;0;0,0
21420006705000;1;0;1;0,0
21420006713000;1;1;0;0,0
21420006715000;4;4;0;0,0
21420006716000;9;6;3;27,2
21420006735000;29;13;16;57,0
21420006740000;13;7;6;41,4
21420006747000;20;13;7;40,4
21420006766000;23;12;11;37,7
21420006773000;4;3;1;0,0
21420006804000;17;10;7;34,5
21420006822000;1;0;1;0,0
21420006857000;15;7;8;56,5
21420006881000;18;5;13;41,0
21420006882000;37;19;18;49,7
21420006927000;10;5;5;51,1
21420006928000;4;2;2;0,0
21420006968000;4;2;2;0,0
21420006969000;19;12;7;50,6
21420006970000;8;4;4;28,1
21420006979000;87;48;39;47,5
21420006990000;6;3;3;70,7
21420006991000;2;0;2;0,0
21420006992000;4;2;2;0,0
21420007000000;4;3;1;0,0
21420007005000;18;11;7;33,4
21420007007000;4;2;2;0,0
21420007023000;14;6;8;36,2
21420007045000;6;2;4;42,0
21420007046000;12;9;3;39,3
21420007047000;4;2;2;0,0
21420007049000;4;2;2;0,0
21420007051000;32;14;18;55,9
21420007052000;79;43;36;48,5
21430006495000;37;20;17;37,0
21430006496000;9;5;4;34,7
21430006497000;73;36;37;39,0
21430006498000;122;60;62;32,1
21430006499000;171;87;84;36,3
21430006500000;215;123;92;36,4
21430006501000;146;69;77;39,2
21430006502000;77;39;38;37,3
21430006503000;66;33;33;34,3
21430006504000;12;6;6;36,9
21430006505000;5;3;2;26,0
21430006507000;3;1;2;0,0
21430006509000;2;1;1;0,0
21430006510000;33;13;20;48,5
21430006511000;11;5;6;60,0
21430006514000;131;73;58;34,4
21430006515000;120;60;60;34,6
21430006516000;21;10;11;48,2
21430006517000;14;8;6;50,0
21430006518000;9;3;6;45,2
21430006519000;2;1;1;0,0
21430006523000;1;1;0;0,0
21430006524000;11;6;5;40,6
21430006526000;11;6;5;19,8
21430006528000;4;2;2;0,0
21430006530000;5;2;3;24,6
21430006532000;33;14;19;35,7
21430006533000;20;6;14;28,3
21430006564000;9;5;4;63,0
21430006573000;5;3;2;17,0
21430006580000;2;1;1;0,0
21430006589000;5;3;2;36,6
21430006590000;6;2;4;27,0
21430006601000;1;1;0;0,0
21430006602000;10;4;6;45,2
21430006604000;12;6;6;40,7
21430006605000;12;7;5;26,3
21430006608000;7;3;4;53,3
21430006609000;6;3;3;20,7
21430006624000;28;12;16;37,1
21430006625000;7;3;4;49,6
21430006626000;1;1;0;0,0
21430006629000;4;2;2;0,0
21430006630000;2;1;1;0,0
21430006631000;5;2;3;31,6
21430006647000;3;1;2;0,0
21430006654000;1;0;1;0,0
21430006655000;968;462;506;39,5
21430006690000;1;0;1;0,0
21430006701000;10;7;3;35,3
21430006702000;45;28;17;37,1
21430006703000;15;9;6;30,7
21430006716000;2;1;1;0,0
21430006723000;2;1;1;0,0
21430006735000;7;3;4;56,1
21430006736000;24;12;12;33,6
21430006740000;18;10;8;36,1
21430006747000;29;17;12;40,3
21430006748000;11;5;6;36,9
21430006766000;16;10;6;33,3
21430006772000;6;3;3;38,0
21430006773000;13;7;6;36,4
21430006802000;5;3;2;17,4
21430006803000;37;19;18;39,6
21430006804000;14;6;8;48,3
21430006857000;1;1;0;0,0
21430006861000;5;1;4;33,0
21430006881000;30;19;11;34,1
21430006882000;22;9;13;45,3
21430006927000;7;3;4;48,0
21430006979000;42;19;23;36,7
21430006980000;5;2;3;45,2
21430006989000;1;1;0;0,0
21430006991000;13;8;5;32,1
21430006992000;11;7;4;37,7
21430007001000;5;3;2;56,2
21430007005000;12;5;7;55,7
21430007007000;22;11;11;36,0
21430007023000;11;6;5;55,9
21430007024000;2;1;1;0,0
21430007046000;2;2;0;0,0
21430007052000;58;31;27;45,3
21430007053000;56;26;30;41,9
21440006497000;2;1;1;0,0
21440006498000;193;98;95;38,2
21440006499000;140;81;59;34,9
21440006500000;67;35;32;43,2
21440006501000;9;4;5;47,1
21440006502000;78;35;43;34,4
21440006503000;129;63;66;38,8
21440006507000;10;4;6;27,8
21440006508000;22;9;13;31,8
21440006509000;17;11;6;37,3
21440006510000;53;26;27;30,2
21440006511000;67;36;31;43,1
21440006512000;58;28;30;41,3
21440006513000;106;57;49;42,1
21440006514000;92;51;41;37,2
21440006515000;19;10;9;38,1
21440006516000;19;8;11;37,1
21440006517000;5;3;2;67,2
21440006518000;4;4;0;0,0
21440006519000;7;2;5;45,4
21440006524000;3;2;1;0,0
21440006525000;15;10;5;37,7
21440006526000;40;19;21;33,0
21440006527000;100;49;51;37,0
21440006528000;147;79;68;33,0
21440006529000;15;7;8;32,9
21440006530000;4;2;2;0,0
21440006531000;18;10;8;35,8
21440006533000;26;13;13;36,6
21440006534000;10;6;4;30,2
21440006563000;4;2;2;0,0
21440006564000;7;4;3;42,6
21440006573000;2;1;1;0,0
21440006580000;30;16;14;49,5
21440006581000;23;14;9;35,0
21440006590000;11;6;5;44,9
21440006603000;1;1;0;0,0
21440006604000;6;3;3;62,8
21440006605000;9;2;7;33,1
21440006607000;12;5;7;29,9
21440006623000;6;2;4;34,2
21440006624000;55;26;29;47,3
21440006625000;22;12;10;45,2
21440006626000;2;1;1;0,0
21440006654000;76;38;38;37,3
21440006655000;384;169;215;48,8
21440006677000;1;0;1;0,0
21440006699000;1;0;1;0,0
21440006701000;34;16;18;42,2
21440006714000;4;2;2;0,0
21440006723000;2;1;1;0,0
21440006736000;16;8;8;42,9
21440006737000;4;3;1;0,0
21440006739000;10;6;4;48,0
21440006740000;7;5;2;23,9
21440006746000;25;13;12;28,7
21440006747000;120;57;63;35,8
21440006748000;7;3;4;20,1
21440006766000;21;10;11;33,9
21440006770000;2;1;1;0,0
21440006771000;2;0;2;0,0
21440006772000;17;9;8;43,2
21440006799000;10;5;5;41,6
21440006800000;13;5;8;37,1
21440006801000;6;3;3;28,5
21440006802000;13;6;7;53,9
21440006803000;29;16;13;36,0
21440006861000;2;1;1;0,0
21440006880000;10;4;6;38,3
21440006881000;33;17;16;52,4
21440006919000;10;5;5;40,9
21440006924000;2;1;1;0,0
21440006976000;1;1;0;0,0
21440006977000;2;1;1;0,0
21440006979000;144;71;73;45,5
21440006984000;1;1;0;0,0
21440006993000;7;2;5;51,6
21440007001000;16;9;7;50,4
21440007005000;1;1;0;0,0
21440007006000;69;33;36;31,3
21440007007000;6;2;4;22,3
21440007008000;4;3;1;0,0
21440007009000;20;8;12;37,3
21440007022000;16;9;7;48,9
21440007023000;13;5;8;47,2
21440007024000;43;24;19;37,3
21440007044000;10;4;6;34,9
21440007046000;1;1;0;0,0
21440007052000;51;27;24;38,6
21440007053000;21;13;8;37,9
21450006498000;16;7;9;52,5
21450006499000;27;13;14;34,7
21450006500000;96;49;47;38,2
21450006501000;17;9;8;41,8
21450006502000;23;13;10;40,9
21450006503000;124;64;60;41,2
21450006504000;4;2;2;0,0
21450006505000;21;12;9;49,7
21450006506000;17;7;10;37,8
21450006507000;65;35;30;41,4
21450006508000;12;5;7;47,3
21450006514000;36;17;19;44,1
21450006515000;22;12;10;36,4
21450006519000;1;1;0;0,0
21450006524000;10;6;4;35,4
21450006525000;9;6;3;42,3
21450006527000;4;2;2;0,0
21450006528000;232;104;128;50,2
21450006529000;52;24;28;36,5
21450006530000;29;14;15;39,6
21450006531000;7;2;5;24,3
21450006532000;7;4;3;26,7
21450006533000;14;7;7;32,9
21450006534000;23;12;11;46,5
21450006535000;2;1;1;0,0
21450006563000;2;1;1;0,0
21450006564000;12;7;5;40,3
21450006572000;12;7;5;31,1
21450006573000;8;4;4;62,5
21450006574000;10;6;4;53,2
21450006579000;6;5;1;56,5
21450006580000;2;1;1;0,0
21450006581000;22;12;10;32,2
21450006582000;7;5;2;56,9
21450006583000;11;8;3;50,7
21450006584000;7;4;3;30,9
21450006585000;9;7;2;38,1
21450006591000;1;1;0;0,0
21450006592000;1;1;0;0,0
21450006604000;7;4;3;69,6
21450006605000;2;1;1;0,0
21450006607000;13;7;6;48,8
21450006624000;45;22;23;43,4
21450006636000;2;1;1;0,0
21450006654000;1;0;1;0,0
21450006655000;157;78;79;47,8
21450006669000;1;1;0;0,0
21450006696000;5;2;3;46,2
21450006697000;4;3;1;0,0
21450006699000;9;6;3;40,1
21450006700000;5;4;1;50,4
21450006723000;4;3;1;0,0
21450006737000;234;103;131;35,1
21450006738000;178;86;92;32,8
21450006739000;2;1;1;0,0
21450006745000;7;3;4;44,1
21450006746000;26;13;13;47,8
21450006747000;41;19;22;39,3
21450006766000;31;16;15;33,4
21450006767000;24;12;12;35,5
21450006768000;1;0;1;0,0
21450006799000;31;17;14;38,2
21450006800000;14;6;8;38,9
21450006802000;2;1;1;0,0
21450006858000;2;1;1;0,0
21450006859000;1;1;0;0,0
21450006861000;8;4;4;51,8
21450006862000;6;4;2;33,5
21450006878000;3;1;2;0,0
21450006879000;33;13;20;36,2
21450006880000;47;21;26;42,8
21450006881000;24;10;14;38,2
21450006919000;8;2;6;51,1
21450006923000;2;1;1;0,0
21450006924000;3;1;2;0,0
21450006975000;12;5;7;27,5
21450006978000;12;4;8;47,6
21450006979000;305;154;151;36,7
21450006980000;20;12;8;42,2
21450006982000;3;1;2;0,0
21450006992000;10;6;4;48,1
21450006994000;6;3;3;71,3
21450006995000;3;1;2;0,0
21450007001000;7;3;4;48,6
21450007005000;2;0;2;0,0
21450007006000;34;9;25;56,5
21450007007000;5;3;2;61,6
21450007009000;25;14;11;36,5
21450007010000;3;2;1;0,0
21450007012000;33;16;17;37,0
21450007013000;14;8;6;41,6
21450007015000;3;1;2;0,0
21450007021000;7;3;4;48,7
21450007022000;142;84;58;40,3
21450007023000;30;16;14;45,1
21450007024000;2;1;1;0,0
21450007025000;7;3;4;36,7
21450007044000;3;3;0;0,0
21450007045000;22;12;10;35,7
21450007053000;48;24;24;43,0
21460006500000;13;7;6;41,2
21460006501000;37;18;19;40,9
21460006502000;63;31;32;43,3
21460006503000;56;27;29;41,1
21460006504000;33;17;16;43,7
21460006505000;21;11;10;34,7
21460006506000;2;1;1;0,0
21460006508000;2;1;1;0,0
21460006513000;25;14;11;32,0
21460006514000;249;121;128;35,9
21460006515000;43;25;18;35,7
21460006516000;47;24;23;38,4
21460006517000;3;3;0;0,0
21460006523000;4;2;2;0,0
21460006528000;177;93;84;32,6
21460006531000;1;1;0;0,0
21460006535000;9;6;3;71,0
21460006536000;9;3;6;60,0
21460006537000;5;1;4;42,4
21460006565000;5;2;3;25,2
21460006566000;2;1;1;0,0
21460006572000;16;7;9;36,7
21460006573000;84;43;41;45,4
21460006574000;52;25;27;47,0
21460006575000;13;7;6;28,1
21460006577000;12;3;9;57,0
21460006578000;6;4;2;63,2
21460006579000;5;3;2;37,2
21460006581000;6;3;3;54,7
21460006583000;4;1;3;0,0
21460006594000;5;3;2;47,8
21460006607000;6;4;2;37,8
21460006624000;19;9;10;38,8
21460006644000;8;5;3;41,4
21460006655000;239;125;114;43,0
21460006668000;3;2;1;0,0
21460006669000;20;13;7;39,1
21460006670000;1;0;1;0,0
21460006697000;15;7;8;49,1
21460006698000;17;8;9;29,8
21460006737000;299;146;153;38,2
21460006738000;280;127;153;41,9
21460006739000;67;35;32;38,1
21460006743000;24;15;9;32,0
21460006744000;28;14;14;36,5
21460006745000;43;20;23;30,4
21460006746000;9;4;5;46,0
21460006763000;1;0;1;0,0
21460006764000;1;1;0;0,0
21460006766000;170;80;90;35,7
21460006767000;59;34;25;37,4
21460006799000;8;5;3;36,5
21460006859000;5;3;2;34,8
21460006860000;27;14;13;48,7
21460006861000;6;2;4;53,3
21460006878000;73;41;32;39,9
21460006879000;476;247;229;44,0
21460006880000;25;6;19;37,8
21460006919000;15;8;7;48,1
21460006922000;12;6;6;33,8
21460006964000;19;9;10;35,9
21460006975000;16;9;7;49,7
21460006978000;21;7;14;39,8
21460006979000;246;114;132;47,2
21460006980000;84;39;45;43,9
21460006992000;11;6;5;54,6
21460006993000;4;1;3;0,0
21460006995000;17;11;6;42,0
21460006999000;8;5;3;67,4
21460007000000;1;0;1;0,0
21460007004000;6;3;3;57,2
21460007005000;12;5;7;49,0
21460007006000;30;15;15;38,7
21460007007000;18;8;10;48,5
21460007008000;10;4;6;49,8
21460007009000;8;4;4;47,3
21460007011000;16;9;7;46,8
21460007012000;104;48;56;41,7
21460007013000;5;3;2;48,6
21460007014000;12;4;8;50,9
21460007015000;4;2;2;0,0
21460007021000;11;7;4;52,7
21460007022000;23;11;12;48,0
21460007027000;5;2;3;44,8
21460007053000;3;1;2;0,0
21470006501000;5;3;2;58,8
21470006502000;15;9;6;46,3
21470006503000;44;23;21;47,4
21470006505000;58;28;30;47,3
21470006506000;26;14;12;40,3
21470006507000;3;2;1;0,0
21470006508000;25;13;12;34,2
21470006509000;38;21;17;42,4
21470006510000;13;6;7;47,4
21470006511000;11;6;5;38,9
21470006512000;114;51;63;34,6
21470006513000;684;333;351;38,6
21470006514000;899;400;499;47,9
21470006515000;6;4;2;39,0
21470006516000;28;18;10;48,9
21470006517000;15;7;8;36,8
21470006518000;11;6;5;42,2
21470006528000;20;8;12;33,1
21470006530000;3;1;2;0,0
21470006534000;11;5;6;45,3
21470006537000;14;6;8;39,4
21470006565000;1;1;0;0,0
21470006566000;8;5;3;50,8
21470006567000;2;1;1;0,0
21470006570000;1;1;0;0,0
21470006572000;4;1;3;0,0
21470006573000;11;7;4;42,1
21470006575000;2;1;1;0,0
21470006593000;2;1;1;0,0
21470006594000;1;1;0;0,0
21470006603000;5;3;2;32,8
21470006605000;2;1;1;0,0
21470006622000;2;1;1;0,0
21470006624000;7;4;3;61,6
21470006640000;5;4;1;24,2
21470006642000;1;1;0;0,0
21470006645000;3;2;1;0,0
21470006655000;104;50;54;34,1
21470006656000;48;27;21;41,8
21470006668000;26;13;13;48,8
21470006683000;8;4;4;48,4
21470006697000;22;11;11;38,3
21470006737000;17;10;7;32,5
21470006738000;424;216;208;43,6
21470006739000;72;36;36;39,3
21470006740000;7;3;4;46,1
21470006742000;11;7;4;38,4
21470006743000;52;25;27;40,1
21470006744000;19;9;10;43,6
21470006745000;6;2;4;33,2
21470006765000;9;3;6;54,0
21470006766000;36;21;15;47,5
21470006767000;11;6;5;37,6
21470006798000;10;5;5;32,6
21470006860000;57;32;25;39,1
21470006861000;3;2;1;0,0
21470006877000;30;11;19;31,1
21470006878000;40;22;18;46,8
21470006879000;13;9;4;32,8
21470006919000;2;1;1;0,0
21470006921000;14;4;10;32,6
21470006922000;34;19;15;36,8
21470006961000;1;0;1;0,0
21470006963000;42;23;19;41,0
21470006964000;9;4;5;50,8
21470006965000;12;7;5;42,8
21470006966000;29;18;11;46,1
21470006967000;21;13;8;53,0
21470006968000;32;15;17;43,2
21470006969000;28;9;19;41,3
21470006974000;3;1;2;0,0
21470006975000;37;24;13;38,6
21470006979000;143;71;72;40,7
21470006980000;104;53;51;38,1
21470006981000;8;4;4;46,8
21470006992000;10;7;3;43,7
21470006993000;8;4;4;22,4
21470006999000;4;3;1;0,0
21470007000000;7;4;3;61,7
21470007003000;6;2;4;38,3
21470007004000;28;13;15;32,3
21470007005000;7;4;3;32,1
21470007007000;2;1;1;0,0
21470007008000;11;7;4;52,9
21470007010000;28;14;14;39,3
21470007011000;11;5;6;62,1
21470007012000;3;2;1;0,0
21470007015000;27;14;13;50,6
21470007020000;5;2;3;44,4
21470007021000;19;13;6;42,5
21470007026000;17;11;6;52,5
21470007027000;11;7;4;21,0
21470007052000;6;2;4;30,7
21470007053000;3;0;3;0,0
21480006504000;16;7;9;50,7
21480006505000;24;12;12;54,0
21480006506000;63;24;39;58,4
21480006507000;76;43;33;36,9
21480006508000;4;2;2;0,0
21480006510000;19;8;11;32,8
21480006511000;40;17;23;36,1
21480006512000;24;14;10;46,2
21480006513000;33;15;18;43,9
21480006514000;313;147;166;36,5
21480006516000;12;5;7;35,1
21480006517000;41;19;22;34,4
21480006518000;5;2;3;45,4
21480006524000;4;1;3;0,0
21480006526000;22;10;12;41,4
21480006528000;3;2;1;0,0
21480006529000;25;15;10;28,6
21480006531000;6;3;3;23,5
21480006532000;3;2;1;0,0
21480006540000;5;2;3;31,0
21480006541000;2;0;2;0,0
21480006569000;3;1;2;0,0
21480006570000;10;7;3;54,9
21480006571000;3;1;2;0,0
21480006592000;2;2;0;0,0
21480006593000;5;3;2;56,4
21480006603000;2;2;0;0,0
21480006623000;1;1;0;0,0
21480006637000;1;0;1;0,0
21480006640000;5;2;3;64,8
21480006642000;3;2;1;0,0
21480006653000;1;1;0;0,0
21480006656000;19;14;5;37,0
21480006657000;45;22;23;37,7
21480006658000;1;0;1;0,0
21480006666000;1;1;0;0,0
21480006667000;21;9;12;45,9
21480006668000;7;3;4;44,9
21480006676000;3;2;1;0,0
21480006682000;12;6;6;62,6
21480006683000;2;1;1;0,0
21480006697000;14;6;8;50,0
21480006737000;19;11;8;45,0
21480006738000;399;176;223;47,0
21480006739000;423;199;224;44,4
21480006740000;3;1;2;0,0
21480006741000;9;6;3;44,2
21480006742000;33;15;18;40,4
21480006743000;3;3;0;0,0
21480006746000;2;1;1;0,0
21480006764000;11;7;4;33,1
21480006765000;17;10;7;58,1
21480006766000;19;11;8;42,2
21480006797000;1;1;0;0,0
21480006860000;23;11;12;44,5
21480006861000;23;10;13;44,1
21480006877000;18;9;9;40,1
21480006878000;81;46;35;39,9
21480006879000;19;8;11;51,7
21480006919000;6;3;3;44,8
21480006920000;7;5;2;49,7
21480006921000;24;13;11;39,2
21480006922000;13;7;6;34,6
21480006945000;14;9;5;46,1
21480006965000;19;12;7;43,9
21480006966000;17;9;8;55,2
21480006967000;69;35;34;44,3
21480006968000;36;20;16;36,4
21480006969000;30;16;14;37,0
21480006975000;8;5;3;34,0
21480006980000;49;30;19;40,9
21480006981000;18;11;7;31,6
21480006992000;41;20;21;40,7
21480006993000;50;24;26;37,6
21480006996000;2;1;1;0,0
21480006997000;95;56;39;41,9
21480006998000;4;3;1;0,0
21480007001000;2;1;1;0,0
21480007008000;40;18;22;37,9
21480007009000;42;21;21;38,6
21480007010000;12;7;5;51,0
21480007011000;34;23;11;37,2
21480007015000;11;5;6;33,8
21480007016000;2;0;2;0,0
21480007020000;3;2;1;0,0
21480007026000;67;29;38;34,2
21480007027000;1;1;0;0,0
21480007053000;4;3;1;0,0
21490006504000;60;29;31;38,9
21490006505000;163;77;86;42,0
21490006506000;348;164;184;42,0
21490006507000;37;22;15;37,4
21490006508000;22;13;9;48,7
21490006511000;75;36;39;46,5
21490006512000;41;19;22;46,7
21490006513000;13;5;8;43,6
21490006514000;71;35;36;40,7
21490006516000;3;1;2;0,0
21490006517000;48;24;24;36,5
21490006524000;1;0;1;0,0
21490006525000;10;5;5;23,5
21490006526000;1;0;1;0,0
21490006527000;2;1;1;0,0
21490006528000;11;5;6;33,8
21490006530000;2;1;1;0,0
21490006535000;1;0;1;0,0
21490006540000;17;8;9;47,6
21490006541000;3;1;2;0,0
21490006567000;30;14;16;34,3
21490006568000;21;9;12;60,0
21490006569000;20;12;8;33,0
21490006605000;7;3;4;32,6
21490006624000;9;4;5;58,1
21490006625000;1;1;0;0,0
21490006640000;17;8;9;41,8
21490006645000;3;2;1;0,0
21490006654000;39;16;23;32,4
21490006657000;8;5;3;43,4
21490006658000;19;10;9;48,3
21490006659000;4;3;1;0,0
21490006665000;1;1;0;0,0
21490006666000;27;14;13;26,7
21490006667000;22;8;14;39,3
21490006681000;18;11;7;36,7
21490006682000;25;10;15;48,6
21490006697000;5;3;2;26,4
21490006737000;4;2;2;0,0
21490006738000;4;3;1;0,0
21490006739000;76;32;44;48,8
21490006740000;10;5;5;55,5
21490006741000;65;33;32;35,8
21490006742000;4;2;2;0,0
21490006764000;28;16;12;33,3
21490006765000;259;129;130;33,4
21490006860000;5;4;1;24,6
21490006861000;27;18;9;39,2
21490006878000;85;44;41;42,1
21490006879000;36;19;17;44,4
21490006944000;16;8;8;48,3
21490006945000;15;8;7;34,0
21490006946000;1;1;0;0,0
21490006953000;3;1;2;0,0
21490006954000;3;2;1;0,0
21490006956000;8;4;4;44,1
21490006980000;30;14;16;40,2
21490006981000;39;22;17;45,9
21490006984000;43;24;19;40,8
21490006985000;76;43;33;41,7
21490006988000;13;8;5;31,7
21490006989000;3;3;0;0,0
21490006990000;1;0;1;0,0
21490006991000;1;1;0;0,0
21490006992000;36;18;18;38,5
21490006993000;77;43;34;38,3
21490006995000;8;6;2;45,4
21490006996000;12;7;5;46,7
21490006997000;23;11;12;39,0
21490007008000;2;1;1;0,0
21490007009000;15;6;9;33,1
21490007015000;2;1;1;0,0
21490007020000;15;9;6;34,0
21490007021000;1;0;1;0,0
21490007024000;3;2;1;0,0
21490007026000;31;15;16;37,3
21490007027000;97;51;46;37,8
21490007041000;2;2;0;0,0
21490007043000;4;0;4;0,0
21490007054000;13;8;5;35,4
21490007061000;2;1;1;0,0
21490007062000;130;61;69;47,6
21500006505000;32;14;18;49,0
21500006506000;125;63;62;41,9
21500006507000;47;23;24;38,8
21500006508000;14;10;4;38,2
21500006510000;5;3;2;24,8
21500006511000;16;8;8;51,4
21500006512000;1;1;0;0,0
21500006515000;4;3;1;0,0
21500006517000;9;5;4;44,6
21500006518000;7;4;3;49,4
21500006519000;5;3;2;72,0
21500006524000;1;1;0;0,0
21500006527000;14;6;8;48,1
21500006528000;24;12;12;43,0
21500006532000;7;5;2;48,1
21500006533000;3;2;1;0,0
21500006534000;22;9;13;37,6
21500006542000;7;3;4;41,4
21500006567000;15;6;9;46,1
21500006568000;79;43;36;35,2
21500006569000;3;2;1;0,0
21500006605000;15;8;7;44,8
21500006624000;1;1;0;0,0
21500006625000;7;2;5;62,7
21500006639000;1;1;0;0,0
21500006640000;4;2;2;0,0
21500006643000;1;1;0;0,0
21500006644000;1;0;1;0,0
21500006654000;1;0;1;0,0
21500006659000;134;63;71;45,2
21500006660000;19;11;8;46,3
21500006665000;1;0;1;0,0
21500006666000;138;71;67;46,5
21500006667000;22;11;11;38,4
21500006673000;1;0;1;0,0
21500006674000;1;1;0;0,0
21500006675000;12;6;6;42,9
21500006676000;3;1;2;0,0
21500006680000;2;1;1;0,0
21500006681000;3;2;1;0,0
21500006682000;13;7;6;46,2
21500006697000;6;2;4;41,8
21500006740000;97;57;40;38,6
21500006741000;70;39;31;38,3
21500006763000;13;8;5;38,9
21500006764000;319;145;174;40,2
21500006765000;149;80;69;40,3
21500006861000;2;1;1;0,0
21500006862000;4;3;1;0,0
21500006878000;48;24;24;43,5
21500006879000;119;53;66;39,1
21500006918000;11;7;4;51,0
21500006919000;1;0;1;0,0
21500006978000;1;0;1;0,0
21500006980000;5;2;3;48,8
21500006981000;59;35;24;38,4
21500006983000;8;4;4;50,1
21500006984000;11;6;5;50,3
21500006985000;136;66;70;41,0
21500006986000;27;13;14;38,4
21500006991000;1;1;0;0,0
21500006994000;6;4;2;43,7
21500006995000;1;0;1;0,0
21500006996000;5;2;3;61,6
21500007009000;10;5;5;48,1
21500007026000;11;8;3;36,9
21500007027000;82;37;45;48,2
21500007028000;1;1;0;0,0
21500007039000;2;1;1;0,0
21500007043000;11;3;8;28,1
21500007061000;99;47;52;44,0
21500007062000;89;42;47;47,3
21510006507000;39;18;21;44,0
21510006508000;55;26;29;48,2
21510006509000;64;28;36;33,8
21510006510000;21;10;11;53,6
21510006511000;22;9;13;53,4
21510006512000;18;8;10;43,4
21510006518000;13;8;5;44,9
21510006519000;124;56;68;36,5
21510006522000;5;4;1;34,6
21510006523000;1;0;1;0,0
21510006524000;7;4;3;24,1
21510006528000;2;1;1;0,0
21510006529000;4;1;3;0,0
21510006530000;2;1;1;0,0
21510006536000;2;1;1;0,0
21510006542000;31;16;15;36,1
21510006543000;40;24;16;43,7
21510006546000;2;1;1;0,0
21510006547000;10;6;4;34,0
21510006567000;18;7;11;39,0
21510006568000;4;2;2;0,0
21510006569000;10;4;6;44,5
21510006604000;10;4;6;60,8
21510006605000;14;6;8;43,6
21510006625000;23;11;12;35,7
21510006627000;1;1;0;0,0
21510006637000;1;1;0;0,0
21510006639000;3;1;2;0,0
21510006640000;58;33;25;48,3
21510006643000;6;3;3;56,2
21510006659000;223;108;115;44,2
21510006660000;12;3;9;46,6
21510006665000;8;3;5;64,4
21510006666000;37;19;18;39,5
21510006667000;28;12;16;36,0
21510006668000;36;19;17;40,9
21510006669000;24;14;10;41,3
21510006670000;11;6;5;35,0
21510006671000;10;4;6;38,7
21510006672000;21;11;10;40,7
21510006673000;10;5;5;43,4
21510006674000;10;7;3;45,4
21510006681000;6;2;4;59,3
21510006697000;9;6;3;39,0
21510006739000;10;5;5;40,8
21510006740000;7;3;4;34,3
21510006741000;68;35;33;35,3
21510006742000;21;11;10;37,2
21510006762000;29;14;15;35,9
21510006763000;9;4;5;43,9
21510006764000;53;29;24;38,4
21510006794000;8;4;4;50,0
21510006795000;8;4;4;38,9
21510006860000;2;1;1;0,0
21510006863000;12;6;6;56,8
21510006864000;15;8;7;49,6
21510006878000;36;18;18;44,3
21510006879000;47;23;24;42,0
21510006880000;5;5;0;53,6
21510006918000;17;6;11;49,2
21510006981000;71;40;31;27,8
21510006998000;1;0;1;0,0
21510006999000;30;16;14;33,6
21510007007000;22;13;9;27,4
21510007009000;4;1;3;0,0
21510007010000;11;5;6;41,5
21510007016000;9;4;5;46,8
21510007020000;13;8;5;38,6
21510007021000;2;1;1;0,0
21510007028000;11;6;5;41,8
21510007039000;27;13;14;44,5
21510007041000;4;2;2;0,0
21510007043000;7;4;3;27,4
21510007054000;1;1;0;0,0
21510007056000;44;23;21;39,0
21520006507000;6;3;3;65,2
21520006508000;28;15;13;50,8
21520006509000;17;9;8;46,0
21520006511000;1;1;0;0,0
21520006512000;10;6;4;39,7
21520006513000;9;5;4;53,7
21520006519000;15;7;8;49,2
21520006520000;141;73;68;42,2
21520006521000;55;28;27;34,3
21520006526000;19;11;8;33,8
21520006530000;3;1;2;0,0
21520006536000;1;1;0;0,0
21520006543000;48;26;22;42,5
21520006544000;49;25;24;40,3
21520006545000;13;5;8;32,8
21520006546000;8;6;2;30,8
21520006567000;12;7;5;39,1
21520006568000;1;1;0;0,0
21520006569000;2;1;1;0,0
21520006573000;1;1;0;0,0
21520006603000;13;8;5;41,7
21520006604000;60;34;26;42,4
21520006605000;48;25;23;40,8
21520006606000;4;2;2;0,0
21520006625000;12;7;5;52,3
21520006627000;2;1;1;0,0
21520006636000;5;3;2;53,0
21520006638000;4;2;2;0,0
21520006639000;31;15;16;51,4
21520006641000;1;1;0;0,0
21520006642000;2;1;1;0,0
21520006659000;24;11;13;57,5
21520006665000;28;14;14;28,0
21520006666000;39;22;17;36,2
21520006667000;15;9;6;33,1
21520006672000;6;2;4;29,0
21520006679000;6;3;3;36,2
21520006680000;8;4;4;35,6
21520006697000;5;3;2;71,8
21520006722000;2;1;1;0,0
21520006740000;10;7;3;35,4
21520006741000;57;29;28;47,7
21520006742000;12;6;6;37,0
21520006761000;46;25;21;43,9
21520006763000;21;11;10;35,6
21520006764000;16;7;9;45,6
21520006793000;22;11;11;46,8
21520006794000;86;37;49;37,5
21520006797000;5;3;2;59,4
21520006865000;14;5;9;42,8
21520006877000;10;5;5;52,5
21520006878000;77;36;41;41,0
21520006879000;50;28;22;34,6
21520006918000;12;6;6;54,3
21520006968000;1;1;0;0,0
21520006981000;51;23;28;43,9
21520006982000;3;0;3;0,0
21520006987000;1;0;1;0,0
21520006989000;2;1;1;0,0
21520006990000;8;4;4;26,5
21520006991000;11;5;6;29,5
21520006995000;2;1;1;0,0
21520006997000;25;12;13;37,0
21520006998000;25;13;12;56,6
21520006999000;22;11;11;46,9
21520007007000;6;3;3;40,3
21520007008000;11;8;3;40,2
21520007009000;11;5;6;41,3
21520007010000;22;12;10;53,0
21520007014000;23;13;10;34,6
21520007015000;8;3;5;44,9
21520007020000;6;4;2;43,7
21520007028000;9;4;5;22,1
21520007040000;25;14;11;42,4
21520007041000;16;10;6;47,8
21520007042000;1;1;0;0,0
21520007049000;1;1;0;0,0
21520007050000;9;5;4;29,7
21520007051000;12;6;6;30,8
21520007052000;6;3;3;44,0
21520007055000;22;10;12;33,5
21520007056000;128;65;63;41,7
21530006508000;15;7;8;35,2
21530006509000;52;26;26;37,2
21530006512000;1;1;0;0,0
21530006513000;58;28;30;44,4
21530006516000;2;1;1;0,0
21530006519000;52;25;27;26,8
21530006520000;71;35;36;34,6
21530006521000;65;38;27;37,9
21530006522000;31;16;15;41,0
21530006523000;14;7;7;56,9
21530006525000;3;2;1;0,0
21530006528000;3;1;2;0,0
21530006531000;2;1;1;0,0
21530006534000;17;7;10;40,1
21530006536000;1;1;0;0,0
21530006542000;1;0;1;0,0
21530006543000;58;30;28;35,3
21530006544000;23;11;12;38,1
21530006567000;7;6;1;36,0
21530006581000;4;3;1;0,0
21530006590000;6;3;3;58,2
21530006601000;6;2;4;44,2
21530006602000;17;9;8;28,2
21530006605000;5;3;2;49,0
21530006624000;2;1;1;0,0
21530006625000;23;11;12;45,8
21530006635000;4;3;1;0,0
21530006637000;1;0;1;0,0
21530006638000;16;9;7;45,9
21530006639000;19;10;9;52,4
21530006659000;105;53;52;38,5
21530006660000;1;1;0;0,0
21530006664000;9;2;7;43,3
21530006666000;2;2;0;0,0
21530006674000;2;1;1;0,0
21530006675000;19;7;12;52,9
21530006676000;2;1;1;0,0
21530006678000;8;5;3;33,6
21530006697000;10;6;4;64,0
21530006698000;9;5;4;42,2
21530006718000;17;8;9;36,5
21530006739000;4;2;2;0,0
21530006740000;35;18;17;41,2
21530006741000;5;4;1;58,2
21530006742000;8;2;6;37,9
21530006759000;1;0;1;0,0
21530006760000;7;5;2;31,4
21530006761000;115;60;55;36,8
21530006762000;85;46;39;39,3
21530006763000;36;19;17;39,5
21530006785000;4;2;2;0,0
21530006793000;149;84;65;35,5
21530006796000;17;9;8;49,4
21530006797000;4;2;2;0,0
21530006865000;6;3;3;39,8
21530006877000;45;21;24;47,8
21530006878000;37;15;22;40,2
21530006879000;5;3;2;71,0
21530006918000;9;6;3;26,2
21530006919000;3;2;1;0,0
21530006941000;6;4;2;35,0
21530006980000;5;2;3;26,8
21530006981000;12;5;7;50,3
21530006992000;9;5;4;49,3
21530006994000;3;2;1;0,0
21530006995000;11;6;5;26,5
21530006996000;2;1;1;0,0
21530006997000;4;1;3;0,0
21530007006000;1;1;0;0,0
21530007007000;9;6;3;38,6
21530007011000;2;1;1;0,0
21530007012000;9;5;4;52,6
21530007013000;8;5;3;48,5
21530007014000;2;1;1;0,0
21530007021000;2;1;1;0,0
21530007030000;1;1;0;0,0
21530007037000;2;1;1;0,0
21530007038000;4;3;1;0,0
21530007041000;93;39;54;60,2
21530007049000;4;2;2;0,0
21530007051000;17;9;8;46,5
21530007052000;6;3;3;61,0
21530007055000;17;8;9;42,2
21540006509000;7;3;4;44,0
21540006510000;10;5;5;30,5
21540006512000;22;11;11;34,0
21540006513000;124;63;61;35,8
21540006514000;23;12;11;48,3
21540006515000;13;7;6;37,4
21540006516000;9;3;6;19,0
21540006519000;14;8;6;54,9
21540006521000;10;5;5;26,2
21540006522000;13;7;6;41,4
21540006523000;2;1;1;0,0
21540006524000;2;1;1;0,0
21540006525000;38;21;17;37,5
21540006526000;6;3;3;36,3
21540006527000;7;2;5;22,4
21540006535000;9;4;5;29,4
21540006541000;17;9;8;35,3
21540006542000;42;25;17;39,4
21540006543000;110;58;52;46,2
21540006544000;21;11;10;47,4
21540006566000;8;5;3;39,1
21540006567000;5;3;2;46,8
21540006575000;6;4;2;51,5
21540006576000;1;0;1;0,0
21540006577000;4;2;2;0,0
21540006578000;12;6;6;47,7
21540006601000;17;7;10;29,1
21540006602000;73;38;35;41,4
21540006603000;41;22;19;33,2
21540006624000;11;6;5;36,3
21540006625000;14;5;9;54,8
21540006635000;6;3;3;48,5
21540006636000;24;13;11;40,3
21540006638000;43;20;23;39,2
21540006639000;24;13;11;33,4
21540006641000;1;0;1;0,0
21540006659000;26;12;14;50,2
21540006660000;4;2;2;0,0
21540006661000;2;1;1;0,0
21540006663000;5;3;2;60,2
21540006664000;2;1;1;0,0
21540006674000;37;20;17;36,7
21540006675000;5;3;2;43,2
21540006697000;22;11;11;41,1
21540006698000;18;10;8;42,8
21540006718000;1;1;0;0,0
21540006740000;19;11;8;46,1
21540006742000;50;27;23;47,0
21540006743000;24;12;12;35,8
21540006758000;1;0;1;0,0
21540006760000;7;4;3;45,9
21540006761000;232;115;117;29,1
21540006762000;44;16;28;37,7
21540006793000;100;41;59;54,2
21540006795000;2;1;1;0,0
21540006867000;3;2;1;0,0
21540006868000;12;8;4;32,2
21540006869000;13;4;9;26,5
21540006877000;19;13;6;52,3
21540006878000;18;11;7;48,9
21540006917000;11;6;5;54,3
21540006918000;7;4;3;32,3
21540006980000;43;21;22;47,5
21540006988000;6;4;2;26,2
21540006990000;5;3;2;30,4
21540006991000;1;1;0;0,0
21540006992000;152;84;68;41,7
21540006993000;190;100;90;36,5
21540006994000;317;148;169;48,4
21540006995000;1;0;1;0,0
21540006998000;1;1;0;0,0
21540007029000;6;2;4;39,5
21540007030000;3;2;1;0,0
21540007038000;4;1;3;0,0
21540007041000;23;13;10;33,0
21540007048000;6;5;1;49,2
21540007049000;2;1;1;0,0
21540007050000;17;6;11;26,7
21540007051000;10;4;6;43,7
21540007052000;22;9;13;36,4
21540007053000;11;8;3;37,5
21540007054000;1;1;0;0,0
21540007055000;56;29;27;44,9
21550006509000;6;2;4;42,3
21550006510000;101;50;51;45,1
21550006513000;23;10;13;65,9
21550006514000;4;2;2;0,0
21550006515000;6;2;4;37,5
21550006518000;4;3;1;0,0
21550006519000;30;15;15;40,4
21550006520000;3;2;1;0,0
21550006522000;7;2;5;32,1
21550006523000;12;6;6;23,5
21550006524000;37;15;22;39,1
21550006525000;148;80;68;36,8
21550006526000;26;15;11;40,7
21550006527000;3;1;2;0,0
21550006529000;5;3;2;37,0
21550006532000;6;3;3;41,2
21550006535000;1;1;0;0,0
21550006536000;5;2;3;47,0
21550006540000;15;7;8;48,2
21550006541000;114;60;54;48,5
21550006542000;183;94;89;44,2
21550006543000;43;21;22;37,4
21550006544000;13;9;4;42,5
21550006558000;4;1;3;0,0
21550006566000;6;3;3;39,3
21550006570000;5;4;1;76,4
21550006571000;2;1;1;0,0
21550006579000;5;3;2;55,6
21550006590000;2;1;1;0,0
21550006591000;1;1;0;0,0
21550006597000;1;1;0;0,0
21550006598000;1;0;1;0,0
21550006601000;28;15;13;33,1
21550006602000;16;8;8;38,3
21550006625000;2;1;1;0,0
21550006631000;2;1;1;0,0
21550006632000;15;6;9;42,9
21550006633000;2;1;1;0,0
21550006660000;8;3;5;52,5
21550006661000;1;1;0;0,0
21550006662000;13;6;7;41,0
21550006663000;4;2;2;0,0
21550006666000;130;50;80;59,1
21550006667000;116;60;56;46,5
21550006670000;4;2;2;0,0
21550006671000;18;8;10;27,4
21550006672000;25;11;14;29,0
21550006673000;14;6;8;38,9
21550006674000;24;15;9;46,0
21550006696000;4;2;2;0,0
21550006697000;57;29;28;45,6
21550006698000;31;17;14;40,0
21550006716000;1;1;0;0,0
21550006719000;8;5;3;30,8
21550006740000;27;14;13;39,2
21550006741000;12;7;5;33,3
21550006742000;70;35;35;41,2
21550006743000;11;5;6;41,6
21550006758000;17;10;7;42,5
21550006759000;3;0;3;0,0
21550006760000;5;2;3;46,6
21550006761000;39;21;18;45,9
21550006793000;42;20;22;52,5
21550006794000;43;25;18;32,3
21550006869000;9;5;4;39,4
21550006870000;6;3;3;37,7
21550006876000;1;1;0;0,0
21550006877000;18;7;11;48,6
21550006878000;19;11;8;47,7
21550006917000;114;58;56;43,0
21550006918000;26;13;13;38,7
21550006938000;15;6;9;25,9
21550006979000;4;3;1;0,0
21550006980000;12;5;7;51,3
21550006984000;8;3;5;30,8
21550006990000;14;6;8;51,6
21550006991000;14;9;5;34,6
21550006993000;163;75;88;45,1
21550006994000;221;110;111;43,3
21550006995000;34;20;14;37,9
21550006998000;2;1;1;0,0
21550007016000;6;2;4;40,2
21550007026000;9;4;5;52,7
21550007027000;19;10;9;43,9
21550007028000;8;5;3;54,9
21550007029000;8;5;3;49,1
21550007035000;13;8;5;40,7
21550007041000;4;3;1;0,0
21550007045000;4;3;1;0,0
21550007050000;5;4;1;23,2
21550007052000;7;3;4;54,3
21550007055000;29;12;17;38,4
21560006510000;6;3;3;57,8
21560006513000;13;6;7;55,2
21560006514000;6;3;3;58,8
21560006516000;2;1;1;0,0
21560006518000;14;6;8;48,4
21560006519000;42;18;24;42,0
21560006520000;53;28;25;42,9
21560006521000;2;1;1;0,0
21560006523000;8;5;3;58,8
21560006524000;110;51;59;38,3
21560006525000;13;7;6;40,4
21560006527000;32;19;13;45,7
21560006535000;5;2;3;47,4
21560006536000;29;15;14;38,1
21560006539000;3;2;1;0,0
21560006540000;24;11;13;34,3
21560006541000;52;28;24;31,5
21560006542000;100;50;50;38,5
21560006543000;35;19;16;37,3
21560006544000;8;5;3;53,1
21560006565000;20;11;9;42,4
21560006566000;10;6;4;47,5
21560006569000;9;5;4;53,8
21560006571000;28;15;13;40,9
21560006572000;15;7;8;40,1
21560006573000;7;4;3;49,3
21560006574000;10;5;5;30,7
21560006590000;2;1;1;0,0
21560006591000;13;6;7;45,7
21560006597000;3;2;1;0,0
21560006600000;25;15;10;45,4
21560006601000;52;24;28;44,4
21560006625000;22;12;10;45,2
21560006634000;1;1;0;0,0
21560006660000;8;4;4;42,5
21560006665000;24;10;14;31,5
21560006666000;148;69;79;47,1
21560006667000;46;22;24;44,6
21560006668000;8;4;4;43,0
21560006669000;6;3;3;39,2
21560006670000;43;21;22;49,3
21560006671000;53;27;26;42,8
21560006672000;43;20;23;43,2
21560006673000;6;4;2;33,5
21560006693000;2;1;1;0,0
21560006696000;4;2;2;0,0
21560006697000;62;31;31;37,5
21560006698000;22;11;11;36,0
21560006718000;5;3;2;54,2
21560006719000;38;20;18;49,3
21560006741000;81;36;45;39,3
21560006742000;17;7;10;46,9
21560006743000;4;2;2;0,0
21560006758000;15;6;9;34,2
21560006759000;8;5;3;37,6
21560006760000;11;7;4;34,1
21560006793000;13;7;6;35,4
21560006794000;55;26;29;43,7
21560006796000;8;5;3;41,5
21560006870000;21;13;8;38,6
21560006876000;14;7;7;36,1
21560006877000;9;6;3;44,2
21560006878000;35;21;14;43,7
21560006917000;7;5;2;39,0
21560006918000;10;7;3;49,5
21560006976000;2;1;1;0,0
21560006979000;7;2;5;26,6
21560006982000;7;4;3;33,3
21560006983000;6;3;3;34,2
21560006987000;10;7;3;62,8
21560006994000;19;9;10;45,9
21560006995000;3;1;2;0,0
21560006999000;11;6;5;53,2
21560007012000;1;1;0;0,0
21560007013000;13;5;8;44,8
21560007015000;15;8;7;47,4
21560007018000;1;0;1;0,0
21560007021000;19;12;7;37,1
21560007022000;7;3;4;64,6
21560007023000;5;4;1;41,2
21560007025000;4;3;1;0,0
21560007026000;18;8;10;38,9
21560007027000;22;7;15;84,7
21560007036000;19;11;8;31,6
21560007041000;16;11;5;37,9
21560007045000;8;3;5;27,6
21560007055000;50;21;29;40,6
21560007056000;46;25;21;41,9
21570006512000;5;2;3;48,0
21570006515000;25;17;8;26,3
21570006516000;36;20;16;43,7
21570006517000;5;3;2;38,6
21570006519000;8;4;4;55,3
21570006520000;55;28;27;46,9
21570006522000;3;2;1;0,0
21570006523000;10;4;6;56,5
21570006524000;106;58;48;38,2
21570006526000;7;4;3;42,4
21570006527000;74;37;37;40,2
21570006528000;167;79;88;44,8
21570006529000;6;3;3;38,2
21570006531000;12;7;5;33,0
21570006532000;109;55;54;40,4
21570006533000;108;56;52;34,6
21570006534000;3;1;2;0,0
21570006535000;56;19;37;52,8
21570006536000;27;13;14;39,1
21570006538000;11;5;6;24,8
21570006539000;37;21;16;38,2
21570006542000;16;9;7;46,0
21570006543000;19;10;9;49,2
21570006565000;23;12;11;38,7
21570006566000;3;2;1;0,0
21570006572000;56;31;25;34,6
21570006573000;33;20;13;36,9
21570006587000;2;1;1;0,0
21570006590000;7;4;3;28,9
21570006591000;28;13;15;35,7
21570006600000;30;11;19;30,7
21570006601000;24;16;8;27,7
21570006602000;9;3;6;33,8
21570006623000;21;11;10;44,0
21570006624000;109;55;54;44,6
21570006625000;8;3;5;38,8
21570006668000;25;14;11;37,6
21570006669000;3;3;0;0,0
21570006670000;19;9;10;45,5
21570006696000;25;11;14;43,2
21570006697000;168;79;89;35,6
21570006698000;1;0;1;0,0
21570006718000;5;3;2;59,4
21570006719000;38;22;16;47,0
21570006741000;174;86;88;47,4
21570006742000;44;20;24;41,7
21570006751000;1;1;0;0,0
21570006758000;2;1;1;0,0
21570006759000;3;2;1;0,0
21570006792000;1;1;0;0,0
21570006794000;12;7;5;24,0
21570006795000;11;6;5;48,8
21570006796000;5;2;3;48,0
21570006797000;11;4;7;56,4
21570006803000;2;1;1;0,0
21570006870000;14;9;5;42,1
21570006871000;16;7;9;36,1
21570006875000;3;2;1;0,0
21570006876000;13;4;9;44,6
21570006877000;9;5;4;43,6
21570006878000;5;2;3;32,8
21570006917000;13;7;6;42,8
21570006918000;19;7;12;30,1
21570006962000;5;2;3;25,0
21570006982000;13;6;7;42,5
21570006987000;14;5;9;51,1
21570006994000;7;3;4;40,9
21570006995000;30;17;13;41,3
21570006999000;6;2;4;63,2
21570007000000;40;19;21;48,3
21570007001000;27;14;13;50,7
21570007011000;30;17;13;34,7
21570007012000;2;1;1;0,0
21570007021000;4;3;1;0,0
21570007024000;6;4;2;66,3
21570007026000;15;9;6;35,8
21570007027000;7;4;3;60,0
21570007029000;1;0;1;0,0
21570007031000;1;0;1;0,0
21570007036000;1;0;1;0,0
21570007042000;3;1;2;0,0
21570007043000;49;30;19;41,7
21570007045000;3;1;2;0,0
21570007050000;1;0;1;0,0
21570007051000;2;1;1;0,0
21570007052000;4;1;3;0,0
21570007053000;2;1;1;0,0
21570007054000;60;30;30;46,9
21570007055000;22;12;10;34,3
21580006515000;74;41;33;39,9
21580006516000;43;19;24;49,0
21580006519000;8;4;4;25,8
21580006520000;12;6;6;43,7
21580006521000;8;4;4;57,6
21580006522000;4;3;1;0,0
21580006523000;44;22;22;40,4
21580006524000;5;3;2;39,0
21580006526000;3;1;2;0,0
21580006527000;13;7;6;39,2
21580006528000;21;10;11;39,6
21580006529000;22;12;10;34,6
21580006530000;31;17;14;49,1
21580006531000;24;9;15;36,1
21580006532000;14;9;5;59,3
21580006533000;166;82;84;38,8
21580006534000;181;84;97;34,3
21580006535000;30;11;19;63,6
21580006536000;53;29;24;41,6
21580006537000;31;18;13;46,2
21580006538000;58;28;30;37,9
21580006539000;15;8;7;49,5
21580006553000;1;1;0;0,0
21580006565000;17;8;9;40,8
21580006566000;21;11;10;38,9
21580006567000;2;2;0;0,0
21580006571000;22;13;9;45,0
21580006572000;8;4;4;49,8
21580006590000;2;1;1;0,0
21580006591000;35;19;16;45,0
21580006598000;11;5;6;35,4
21580006600000;6;4;2;38,0
21580006601000;5;2;3;62,8
21580006602000;33;18;15;38,8
21580006623000;29;14;15;38,5
21580006624000;97;45;52;43,6
21580006625000;80;39;41;32,6
21580006662000;2;1;1;0,0
21580006696000;20;12;8;38,2
21580006697000;41;24;17;45,1
21580006718000;8;5;3;42,5
21580006741000;71;43;28;34,2
21580006742000;70;40;30;39,0
21580006756000;4;3;1;0,0
21580006758000;10;5;5;49,6
21580006759000;9;5;4;42,2
21580006782000;5;3;2;41,0
21580006783000;8;4;4;25,3
21580006797000;22;10;12;41,4
21580006870000;19;9;10;53,7
21580006871000;35;18;17;39,1
21580006875000;31;19;12;43,3
21580006876000;8;5;3;58,4
21580006877000;6;3;3;59,8
21580006916000;7;5;2;32,4
21580006917000;23;13;10;34,0
21580006964000;2;1;1;0,0
21580006976000;14;6;8;50,8
21580006982000;2;2;0;0,0
21580006983000;1;1;0;0,0
21580006984000;19;8;11;40,4
21580006985000;18;11;7;40,6
21580006986000;23;13;10;44,9
21580006987000;48;22;26;33,6
21580006995000;25;14;11;41,8
21580007000000;34;20;14;38,9
21580007001000;10;6;4;56,2
21580007002000;10;5;5;44,0
21580007008000;1;0;1;0,0
21580007009000;34;14;20;42,4
21580007010000;19;8;11;39,3
21580007011000;93;44;49;43,0
21580007019000;3;1;2;0,0
21580007026000;24;13;11;44,4
21580007027000;7;4;3;30,1
21580007029000;2;1;1;0,0
21580007030000;1;1;0;0,0
21580007037000;5;2;3;67,0
21580007043000;26;11;15;40,5
21580007047000;13;5;8;42,5
21580007048000;8;5;3;59,3
21580007049000;13;7;6;39,3
21580007050000;35;19;16;40,1
21580007051000;34;19;15;51,1
21580007052000;61;30;31;37,4
21580007053000;27;14;13;49,2
21590006513000;11;5;6;47,2
21590006514000;82;38;44;49,7
21590006515000;136;83;53;39,3
21590006516000;17;10;7;42,0
21590006517000;2;2;0;0,0
21590006520000;17;7;10;49,0
21590006521000;8;3;5;50,9
21590006523000;40;23;17;38,8
21590006524000;6;2;4;31,8
21590006526000;3;2;1;0,0
21590006527000;19;11;8;39,2
21590006530000;7;4;3;49,1
21590006531000;8;3;5;40,5
21590006532000;3;0;3;0,0
21590006533000;67;29;38;35,8
21590006535000;14;8;6;39,0
21590006536000;21;15;6;28,0
21590006537000;113;61;52;40,5
21590006538000;8;4;4;55,5
21590006562000;14;9;5;48,2
21590006563000;5;3;2;67,6
21590006564000;2;1;1;0,0
21590006565000;381;175;206;44,7
21590006566000;495;228;267;40,1
21590006567000;21;12;9;31,8
21590006571000;15;7;8;46,2
21590006572000;14;8;6;53,5
21590006590000;6;3;3;51,0
21590006591000;35;15;20;43,9
21590006597000;7;4;3;46,6
21590006598000;10;5;5;38,2
21590006601000;67;39;28;38,4
21590006602000;28;16;12;33,2
21590006603000;6;4;2;50,0
21590006623000;129;62;67;40,0
21590006624000;8;3;5;71,9
21590006625000;4;3;1;0,0
21590006630000;2;1;1;0,0
21590006631000;4;4;0;0,0
21590006659000;7;3;4;60,1
21590006660000;3;1;2;0,0
21590006675000;11;5;6;24,7
21590006696000;39;20;19;47,6
21590006697000;16;9;7;44,2
21590006727000;2;1;1;0,0
21590006741000;40;23;17;23,5
21590006742000;33;17;16;42,1
21590006743000;5;2;3;38,8
21590006757000;25;17;8;43,0
21590006758000;9;4;5;35,6
21590006796000;14;7;7;40,4
21590006797000;14;7;7;65,1
21590006798000;11;7;4;37,9
21590006870000;3;2;1;0,0
21590006871000;45;23;22;48,1
21590006874000;14;8;6;37,9
21590006876000;8;4;4;48,4
21590006915000;9;3;6;36,2
21590006964000;7;4;3;38,9
21590006965000;11;5;6;51,9
21590006975000;2;1;1;0,0
21590006976000;11;6;5;36,2
21590006977000;22;9;13;33,7
21590006984000;39;25;14;47,5
21590006985000;8;5;3;37,3
21590006986000;12;6;6;41,2
21590006987000;18;8;10;52,2
21590006988000;64;38;26;46,4
21590006994000;33;16;17;37,2
21590006995000;12;7;5;53,3
21590006996000;9;4;5;31,1
21590007011000;39;22;17;41,2
21590007012000;19;9;10;48,9
21590007016000;4;2;2;0,0
21590007017000;7;3;4;58,7
21590007018000;5;2;3;47,4
21590007019000;6;2;4;52,8
21590007025000;2;2;0;0,0
21590007028000;26;12;14;57,0
21590007029000;2;1;1;0,0
21590007044000;59;32;27;30,3
21590007046000;5;4;1;40,6
21590007048000;11;6;5;23,5
21590007051000;11;4;7;50,8
21600006515000;9;6;3;39,7
21600006516000;20;13;7;29,4
21600006517000;19;8;11;47,4
21600006518000;14;7;7;53,9
21600006519000;33;21;12;32,6
21600006520000;52;25;27;43,9
21600006521000;4;1;3;0,0
21600006523000;11;5;6;44,6
21600006524000;3;2;1;0,0
21600006526000;8;2;6;26,4
21600006527000;7;5;2;44,7
21600006530000;6;4;2;25,2
21600006531000;4;1;3;0,0
21600006532000;2;1;1;0,0
21600006533000;2;1;1;0,0
21600006535000;5;2;3;30,6
21600006536000;20;9;11;40,5
21600006537000;87;48;39;41,5
21600006538000;10;6;4;41,8
21600006539000;2;0;2;0,0
21600006546000;2;1;1;0,0
21600006549000;26;16;10;39,0
21600006559000;2;1;1;0,0
21600006561000;16;9;7;40,6
21600006562000;50;20;30;36,6
21600006563000;9;4;5;40,1
21600006564000;21;9;12;37,4
21600006565000;188;101;87;33,0
21600006566000;188;84;104;53,7
21600006567000;5;2;3;36,2
21600006570000;1;0;1;0,0
21600006571000;8;4;4;64,8
21600006587000;16;10;6;33,3
21600006588000;42;26;16;41,5
21600006590000;14;9;5;47,6
21600006591000;6;3;3;59,8
21600006597000;29;13;16;42,6
21600006598000;10;5;5;35,1
21600006600000;9;5;4;56,7
21600006601000;60;31;29;38,5
21600006602000;36;14;22;42,9
21600006603000;85;42;43;41,5
21600006604000;5;2;3;47,8
21600006623000;9;3;6;47,8
21600006624000;1;1;0;0,0
21600006626000;8;5;3;39,3
21600006629000;4;1;3;0,0
21600006633000;2;1;1;0,0
21600006650000;8;4;4;50,3
21600006651000;3;2;1;0,0
21600006658000;2;1;1;0,0
21600006659000;4;2;2;0,0
21600006661000;3;3;0;0,0
21600006675000;2;1;1;0,0
21600006696000;27;11;16;47,4
21600006697000;8;6;2;37,9
21600006699000;2;1;1;0,0
21600006700000;6;3;3;25,0
21600006721000;3;1;2;0,0
21600006727000;1;0;1;0,0
21600006741000;11;8;3;33,7
21600006742000;13;6;7;45,0
21600006743000;3;1;2;0,0
21600006746000;5;2;3;31,8
21600006752000;7;3;4;36,7
21600006753000;3;3;0;0,0
21600006754000;7;5;2;44,3
21600006757000;17;9;8;56,6
21600006765000;2;1;1;0,0
21600006797000;36;17;19;39,8
21600006798000;42;23;19;40,5
21600006799000;6;2;4;36,8
21600006871000;15;11;4;42,5
21600006872000;135;73;62;41,6
21600006873000;271;125;146;38,9
21600006874000;5;2;3;63,0
21600006914000;17;8;9;31,2
21600006915000;13;6;7;39,8
21600006965000;13;6;7;47,1
21600006966000;7;3;4;36,1
21600006976000;2;1;1;0,0
21600006982000;2;1;1;0,0
21600006984000;2;0;2;0,0
21600006987000;2;2;0;0,0
21600006989000;16;7;9;35,7
21600006990000;1;0;1;0,0
21600006992000;2;1;1;0,0
21600006993000;2;1;1;0,0
21600006996000;13;7;6;50,2
21600006997000;23;11;12;43,3
21600007011000;9;4;5;30,0
21600007012000;31;15;16;36,7
21600007013000;9;3;6;52,7
21600007014000;15;6;9;43,5
21600007015000;29;14;15;46,6
21600007016000;6;2;4;47,7
21600007017000;29;14;15;39,3
21600007018000;14;7;7;31,9
21600007019000;1;1;0;0,0
21600007026000;6;2;4;26,0
21600007038000;1;0;1;0,0
21600007039000;6;3;3;61,0
21600007044000;1;0;1;0,0
21600007045000;12;3;9;51,8
21600007046000;11;6;5;52,5
21610006517000;4;3;1;0,0
21610006519000;3;2;1;0,0
21610006520000;59;25;34;45,6
21610006521000;2;1;1;0,0
21610006523000;47;20;27;41,7
21610006524000;4;1;3;0,0
21610006525000;7;3;4;49,6
21610006526000;5;3;2;60,4
21610006527000;7;3;4;23,9
21610006531000;18;9;9;51,1
21610006537000;14;12;2;37,5
21610006538000;8;3;5;35,4
21610006539000;1;1;0;0,0
21610006548000;2;1;1;0,0
21610006549000;41;21;20;44,8
21610006559000;5;2;3;48,8
21610006560000;1;1;0;0,0
21610006561000;12;5;7;40,3
21610006562000;4;3;1;0,0
21610006566000;43;22;21;39,6
21610006569000;16;10;6;45,4
21610006570000;27;14;13;33,9
21610006587000;41;16;25;33,5
21610006588000;12;7;5;45,1
21610006593000;3;1;2;0,0
21610006594000;2;0;2;0,0
21610006596000;10;3;7;48,6
21610006597000;65;35;30;40,6
21610006598000;14;8;6;55,4
21610006599000;15;7;8;47,8
21610006600000;168;82;86;31,3
21610006601000;80;35;45;35,8
21610006602000;45;24;21;42,6
21610006603000;49;29;20;37,8
21610006604000;94;46;48;39,2
21610006605000;38;23;15;28,7
21610006606000;4;1;3;0,0
21610006608000;2;1;1;0,0
21610006621000;11;7;4;35,1
21610006622000;10;5;5;43,4
21610006623000;50;23;27;47,2
21610006629000;8;5;3;45,9
21610006633000;12;5;7;30,9
21610006636000;1;1;0;0,0
21610006637000;7;5;2;51,6
21610006649000;4;3;1;0,0
21610006650000;3;2;1;0,0
21610006659000;6;5;1;23,8
21610006696000;16;9;7;70,2
21610006699000;24;12;12;36,0
21610006726000;3;1;2;0,0
21610006727000;2;1;1;0,0
21610006741000;20;9;11;35,6
21610006742000;14;6;8;46,1
21610006744000;3;1;2;0,0
21610006751000;2;1;1;0,0
21610006752000;15;6;9;37,5
21610006756000;4;1;3;0,0
21610006795000;2;2;0;0,0
21610006797000;3;1;2;0,0
21610006798000;57;28;29;39,0
21610006799000;8;2;6;48,3
21610006872000;321;148;173;45,4
21610006873000;84;47;37;40,4
21610006913000;15;7;8;46,1
21610006914000;20;11;9;38,5
21610006915000;6;4;2;50,0
21610006966000;13;9;4;44,6
21610006975000;1;1;0;0,0
21610006983000;9;5;4;45,2
21610006988000;9;4;5;42,6
21610006989000;1;0;1;0,0
21610006990000;12;3;9;31,3
21610006991000;4;2;2;0,0
21610006992000;8;5;3;50,4
21610006997000;6;3;3;40,7
21610006998000;2;2;0;0,0
21610007004000;8;4;4;41,8
21610007011000;1;1;0;0,0
21610007013000;17;9;8;42,8
21610007016000;34;14;20;43,2
21610007019000;7;3;4;40,3
21610007025000;5;3;2;56,4
21610007028000;3;2;1;0,0
21620006517000;1;1;0;0,0
21620006519000;9;5;4;37,4
21620006520000;78;40;38;37,2
21620006521000;9;5;4;69,8
21620006522000;4;2;2;0,0
21620006523000;20;10;10;42,6
21620006527000;15;8;7;30,7
21620006528000;4;2;2;0,0
21620006536000;2;2;0;0,0
21620006543000;31;17;14;35,8
21620006544000;9;5;4;40,4
21620006545000;1;0;1;0,0
21620006546000;27;14;13;29,8
21620006547000;26;10;16;24,7
21620006548000;71;33;38;41,0
21620006549000;59;30;29;34,2
21620006550000;15;8;7;52,2
21620006554000;4;2;2;0,0
21620006559000;10;4;6;48,3
21620006561000;8;4;4;53,3
21620006567000;18;11;7;43,5
21620006568000;19;11;8;42,4
21620006569000;29;13;16;33,1
21620006575000;2;1;1;0,0
21620006587000;67;30;37;37,8
21620006588000;11;4;7;50,6
21620006589000;1;1;0;0,0
21620006593000;16;8;8;44,1
21620006594000;42;23;19;46,6
21620006595000;11;7;4;44,0
21620006596000;16;8;8;47,2
21620006597000;28;12;16;33,6
21620006598000;50;25;25;39,5
21620006599000;78;38;40;39,6
21620006600000;41;20;21;34,8
21620006601000;268;130;138;39,4
21620006602000;180;91;89;41,4
21620006603000;83;36;47;39,5
21620006604000;1;1;0;0,0
21620006605000;44;22;22;38,2
21620006606000;3;2;1;0,0
21620006621000;29;13;16;37,5
21620006622000;16;10;6;34,3
21620006623000;49;28;21;39,2
21620006627000;3;1;2;0,0
21620006630000;7;4;3;35,3
21620006633000;6;3;3;28,7
21620006636000;2;1;1;0,0
21620006637000;11;5;6;34,1
21620006644000;1;1;0;0,0
21620006645000;1;0;1;0,0
21620006647000;2;1;1;0,0
21620006658000;2;1;1;0,0
21620006666000;6;3;3;16,3
21620006674000;2;2;0;0,0
21620006695000;5;3;2;15,8
21620006696000;3;2;1;0,0
21620006698000;13;6;7;50,3
21620006709000;2;1;1;0,0
21620006741000;4;2;2;0,0
21620006742000;13;5;8;31,4
21620006743000;4;1;3;0,0
21620006750000;1;0;1;0,0
21620006751000;16;8;8;47,4
21620006756000;1;1;0;0,0
21620006795000;12;8;4;36,0
21620006796000;30;14;16;43,2
21620006797000;19;9;10;39,4
21620006798000;2;1;1;0,0
21620006799000;18;8;10;44,8
21620006872000;49;22;27;37,6
21620006873000;30;13;17;31,6
21620006912000;1;1;0;0,0
21620006913000;5;2;3;18,2
21620006966000;13;8;5;36,2
21620006975000;13;6;7;63,6
21620006984000;2;1;1;0,0
21620006989000;10;6;4;35,7
21620007002000;7;4;3;36,1
21620007004000;24;13;11;45,0
21620007005000;7;3;4;30,1
21620007011000;6;4;2;46,2
21620007016000;121;55;66;57,4
21620007019000;12;6;6;43,2
21620007028000;6;3;3;41,8
21620007031000;5;3;2;61,6
21620007032000;6;3;3;35,0
21630006518000;6;2;4;42,3
21630006519000;10;6;4;33,2
21630006520000;8;4;4;36,3
21630006521000;81;36;45;33,3
21630006522000;121;64;57;38,0
21630006523000;18;9;9;48,8
21630006524000;3;2;1;0,0
21630006527000;31;15;16;31,5
21630006529000;7;3;4;28,7
21630006538000;2;1;1;0,0
21630006541000;3;2;1;0,0
21630006542000;2;2;0;0,0
21630006544000;15;8;7;50,5
21630006545000;27;10;17;48,4
21630006546000;36;18;18;39,9
21630006547000;37;18;19;37,5
21630006548000;1;1;0;0,0
21630006549000;2;1;1;0,0
21630006550000;50;26;24;43,6
21630006551000;1;0;1;0,0
21630006552000;20;9;11;49,5
21630006560000;10;6;4;44,3
21630006561000;17;8;9;33,9
21630006586000;20;11;9;43,7
21630006587000;111;51;60;38,6
21630006588000;131;58;73;43,6
21630006589000;47;23;24;43,2
21630006590000;22;13;9;34,5
21630006591000;11;5;6;44,1
21630006592000;33;15;18;44,1
21630006593000;33;22;11;39,7
21630006594000;31;18;13;36,4
21630006595000;23;12;11;45,8
21630006598000;1;1;0;0,0
21630006599000;631;322;309;30,8
21630006600000;611;291;320;42,6
21630006601000;606;282;324;48,7
21630006602000;79;37;42;36,7
21630006603000;39;16;23;47,1
21630006604000;82;37;45;30,6
21630006605000;18;11;7;32,6
21630006621000;46;27;19;36,4
21630006622000;10;6;4;36,9
21630006623000;4;2;2;0,0
21630006624000;3;1;2;0,0
21630006628000;6;3;3;45,7
21630006630000;25;17;8;37,9
21630006631000;18;10;8;41,7
21630006632000;25;12;13;41,8
21630006633000;8;4;4;49,4
21630006634000;6;3;3;43,5
21630006635000;51;28;23;44,6
21630006636000;4;1;3;0,0
21630006645000;8;4;4;47,8
21630006646000;1;1;0;0,0
21630006649000;5;2;3;33,8
21630006650000;2;1;1;0,0
21630006657000;5;3;2;61,2
21630006671000;3;1;2;0,0
21630006695000;6;3;3;51,7
21630006697000;11;5;6;28,5
21630006698000;10;5;5;33,3
21630006705000;2;1;1;0,0
21630006706000;5;2;3;25,8
21630006707000;7;3;4;49,0
21630006708000;2;1;1;0,0
21630006716000;4;2;2;0,0
21630006726000;5;5;0;28,8
21630006743000;52;28;24;50,5
21630006744000;2;1;1;0,0
21630006750000;14;9;5;53,9
21630006751000;3;1;2;0,0
21630006752000;2;2;0;0,0
21630006755000;1;1;0;0,0
21630006763000;1;1;0;0,0
21630006797000;3;1;2;0,0
21630006798000;10;4;6;39,3
21630006873000;51;29;22;44,8
21630006874000;6;4;2;25,8
21630006875000;3;2;1;0,0
21630006912000;14;7;7;41,3
21630006913000;6;2;4;45,3
21630006967000;28;14;14;44,4
21630006968000;51;25;26;34,4
21630006969000;19;11;8;35,9
21630006970000;12;5;7;28,5
21630006971000;41;18;23;48,7
21630006972000;1;1;0;0,0
21630006990000;9;6;3;32,2
21630007003000;37;23;14;42,8
21630007005000;16;8;8;60,4
21630007011000;2;1;1;0,0
21630007012000;7;4;3;42,7
21630007013000;7;3;4;53,7
21630007015000;3;1;2;0,0
21630007016000;98;44;54;41,9
21630007022000;1;1;0;0,0
21630007023000;1;0;1;0,0
21630007030000;11;7;4;42,3
21630007033000;6;3;3;33,5
21640006518000;19;10;9;44,3
21640006519000;29;15;14;49,7
21640006520000;27;16;11;39,7
21640006521000;155;76;79;34,4
21640006522000;884;438;446;37,9
21640006523000;230;124;106;40,5
21640006524000;15;9;6;39,0
21640006526000;18;9;9;43,8
21640006527000;12;9;3;29,5
21640006529000;3;2;1;0,0
21640006542000;4;2;2;0,0
21640006543000;19;11;8;35,3
21640006544000;47;24;23;50,8
21640006545000;18;8;10;41,7
21640006546000;5;1;4;41,0
21640006548000;4;3;1;0,0
21640006549000;6;2;4;37,8
21640006550000;35;20;15;34,8
21640006551000;245;109;136;48,9
21640006552000;36;17;19;30,9
21640006559000;2;1;1;0,0
21640006560000;5;4;1;79,4
21640006561000;4;2;2;0,0
21640006585000;14;6;8;32,8
21640006586000;79;37;42;43,3
21640006587000;543;275;268;44,1
21640006588000;619;252;367;47,2
21640006589000;86;46;40;41,1
21640006590000;32;20;12;43,0
21640006591000;43;20;23;45,0
21640006592000;67;35;32;46,1
21640006593000;25;15;10;38,6
21640006594000;2;1;1;0,0
21640006599000;64;34;30;41,5
21640006600000;433;205;228;36,7
21640006601000;115;62;53;36,2
21640006602000;38;23;15;44,1
21640006603000;85;46;39;41,5
21640006604000;346;173;173;33,4
21640006606000;2;1;1;0,0
21640006607000;11;6;5;39,3
21640006608000;8;4;4;40,1
21640006609000;7;5;2;42,7
21640006619000;1;0;1;0,0
21640006620000;12;7;5;39,3
21640006621000;15;8;7;55,2
21640006622000;23;12;11;48,1
21640006630000;26;10;16;43,1
21640006631000;67;30;37;36,0
21640006632000;93;38;55;53,2
21640006633000;7;5;2;43,1
21640006634000;15;8;7;53,8
21640006635000;37;17;20;30,2
21640006636000;25;13;12;52,0
21640006637000;7;4;3;47,4
21640006638000;7;4;3;43,6
21640006639000;5;3;2;45,2
21640006645000;1;1;0;0,0
21640006648000;2;1;1;0,0
21640006649000;10;6;4;45,1
21640006650000;4;2;2;0,0
21640006651000;15;10;5;46,3
21640006683000;2;1;1;0,0
21640006695000;8;2;6;36,1
21640006696000;171;88;83;35,9
21640006697000;28;14;14;47,6
21640006702000;29;13;16;42,5
21640006721000;1;0;1;0,0
21640006743000;43;23;20;42,9
21640006750000;22;13;9;42,8
21640006751000;5;2;3;17,4
21640006752000;8;3;5;59,4
21640006753000;2;1;1;0,0
21640006795000;23;13;10;45,6
21640006796000;13;6;7;43,0
21640006797000;9;4;5;38,2
21640006873000;47;17;30;39,9
21640006874000;22;12;10;49,2
21640006875000;15;8;7;38,1
21640006912000;49;23;26;48,7
21640006969000;6;3;3;28,7
21640006970000;30;17;13;47,2
21640006971000;53;25;28;36,9
21640007003000;54;31;23;52,6
21640007005000;19;10;9;49,9
21640007012000;81;40;41;39,2
21640007013000;23;12;11;47,8
21640007016000;12;10;2;29,4
21640007017000;6;3;3;24,3
21640007018000;3;2;1;0,0
21640007019000;7;3;4;63,7
21640007021000;2;1;1;0,0
21640007023000;11;6;5;58,2
21640007024000;6;3;3;50,0
21640007030000;5;4;1;22,8
21640007031000;25;11;14;50,6
21650006519000;6;3;3;59,2
21650006522000;856;399;457;45,5
21650006523000;833;422;411;43,2
21650006526000;17;8;9;32,1
21650006527000;7;4;3;36,6
21650006528000;7;4;3;36,0
21650006530000;1;1;0;0,0
21650006540000;2;1;1;0,0
21650006543000;18;10;8;41,5
21650006544000;11;8;3;32,5
21650006550000;5;2;3;72,6
21650006551000;22;10;12;43,7
21650006552000;38;19;19;28,8
21650006559000;6;5;1;37,7
21650006560000;4;3;1;0,0
21650006584000;20;10;10;41,9
21650006585000;19;11;8;47,5
21650006586000;13;4;9;43,3
21650006587000;33;17;16;41,5
21650006588000;52;22;30;39,2
21650006589000;26;13;13;47,3
21650006590000;27;17;10;33,5
21650006591000;17;9;8;41,9
21650006592000;8;4;4;26,6
21650006600000;42;24;18;42,6
21650006601000;39;14;25;30,4
21650006602000;21;10;11;35,1
21650006603000;11;7;4;49,5
21650006608000;3;2;1;0,0
21650006609000;9;4;5;47,2
21650006610000;13;8;5;45,2
21650006620000;49;25;24;50,2
21650006621000;48;26;22;43,9
21650006622000;2;2;0;0,0
21650006630000;15;7;8;34,4
21650006631000;35;21;14;45,8
21650006632000;38;19;19;34,9
21650006635000;4;2;2;0,0
21650006646000;1;1;0;0,0
21650006649000;19;8;11;30,3
21650006650000;19;9;10;46,9
21650006651000;8;5;3;59,1
21650006655000;4;2;2;0,0
21650006683000;3;2;1;0,0
21650006696000;248;119;129;48,7
21650006697000;18;9;9;39,9
21650006698000;4;2;2;0,0
21650006702000;26;16;10;33,8
21650006725000;9;5;4;43,3
21650006743000;56;25;31;35,3
21650006744000;13;7;6;38,8
21650006749000;21;8;13;41,1
21650006750000;26;15;11;51,0
21650006751000;23;9;14;38,7
21650006752000;5;3;2;58,2
21650006755000;1;1;0;0,0
21650006765000;31;12;19;29,9
21650006793000;3;1;2;0,0
21650006794000;1;1;0;0,0
21650006796000;8;5;3;46,9
21650006798000;2;1;1;0,0
21650006874000;17;9;8;41,9
21650006875000;9;4;5;30,1
21650006911000;8;5;3;38,1
21650006912000;1;1;0;0,0
21650006975000;8;5;3;40,6
21650006991000;2;2;0;0,0
21650006992000;12;5;7;41,2
21650007003000;9;5;4;50,1
21650007004000;49;25;24;41,1
21650007005000;19;10;9;36,2
21650007012000;13;7;6;60,7
21650007016000;14;5;9;35,5
21650007017000;3;3;0;0,0
21650007030000;1;1;0;0,0
21650007031000;35;15;20;43,1
21660006522000;249;116;133;45,9
21660006523000;1066;521;545;44,2
21660006524000;153;78;75;42,8
21660006526000;2;1;1;0,0
21660006529000;11;5;6;43,8
21660006532000;3;1;2;0,0
21660006537000;2;1;1;0,0
21660006539000;3;2;1;0,0
21660006550000;5;4;1;59,0
21660006551000;2;1;1;0,0
21660006552000;36;21;15;35,3
21660006553000;20;10;10;36,4
21660006554000;3;2;1;0,0
21660006555000;6;3;3;40,8
21660006556000;3;2;1;0,0
21660006557000;14;7;7;43,4
21660006558000;7;4;3;51,4
21660006559000;11;6;5;42,0
21660006560000;8;5;3;40,1
21660006582000;5;3;2;21,4
21660006583000;10;5;5;43,3
21660006584000;3;1;2;0,0
21660006587000;5;3;2;69,6
21660006588000;34;16;18;43,2
21660006589000;16;7;9;38,3
21660006590000;6;3;3;41,2
21660006599000;22;11;11;29,3
21660006600000;98;50;48;41,0
21660006601000;51;23;28;35,4
21660006602000;35;19;16;44,7
21660006603000;18;11;7;41,3
21660006604000;9;5;4;44,3
21660006605000;3;2;1;0,0
21660006609000;9;4;5;34,0
21660006615000;1;1;0;0,0
21660006620000;38;22;16;46,1
21660006621000;63;30;33;37,1
21660006622000;6;3;3;37,3
21660006632000;6;4;2;45,2
21660006640000;2;2;0;0,0
21660006648000;4;2;2;0,0
21660006649000;15;7;8;45,8
21660006650000;7;5;2;49,4
21660006652000;18;9;9;25,1
21660006653000;8;3;5;41,0
21660006654000;1;1;0;0,0
21660006672000;1;0;1;0,0
21660006683000;1;1;0;0,0
21660006694000;2;1;1;0,0
21660006695000;28;15;13;46,1
21660006696000;65;28;37;42,8
21660006697000;17;10;7;36,1
21660006698000;2;1;1;0,0
21660006700000;15;9;6;46,2
21660006701000;7;5;2;45,3
21660006702000;22;12;10;46,5
21660006725000;9;6;3;29,7
21660006726000;3;2;1;0,0
21660006743000;25;14;11;40,1
21660006744000;62;30;32;43,7
21660006747000;8;4;4;35,4
21660006748000;17;9;8;51,6
21660006749000;74;40;34;43,6
21660006750000;84;52;32;36,7
21660006751000;4;2;2;0,0
21660006765000;15;9;6;43,5
21660006792000;16;8;8;35,6
21660006793000;18;7;11;54,9
21660006794000;29;15;14;53,3
21660006795000;17;9;8;48,5
21660006796000;25;17;8;44,6
21660006798000;6;3;3;29,0
21660006807000;16;8;8;43,5
21660006874000;12;7;5;46,3
21660006875000;22;12;10;30,5
21660006911000;9;5;4;24,0
21660006975000;6;3;3;63,5
21660006985000;17;6;11;31,8
21660006986000;14;8;6;48,6
21660006990000;7;3;4;23,9
21660006991000;11;4;7;43,4
21660006996000;5;1;4;42,8
21660007012000;25;14;11;28,4
21660007017000;6;3;3;39,2
21660007031000;19;12;7;40,6
21660007057000;1;0;1;0,0
21670006525000;2;1;1;0,0
21670006526000;10;5;5;59,5
21670006527000;3;2;1;0,0
21670006528000;1;1;0;0,0
21670006529000;2;1;1;0,0
21670006542000;4;1;3;0,0
21670006553000;6;3;3;39,3
21670006554000;8;3;5;50,9
21670006557000;11;6;5;40,1
21670006558000;5;3;2;26,0
21670006559000;5;3;2;65,8
21670006560000;29;12;17;47,6
21670006561000;25;10;15;38,1
21670006580000;6;2;4;42,8
21670006581000;13;8;5;48,1
21670006582000;3;1;2;0,0
21670006586000;8;5;3;29,5
21670006588000;10;3;7;29,2
21670006589000;7;3;4;50,1
21670006598000;6;2;4;54,0
21670006599000;30;16;14;41,6
21670006600000;30;14;16;45,6
21670006601000;174;87;87;40,4
21670006602000;60;30;30;31,4
21670006603000;7;4;3;35,1
21670006611000;3;2;1;0,0
21670006612000;2;0;2;0,0
21670006620000;52;28;24;42,1
21670006621000;48;26;22;42,8
21670006622000;11;5;6;49,6
21670006631000;4;2;2;0,0
21670006632000;6;4;2;27,3
21670006640000;1;0;1;0,0
21670006644000;9;4;5;50,1
21670006646000;7;4;3;64,0
21670006647000;8;4;4;45,8
21670006648000;3;2;1;0,0
21670006649000;4;2;2;0,0
21670006650000;2;1;1;0,0
21670006652000;7;4;3;62,3
21670006653000;2;1;1;0,0
21670006654000;2;1;1;0,0
21670006681000;3;2;1;0,0
21670006682000;23;12;11;48,3
21670006683000;6;1;5;33,3
21670006684000;12;7;5;40,8
21670006685000;35;17;18;50,6
21670006686000;4;2;2;0,0
21670006687000;7;4;3;60,3
21670006688000;15;7;8;46,9
21670006689000;24;9;15;57,8
21670006690000;1;0;1;0,0
21670006692000;1;0;1;0,0
21670006694000;23;12;11;49,6
21670006695000;40;16;24;41,9
21670006696000;4;2;2;0,0
21670006697000;5;3;2;21,4
21670006698000;4;3;1;0,0
21670006699000;1;1;0;0,0
21670006700000;5;3;2;74,0
21670006701000;4;2;2;0,0
21670006723000;2;1;1;0,0
21670006726000;7;4;3;55,1
21670006727000;9;4;5;33,4
21670006743000;11;6;5;59,2
21670006744000;246;121;125;39,7
21670006745000;28;16;12;35,1
21670006746000;36;21;15;35,0
21670006747000;77;36;41;41,0
21670006748000;25;16;9;46,2
21670006749000;1;0;1;0,0
21670006750000;7;4;3;37,4
21670006770000;1;0;1;0,0
21670006792000;27;14;13;44,1
21670006793000;105;58;47;39,1
21670006794000;31;17;14;41,6
21670006795000;19;11;8;57,6
21670006804000;2;1;1;0,0
21670006807000;4;3;1;0,0
21670006875000;50;29;21;43,7
21670006876000;9;6;3;42,4
21670006910000;3;1;2;0,0
21670006911000;5;2;3;17,6
21670006968000;10;4;6;21,8
21670006969000;41;18;23;38,8
21670006989000;1;1;0;0,0
21670006994000;17;9;8;30,4
21670006995000;5;2;3;42,4
21670007000000;1;1;0;0,0
21670007006000;2;1;1;0,0
21670007010000;4;2;2;0,0
21670007011000;12;6;6;30,0
21670007012000;19;9;10;44,1
21670007017000;11;5;6;52,9
21670007027000;13;5;8;35,8
21670007030000;2;1;1;0,0
21670007031000;12;6;6;52,0
21670007032000;32;18;14;30,6
21670007033000;2;0;2;0,0
21670007054000;6;3;3;69,3
21680006526000;15;8;7;41,3
21680006527000;21;11;10;30,9
21680006528000;2;1;1;0,0
21680006529000;15;8;7;28,6
21680006533000;2;1;1;0,0
21680006534000;11;5;6;49,7
21680006538000;2;1;1;0,0
21680006539000;14;5;9;30,4
21680006542000;27;16;11;31,7
21680006552000;11;7;4;28,1
21680006560000;2;1;1;0,0
21680006561000;60;33;27;44,6
21680006562000;6;3;3;46,0
21680006563000;13;8;5;54,1
21680006578000;10;5;5;38,8
21680006579000;4;2;2;0,0
21680006586000;20;9;11;57,0
21680006587000;6;2;4;66,0
21680006588000;22;13;9;58,0
21680006589000;5;4;1;46,8
21680006590000;13;7;6;27,1
21680006594000;8;6;2;39,0
21680006595000;18;9;9;45,7
21680006596000;1;1;0;0,0
21680006597000;213;105;108;39,2
21680006598000;207;106;101;34,7
21680006599000;6;2;4;36,2
21680006600000;20;7;13;40,7
21680006601000;40;17;23;34,4
21680006602000;8;4;4;50,3
21680006609000;3;0;3;0,0
21680006610000;18;9;9;46,3
21680006611000;3;1;2;0,0
21680006612000;7;4;3;43,1
21680006619000;26;7;19;33,0
21680006620000;54;26;28;40,0
21680006621000;127;70;57;43,4
21680006622000;39;17;22;40,3
21680006631000;10;6;4;36,9
21680006632000;19;8;11;51,5
21680006641000;1;1;0;0,0
21680006646000;7;4;3;44,1
21680006647000;8;2;6;30,6
21680006652000;3;3;0;0,0
21680006653000;1;1;0;0,0
21680006654000;7;4;3;59,3
21680006678000;1;1;0;0,0
21680006679000;1;1;0;0,0
21680006682000;9;5;4;47,9
21680006683000;14;10;4;34,6
21680006684000;32;17;15;53,3
21680006685000;72;32;40;38,3
21680006687000;5;3;2;44,8
21680006688000;4;2;2;0,0
21680006689000;1;0;1;0,0
21680006690000;5;2;3;36,6
21680006691000;9;4;5;35,7
21680006692000;34;18;16;49,2
21680006693000;56;29;27;42,9
21680006694000;7;4;3;44,9
21680006695000;12;3;9;38,8
21680006696000;26;13;13;34,6
21680006697000;26;16;10;34,3
21680006698000;7;4;3;39,4
21680006727000;18;12;6;38,6
21680006728000;20;9;11;41,8
21680006743000;7;6;1;36,7
21680006744000;751;369;382;37,5
21680006745000;162;74;88;42,2
21680006746000;36;17;19;38,1
21680006747000;5;2;3;59,8
21680006749000;2;1;1;0,0
21680006761000;3;1;2;0,0
21680006768000;1;1;0;0,0
21680006789000;1;1;0;0,0
21680006791000;2;1;1;0,0
21680006792000;21;12;9;45,2
21680006793000;44;23;21;47,3
21680006794000;36;21;15;41,1
21680006795000;16;8;8;48,7
21680006803000;3;1;2;0,0
21680006806000;5;4;1;40,8
21680006807000;4;3;1;0,0
21680006815000;1;0;1;0,0
21680006873000;17;7;10;32,7
21680006874000;36;16;20;40,3
21680006875000;39;21;18;40,9
21680006876000;4;2;2;0,0
21680006909000;7;4;3;41,9
21680006910000;9;4;5;42,3
21680006958000;2;1;1;0,0
21680006960000;4;2;2;0,0
21680006962000;4;3;1;0,0
21680006963000;18;10;8;44,6
21680006964000;147;63;84;36,1
21680006965000;30;15;15;24,6
21680006966000;7;2;5;35,7
21680006973000;93;48;45;43,8
21680006978000;1;0;1;0,0
21680006979000;14;7;7;51,4
21680006980000;6;4;2;45,5
21680006988000;7;3;4;37,9
21680006992000;27;14;13;31,9
21680006993000;38;21;17;51,5
21680006994000;12;1;11;87,3
21680007001000;6;2;4;42,5
21680007006000;20;12;8;54,1
21680007007000;9;5;4;39,2
21680007008000;4;2;2;0,0
21680007017000;11;5;6;43,5
21680007018000;2;1;1;0,0
21680007020000;5;2;3;20,8
21680007025000;10;4;6;34,4
21680007029000;5;2;3;56,0
21680007030000;27;13;14;44,4
21680007031000;58;33;25;35,4
21680007032000;5;2;3;65,4
21680007056000;6;3;3;52,0
21680007058000;7;4;3;34,3
21680007077000;15;7;8;48,2
21690006525000;9;4;5;56,2
21690006526000;24;12;12;37,1
21690006528000;12;5;7;44,9
21690006529000;10;5;5;34,7
21690006533000;2;1;1;0,0
21690006534000;7;2;5;37,3
21690006535000;15;8;7;60,7
21690006541000;6;3;3;37,0
21690006542000;51;26;25;38,2
21690006543000;3;2;1;0,0
21690006551000;4;3;1;0,0
21690006552000;22;11;11;39,3
21690006577000;2;1;1;0,0
21690006586000;16;10;6;39,8
21690006587000;25;18;7;30,4
21690006588000;6;4;2;40,2
21690006589000;13;8;5;49,3
21690006590000;4;3;1;0,0
21690006591000;9;5;4;34,1
21690006593000;17;9;8;51,8
21690006594000;51;25;26;38,5
21690006595000;61;31;30;40,6
21690006596000;21;11;10;52,4
21690006597000;534;241;293;45,9
21690006598000;80;43;37;39,4
21690006599000;55;28;27;39,8
21690006600000;21;10;11;36,5
21690006601000;6;3;3;40,8
21690006608000;17;10;7;46,6
21690006609000;11;6;5;40,5
21690006618000;8;5;3;52,6
21690006619000;3;2;1;0,0
21690006620000;152;75;77;39,7
21690006621000;74;36;38;42,2
21690006622000;40;19;21;42,4
21690006630000;4;3;1;0,0
21690006631000;2;1;1;0,0
21690006632000;4;2;2;0,0
21690006641000;2;1;1;0,0
21690006642000;10;4;6;29,7
21690006643000;4;1;3;0,0
21690006649000;1;1;0;0,0
21690006666000;5;1;4;39,0
21690006677000;10;5;5;54,9
21690006678000;3;1;2;0,0
21690006679000;2;1;1;0,0
21690006680000;11;5;6;67,8
21690006681000;9;5;4;37,6
21690006688000;10;5;5;39,7
21690006689000;6;5;1;27,3
21690006690000;9;4;5;48,6
21690006693000;1;1;0;0,0
21690006696000;12;7;5;46,3
21690006697000;33;19;14;36,6
21690006728000;1;1;0;0,0
21690006744000;293;153;140;39,0
21690006745000;387;182;205;38,9
21690006746000;31;14;17;45,1
21690006747000;20;11;9;43,1
21690006791000;25;14;11;45,9
21690006792000;20;12;8;43,9
21690006793000;11;3;8;39,1
21690006794000;36;23;13;35,2
21690006805000;10;6;4;54,0
21690006873000;33;19;14;45,8
21690006875000;32;18;14;35,2
21690006876000;20;9;11;43,0
21690006908000;10;5;5;54,6
21690006909000;20;8;12;36,1
21690006910000;1;0;1;0,0
21690006963000;11;7;4;30,0
21690006964000;284;149;135;37,8
21690006965000;308;154;154;43,6
21690006972000;20;11;9;41,2
21690006973000;45;27;18;35,9
21690006974000;2;1;1;0,0
21690006977000;55;27;28;42,7
21690006978000;16;9;7;43,4
21690006980000;10;6;4;37,0
21690006981000;2;1;1;0,0
21690006983000;46;22;24;40,3
21690006986000;16;7;9;38,7
21690006988000;8;5;3;35,6
21690006991000;22;10;12;47,0
21690006993000;9;5;4;33,8
21690006997000;8;3;5;37,0
21690006999000;2;1;1;0,0
21690007000000;5;2;3;34,4
21690007001000;2;2;0;0,0
21690007003000;2;1;1;0,0
21690007004000;3;2;1;0,0
21690007008000;8;4;4;53,1
21690007017000;27;16;11;51,3
21690007018000;3;2;1;0,0
21690007020000;10;6;4;35,0
21690007023000;3;2;1;0,0
21690007024000;16;7;9;47,1
21690007025000;8;6;2;48,6
21690007026000;6;4;2;50,3
21690007027000;9;5;4;58,4
21690007029000;1;0;1;0,0
21690007030000;4;1;3;0,0
21690007031000;30;16;14;37,4
21690007032000;7;4;3;63,4
21690007038000;2;1;1;0,0
21690007052000;3;1;2;0,0
21690007076000;3;2;1;0,0
21690007077000;70;40;30;46,8
21700006525000;2;1;1;0,0
21700006526000;7;3;4;24,3
21700006528000;6;2;4;36,2
21700006529000;2;1;1;0,0
21700006534000;12;6;6;42,4
21700006535000;13;5;8;50,0
21700006536000;7;4;3;62,1
21700006537000;42;20;22;41,4
21700006541000;24;12;12;31,8
21700006542000;151;80;71;39,9
21700006543000;7;5;2;42,1
21700006550000;9;6;3;24,2
21700006552000;1;1;0;0,0
21700006586000;72;41;31;45,0
21700006587000;49;27;22;36,1
21700006588000;7;4;3;69,4
21700006590000;2;1;1;0,0
21700006591000;17;8;9;31,5
21700006592000;12;8;4;37,6
21700006593000;23;11;12;51,7
21700006594000;6;4;2;46,2
21700006595000;9;4;5;28,0
21700006596000;22;10;12;34,1
21700006597000;65;32;33;49,4
21700006598000;63;32;31;42,1
21700006599000;31;20;11;36,6
21700006608000;1;0;1;0,0
21700006616000;8;6;2;27,0
21700006617000;15;7;8;38,3
21700006618000;30;14;16;38,4
21700006619000;134;68;66;43,6
21700006620000;108;58;50;39,2
21700006621000;48;23;25;41,6
21700006622000;17;8;9;28,4
21700006630000;18;9;9;34,2
21700006631000;2;1;1;0,0
21700006652000;5;2;3;30,2
21700006675000;6;3;3;43,8
21700006677000;2;1;1;0,0
21700006691000;3;2;1;0,0
21700006692000;5;3;2;35,4
21700006693000;5;2;3;45,2
21700006699000;1;0;1;0,0
21700006726000;8;3;5;37,1
21700006727000;9;4;5;44,3
21700006728000;13;6;7;33,1
21700006744000;490;227;263;48,6
21700006745000;308;150;158;41,2
21700006746000;42;20;22;41,1
21700006747000;32;18;14;43,7
21700006767000;1;0;1;0,0
21700006788000;1;0;1;0,0
21700006791000;15;11;4;44,7
21700006792000;1;0;1;0,0
21700006793000;22;12;10;51,6
21700006794000;17;9;8;46,7
21700006797000;2;0;2;0,0
21700006805000;14;8;6;64,1
21700006873000;32;16;16;50,3
21700006875000;14;7;7;64,3
21700006876000;5;3;2;55,6
21700006906000;13;6;7;39,7
21700006907000;29;16;13;35,1
21700006908000;6;3;3;46,2
21700006964000;55;26;29;34,7
21700006965000;1443;736;707;44,2
21700006966000;56;19;37;36,9
21700006974000;6;2;4;34,3
21700006975000;68;33;35;49,1
21700006976000;96;47;49;41,1
21700006977000;34;18;16;42,8
21700006982000;8;4;4;47,0
21700006983000;30;15;15;38,9
21700006984000;23;14;9;32,8
21700006985000;170;86;84;41,4
21700006986000;29;16;13;33,3
21700006987000;20;9;11;41,9
21700006989000;5;1;4;23,2
21700006990000;11;5;6;37,5
21700006997000;22;10;12;40,7
21700006998000;17;9;8;41,4
21700007002000;10;6;4;24,7
21700007004000;44;27;17;36,6
21700007009000;7;3;4;53,9
21700007017000;17;11;6;41,1
21700007020000;14;7;7;56,9
21700007021000;8;4;4;61,5
21700007036000;15;6;9;44,9
21700007039000;3;2;1;0,0
21700007050000;2;1;1;0,0
21700007051000;3;3;0;0,0
21700007052000;2;1;1;0,0
21700007058000;2;1;1;0,0
21700007059000;5;2;3;29,8
21700007060000;2;1;1;0,0
21700007077000;9;5;4;45,0
21700007078000;1;1;0;0,0
21710006526000;8;4;4;42,8
21710006527000;7;3;4;56,4
21710006528000;1;1;0;0,0
21710006530000;3;1;2;0,0
21710006534000;8;3;5;56,1
21710006535000;9;4;5;31,0
21710006536000;1;1;0;0,0
21710006537000;2;1;1;0,0
21710006539000;6;4;2;42,3
21710006540000;7;4;3;38,0
21710006541000;163;81;82;37,9
21710006542000;565;268;297;41,4
21710006543000;25;16;9;33,4
21710006551000;7;4;3;27,0
21710006570000;3;1;2;0,0
21710006579000;1;0;1;0,0
21710006584000;9;5;4;43,1
21710006585000;152;84;68;38,2
21710006586000;80;32;48;36,2
21710006590000;3;2;1;0,0
21710006591000;11;6;5;26,0
21710006592000;15;8;7;46,9
21710006593000;3;2;1;0,0
21710006594000;10;5;5;40,1
21710006595000;29;19;10;54,5
21710006596000;50;22;28;42,7
21710006597000;12;5;7;59,5
21710006598000;41;23;18;44,4
21710006599000;12;6;6;25,3
21710006616000;46;27;19;43,0
21710006617000;44;22;22;44,4
21710006618000;104;48;56;37,1
21710006619000;50;24;26;41,2
21710006620000;24;13;11;42,3
21710006621000;48;26;22;39,5
21710006627000;2;1;1;0,0
21710006629000;2;1;1;0,0
21710006630000;6;4;2;15,3
21710006631000;2;1;1;0,0
21710006669000;10;6;4;42,5
21710006674000;3;2;1;0,0
21710006675000;10;6;4;42,3
21710006682000;4;3;1;0,0
21710006726000;1;0;1;0,0
21710006728000;1;1;0;0,0
21710006729000;49;27;22;43,2
21710006730000;2;1;1;0,0
21710006744000;157;77;80;37,5
21710006746000;29;16;13;48,2
21710006747000;30;18;12;41,4
21710006748000;2;1;1;0,0
21710006756000;3;1;2;0,0
21710006760000;3;2;1;0,0
21710006781000;2;1;1;0,0
21710006782000;2;2;0;0,0
21710006791000;20;12;8;43,9
21710006793000;64;33;31;39,1
21710006794000;8;6;2;25,4
21710006804000;15;6;9;35,9
21710006805000;48;25;23;35,8
21710006872000;11;4;7;28,9
21710006873000;12;6;6;43,6
21710006875000;11;7;4;40,9
21710006902000;1;1;0;0,0
21710006905000;23;11;12;49,4
21710006906000;52;27;25;38,4
21710006907000;8;4;4;60,5
21710006964000;281;156;125;43,2
21710006965000;898;408;490;47,3
21710006975000;10;6;4;32,8
21710006976000;41;24;17;41,4
21710006979000;5;4;1;34,4
21710006989000;101;54;47;42,0
21710006991000;2;1;1;0,0
21710006998000;36;18;18;47,4
21710006999000;2;1;1;0,0
21710007002000;4;2;2;0,0
21710007003000;1;1;0;0,0
21710007004000;17;7;10;46,7
21710007036000;8;5;3;38,1
21710007039000;23;11;12;39,6
21710007050000;7;4;3;40,1
21710007061000;68;37;31;51,2
21710007062000;12;5;7;37,2
21710007076000;7;5;2;22,0
21710007077000;9;7;2;38,4
21720006526000;1;1;0;0,0
21720006527000;23;9;14;47,1
21720006528000;7;4;3;47,7
21720006531000;1;1;0;0,0
21720006535000;1;0;1;0,0
21720006541000;39;22;17;31,6
21720006542000;155;84;71;38,2
21720006543000;20;11;9;41,6
21720006544000;8;5;3;41,6
21720006545000;39;20;19;40,5
21720006546000;42;21;21;43,4
21720006550000;3;1;2;0,0
21720006557000;12;6;6;43,3
21720006568000;1;1;0;0,0
21720006570000;4;3;1;0,0
21720006582000;1;1;0;0,0
21720006583000;88;44;44;44,4
21720006584000;350;167;183;43,5
21720006585000;228;113;115;37,7
21720006586000;59;33;26;42,3
21720006587000;3;0;3;0,0
21720006588000;12;8;4;49,8
21720006589000;16;10;6;28,1
21720006595000;7;5;2;31,0
21720006596000;15;7;8;50,7
21720006597000;40;19;21;34,5
21720006598000;13;9;4;51,9
21720006614000;27;18;9;36,4
21720006615000;57;30;27;41,6
21720006616000;253;128;125;42,6
21720006617000;50;29;21;41,7
21720006618000;780;365;415;49,2
21720006619000;50;25;25;35,1
21720006628000;2;1;1;0,0
21720006630000;1;0;1;0,0
21720006633000;2;1;1;0,0
21720006672000;17;9;8;30,5
21720006673000;11;5;6;35,2
21720006674000;30;14;16;39,8
21720006675000;19;9;10;54,7
21720006681000;4;1;3;0,0
21720006724000;3;2;1;0,0
21720006728000;36;19;17;51,2
21720006729000;88;48;40;40,0
21720006730000;7;4;3;53,6
21720006743000;1;1;0;0,0
21720006744000;146;71;75;40,5
21720006746000;4;2;2;0,0
21720006747000;4;2;2;0,0
21720006754000;2;1;1;0,0
21720006755000;3;1;2;0,0
21720006779000;1;1;0;0,0
21720006782000;2;1;1;0,0
21720006789000;15;8;7;45,0
21720006790000;25;16;9;46,8
21720006791000;8;3;5;34,9
21720006792000;13;7;6;42,4
21720006793000;6;2;4;65,2
21720006796000;8;4;4;41,5
21720006797000;3;2;1;0,0
21720006802000;8;4;4;30,6
21720006803000;21;12;9;29,2
21720006804000;28;14;14;29,8
21720006805000;13;5;8;44,6
21720006872000;7;5;2;47,0
21720006873000;20;11;9;48,9
21720006875000;19;12;7;42,9
21720006904000;47;25;22;32,6
21720006905000;19;7;12;40,5
21720006964000;471;236;235;40,2
21720006989000;49;29;20;43,3
21720006990000;18;11;7;37,2
21720006991000;35;20;15;29,0
21720006999000;5;1;4;46,6
21720007003000;29;21;8;34,2
21720007004000;2;1;1;0,0
21720007016000;3;1;2;0,0
21720007017000;35;18;17;43,7
21720007018000;6;5;1;33,8
21720007020000;7;3;4;39,3
21720007029000;8;4;4;37,1
21720007030000;19;8;11;47,5
21720007032000;4;2;2;0,0
21720007038000;5;3;2;51,6
21720007039000;16;10;6;44,5
21720007050000;12;5;7;55,0
21720007061000;3;2;1;0,0
21720007062000;50;30;20;46,1
21720007077000;4;3;1;0,0
21730006528000;7;3;4;50,9
21730006529000;5;1;4;56,6
21730006530000;28;14;14;35,0
21730006531000;11;6;5;48,0
21730006536000;10;5;5;44,5
21730006541000;30;16;14;45,6
21730006542000;96;55;41;37,2
21730006543000;20;9;11;44,1
21730006545000;42;24;18;35,7
21730006546000;52;25;27;36,1
21730006547000;7;4;3;35,6
21730006548000;20;11;9;40,5
21730006549000;16;10;6;42,3
21730006550000;22;12;10;47,0
21730006558000;1;0;1;0,0
21730006583000;23;13;10;37,5
21730006584000;629;309;320;41,1
21730006585000;449;226;223;42,3
21730006586000;135;67;68;42,3
21730006587000;40;21;19;48,2
21730006589000;11;7;4;41,6
21730006590000;11;4;7;48,3
21730006593000;5;2;3;36,8
21730006596000;17;8;9;39,4
21730006597000;119;62;57;37,9
21730006598000;151;71;80;46,4
21730006599000;6;4;2;27,7
21730006614000;26;13;13;38,8
21730006615000;54;26;28;42,8
21730006616000;1;0;1;0,0
21730006617000;115;57;58;39,0
21730006618000;58;32;26;50,4
21730006627000;15;10;5;44,1
21730006630000;7;4;3;37,9
21730006633000;3;2;1;0,0
21730006669000;7;3;4;50,9
21730006670000;48;23;25;44,1
21730006671000;36;18;18;38,9
21730006672000;14;8;6;53,1
21730006673000;23;13;10;50,0
21730006674000;7;2;5;41,4
21730006675000;2;0;2;0,0
21730006728000;44;27;17;37,5
21730006729000;41;22;19;44,5
21730006730000;4;2;2;0,0
21730006737000;18;9;9;45,4
21730006738000;5;3;2;36,6
21730006742000;14;7;7;48,6
21730006743000;164;83;81;41,6
21730006744000;63;30;33;38,6
21730006745000;5;2;3;65,0
21730006752000;4;1;3;0,0
21730006753000;1;1;0;0,0
21730006757000;4;4;0;0,0
21730006758000;12;9;3;24,3
21730006759000;10;5;5;22,8
21730006789000;13;5;8;42,5
21730006790000;19;10;9;44,7
21730006792000;40;18;22;41,4
21730006797000;6;4;2;27,5
21730006801000;10;5;5;55,6
21730006802000;12;4;8;27,4
21730006804000;7;3;4;42,7
21730006805000;99;47;52;37,6
21730006835000;1;1;0;0,0
21730006872000;23;11;12;39,1
21730006873000;93;47;46;39,5
21730006875000;9;5;4;59,1
21730006876000;3;1;2;0,0
21730006903000;42;25;17;38,2
21730006904000;29;17;12;43,7
21730006963000;70;42;28;34,1
21730006964000;181;98;83;35,1
21730006975000;8;4;4;37,8
21730006986000;5;2;3;37,2
21730006989000;3;2;1;0,0
21730006990000;24;12;12;34,6
21730006991000;6;5;1;25,2
21730007000000;13;7;6;38,5
21730007003000;14;5;9;32,7
21730007016000;34;20;14;46,8
21730007017000;1;1;0;0,0
21730007018000;22;11;11;36,4
21730007020000;5;3;2;70,0
21730007027000;78;40;38;46,0
21730007028000;31;17;14;37,7
21730007029000;13;7;6;39,3
21730007030000;9;5;4;33,3
21730007031000;6;4;2;49,0
21730007032000;3;1;2;0,0
21730007037000;10;5;5;38,9
21730007038000;16;12;4;37,2
21730007039000;21;10;11;37,7
21730007040000;10;6;4;40,0
21730007058000;1;1;0;0,0
21730007060000;12;8;4;40,9
21730007061000;5;1;4;18,8
21730007062000;1;1;0;0,0
21730007063000;5;3;2;70,6
21730007077000;5;2;3;60,0
21730007078000;39;23;16;27,9
21740006528000;8;4;4;54,5
21740006529000;6;5;1;47,3
21740006530000;19;8;11;39,3
21740006532000;1;1;0;0,0
21740006534000;4;1;3;0,0
21740006535000;1;1;0;0,0
21740006536000;2;1;1;0,0
21740006539000;25;15;10;50,8
21740006540000;57;35;22;42,4
21740006541000;166;91;75;37,6
21740006542000;31;16;15;33,9
21740006544000;12;5;7;41,9
21740006545000;20;9;11;39,0
21740006546000;12;7;5;28,5
21740006547000;40;23;17;30,8
21740006548000;24;13;11;34,4
21740006560000;4;3;1;0,0
21740006561000;12;6;6;38,4
21740006583000;57;33;24;39,8
21740006584000;281;138;143;39,8
21740006585000;72;37;35;37,9
21740006587000;3;2;1;0,0
21740006594000;5;2;3;33,8
21740006595000;32;18;14;40,9
21740006596000;29;16;13;30,1
21740006597000;156;84;72;34,8
21740006598000;11;6;5;52,1
21740006599000;23;13;10;50,1
21740006600000;14;9;5;58,4
21740006614000;14;8;6;36,7
21740006615000;42;26;16;42,5
21740006616000;166;79;87;40,9
21740006617000;27;12;15;27,6
21740006623000;5;4;1;25,6
21740006625000;11;6;5;44,7
21740006626000;15;6;9;38,0
21740006627000;36;17;19;46,2
21740006636000;5;2;3;64,8
21740006637000;2;2;0;0,0
21740006660000;1;0;1;0,0
21740006668000;3;2;1;0,0
21740006669000;6;3;3;43,3
21740006670000;226;102;124;48,9
21740006671000;35;16;19;39,0
21740006672000;2;0;2;0,0
21740006673000;4;2;2;0,0
21740006674000;2;1;1;0,0
21740006675000;4;1;3;0,0
21740006728000;13;7;6;46,5
21740006729000;16;11;5;49,1
21740006735000;2;0;2;0,0
21740006736000;11;6;5;43,2
21740006737000;6;4;2;47,7
21740006738000;41;22;19;47,1
21740006739000;24;12;12;40,6
21740006740000;15;6;9;28,8
21740006741000;31;15;16;46,4
21740006742000;29;18;11;41,2
21740006743000;56;28;28;40,6
21740006744000;20;12;8;46,1
21740006745000;3;3;0;0,0
21740006757000;1;0;1;0,0
21740006766000;11;6;5;29,5
21740006770000;2;1;1;0,0
21740006775000;2;2;0;0,0
21740006776000;19;7;12;52,6
21740006777000;2;1;1;0,0
21740006778000;1;1;0;0,0
21740006786000;14;6;8;40,9
21740006787000;18;10;8;43,0
21740006788000;7;4;3;31,9
21740006789000;17;8;9;43,5
21740006790000;37;22;15;42,6
21740006791000;41;22;19;38,7
21740006792000;15;4;11;42,5
21740006796000;8;4;4;28,5
21740006797000;26;14;12;36,9
21740006800000;4;3;1;0,0
21740006801000;15;9;6;41,3
21740006802000;2;1;1;0,0
21740006803000;34;13;21;44,7
21740006804000;161;78;83;37,8
21740006805000;60;32;28;35,8
21740006870000;1;1;0;0,0
21740006872000;43;24;19;43,0
21740006873000;78;39;39;45,0
21740006874000;15;8;7;35,7
21740006902000;3;2;1;0,0
21740006903000;45;27;18;43,1
21740006904000;23;13;10;39,1
21740006962000;1;0;1;0,0
21740006963000;379;182;197;36,8
21740006974000;12;6;6;45,0
21740006984000;1;1;0;0,0
21740006985000;8;5;3;61,3
21740006986000;2;1;1;0,0
21740006989000;2;2;0;0,0
21740006990000;16;8;8;45,9
21740006991000;43;18;25;38,4
21740006997000;13;4;9;45,2
21740007000000;14;9;5;61,4
21740007004000;5;3;2;69,2
21740007016000;21;11;10;41,3
21740007018000;9;5;4;26,0
21740007020000;5;1;4;16,8
21740007021000;2;1;1;0,0
21740007026000;3;1;2;0,0
21740007027000;16;8;8;46,1
21740007029000;2;2;0;0,0
21740007030000;4;1;3;0,0
21740007031000;16;6;10;37,0
21740007032000;2;1;1;0,0
21740007038000;18;10;8;49,4
21740007039000;4;2;2;0,0
21740007040000;2;1;1;0,0
21740007049000;2;1;1;0,0
21740007063000;10;5;5;51,5
21740007078000;2;1;1;0,0
21750006530000;28;15;13;39,6
21750006531000;25;12;13;39,8
21750006532000;31;12;19;46,4
21750006533000;29;12;17;41,2
21750006534000;9;5;4;46,2
21750006536000;5;3;2;31,6
21750006537000;1;1;0;0,0
21750006538000;57;34;23;44,9
21750006539000;242;135;107;37,6
21750006540000;32;14;18;33,4
21750006541000;198;106;92;36,2
21750006542000;591;293;298;34,9
21750006544000;2;1;1;0,0
21750006545000;7;3;4;51,4
21750006546000;5;3;2;32,8
21750006561000;1;1;0;0,0
21750006583000;121;55;66;38,8
21750006584000;132;74;58;44,1
21750006585000;3;2;1;0,0
21750006597000;15;7;8;39,7
21750006598000;20;10;10;44,1
21750006599000;14;8;6;48,5
21750006600000;46;20;26;43,2
21750006601000;19;11;8;33,6
21750006605000;1;0;1;0,0
21750006612000;5;3;2;45,8
21750006613000;15;8;7;45,1
21750006614000;33;17;16;36,5
21750006615000;10;6;4;31,2
21750006616000;861;440;421;42,8
21750006617000;501;265;236;37,1
21750006618000;281;144;137;41,2
21750006622000;5;5;0;47,6
21750006623000;14;9;5;42,1
21750006625000;19;5;14;33,1
21750006635000;1;0;1;0,0
21750006636000;39;20;19;47,5
21750006668000;16;8;8;37,4
21750006669000;39;20;19;47,8
21750006670000;30;14;16;45,6
21750006671000;35;19;16;47,2
21750006672000;3;1;2;0,0
21750006728000;6;3;3;38,3
21750006732000;14;9;5;39,7
21750006733000;10;6;4;47,6
21750006734000;16;8;8;33,9
21750006735000;42;21;21;40,3
21750006736000;24;14;10;41,6
21750006737000;22;11;11;49,0
21750006738000;14;8;6;39,5
21750006739000;7;4;3;66,6
21750006743000;4;4;0;0,0
21750006744000;8;4;4;32,6
21750006777000;4;2;2;0,0
21750006778000;3;1;2;0,0
21750006783000;14;7;7;53,0
21750006784000;9;5;4;33,7
21750006785000;22;8;14;42,6
21750006786000;10;4;6;48,8
21750006787000;77;37;40;41,9
21750006788000;52;23;29;48,8
21750006789000;33;18;15;40,8
21750006790000;7;5;2;64,3
21750006796000;31;15;16;37,7
21750006797000;6;3;3;37,3
21750006798000;1;0;1;0,0
21750006799000;2;1;1;0,0
21750006800000;30;16;14;38,3
21750006801000;33;17;16;52,3
21750006872000;48;28;20;50,1
21750006874000;4;3;1;0,0
21750006902000;2;1;1;0,0
21750006903000;58;34;24;43,0
21750006904000;4;2;2;0,0
21750006962000;15;9;6;26,6
21750006963000;7;5;2;47,7
21750006973000;11;6;5;49,1
21750006987000;23;10;13;45,4
21750006988000;48;23;25;39,2
21750006989000;3;1;2;0,0
21750006991000;30;15;15;39,6
21750006997000;3;1;2;0,0
21750007000000;4;2;2;0,0
21750007004000;30;16;14;47,2
21750007015000;26;13;13;47,5
21750007016000;29;15;14;48,1
21750007017000;15;7;8;51,8
21750007018000;7;4;3;65,1
21750007021000;1;0;1;0,0
21750007025000;16;10;6;45,9
21750007026000;5;4;1;34,6
21750007030000;19;12;7;36,0
21750007031000;147;68;79;48,9
21750007032000;84;42;42;55,6
21750007033000;4;3;1;0,0
21750007050000;7;2;5;37,6
21750007070000;1;0;1;0,0
21750007077000;4;2;2;0,0
21750007078000;7;4;3;41,9
21760006530000;5;3;2;66,0
21760006531000;11;7;4;28,0
21760006533000;15;7;8;37,1
21760006534000;4;2;2;0,0
21760006536000;28;15;13;40,6
21760006537000;63;32;31;39,3
21760006538000;643;306;337;43,1
21760006539000;772;362;410;41,2
21760006540000;80;37;43;35,2
21760006541000;4;2;2;0,0
21760006542000;484;227;257;43,6
21760006543000;135;71;64;37,5
21760006547000;1;1;0;0,0
21760006552000;8;5;3;45,8
21760006553000;1;1;0;0,0
21760006555000;2;1;1;0,0
21760006567000;4;2;2;0,0
21760006568000;24;11;13;33,4
21760006573000;5;2;3;45,0
21760006583000;37;17;20;42,5
21760006584000;37;21;16;38,4
21760006587000;3;1;2;0,0
21760006588000;10;6;4;35,2
21760006589000;4;3;1;0,0
21760006597000;24;11;13;46,8
21760006598000;41;19;22;41,0
21760006599000;27;15;12;40,0
21760006600000;18;9;9;35,6
21760006601000;29;13;16;38,8
21760006605000;13;6;7;44,7
21760006606000;17;9;8;43,9
21760006607000;2;1;1;0,0
21760006608000;10;5;5;42,0
21760006609000;8;4;4;43,0
21760006610000;2;1;1;0,0
21760006611000;28;13;15;43,6
21760006612000;15;9;6;53,2
21760006615000;224;112;112;38,1
21760006616000;1555;743;812;42,9
21760006617000;1084;526;558;41,0
21760006618000;735;350;385;43,1
21760006619000;102;50;52;37,7
21760006620000;107;59;48;37,8
21760006621000;8;4;4;35,8
21760006622000;12;6;6;33,7
21760006623000;3;2;1;0,0
21760006635000;1;1;0;0,0
21760006636000;2;1;1;0,0
21760006668000;7;4;3;40,7
21760006669000;30;15;15;45,6
21760006670000;5;3;2;63,0
21760006671000;1;1;0;0,0
21760006728000;30;17;13;40,0
21760006729000;377;171;206;45,1
21760006730000;83;41;42;42,5
21760006731000;61;35;26;39,9
21760006732000;9;5;4;31,6
21760006736000;1;1;0;0,0
21760006753000;14;7;7;48,8
21760006777000;9;6;3;51,0
21760006781000;3;2;1;0,0
21760006782000;21;11;10;42,4
21760006783000;10;5;5;55,2
21760006784000;22;11;11;42,8
21760006785000;22;12;10;35,4
21760006786000;57;28;29;35,0
21760006787000;243;112;131;50,1
21760006788000;22;9;13;46,4
21760006795000;5;2;3;37,6
21760006796000;3;2;1;0,0
21760006797000;5;3;2;33,6
21760006798000;19;12;7;36,6
21760006799000;40;16;24;46,0
21760006800000;22;12;10;55,2
21760006872000;41;22;19;44,0
21760006902000;8;4;4;61,4
21760006903000;39;22;17;36,7
21760006962000;20;8;12;34,9
21760006983000;5;3;2;60,8
21760006984000;14;7;7;32,9
21760006987000;14;6;8;47,3
21760006991000;18;10;8;51,4
21760006998000;19;11;8;47,7
21760007000000;13;8;5;40,5
21760007003000;6;5;1;39,5
21760007004000;71;41;30;41,6
21760007014000;1;0;1;0,0
21760007015000;91;48;43;36,3
21760007016000;5;2;3;44,6
21760007017000;7;2;5;45,1
21760007018000;9;4;5;73,2
21760007022000;6;5;1;54,2
21760007023000;9;4;5;53,2
21760007024000;3;1;2;0,0
21760007028000;6;3;3;47,7
21760007029000;7;2;5;46,7
21760007030000;18;9;9;55,2
21760007031000;83;33;50;52,6
21760007032000;365;178;187;36,2
21760007033000;36;19;17;38,3
21760007034000;36;22;14;40,9
21760007035000;28;16;12;45,9
21760007037000;3;2;1;0,0
21760007041000;8;5;3;59,4
21760007042000;3;1;2;0,0
21760007063000;4;2;2;0,0
21760007064000;5;4;1;58,4
21760007077000;5;3;2;67,8
21760007078000;11;6;5;47,0
21760007079000;32;13;19;40,1
21760007080000;3;1;2;0,0
21770006530000;3;2;1;0,0
21770006535000;19;9;10;35,9
21770006536000;85;42;43;51,2
21770006537000;108;56;52;36,5
21770006538000;1408;680;728;45,8
21770006539000;1268;584;684;42,0
21770006540000;220;104;116;47,7
21770006541000;26;13;13;38,3
21770006542000;82;45;37;38,0
21770006543000;106;58;48;36,9
21770006544000;16;7;9;38,1
21770006545000;13;9;4;53,3
21770006553000;11;5;6;36,6
21770006554000;8;4;4;56,3
21770006561000;1;1;0;0,0
21770006563000;2;1;1;0,0
21770006567000;32;19;13;43,8
21770006572000;1;1;0;0,0
21770006573000;7;3;4;50,4
21770006582000;8;4;4;63,6
21770006583000;35;21;14;45,3
21770006584000;25;14;11;35,9
21770006587000;2;2;0;0,0
21770006588000;65;39;26;42,8
21770006589000;30;18;12;55,0
21770006596000;3;2;1;0,0
21770006597000;16;10;6;50,6
21770006598000;6;3;3;48,2
21770006599000;41;22;19;41,7
21770006600000;144;73;71;32,5
21770006601000;37;21;16;43,6
21770006602000;21;11;10;43,6
21770006603000;5;2;3;46,4
21770006604000;9;5;4;40,7
21770006605000;33;17;16;43,5
21770006607000;9;5;4;40,3
21770006608000;19;10;9;38,2
21770006609000;2;1;1;0,0
21770006610000;5;4;1;31,0
21770006613000;45;22;23;40,3
21770006614000;17;7;10;58,3
21770006615000;428;206;222;41,9
21770006616000;730;355;375;39,3
21770006617000;405;183;222;41,4
21770006619000;12;8;4;32,3
21770006620000;5;3;2;21,4
21770006621000;70;31;39;38,8
21770006622000;84;40;44;40,5
21770006623000;8;5;3;36,6
21770006629000;2;1;1;0,0
21770006634000;3;1;2;0,0
21770006635000;12;8;4;34,5
21770006668000;8;4;4;36,0
21770006669000;50;28;22;37,4
21770006670000;20;12;8;36,8
21770006671000;6;4;2;48,2
21770006727000;2;1;1;0,0
21770006728000;158;71;87;45,2
21770006729000;445;206;239;47,8
21770006730000;357;160;197;41,9
21770006731000;5;4;1;23,0
21770006754000;5;2;3;49,6
21770006761000;4;2;2;0,0
21770006777000;4;2;2;0,0
21770006778000;12;7;5;52,1
21770006781000;19;9;10;44,7
21770006782000;26;14;12;34,5
21770006783000;9;5;4;40,9
21770006784000;13;5;8;38,2
21770006785000;42;24;18;42,1
21770006786000;9;5;4;59,0
21770006787000;11;6;5;35,5
21770006795000;33;17;16;37,2
21770006796000;18;8;10;27,7
21770006797000;29;16;13;40,3
21770006798000;35;16;19;38,7
21770006799000;16;10;6;30,6
21770006873000;5;2;3;55,8
21770006902000;29;15;14;41,0
21770006903000;25;13;12;40,6
21770006961000;19;12;7;35,7
21770006962000;146;77;69;47,0
21770006963000;7;1;6;33,9
21770006982000;3;2;1;0,0
21770006991000;8;5;3;36,8
21770006992000;7;3;4;35,3
21770006998000;43;25;18;44,0
21770007000000;135;68;67;37,3
21770007004000;3;2;1;0,0
21770007005000;9;4;5;46,9
21770007012000;39;19;20;48,4
21770007013000;12;7;5;57,6
21770007015000;7;3;4;38,3
21770007020000;3;2;1;0,0
21770007026000;2;1;1;0,0
21770007027000;21;10;11;42,2
21770007028000;22;12;10;35,1
21770007030000;7;4;3;41,3
21770007031000;22;6;16;28,9
21770007033000;4;2;2;0,0
21770007036000;5;4;1;22,4
21770007064000;5;3;2;55,0
21770007079000;5;2;3;40,2
21780006531000;12;7;5;32,8
21780006532000;3;2;1;0,0
21780006533000;28;15;13;42,5
21780006534000;32;17;15;42,3
21780006535000;15;8;7;41,3
21780006536000;5;3;2;55,6
21780006538000;313;154;159;47,9
21780006539000;518;255;263;49,5
21780006540000;3;2;1;0,0
21780006542000;17;9;8;35,2
21780006543000;46;24;22;46,2
21780006544000;14;6;8;38,9
21780006545000;6;2;4;29,2
21780006548000;1;0;1;0,0
21780006552000;12;6;6;50,4
21780006553000;16;8;8;51,1
21780006562000;18;11;7;45,4
21780006565000;4;2;2;0,0
21780006566000;3;1;2;0,0
21780006567000;9;6;3;33,4
21780006571000;2;1;1;0,0
21780006572000;33;18;15;45,2
21780006575000;4;2;2;0,0
21780006577000;1;1;0;0,0
21780006581000;26;13;13;41,8
21780006582000;131;74;57;37,5
21780006583000;30;14;16;46,6
21780006584000;35;17;18;46,4
21780006588000;2;1;1;0,0
21780006591000;7;4;3;38,0
21780006596000;10;5;5;42,6
21780006598000;3;2;1;0,0
21780006599000;63;35;28;43,5
21780006600000;138;67;71;40,1
21780006602000;7;3;4;51,1
21780006603000;49;31;18;34,1
21780006604000;16;8;8;39,0
21780006605000;32;17;15;42,7
21780006606000;8;5;3;57,1
21780006607000;33;14;19;39,7
21780006608000;7;5;2;32,4
21780006609000;6;3;3;73,8
21780006610000;233;120;113;38,8
21780006611000;79;41;38;50,7
21780006612000;15;8;7;59,3
21780006613000;22;13;9;37,2
21780006614000;5;3;2;53,4
21780006616000;466;245;221;37,8
21780006617000;141;69;72;42,1
21780006633000;5;2;3;46,6
21780006634000;38;21;17;45,4
21780006667000;7;3;4;18,7
21780006668000;9;6;3;46,3
21780006669000;19;9;10;45,1
21780006670000;2;1;1;0,0
21780006722000;11;6;5;31,1
21780006726000;2;1;1;0,0
21780006727000;40;21;19;34,1
21780006728000;215;103;112;41,0
21780006729000;518;256;262;39,2
21780006730000;22;9;13;34,4
21780006777000;32;18;14;29,8
21780006778000;11;6;5;51,8
21780006779000;19;6;13;38,3
21780006780000;51;26;25;37,5
21780006781000;30;12;18;38,3
21780006782000;35;21;14;29,9
21780006783000;16;10;6;39,8
21780006784000;23;12;11;31,1
21780006785000;22;13;9;42,4
21780006790000;8;4;4;35,6
21780006794000;6;4;2;49,3
21780006795000;39;18;21;34,1
21780006798000;1;1;0;0,0
21780006871000;17;8;9;46,9
21780006873000;5;2;3;29,4
21780006899000;5;3;2;31,6
21780006901000;3;2;1;0,0
21780006902000;33;15;18;28,5
21780006961000;132;67;65;39,1
21780006962000;195;107;88;36,4
21780006980000;10;6;4;49,0
21780006981000;18;9;9;55,6
21780006992000;18;8;10;46,9
21780006998000;83;49;34;42,1
21780006999000;14;5;9;45,4
21780007000000;124;65;59;36,0
21780007005000;4;2;2;0,0
21780007011000;21;14;7;40,2
21780007012000;41;20;21;45,6
21780007014000;1;1;0;0,0
21780007015000;48;26;22;42,8
21780007020000;4;2;2;0,0
21780007024000;7;2;5;34,9
21780007031000;15;9;6;46,6
21780007032000;6;3;3;60,3
21780007036000;10;6;4;46,6
21780007037000;7;3;4;72,1
21780007038000;7;4;3;55,1
21780007044000;6;3;3;37,8
21780007063000;8;3;5;64,1
21780007076000;3;3;0;0,0
21780007080000;4;3;1;0,0
21780007095000;11;4;7;63,9
21780007096000;65;34;31;61,7
21790006535000;13;7;6;43,0
21790006536000;4;2;2;0,0
21790006537000;10;6;4;40,7
21790006542000;2;1;1;0,0
21790006543000;12;6;6;42,9
21790006545000;4;2;2;0,0
21790006547000;6;2;4;37,8
21790006548000;1;1;0;0,0
21790006549000;6;3;3;49,5
21790006550000;3;2;1;0,0
21790006551000;4;3;1;0,0
21790006562000;1;0;1;0,0
21790006564000;10;4;6;31,2
21790006566000;1;1;0;0,0
21790006567000;25;12;13;44,8
21790006570000;4;2;2;0,0
21790006571000;25;11;14;45,9
21790006572000;24;12;12;47,8
21790006573000;17;8;9;43,7
21790006574000;12;4;8;36,2
21790006575000;7;2;5;31,6
21790006578000;18;9;9;35,9
21790006579000;23;13;10;43,4
21790006580000;33;17;16;33,9
21790006581000;19;8;11;34,1
21790006582000;20;13;7;50,5
21790006583000;2;1;1;0,0
21790006584000;5;3;2;51,0
21790006603000;8;4;4;63,9
21790006604000;43;22;21;41,5
21790006605000;7;4;3;68,6
21790006607000;4;3;1;0,0
21790006608000;26;16;10;41,8
21790006609000;60;31;29;44,7
21790006610000;62;27;35;38,1
21790006611000;15;6;9;37,0
21790006621000;3;1;2;0,0
21790006666000;11;5;6;35,6
21790006667000;3;2;1;0,0
21790006668000;1;0;1;0,0
21790006669000;48;27;21;45,3
21790006691000;1;0;1;0,0
21790006701000;1;1;0;0,0
21790006703000;9;4;5;40,2
21790006704000;2;1;1;0,0
21790006720000;13;7;6;37,0
21790006721000;9;5;4;44,4
21790006722000;6;4;2;47,2
21790006723000;13;7;6;44,1
21790006725000;18;10;8;38,1
21790006726000;15;7;8;48,9
21790006727000;17;7;10;34,4
21790006728000;12;7;5;46,8
21790006729000;4;2;2;0,0
21790006777000;81;47;34;34,1
21790006778000;45;25;20;39,3
21790006779000;28;15;13;39,9
21790006780000;49;23;26;33,8
21790006781000;220;119;101;41,1
21790006782000;46;25;21;39,2
21790006783000;26;11;15;39,9
21790006784000;17;9;8;39,2
21790006789000;8;3;5;34,3
21790006790000;52;26;26;44,0
21790006791000;37;21;16;44,0
21790006794000;87;50;37;40,5
21790006795000;35;17;18;37,2
21790006796000;1;1;0;0,0
21790006867000;2;1;1;0,0
21790006871000;18;9;9;33,6
21790006872000;7;5;2;37,6
21790006873000;2;1;1;0,0
21790006901000;20;7;13;34,7
21790006902000;224;101;123;48,2
21790006961000;113;54;59;41,3
21790006962000;59;28;31;37,5
21790006971000;5;3;2;32,4
21790006972000;6;2;4;44,3
21790006979000;11;6;5;43,4
21790006980000;33;19;14;46,3
21790006981000;84;48;36;43,9
21790006992000;9;4;5;28,2
21790006993000;27;13;14;35,8
21790006997000;16;9;7;21,6
21790006998000;180;88;92;45,5
21790006999000;36;20;16;52,4
21790007000000;83;40;43;42,7
21790007006000;18;9;9;42,4
21790007012000;7;5;2;33,1
21790007020000;6;3;3;59,2
21790007022000;5;3;2;38,4
21790007024000;8;4;4;36,5
21790007032000;7;3;4;44,3
21790007036000;19;11;8;39,3
21790007037000;9;3;6;36,0
21790007044000;7;3;4;47,0
21790007045000;7;4;3;39,1
21790007050000;1;0;1;0,0
21790007051000;1;1;0;0,0
21790007063000;12;6;6;65,4
21790007064000;16;8;8;37,6
21790007065000;6;4;2;43,3
21790007076000;5;2;3;47,8
21790007080000;22;11;11;46,3
21800006536000;8;5;3;64,8
21800006537000;42;22;20;46,7
21800006539000;4;2;2;0,0
21800006541000;15;9;6;57,1
21800006542000;15;8;7;49,9
21800006543000;7;4;3;39,9
21800006546000;7;4;3;30,6
21800006547000;3;2;1;0,0
21800006548000;5;5;0;33,8
21800006549000;21;11;10;39,1
21800006550000;3;2;1;0,0
21800006561000;7;4;3;57,4
21800006563000;8;5;3;53,9
21800006564000;21;9;12;34,5
21800006566000;4;2;2;0,0
21800006571000;4;2;2;0,0
21800006572000;4;2;2;0,0
21800006573000;4;2;2;0,0
21800006574000;14;7;7;30,9
21800006575000;18;8;10;54,2
21800006576000;45;24;21;36,0
21800006577000;14;9;5;30,2
21800006578000;26;14;12;44,6
21800006579000;29;16;13;48,7
21800006580000;14;6;8;36,4
21800006581000;19;10;9;47,6
21800006582000;3;2;1;0,0
21800006585000;16;10;6;37,5
21800006586000;11;7;4;56,6
21800006602000;3;2;1;0,0
21800006662000;2;1;1;0,0
21800006663000;3;2;1;0,0
21800006664000;9;5;4;37,9
21800006665000;20;12;8;37,9
21800006666000;23;13;10;36,8
21800006667000;3;1;2;0,0
21800006668000;18;9;9;44,6
21800006715000;12;5;7;26,3
21800006717000;5;2;3;25,0
21800006718000;37;18;19;41,5
21800006719000;17;10;7;54,8
21800006720000;8;4;4;58,1
21800006721000;8;4;4;33,8
21800006722000;31;14;17;37,2
21800006723000;13;6;7;52,3
21800006724000;12;6;6;55,8
21800006726000;10;5;5;24,2
21800006776000;32;12;20;49,5
21800006777000;43;22;21;36,7
21800006778000;8;3;5;52,0
21800006779000;22;11;11;50,1
21800006780000;47;28;19;32,2
21800006781000;46;24;22;40,1
21800006782000;9;6;3;47,6
21800006788000;10;5;5;23,4
21800006789000;12;6;6;42,6
21800006790000;87;43;44;39,7
21800006792000;8;4;4;58,1
21800006793000;102;43;59;59,9
21800006794000;5;3;2;46,4
21800006795000;28;16;12;44,0
21800006796000;5;2;3;40,6
21800006846000;2;1;1;0,0
21800006871000;9;4;5;39,2
21800006873000;2;1;1;0,0
21800006900000;8;4;4;41,3
21800006901000;8;6;2;32,5
21800006902000;59;27;32;54,6
21800006961000;1;1;0;0,0
21800006979000;62;34;28;40,0
21800006980000;36;22;14;43,3
21800006992000;18;8;10;28,3
21800006993000;12;6;6;37,3
21800006994000;26;8;18;32,3
21800006995000;15;9;6;46,1
21800006996000;200;102;98;29,7
21800006997000;767;386;381;38,2
21800006998000;40;24;16;45,2
21800006999000;119;60;59;40,5
21800007000000;41;23;18;34,1
21800007001000;9;6;3;32,7
21800007006000;25;14;11;47,2
21800007020000;24;13;11;41,3
21800007032000;3;2;1;0,0
21800007036000;10;7;3;44,0
21800007037000;18;8;10;44,4
21800007043000;10;3;7;40,9
21800007044000;12;6;6;54,0
21800007076000;5;1;4;46,4
21800007080000;58;32;26;41,7
21810006537000;58;28;30;36,2
21810006538000;3;2;1;0,0
21810006541000;2;1;1;0,0
21810006543000;7;5;2;35,3
21810006544000;17;8;9;39,8
21810006545000;14;8;6;62,4
21810006546000;3;3;0;0,0
21810006547000;2;1;1;0,0
21810006548000;14;4;10;42,2
21810006563000;1;0;1;0,0
21810006564000;9;3;6;36,0
21810006565000;98;52;46;39,7
21810006566000;11;6;5;40,4
21810006567000;16;7;9;39,3
21810006574000;6;4;2;43,2
21810006575000;5;3;2;25,8
21810006576000;98;48;50;39,1
21810006577000;98;43;55;48,7
21810006578000;22;10;12;39,3
21810006619000;4;2;2;0,0
21810006635000;3;2;1;0,0
21810006646000;1;1;0;0,0
21810006660000;6;3;3;39,2
21810006661000;10;5;5;54,3
21810006662000;13;8;5;53,3
21810006663000;43;24;19;50,2
21810006664000;6;4;2;46,5
21810006665000;14;7;7;38,8
21810006666000;18;9;9;53,9
21810006667000;12;6;6;38,3
21810006668000;14;8;6;33,4
21810006692000;7;2;5;40,7
21810006716000;15;7;8;46,4
21810006717000;52;29;23;33,6
21810006718000;1;1;0;0,0
21810006719000;33;17;16;38,2
21810006721000;4;2;2;0,0
21810006722000;7;3;4;51,6
21810006723000;8;4;4;42,8
21810006724000;17;9;8;49,5
21810006725000;8;4;4;43,9
21810006753000;5;3;2;37,6
21810006757000;10;4;6;55,8
21810006774000;20;8;12;29,5
21810006775000;20;12;8;35,2
21810006776000;29;12;17;39,4
21810006777000;101;54;47;44,4
21810006778000;34;21;13;44,9
21810006779000;35;22;13;42,0
21810006780000;20;9;11;35,9
21810006783000;3;1;2;0,0
21810006784000;5;2;3;38,8
21810006785000;28;14;14;42,0
21810006786000;45;26;19;47,3
21810006787000;6;3;3;61,7
21810006789000;4;2;2;0,0
21810006790000;32;16;16;27,4
21810006791000;32;18;14;45,8
21810006792000;100;47;53;40,3
21810006793000;122;49;73;49,0
21810006794000;1;1;0;0,0
21810006795000;29;14;15;38,1
21810006796000;11;7;4;37,5
21810006867000;1;1;0;0,0
21810006869000;3;2;1;0,0
21810006871000;34;16;18;46,0
21810006872000;2;1;1;0,0
21810006873000;5;4;1;20,2
21810006902000;29;17;12;37,9
21810006913000;3;2;1;0,0
21810006960000;13;7;6;37,1
21810006961000;16;8;8;43,4
21810006979000;15;8;7;50,4
21810006993000;28;15;13;35,1
21810006994000;5;3;2;63,2
21810006996000;48;20;28;29,5
21810006997000;544;261;283;38,9
21810006998000;32;14;18;39,2
21810006999000;97;46;51;41,8
21810007000000;56;33;23;49,3
21810007001000;2;1;1;0,0
21810007006000;11;7;4;47,2
21810007007000;5;3;2;16,6
21810007020000;12;6;6;57,0
21810007036000;5;3;2;32,0
21810007037000;3;2;1;0,0
21810007043000;16;8;8;39,2
21810007044000;8;5;3;40,4
21810007052000;3;1;2;0,0
21810007067000;3;3;0;0,0
21810007076000;14;7;7;50,9
21810007080000;58;30;28;39,4
21820006537000;35;19;16;38,9
21820006538000;4;3;1;0,0
21820006540000;1;1;0;0,0
21820006541000;4;1;3;0,0
21820006542000;6;3;3;65,5
21820006543000;2;1;1;0,0
21820006544000;5;3;2;67,6
21820006545000;20;11;9;46,9
21820006546000;11;5;6;41,2
21820006548000;3;2;1;0,0
21820006549000;21;14;7;48,8
21820006563000;4;2;2;0,0
21820006566000;7;5;2;40,7
21820006574000;8;5;3;58,0
21820006575000;11;7;4;42,3
21820006577000;11;6;5;33,1
21820006580000;2;1;1;0,0
21820006616000;2;1;1;0,0
21820006633000;5;2;3;50,8
21820006634000;12;5;7;42,8
21820006635000;2;1;1;0,0
21820006658000;9;5;4;37,0
21820006659000;14;6;8;45,3
21820006660000;5;3;2;57,0
21820006661000;11;5;6;46,6
21820006662000;19;11;8;46,7
21820006663000;97;47;50;43,7
21820006665000;7;4;3;45,6
21820006666000;2;1;1;0,0
21820006691000;5;1;4;39,2
21820006692000;14;9;5;36,6
21820006695000;14;6;8;50,7
21820006696000;10;5;5;34,4
21820006697000;15;6;9;34,0
21820006717000;9;5;4;46,0
21820006718000;8;4;4;47,1
21820006726000;1;1;0;0,0
21820006728000;5;4;1;30,4
21820006758000;6;3;3;38,2
21820006761000;2;1;1;0,0
21820006773000;1;1;0;0,0
21820006774000;44;25;19;41,0
21820006775000;27;15;12;41,6
21820006776000;67;27;40;33,4
21820006777000;3;1;2;0,0
21820006783000;4;3;1;0,0
21820006784000;6;2;4;31,7
21820006785000;12;5;7;44,3
21820006787000;6;5;1;24,2
21820006788000;34;16;18;52,8
21820006789000;41;20;21;38,1
21820006790000;131;60;71;43,6
21820006791000;160;78;82;45,1
21820006794000;12;6;6;37,8
21820006795000;36;19;17;39,0
21820006796000;3;1;2;0,0
21820006869000;24;11;13;37,0
21820006870000;1;1;0;0,0
21820006871000;60;32;28;34,9
21820006872000;25;14;11;48,8
21820006873000;2;1;1;0,0
21820006880000;5;3;2;63,0
21820006881000;3;2;1;0,0
21820006900000;8;5;3;28,9
21820006901000;3;1;2;0,0
21820006902000;37;17;20;39,7
21820006909000;4;3;1;0,0
21820006913000;6;3;3;27,8
21820006960000;10;7;3;44,5
21820006961000;5;4;1;28,6
21820006969000;2;1;1;0,0
21820006978000;21;11;10;37,0
21820006993000;5;3;2;55,4
21820006997000;34;14;20;59,1
21820006998000;311;135;176;58,0
21820006999000;161;83;78;38,4
21820007007000;5;4;1;44,0
21820007022000;1;1;0;0,0
21820007023000;8;5;3;46,6
21820007036000;14;5;9;43,6
21820007037000;4;3;1;0,0
21820007043000;17;9;8;43,8
21820007052000;1;1;0;0,0
21820007063000;2;1;1;0,0
21820007066000;14;9;5;39,9
21820007067000;5;3;2;27,6
21820007076000;41;25;16;44,4
21820007079000;25;15;10;43,6
21820007080000;58;27;31;43,4
21830006535000;2;1;1;0,0
21830006536000;29;15;14;41,7
21830006537000;10;7;3;28,9
21830006538000;7;4;3;45,7
21830006539000;5;3;2;41,2
21830006540000;7;4;3;59,4
21830006541000;4;4;0;0,0
21830006542000;4;2;2;0,0
21830006546000;10;6;4;46,0
21830006547000;25;15;10;44,8
21830006549000;4;2;2;0,0
21830006566000;1;1;0;0,0
21830006574000;59;32;27;31,9
21830006575000;69;36;33;27,0
21830006580000;4;2;2;0,0
21830006633000;14;8;6;46,7
21830006635000;13;7;6;48,8
21830006651000;5;3;2;42,4
21830006653000;9;3;6;47,1
21830006655000;7;3;4;46,4
21830006656000;21;9;12;51,3
21830006657000;7;3;4;43,4
21830006658000;16;10;6;45,8
21830006659000;10;3;7;56,3
21830006660000;1;1;0;0,0
21830006661000;1;1;0;0,0
21830006664000;19;12;7;40,9
21830006692000;13;7;6;36,7
21830006694000;26;11;15;49,8
21830006695000;15;8;7;47,3
21830006696000;7;4;3;53,4
21830006717000;14;9;5;57,6
21830006718000;14;8;6;48,7
21830006760000;5;3;2;54,8
21830006773000;4;2;2;0,0
21830006774000;12;7;5;60,8
21830006775000;18;8;10;47,9
21830006776000;1;1;0;0,0
21830006784000;3;1;2;0,0
21830006785000;65;32;33;31,7
21830006786000;59;30;29;48,6
21830006787000;96;50;46;38,6
21830006788000;34;18;16;40,1
21830006789000;41;24;17;37,8
21830006869000;28;13;15;44,4
21830006871000;19;8;11;37,7
21830006872000;3;1;2;0,0
21830006873000;45;21;24;30,1
21830006874000;7;4;3;27,3
21830006875000;4;1;3;0,0
21830006880000;12;8;4;48,0
21830006899000;9;6;3;38,6
21830006900000;27;14;13;37,0
21830006901000;1;1;0;0,0
21830006902000;53;27;26;46,7
21830006908000;5;2;3;15,8
21830006959000;4;3;1;0,0
21830006960000;24;12;12;38,3
21830006977000;4;2;2;0,0
21830006993000;2;1;1;0,0
21830006994000;5;3;2;56,0
21830006998000;14;8;6;40,4
21830006999000;78;36;42;39,8
21830007023000;13;5;8;52,7
21830007036000;11;6;5;54,5
21830007037000;47;25;22;37,3
21830007038000;7;3;4;40,6
21830007044000;20;9;11;45,9
21830007053000;10;5;5;67,6
21830007066000;21;12;9;29,1
21830007076000;26;16;10;47,5
21830007078000;2;1;1;0,0
21830007080000;22;14;8;28,6
21830007081000;12;8;4;31,3
21830007098000;26;14;12;37,2
21840006536000;22;11;11;46,4
21840006538000;7;3;4;49,4
21840006540000;4;2;2;0,0
21840006541000;3;1;2;0,0
21840006542000;4;2;2;0,0
21840006543000;1;1;0;0,0
21840006546000;6;3;3;40,2
21840006547000;20;10;10;32,6
21840006548000;3;2;1;0,0
21840006549000;4;3;1;0,0
21840006567000;9;5;4;36,3
21840006573000;22;10;12;47,9
21840006574000;53;30;23;35,0
21840006575000;10;5;5;48,7
21840006579000;47;25;22;39,2
21840006633000;5;4;1;37,4
21840006635000;10;6;4;33,5
21840006650000;6;2;4;62,0
21840006651000;1;0;1;0,0
21840006652000;3;2;1;0,0
21840006653000;8;5;3;43,1
21840006654000;9;4;5;43,4
21840006655000;2;1;1;0,0
21840006656000;8;4;4;43,5
21840006657000;12;6;6;43,5
21840006658000;5;3;2;38,2
21840006659000;10;6;4;26,6
21840006663000;12;6;6;43,6
21840006664000;1;1;0;0,0
21840006690000;4;2;2;0,0
21840006691000;1;1;0;0,0
21840006692000;9;5;4;53,3
21840006693000;7;4;3;40,1
21840006694000;9;5;4;38,7
21840006716000;15;6;9;30,1
21840006718000;10;6;4;59,9
21840006758000;1;1;0;0,0
21840006760000;10;6;4;39,3
21840006771000;6;2;4;33,3
21840006772000;21;10;11;35,8
21840006773000;13;6;7;30,5
21840006774000;20;10;10;44,0
21840006775000;22;14;8;29,3
21840006780000;20;12;8;32,9
21840006783000;7;4;3;44,1
21840006784000;66;34;32;42,1
21840006785000;115;62;53;35,5
21840006787000;43;22;21;41,7
21840006788000;5;4;1;50,8
21840006863000;6;3;3;26,8
21840006867000;5;3;2;60,8
21840006868000;5;3;2;38,2
21840006869000;2;1;1;0,0
21840006871000;1;1;0;0,0
21840006872000;19;10;9;33,1
21840006873000;33;21;12;39,9
21840006874000;20;12;8;48,9
21840006878000;11;8;3;47,5
21840006879000;21;8;13;47,8
21840006880000;24;14;10;41,8
21840006881000;18;8;10;31,9
21840006899000;16;7;9;46,6
21840006900000;2;1;1;0,0
21840006901000;28;14;14;46,2
21840006959000;21;12;9;37,0
21840006960000;6;3;3;38,2
21840006998000;78;41;37;37,3
21840006999000;12;6;6;42,6
21840007007000;1;1;0;0,0
21840007008000;4;3;1;0,0
21840007021000;8;4;4;48,1
21840007037000;10;7;3;52,1
21840007038000;1;0;1;0,0
21840007039000;14;7;7;39,2
21840007040000;39;18;21;41,7
21840007041000;16;7;9;32,7
21840007042000;13;7;6;48,0
21840007043000;4;2;2;0,0
21840007044000;38;20;18;31,4
21840007065000;4;2;2;0,0
21840007068000;6;2;4;35,2
21840007069000;9;5;4;58,3
21840007076000;20;12;8;39,6
21840007077000;10;5;5;23,4
21840007081000;72;36;36;36,0
21850006540000;1;1;0;0,0
21850006545000;1;1;0;0,0
21850006547000;19;9;10;31,2
21850006548000;16;9;7;39,3
21850006550000;5;4;1;34,2
21850006556000;5;2;3;16,0
21850006557000;3;1;2;0,0
21850006559000;1;0;1;0,0
21850006566000;14;7;7;23,9
21850006567000;39;18;21;35,6
21850006568000;5;3;2;41,2
21850006569000;5;3;2;41,4
21850006570000;7;4;3;43,3
21850006573000;7;5;2;49,3
21850006574000;20;10;10;35,1
21850006575000;10;5;5;32,5
21850006576000;5;4;1;34,2
21850006577000;8;3;5;37,0
21850006578000;49;27;22;39,4
21850006579000;3;3;0;0,0
21850006618000;4;3;1;0,0
21850006631000;2;2;0;0,0
21850006632000;27;16;11;39,3
21850006633000;3;2;1;0,0
21850006634000;2;1;1;0,0
21850006648000;3;1;2;0,0
21850006649000;16;9;7;39,7
21850006651000;6;2;4;36,2
21850006653000;3;2;1;0,0
21850006654000;11;5;6;38,7
21850006656000;8;4;4;48,4
21850006692000;10;5;5;70,0
21850006693000;35;15;20;44,5
21850006694000;4;2;2;0,0
21850006760000;2;1;1;0,0
21850006761000;18;10;8;38,2
21850006762000;4;2;2;0,0
21850006772000;11;3;8;42,6
21850006773000;30;14;16;44,6
21850006774000;42;20;22;39,9
21850006775000;17;11;6;28,3
21850006779000;5;3;2;36,0
21850006780000;44;24;20;41,5
21850006781000;29;16;13;39,2
21850006782000;2;1;1;0,0
21850006783000;90;42;48;41,2
21850006784000;126;63;63;41,1
21850006785000;26;13;13;43,1
21850006798000;2;1;1;0,0
21850006857000;2;1;1;0,0
21850006866000;3;2;1;0,0
21850006873000;23;14;9;40,4
21850006874000;4;2;2;0,0
21850006877000;15;8;7;49,7
21850006878000;10;5;5;40,3
21850006879000;6;4;2;41,5
21850006880000;27;13;14;32,7
21850006899000;15;7;8;49,1
21850006900000;3;2;1;0,0
21850006901000;12;5;7;34,8
21850006958000;9;4;5;37,0
21850006959000;10;6;4;52,5
21850006998000;23;11;12;43,0
21850007008000;4;3;1;0,0
21850007020000;11;5;6;47,1
21850007021000;13;8;5;29,6
21850007036000;3;2;1;0,0
21850007037000;6;2;4;62,5
21850007038000;1;1;0;0,0
21850007041000;3;2;1;0,0
21850007042000;19;10;9;40,2
21850007044000;5;4;1;22,8
21850007053000;12;5;7;41,4
21850007064000;8;3;5;44,6
21850007065000;7;3;4;39,6
21850007066000;18;10;8;39,6
21850007069000;3;2;1;0,0
21850007070000;1;0;1;0,0
21850007076000;4;3;1;0,0
21850007081000;9;4;5;47,7
21850007082000;5;2;3;72,8
21860006545000;57;31;26;46,5
21860006546000;8;5;3;38,8
21860006547000;3;2;1;0,0
21860006548000;5;3;2;25,2
21860006549000;62;29;33;40,2
21860006550000;21;12;9;28,3
21860006555000;2;1;1;0,0
21860006556000;11;7;4;40,9
21860006560000;1;0;1;0,0
21860006563000;17;9;8;43,2
21860006566000;7;4;3;20,0
21860006567000;159;82;77;43,1
21860006568000;4;2;2;0,0
21860006570000;15;7;8;44,5
21860006571000;18;11;7;34,0
21860006572000;28;14;14;36,2
21860006573000;48;24;24;38,9
21860006574000;16;9;7;40,8
21860006575000;2;1;1;0,0
21860006576000;103;57;46;46,6
21860006577000;270;135;135;36,6
21860006578000;11;6;5;38,5
21860006586000;5;4;1;53,0
21860006631000;6;4;2;33,3
21860006632000;1;0;1;0,0
21860006633000;2;1;1;0,0
21860006641000;1;1;0;0,0
21860006648000;12;5;7;47,7
21860006649000;14;7;7;45,3
21860006650000;10;6;4;44,6
21860006651000;4;3;1;0,0
21860006655000;9;5;4;26,3
21860006656000;6;4;2;50,0
21860006691000;4;2;2;0,0
21860006692000;21;11;10;34,3
21860006693000;18;11;7;32,1
21860006714000;4;3;1;0,0
21860006761000;7;3;4;32,4
21860006762000;22;12;10;33,4
21860006772000;4;2;2;0,0
21860006774000;25;9;16;27,6
21860006779000;19;10;9;47,8
21860006780000;56;27;29;36,3
21860006781000;37;22;15;40,2
21860006782000;31;17;14;39,4
21860006783000;11;5;6;36,5
21860006784000;22;9;13;44,4
21860006857000;3;2;1;0,0
21860006858000;8;5;3;32,4
21860006872000;8;6;2;44,8
21860006874000;44;23;21;45,0
21860006876000;11;6;5;51,6
21860006877000;11;5;6;42,7
21860006897000;1;1;0;0,0
21860006899000;13;8;5;40,4
21860006900000;11;7;4;32,1
21860006958000;13;6;7;29,0
21860006998000;16;7;9;35,9
21860006999000;1;1;0;0,0
21860007037000;10;5;5;57,6
21860007045000;18;8;10;36,2
21860007046000;45;25;20;35,6
21860007047000;2;1;1;0,0
21860007064000;3;2;1;0,0
21860007070000;4;2;2;0,0
21860007076000;6;3;3;63,7
21860007077000;3;1;2;0,0
21860007082000;35;18;17;27,6
21860007083000;14;7;7;72,4
21870006536000;44;24;20;37,2
21870006537000;14;4;10;30,9
21870006539000;1;1;0;0,0
21870006544000;12;6;6;54,8
21870006545000;113;58;55;43,6
21870006546000;9;4;5;44,7
21870006547000;3;2;1;0,0
21870006548000;63;35;28;40,2
21870006549000;205;113;92;37,3
21870006552000;2;1;1;0,0
21870006553000;1;1;0;0,0
21870006554000;27;16;11;32,3
21870006563000;59;28;31;35,0
21870006564000;154;84;70;32,4
21870006565000;26;14;12;47,8
21870006566000;2;1;1;0,0
21870006567000;14;5;9;53,8
21870006568000;17;9;8;47,9
21870006569000;19;10;9;48,5
21870006570000;6;3;3;44,0
21870006571000;22;11;11;41,7
21870006572000;3;1;2;0,0
21870006573000;67;34;33;41,2
21870006574000;199;110;89;42,9
21870006575000;116;56;60;36,9
21870006576000;676;341;335;40,3
21870006577000;194;97;97;36,6
21870006620000;2;1;1;0,0
21870006621000;5;2;3;59,6
21870006622000;6;3;3;34,2
21870006631000;10;6;4;41,6
21870006632000;27;12;15;43,3
21870006633000;17;6;11;39,5
21870006634000;4;1;3;0,0
21870006648000;16;8;8;54,0
21870006649000;60;28;32;35,9
21870006654000;11;5;6;50,1
21870006655000;20;11;9;43,8
21870006656000;4;2;2;0,0
21870006687000;5;3;2;39,0
21870006689000;21;10;11;42,4
21870006690000;6;3;3;61,8
21870006691000;67;25;42;49,6
21870006692000;95;49;46;48,4
21870006693000;5;3;2;53,6
21870006695000;2;1;1;0,0
21870006712000;15;8;7;30,2
21870006713000;1;0;1;0,0
21870006714000;12;6;6;61,3
21870006761000;9;3;6;42,2
21870006762000;5;4;1;17,0
21870006772000;30;16;14;32,8
21870006773000;2;2;0;0,0
21870006774000;291;133;158;45,8
21870006775000;107;48;59;44,0
21870006776000;76;43;33;46,6
21870006777000;11;4;7;42,3
21870006778000;21;12;9;39,2
21870006779000;48;26;22;38,6
21870006780000;109;57;52;43,0
21870006781000;12;6;6;46,3
21870006793000;3;1;2;0,0
21870006857000;19;11;8;39,7
21870006858000;24;12;12;43,2
21870006861000;4;3;1;0,0
21870006872000;14;7;7;49,2
21870006873000;6;3;3;45,0
21870006874000;43;20;23;36,8
21870006876000;31;15;16;43,0
21870006877000;7;4;3;41,4
21870006897000;5;1;4;40,6
21870006898000;3;2;1;0,0
21870006899000;17;11;6;47,4
21870006900000;2;1;1;0,0
21870006902000;2;1;1;0,0
21870006904000;3;2;1;0,0
21870006957000;3;2;1;0,0
21870006958000;2;1;1;0,0
21870006976000;6;2;4;27,5
21870006998000;3;1;2;0,0
21870006999000;42;21;21;39,3
21870007008000;2;1;1;0,0
21870007021000;5;2;3;38,4
21870007037000;1;1;0;0,0
21870007038000;6;3;3;31,3
21870007046000;33;16;17;46,8
21870007053000;1;1;0;0,0
21870007054000;3;1;2;0,0
21870007068000;5;3;2;32,4
21870007070000;9;4;5;59,2
21870007077000;8;4;4;48,1
21870007083000;21;12;9;39,1
21870007084000;10;6;4;32,9
21870007088000;54;30;24;40,3
21870007089000;4;2;2;0,0
21870007097000;5;4;1;38,4
21870007098000;20;10;10;58,2
21880006537000;17;10;7;61,1
21880006538000;4;3;1;0,0
21880006544000;14;9;5;40,4
21880006545000;5;3;2;65,2
21880006546000;43;27;16;46,9
21880006547000;17;10;7;36,6
21880006548000;30;18;12;41,7
21880006549000;10;4;6;31,8
21880006550000;3;1;2;0,0
21880006553000;1;1;0;0,0
21880006554000;17;9;8;54,2
21880006560000;2;1;1;0,0
21880006564000;610;308;302;38,6
21880006565000;191;104;87;48,7
21880006567000;7;4;3;56,7
21880006568000;19;9;10;35,6
21880006569000;15;7;8;42,5
21880006570000;10;5;5;27,7
21880006571000;8;5;3;42,3
21880006572000;37;20;17;35,1
21880006573000;42;21;21;43,1
21880006574000;1075;556;519;39,2
21880006575000;812;431;381;31,8
21880006576000;271;139;132;39,1
21880006577000;211;108;103;42,8
21880006584000;14;10;4;35,1
21880006586000;23;12;11;39,4
21880006600000;1;0;1;0,0
21880006601000;2;1;1;0,0
21880006622000;28;14;14;36,7
21880006623000;6;2;4;40,3
21880006631000;23;8;15;43,4
21880006648000;8;5;3;20,5
21880006649000;164;83;81;43,9
21880006650000;8;5;3;29,5
21880006655000;18;11;7;35,3
21880006682000;3;2;1;0,0
21880006683000;14;8;6;33,8
21880006685000;9;6;3;53,0
21880006687000;7;2;5;57,6
21880006688000;16;9;7;38,9
21880006689000;4;2;2;0,0
21880006690000;7;3;4;44,9
21880006691000;38;20;18;41,8
21880006692000;73;33;40;46,5
21880006693000;5;3;2;33,0
21880006711000;7;4;3;54,9
21880006712000;31;17;14;38,1
21880006763000;5;3;2;39,2
21880006772000;6;3;3;46,0
21880006773000;3;1;2;0,0
21880006774000;195;96;99;43,6
21880006775000;373;184;189;42,8
21880006776000;78;36;42;37,9
21880006777000;64;35;29;39,6
21880006778000;72;30;42;43,8
21880006779000;41;22;19;44,9
21880006780000;44;23;21;43,0
21880006793000;2;1;1;0,0
21880006860000;1;1;0;0,0
21880006872000;19;7;12;40,8
21880006873000;6;2;4;42,0
21880006874000;4;3;1;0,0
21880006875000;34;18;16;41,3
21880006876000;43;18;25;42,5
21880006897000;22;10;12;34,6
21880006898000;41;21;20;37,0
21880006899000;19;9;10;35,4
21880006956000;6;4;2;28,7
21880006957000;4;2;2;0,0
21880006975000;1;1;0;0,0
21880006999000;19;8;11;41,5
21880007009000;6;4;2;49,8
21880007038000;31;20;11;42,2
21880007046000;1;1;0;0,0
21880007053000;5;3;2;51,2
21880007063000;5;3;2;46,4
21880007070000;21;12;9;41,0
21880007072000;20;8;12;38,7
21880007078000;3;2;1;0,0
21880007083000;34;18;16;36,7
21880007084000;110;56;54;35,5
21880007086000;36;18;18;40,4
21880007087000;6;4;2;47,3
21880007088000;8;4;4;62,3
21880007089000;31;15;16;41,3
21880007090000;41;22;19;28,6
21880007096000;5;3;2;41,0
21880007097000;132;66;66;45,2
21880007098000;7;2;5;65,7
21890006545000;8;4;4;29,3
21890006546000;1;1;0;0,0
21890006547000;72;35;37;41,0
21890006548000;3;2;1;0,0
21890006549000;28;12;16;46,0
21890006550000;120;49;71;54,9
21890006551000;18;8;10;41,3
21890006554000;12;7;5;36,8
21890006560000;6;3;3;41,0
21890006561000;1;1;0;0,0
21890006563000;198;100;98;39,0
21890006564000;160;83;77;40,0
21890006566000;1;1;0;0,0
21890006568000;14;6;8;37,1
21890006569000;2;1;1;0,0
21890006570000;11;8;3;52,6
21890006571000;3;1;2;0,0
21890006573000;18;10;8;40,8
21890006574000;138;71;67;36,8
21890006575000;976;498;478;38,2
21890006576000;1671;759;912;45,5
21890006577000;2679;1242;1437;37,3
21890006578000;177;90;87;42,9
21890006579000;34;20;14;36,0
21890006580000;8;5;3;36,9
21890006581000;36;20;16;36,0
21890006582000;81;42;39;39,1
21890006583000;22;11;11;46,4
21890006584000;24;11;13;40,8
21890006585000;4;3;1;0,0
21890006586000;3;1;2;0,0
21890006597000;12;7;5;26,9
21890006598000;2;1;1;0,0
21890006599000;2;1;1;0,0
21890006602000;1;1;0;0,0
21890006622000;3;3;0;0,0
21890006623000;12;4;8;26,8
21890006630000;3;1;2;0,0
21890006631000;5;3;2;60,6
21890006646000;5;3;2;51,6
21890006647000;5;3;2;58,6
21890006648000;17;8;9;42,9
21890006653000;3;1;2;0,0
21890006655000;7;5;2;58,4
21890006656000;5;3;2;31,6
21890006683000;43;23;20;34,9
21890006684000;28;12;16;39,3
21890006685000;19;11;8;50,3
21890006686000;7;2;5;47,7
21890006687000;8;3;5;49,6
21890006691000;4;2;2;0,0
21890006692000;9;5;4;40,3
21890006712000;23;13;10;53,0
21890006762000;3;2;1;0,0
21890006771000;3;2;1;0,0
21890006772000;10;7;3;41,1
21890006773000;5;2;3;49,4
21890006774000;448;209;239;45,6
21890006775000;76;34;42;47,0
21890006776000;4;2;2;0,0
21890006778000;12;4;8;33,0
21890006858000;4;1;3;0,0
21890006872000;4;3;1;0,0
21890006873000;109;46;63;44,3
21890006874000;701;325;376;49,2
21890006875000;108;61;47;38,2
21890006897000;21;13;8;36,1
21890006898000;41;21;20;36,5
21890006899000;4;2;2;0,0
21890006944000;5;1;4;28,4
21890006955000;4;2;2;0,0
21890006956000;7;3;4;39,7
21890006999000;28;14;14;37,8
21890007009000;8;3;5;34,4
21890007021000;8;5;3;58,3
21890007038000;3;1;2;0,0
21890007054000;5;2;3;43,8
21890007063000;25;14;11;40,6
21890007070000;167;89;78;38,3
21890007072000;30;18;12;42,4
21890007084000;8;4;4;59,8
21890007085000;39;21;18;33,2
21890007086000;7;4;3;51,3
21890007087000;24;14;10;35,0
21890007088000;53;28;25;44,0
21890007089000;66;27;39;44,0
21890007090000;12;6;6;46,0
21890007097000;72;41;31;49,2
21890007098000;2;1;1;0,0
21900006545000;27;17;10;42,0
21900006546000;35;19;16;47,0
21900006547000;46;22;24;50,8
21900006548000;1;1;0;0,0
21900006549000;27;12;15;33,2
21900006550000;33;18;15;34,3
21900006551000;6;3;3;59,2
21900006554000;30;14;16;34,3
21900006556000;6;2;4;26,7
21900006557000;8;4;4;50,4
21900006558000;2;1;1;0,0
21900006559000;39;21;18;36,4
21900006560000;38;23;15;37,6
21900006561000;11;6;5;42,5
21900006566000;127;62;65;41,8
21900006567000;18;10;8;40,5
21900006568000;11;5;6;49,4
21900006572000;22;14;8;38,5
21900006573000;497;251;246;40,3
21900006574000;1167;558;609;38,2
21900006575000;1042;524;518;40,6
21900006576000;1205;598;607;40,5
21900006577000;320;164;156;35,6
21900006578000;132;60;72;37,7
21900006579000;296;151;145;31,7
21900006580000;324;167;157;33,0
21900006581000;87;45;42;43,3
21900006582000;123;71;52;35,5
21900006583000;143;68;75;40,6
21900006584000;34;17;17;50,1
21900006585000;44;25;19;38,7
21900006586000;16;7;9;39,8
21900006587000;2;0;2;0,0
21900006596000;4;3;1;0,0
21900006597000;8;3;5;36,6
21900006602000;8;6;2;29,3
21900006603000;4;2;2;0,0
21900006623000;1;1;0;0,0
21900006631000;3;1;2;0,0
21900006646000;22;9;13;37,0
21900006647000;5;2;3;42,0
21900006650000;36;18;18;42,1
21900006651000;1;1;0;0,0
21900006654000;3;1;2;0,0
21900006658000;3;2;1;0,0
21900006660000;7;4;3;49,0
21900006661000;1;0;1;0,0
21900006678000;12;4;8;25,1
21900006679000;16;10;6;37,5
21900006680000;17;9;8;31,2
21900006681000;11;6;5;38,7
21900006683000;13;7;6;27,2
21900006684000;2;2;0;0,0
21900006686000;2;0;2;0,0
21900006690000;4;2;2;0,0
21900006711000;13;6;7;52,8
21900006712000;15;8;7;53,9
21900006767000;11;8;3;40,5
21900006768000;7;4;3;30,7
21900006771000;3;1;2;0,0
21900006772000;84;38;46;41,0
21900006773000;168;89;79;39,6
21900006774000;337;162;175;44,0
21900006775000;34;16;18;41,2
21900006872000;21;10;11;33,4
21900006873000;57;30;27;50,2
21900006874000;340;162;178;41,8
21900006875000;81;44;37;50,2
21900006895000;12;7;5;35,7
21900006897000;2;1;1;0,0
21900006898000;20;11;9;45,8
21900006945000;2;1;1;0,0
21900006946000;3;1;2;0,0
21900006954000;6;3;3;49,7
21900006955000;4;1;3;0,0
21900006999000;18;12;6;44,7
21900007009000;2;1;1;0,0
21900007021000;13;7;6;51,6
21900007022000;5;2;3;57,6
21900007038000;21;7;14;45,7
21900007047000;1;1;0;0,0
21900007063000;3;2;1;0,0
21900007070000;27;16;11;39,5
21900007071000;3;1;2;0,0
21900007072000;24;12;12;39,4
21900007073000;12;6;6;58,5
21900007085000;25;13;12;45,2
21900007087000;2;1;1;0,0
21900007088000;40;23;17;39,3
21900007089000;1;0;1;0,0
21910006546000;4;3;1;0,0
21910006547000;2;1;1;0,0
21910006548000;59;30;29;36,4
21910006549000;12;4;8;30,4
21910006550000;16;8;8;38,8
21910006551000;27;11;16;28,1
21910006553000;7;4;3;36,4
21910006554000;12;7;5;34,8
21910006555000;5;3;2;57,2
21910006557000;12;8;4;35,4
21910006558000;7;5;2;43,6
21910006559000;77;38;39;42,0
21910006560000;14;9;5;27,0
21910006566000;26;12;14;41,2
21910006567000;27;16;11;45,0
21910006568000;118;65;53;42,4
21910006569000;555;277;278;38,4
21910006570000;10;5;5;40,7
21910006571000;23;12;11;28,0
21910006572000;330;158;172;39,6
21910006573000;913;445;468;39,6
21910006574000;603;255;348;41,3
21910006575000;2136;1082;1054;40,6
21910006576000;2479;1136;1343;46,1
21910006577000;737;348;389;38,1
21910006578000;894;431;463;36,1
21910006579000;497;244;253;37,1
21910006580000;91;49;42;43,6
21910006581000;38;18;20;39,5
21910006582000;11;5;6;42,2
21910006584000;5;3;2;25,8
21910006596000;2;1;1;0,0
21910006630000;18;10;8;46,1
21910006631000;66;35;31;37,0
21910006646000;24;10;14;37,2
21910006647000;8;2;6;44,6
21910006649000;9;4;5;39,8
21910006650000;4;3;1;0,0
21910006651000;4;3;1;0,0
21910006657000;8;6;2;48,9
21910006658000;13;8;5;40,0
21910006659000;25;14;11;44,2
21910006662000;5;2;3;23,4
21910006673000;3;1;2;0,0
21910006674000;6;2;4;37,0
21910006675000;12;8;4;53,0
21910006676000;9;4;5;34,3
21910006677000;9;6;3;68,6
21910006678000;24;10;14;44,8
21910006679000;91;39;52;40,7
21910006680000;125;58;67;37,2
21910006711000;5;4;1;42,4
21910006760000;5;3;2;27,4
21910006766000;8;4;4;55,3
21910006767000;38;22;16;36,6
21910006768000;73;38;35;40,1
21910006769000;18;10;8;35,2
21910006770000;10;6;4;41,0
21910006772000;146;70;76;43,6
21910006773000;457;232;225;36,7
21910006774000;1;1;0;0,0
21910006775000;7;3;4;35,4
21910006853000;3;2;1;0,0
21910006856000;7;2;5;52,7
21910006857000;26;15;11;43,0
21910006858000;7;5;2;59,6
21910006859000;7;6;1;51,1
21910006872000;3;3;0;0,0
21910006873000;36;21;15;45,5
21910006874000;194;102;92;37,2
21910006875000;17;8;9;45,1
21910006894000;7;3;4;20,9
21910006895000;19;9;10;28,5
21910006896000;1;1;0;0,0
21910006897000;35;18;17;38,9
21910006898000;81;39;42;39,5
21910006954000;8;4;4;47,6
21910006999000;44;23;21;37,6
21910007021000;41;21;20;42,4
21910007035000;5;3;2;24,4
21910007038000;3;2;1;0,0
21910007039000;18;10;8;30,7
21910007047000;17;8;9;46,1
21910007054000;2;1;1;0,0
21910007063000;4;2;2;0,0
21910007071000;15;10;5;43,2
21910007072000;39;18;21;43,8
21910007073000;21;11;10;47,2
21910007077000;75;44;31;35,0
21910007078000;1;1;0;0,0
21910007085000;13;9;4;37,7
21910007086000;51;31;20;34,9
21910007087000;4;2;2;0,0
21910007088000;2;1;1;0,0
21910007089000;1;0;1;0,0
21920006548000;2;1;1;0,0
21920006549000;55;23;32;43,4
21920006550000;9;5;4;45,9
21920006551000;35;20;15;35,2
21920006552000;9;4;5;35,1
21920006553000;4;3;1;0,0
21920006555000;30;15;15;38,7
21920006557000;40;19;21;42,6
21920006558000;11;5;6;33,8
21920006559000;44;23;21;35,3
21920006560000;27;12;15;43,3
21920006566000;10;5;5;38,9
21920006567000;418;227;191;38,9
21920006568000;919;451;468;42,2
21920006569000;1569;759;810;35,6
21920006570000;227;113;114;40,3
21920006571000;139;62;77;47,4
21920006572000;1487;721;766;37,9
21920006573000;2162;1068;1094;39,9
21920006574000;1389;638;751;41,0
21920006575000;2144;1107;1037;40,4
21920006576000;2156;1038;1118;40,2
21920006577000;510;245;265;44,3
21920006578000;166;87;79;36,9
21920006579000;44;23;21;38,8
21920006580000;61;35;26;35,4
21920006581000;32;19;13;46,6
21920006582000;36;19;17;34,4
21920006610000;2;1;1;0,0
21920006623000;10;6;4;37,1
21920006627000;4;2;2;0,0
21920006630000;16;9;7;37,1
21920006631000;36;19;17;36,3
21920006645000;5;4;1;53,4
21920006646000;20;11;9;50,3
21920006647000;2;1;1;0,0
21920006648000;5;3;2;47,2
21920006651000;10;5;5;27,7
21920006653000;2;1;1;0,0
21920006654000;3;1;2;0,0
21920006655000;5;3;2;47,0
21920006656000;2;1;1;0,0
21920006657000;4;3;1;0,0
21920006658000;26;14;12;40,6
21920006660000;9;5;4;61,6
21920006661000;21;10;11;35,4
21920006662000;1;1;0;0,0
21920006671000;6;4;2;34,3
21920006672000;15;5;10;43,0
21920006673000;23;10;13;42,3
21920006674000;41;26;15;42,1
21920006675000;12;6;6;46,0
21920006676000;17;7;10;50,1
21920006677000;30;15;15;47,2
21920006678000;17;10;7;47,7
21920006679000;8;5;3;43,4
21920006711000;4;3;1;0,0
21920006712000;4;2;2;0,0
21920006713000;19;11;8;32,9
21920006740000;4;3;1;0,0
21920006766000;16;8;8;48,5
21920006767000;36;17;19;45,5
21920006768000;23;12;11;33,3
21920006769000;2;1;1;0,0
21920006771000;34;20;14;36,1
21920006772000;106;50;56;46,2
21920006773000;10;6;4;28,2
21920006851000;3;2;1;0,0
21920006857000;6;4;2;46,3
21920006858000;40;20;20;52,6
21920006859000;5;4;1;30,6
21920006872000;33;18;15;39,0
21920006873000;12;8;4;51,0
21920006874000;32;19;13;42,5
21920006875000;2;1;1;0,0
21920006893000;10;4;6;39,8
21920006894000;11;4;7;37,7
21920006895000;16;6;10;49,1
21920006896000;54;29;25;42,2
21920006897000;18;8;10;40,4
21920006898000;36;19;17;51,1
21920006953000;4;1;3;0,0
21920006954000;13;6;7;40,6
21920006998000;5;3;2;46,6
21920006999000;76;44;32;35,9
21920007000000;6;2;4;42,0
21920007021000;29;13;16;36,7
21920007038000;4;2;2;0,0
21920007039000;24;12;12;52,5
21920007047000;2;1;1;0,0
21920007048000;1;1;0;0,0
21920007054000;3;1;2;0,0
21920007064000;9;3;6;54,8
21920007071000;18;10;8;46,4
21920007072000;30;18;12;30,3
21920007073000;72;41;31;38,9
21920007077000;150;71;79;40,1
21920007078000;13;5;8;27,4
21920007086000;10;3;7;36,1
21920007088000;10;4;6;50,5
21930006549000;55;28;27;39,8
21930006550000;2;1;1;0,0
21930006551000;8;4;4;53,8
21930006552000;42;20;22;39,8
21930006553000;39;22;17;43,8
21930006554000;7;5;2;39,3
21930006555000;35;18;17;37,2
21930006556000;45;22;23;41,6
21930006557000;510;284;226;31,1
21930006560000;18;10;8;35,1
21930006561000;38;20;18;38,6
21930006562000;48;25;23;37,5
21930006563000;62;33;29;36,2
21930006564000;1009;517;492;37,4
21930006565000;178;96;82;36,6
21930006566000;1257;639;618;39,3
21930006567000;1686;851;835;44,7
21930006568000;2136;988;1148;42,7
21930006569000;1487;719;768;39,5
21930006570000;1138;572;566;38,8
21930006571000;439;227;212;39,1
21930006572000;1014;511;503;40,4
21930006573000;749;372;377;40,3
21930006574000;1287;610;677;39,3
21930006575000;1050;540;510;36,4
21930006576000;327;159;168;34,9
21930006577000;55;29;26;45,8
21930006578000;149;77;72;41,9
21930006579000;17;8;9;41,5
21930006580000;18;11;7;29,3
21930006581000;28;11;17;22,7
21930006604000;2;2;0;0,0
21930006622000;1;1;0;0,0
21930006630000;10;8;2;42,8
21930006631000;20;13;7;44,8
21930006645000;13;7;6;31,0
21930006646000;15;10;5;47,8
21930006651000;2;1;1;0,0
21930006653000;18;11;7;65,1
21930006654000;17;7;10;39,8
21930006655000;19;14;5;46,6
21930006658000;7;5;2;24,4
21930006665000;11;6;5;37,1
21930006670000;1;1;0;0,0
21930006671000;23;13;10;44,6
21930006673000;20;8;12;39,9
21930006674000;29;18;11;41,4
21930006712000;5;3;2;55,0
21930006713000;31;19;12;42,4
21930006714000;11;2;9;43,6
21930006767000;50;27;23;45,8
21930006768000;16;9;7;32,8
21930006770000;10;5;5;49,4
21930006771000;24;13;11;45,6
21930006772000;15;8;7;40,3
21930006849000;14;8;6;35,1
21930006850000;33;19;14;39,7
21930006851000;10;5;5;57,1
21930006855000;4;3;1;0,0
21930006857000;6;5;1;25,5
21930006858000;2;1;1;0,0
21930006859000;12;7;5;51,6
21930006870000;2;1;1;0,0
21930006871000;11;6;5;39,3
21930006872000;43;26;17;36,2
21930006873000;7;5;2;46,7
21930006874000;5;4;1;30,8
21930006891000;15;10;5;37,9
21930006892000;25;12;13;36,5
21930006893000;2;1;1;0,0
21930006894000;18;11;7;37,4
21930006895000;84;40;44;45,3
21930006896000;434;219;215;41,5
21930006897000;438;224;214;43,5
21930006945000;1;1;0;0,0
21930006952000;1;1;0;0,0
21930006999000;40;22;18;38,5
21930007000000;2;1;1;0,0
21930007019000;2;0;2;0,0
21930007039000;3;1;2;0,0
21930007047000;5;3;2;30,0
21930007053000;4;1;3;0,0
21930007064000;2;1;1;0,0
21930007071000;56;34;22;41,4
21930007072000;46;20;26;40,6
21930007073000;61;29;32;37,3
21930007077000;8;5;3;41,0
21930007078000;77;45;32;31,0
21930007087000;42;22;20;37,8
21930007089000;7;5;2;60,9
21940006550000;6;4;2;32,2
21940006551000;20;11;9;40,6
21940006552000;1;0;1;0,0
21940006553000;32;17;15;38,5
21940006554000;3;2;1;0,0
21940006555000;56;25;31;44,7
21940006556000;286;144;142;38,1
21940006557000;598;306;292;35,7
21940006558000;28;17;11;32,1
21940006560000;144;75;69;36,5
21940006561000;560;284;276;34,2
21940006562000;98;43;55;32,3
21940006563000;824;421;403;36,8
21940006564000;1564;752;812;40,3
21940006565000;1354;640;714;38,5
21940006566000;1185;563;622;41,4
21940006567000;2122;1028;1094;44,6
21940006568000;1911;913;998;42,1
21940006569000;1483;720;763;42,8
21940006570000;972;482;490;38,3
21940006571000;1411;666;745;42,9
21940006572000;263;130;133;38,7
21940006573000;30;15;15;44,3
21940006574000;5;1;4;61,2
21940006575000;24;13;11;46,0
21940006576000;240;118;122;41,5
21940006577000;23;11;12;37,8
21940006578000;102;51;51;36,2
21940006579000;41;21;20;39,1
21940006580000;23;13;10;40,9
21940006581000;19;11;8;42,1
21940006586000;7;2;5;37,0
21940006587000;14;8;6;32,5
21940006613000;9;5;4;33,0
21940006630000;28;14;14;42,9
21940006631000;31;15;16;42,6
21940006632000;12;7;5;47,3
21940006639000;4;2;2;0,0
21940006642000;6;2;4;44,8
21940006644000;25;13;12;42,5
21940006645000;10;5;5;46,7
21940006646000;17;7;10;45,5
21940006651000;5;3;2;61,6
21940006653000;33;15;18;44,6
21940006654000;57;26;31;41,1
21940006656000;3;1;2;0,0
21940006657000;6;4;2;44,8
21940006658000;1;1;0;0,0
21940006659000;5;3;2;20,2
21940006665000;6;3;3;63,0
21940006670000;9;5;4;58,9
21940006671000;3;2;1;0,0
21940006672000;3;2;1;0,0
21940006673000;7;2;5;36,0
21940006711000;10;6;4;43,8
21940006712000;15;10;5;43,5
21940006713000;37;19;18;49,2
21940006714000;4;3;1;0,0
21940006760000;1;0;1;0,0
21940006766000;21;11;10;27,5
21940006767000;28;16;12;39,1
21940006769000;10;6;4;29,0
21940006770000;8;3;5;32,9
21940006848000;1;1;0;0,0
21940006849000;17;12;5;36,7
21940006850000;2;1;1;0,0
21940006858000;6;3;3;46,5
21940006859000;29;15;14;36,6
21940006864000;2;1;1;0,0
21940006865000;1;1;0;0,0
21940006871000;39;16;23;44,7
21940006872000;52;26;26;32,2
21940006873000;4;2;2;0,0
21940006891000;30;16;14;33,8
21940006892000;58;29;29;45,7
21940006893000;26;16;10;46,1
21940006896000;135;67;68;45,6
21940006897000;98;51;47;33,4
21940006943000;2;1;1;0,0
21940006944000;8;3;5;43,3
21940006945000;6;4;2;37,2
21940006951000;7;3;4;33,1
21940006952000;3;1;2;0,0
21940006999000;33;16;17;45,5
21940007000000;12;6;6;34,8
21940007021000;6;4;2;52,7
21940007047000;5;3;2;33,2
21940007065000;6;3;3;28,5
21940007066000;1;1;0;0,0
21940007071000;27;16;11;36,9
21940007072000;21;10;11;40,4
21940007073000;17;8;9;34,8
21940007077000;16;9;7;41,0
21940007078000;291;142;149;34,7
21940007079000;9;6;3;40,6
21940007085000;10;4;6;37,8
21940007087000;2;1;1;0,0
21940007088000;66;32;34;38,2
21940007089000;42;23;19;41,7
21950006551000;6;3;3;22,2
21950006552000;24;11;13;40,1
21950006553000;41;20;21;40,5
21950006554000;24;12;12;37,5
21950006555000;29;12;17;34,0
21950006556000;844;403;441;43,6
21950006557000;1001;515;486;42,2
21950006558000;722;370;352;36,5
21950006559000;117;58;59;39,5
21950006560000;832;416;416;38,2
21950006561000;1503;748;755;37,3
21950006562000;1164;587;577;41,3
21950006563000;1005;507;498;39,7
21950006564000;1165;566;599;42,8
21950006565000;278;138;140;47,0
21950006566000;349;174;175;38,9
21950006567000;364;182;182;40,2
21950006568000;1245;630;615;39,2
21950006569000;742;368;374;37,8
21950006570000;849;392;457;50,6
21950006571000;43;19;24;36,8
21950006572000;22;11;11;44,3
21950006573000;13;6;7;36,7
21950006574000;70;38;32;35,6
21950006575000;2;1;1;0,0
21950006577000;9;6;3;44,2
21950006578000;13;8;5;51,8
21950006579000;64;39;25;40,4
21950006580000;30;15;15;36,2
21950006581000;10;5;5;39,3
21950006586000;16;9;7;34,4
21950006587000;84;44;40;33,5
21950006588000;6;3;3;23,7
21950006613000;12;7;5;32,2
21950006614000;30;17;13;38,3
21950006615000;8;5;3;39,5
21950006620000;10;5;5;44,4
21950006621000;36;22;14;47,4
21950006622000;276;137;139;39,0
21950006623000;24;8;16;32,4
21950006631000;24;14;10;47,3
21950006632000;7;5;2;27,7
21950006635000;4;3;1;0,0
21950006637000;5;3;2;57,2
21950006638000;12;6;6;47,2
21950006639000;26;15;11;42,4
21950006640000;71;38;33;46,4
21950006641000;15;8;7;38,9
21950006642000;3;1;2;0,0
21950006643000;13;6;7;32,0
21950006644000;5;1;4;30,6
21950006645000;18;12;6;38,5
21950006646000;13;5;8;40,2
21950006649000;6;4;2;46,8
21950006650000;2;2;0;0,0
21950006651000;5;2;3;27,8
21950006653000;10;6;4;48,4
21950006656000;7;4;3;75,4
21950006657000;6;2;4;44,8
21950006658000;2;0;2;0,0
21950006663000;1;0;1;0,0
21950006664000;5;2;3;29,6
21950006665000;3;2;1;0,0
21950006670000;13;7;6;31,5
21950006672000;36;19;17;40,8
21950006673000;34;16;18;39,0
21950006674000;21;11;10;44,0
21950006675000;5;3;2;48,4
21950006711000;61;30;31;40,9
21950006712000;136;60;76;46,3
21950006713000;118;54;64;38,8
21950006757000;21;11;10;37,5
21950006766000;54;27;27;37,4
21950006768000;31;16;15;44,5
21950006769000;2;1;1;0,0
21950006779000;4;1;3;0,0
21950006858000;22;9;13;34,9
21950006859000;17;9;8;38,1
21950006860000;4;3;1;0,0
21950006865000;2;1;1;0,0
21950006870000;49;23;26;39,7
21950006871000;62;33;29;44,6
21950006872000;34;20;14;54,4
21950006873000;17;10;7;45,6
21950006889000;7;4;3;31,7
21950006890000;34;17;17;36,0
21950006891000;16;6;10;45,9
21950006892000;5;4;1;27,0
21950006946000;4;1;3;0,0
21950006950000;11;5;6;43,6
21950006951000;19;9;10;36,4
21950006999000;16;8;8;46,6
21950007000000;11;7;4;44,2
21950007021000;11;6;5;46,0
21950007022000;2;1;1;0,0
21950007045000;2;2;0;0,0
21950007065000;6;2;4;43,3
21950007066000;7;2;5;44,4
21950007067000;6;3;3;46,8
21950007068000;20;11;9;38,3
21950007069000;77;40;37;37,1
21950007070000;18;10;8;41,3
21950007071000;7;4;3;51,1
21950007072000;3;2;1;0,0
21950007073000;39;21;18;40,8
21950007078000;215;101;114;41,2
21950007079000;28;17;11;28,9
21950007080000;216;95;121;36,2
21950007081000;427;207;220;43,6
21950007082000;134;66;68;40,4
21950007083000;47;23;24;39,4
21950007084000;117;51;66;38,1
21950007085000;112;59;53;40,5
21950007086000;83;40;43;39,4
21950007087000;16;7;9;34,8
21950007088000;7;3;4;72,4
21950007089000;18;10;8;47,8
21960006553000;15;7;8;32,3
21960006554000;947;478;469;33,2
21960006555000;989;493;496;36,8
21960006556000;714;347;367;43,9
21960006557000;337;176;161;44,2
21960006558000;837;418;419;42,7
21960006560000;181;81;100;40,1
21960006561000;377;196;181;32,1
21960006562000;300;138;162;36,9
21960006563000;523;238;285;46,3
21960006564000;976;486;490;35,8
21960006565000;787;388;399;38,1
21960006566000;396;197;199;37,2
21960006567000;18;10;8;31,1
21960006568000;58;22;36;33,2
21960006569000;278;140;138;34,9
21960006570000;61;36;25;33,1
21960006571000;35;19;16;47,3
21960006572000;55;28;27;45,7
21960006573000;18;7;11;53,4
21960006574000;16;10;6;56,0
21960006580000;2;1;1;0,0
21960006586000;40;20;20;38,9
21960006587000;61;32;29;38,0
21960006588000;26;14;12;32,0
21960006591000;3;1;2;0,0
21960006592000;6;3;3;52,7
21960006614000;25;14;11;39,0
21960006615000;10;5;5;34,1
21960006616000;38;19;19;49,2
21960006617000;1;1;0;0,0
21960006620000;2;1;1;0,0
21960006621000;48;26;22;38,5
21960006622000;193;94;99;45,7
21960006629000;1;0;1;0,0
21960006630000;15;6;9;45,8
21960006631000;7;3;4;55,1
21960006632000;42;27;15;38,6
21960006633000;35;23;12;30,2
21960006634000;8;5;3;26,8
21960006635000;19;12;7;39,1
21960006636000;11;6;5;48,6
21960006637000;22;14;8;45,7
21960006638000;32;14;18;50,6
21960006639000;39;18;21;33,2
21960006640000;233;123;110;40,3
21960006641000;125;60;65;34,2
21960006642000;45;29;16;49,3
21960006643000;24;13;11;41,0
21960006644000;23;10;13;28,7
21960006645000;250;105;145;42,3
21960006646000;256;131;125;33,5
21960006648000;11;6;5;56,2
21960006652000;2;1;1;0,0
21960006655000;6;3;3;35,5
21960006657000;12;7;5;31,3
21960006664000;8;4;4;35,6
21960006665000;13;8;5;41,4
21960006668000;14;8;6;43,1
21960006669000;4;1;3;0,0
21960006670000;10;5;5;17,5
21960006671000;1;1;0;0,0
21960006672000;6;5;1;71,3
21960006689000;15;8;7;28,6
21960006708000;8;5;3;32,0
21960006709000;15;6;9;45,8
21960006710000;5;2;3;55,2
21960006711000;7;4;3;57,1
21960006712000;60;30;30;45,1
21960006757000;11;5;6;43,7
21960006758000;11;7;4;43,0
21960006766000;85;44;41;37,9
21960006767000;156;72;84;46,3
21960006768000;68;33;35;43,7
21960006769000;2;1;1;0,0
21960006782000;4;1;3;0,0
21960006859000;20;12;8;44,1
21960006860000;30;13;17;45,5
21960006869000;17;9;8;40,5
21960006870000;28;14;14;42,9
21960006871000;8;4;4;46,3
21960006872000;11;6;5;42,5
21960006881000;3;2;1;0,0
21960006887000;2;1;1;0,0
21960006888000;6;3;3;39,3
21960006889000;14;7;7;45,7
21960006890000;18;10;8;53,3
21960006891000;3;2;1;0,0
21960006947000;3;2;1;0,0
21960006949000;14;6;8;35,4
21960006950000;4;2;2;0,0
21960006999000;18;11;7;39,6
21960007000000;26;13;13;47,0
21960007021000;5;4;1;62,2
21960007022000;3;0;3;0,0
21960007031000;5;4;1;34,0
21960007045000;4;2;2;0,0
21960007066000;2;0;2;0,0
21960007067000;3;2;1;0,0
21960007068000;6;3;3;24,3
21960007071000;8;4;4;46,3
21960007080000;30;16;14;37,0
21960007082000;7;4;3;69,4
21960007083000;29;17;12;33,2
21960007084000;3;1;2;0,0
21960007085000;8;4;4;44,5
21960007086000;9;6;3;34,1
21970006552000;546;290;256;40,3
21970006553000;704;341;363;38,7
21970006554000;327;163;164;44,3
21970006555000;469;238;231;43,6
21970006557000;205;108;97;40,9
21970006560000;24;14;10;33,3
21970006561000;183;95;88;31,4
21970006562000;101;57;44;41,7
21970006563000;151;71;80;40,8
21970006564000;179;83;96;37,5
21970006565000;38;21;17;52,5
21970006566000;14;7;7;40,4
21970006568000;6;2;4;33,7
21970006569000;41;19;22;37,4
21970006570000;52;31;21;38,7
21970006571000;36;17;19;43,6
21970006572000;7;4;3;33,0
21970006574000;7;3;4;50,4
21970006575000;21;10;11;34,9
21970006580000;6;3;3;50,2
21970006581000;103;57;46;32,9
21970006584000;36;17;19;52,4
21970006585000;23;11;12;43,9
21970006614000;12;6;6;49,1
21970006615000;4;2;2;0,0
21970006616000;40;22;18;39,1
21970006617000;9;6;3;42,3
21970006619000;11;6;5;51,5
21970006620000;48;24;24;41,2
21970006621000;87;42;45;38,9
21970006622000;111;58;53;35,0
21970006623000;190;94;96;31,3
21970006624000;632;314;318;37,8
21970006625000;487;245;242;40,5
21970006626000;14;7;7;49,2
21970006627000;454;228;226;46,3
21970006628000;732;386;346;36,8
21970006629000;57;28;29;34,3
21970006630000;62;36;26;39,2
21970006631000;34;17;17;48,2
21970006632000;53;26;27;37,4
21970006634000;4;3;1;0,0
21970006636000;7;4;3;33,9
21970006637000;21;10;11;32,6
21970006638000;6;1;5;38,0
21970006639000;13;8;5;42,9
21970006640000;3;0;3;0,0
21970006641000;5;3;2;55,8
21970006642000;14;8;6;31,4
21970006648000;2;1;1;0,0
21970006649000;2;1;1;0,0
21970006654000;2;1;1;0,0
21970006656000;7;5;2;64,0
21970006661000;11;7;4;21,4
21970006666000;3;1;2;0,0
21970006668000;11;5;6;40,9
21970006669000;2;2;0;0,0
21970006670000;10;5;5;20,4
21970006685000;2;1;1;0,0
21970006707000;6;3;3;54,0
21970006708000;16;10;6;55,2
21970006709000;2;1;1;0,0
21970006710000;26;12;14;39,1
21970006747000;1;0;1;0,0
21970006756000;12;7;5;51,8
21970006757000;2;2;0;0,0
21970006762000;1;1;0;0,0
21970006766000;228;108;120;39,7
21970006767000;232;108;124;44,8
21970006768000;44;25;19;41,0
21970006769000;1;0;1;0,0
21970006770000;4;2;2;0,0
21970006782000;40;23;17;37,6
21970006859000;18;9;9;38,8
21970006860000;22;12;10;38,1
21970006861000;27;13;14;44,6
21970006867000;21;10;11;35,3
21970006868000;13;6;7;50,9
21970006869000;15;7;8;42,1
21970006870000;8;4;4;36,6
21970006871000;1;0;1;0,0
21970006885000;14;7;7;42,4
21970006887000;14;9;5;40,2
21970006888000;34;16;18;47,4
21970006889000;26;16;10;36,8
21970006890000;23;12;11;36,9
21970006948000;45;25;20;44,5
21970006949000;39;18;21;43,8
21970006965000;3;1;2;0,0
21970007000000;17;10;7;40,4
21970007001000;1;0;1;0,0
21970007021000;2;1;1;0,0
21970007022000;42;20;22;46,8
21970007041000;7;4;3;27,3
21970007044000;3;1;2;0,0
21970007045000;6;4;2;40,7
21970007054000;5;2;3;33,6
21970007069000;3;1;2;0,0
21970007070000;39;23;16;38,9
21970007071000;4;3;1;0,0
21970007085000;43;19;24;40,8
21970007086000;12;6;6;39,6
21980006551000;706;348;358;45,6
21980006552000;817;414;403;41,5
21980006553000;593;293;300;36,7
21980006554000;7;5;2;34,6
21980006556000;5;2;3;63,6
21980006557000;124;63;61;44,5
21980006559000;2;2;0;0,0
21980006560000;13;7;6;39,8
21980006561000;23;12;11;31,2
21980006562000;5;4;1;52,6
21980006564000;4;2;2;0,0
21980006565000;20;9;11;37,5
21980006566000;90;52;38;33,4
21980006567000;35;18;17;43,8
21980006568000;28;15;13;39,7
21980006569000;7;4;3;41,9
21980006570000;7;3;4;45,4
21980006571000;1;1;0;0,0
21980006572000;5;3;2;35,0
21980006573000;17;8;9;33,6
21980006574000;2;1;1;0,0
21980006575000;3;1;2;0,0
21980006581000;36;18;18;32,8
21980006582000;683;356;327;38,5
21980006583000;51;27;24;38,0
21980006584000;222;108;114;36,0
21980006614000;6;2;4;35,7
21980006617000;64;36;28;44,1
21980006618000;45;29;16;39,5
21980006619000;100;49;51;32,8
21980006620000;86;43;43;42,7
21980006621000;268;134;134;43,6
21980006622000;274;140;134;40,3
21980006623000;763;398;365;38,8
21980006624000;666;336;330;38,0
21980006625000;1073;546;527;42,6
21980006626000;1351;659;692;45,5
21980006627000;1328;665;663;43,2
21980006628000;1210;603;607;35,3
21980006629000;131;69;62;43,8
21980006630000;30;15;15;36,4
21980006631000;8;3;5;40,9
21980006638000;7;4;3;48,4
21980006657000;5;3;2;30,8
21980006658000;1;1;0;0,0
21980006659000;11;5;6;26,7
21980006660000;2;1;1;0,0
21980006662000;6;4;2;25,5
21980006667000;34;15;19;42,9
21980006668000;25;14;11;48,0
21980006669000;3;2;1;0,0
21980006681000;7;4;3;45,3
21980006682000;18;10;8;44,3
21980006683000;15;8;7;52,4
21980006684000;1;1;0;0,0
21980006685000;3;1;2;0,0
21980006708000;8;4;4;33,0
21980006756000;29;16;13;33,6
21980006760000;4;3;1;0,0
21980006761000;15;5;10;40,2
21980006762000;10;4;6;37,8
21980006764000;16;8;8;31,8
21980006765000;25;15;10;51,5
21980006766000;55;29;26;36,4
21980006767000;19;12;7;54,6
21980006769000;2;1;1;0,0
21980006782000;12;9;3;46,2
21980006783000;2;1;1;0,0
21980006859000;19;12;7;56,7
21980006860000;83;37;46;44,4
21980006861000;3;1;2;0,0
21980006865000;6;2;4;49,7
21980006866000;110;60;50;37,1
21980006867000;199;93;106;40,1
21980006868000;14;8;6;54,1
21980006869000;25;12;13;44,8
21980006870000;1;0;1;0,0
21980006871000;4;2;2;0,0
21980006881000;5;3;2;61,8
21980006883000;10;6;4;49,3
21980006884000;18;6;12;48,4
21980006885000;174;86;88;49,7
21980006886000;124;60;64;40,9
21980006887000;98;37;61;61,6
21980006888000;9;4;5;55,3
21980006889000;7;3;4;40,9
21980006951000;4;1;3;0,0
21980006965000;6;3;3;68,2
21980007000000;9;5;4;43,1
21980007001000;13;7;6;56,7
21980007004000;1;1;0;0,0
21980007022000;77;37;40;44,5
21980007023000;54;30;24;43,9
21980007028000;1;1;0;0,0
21980007029000;1;1;0;0,0
21980007034000;6;4;2;47,7
21980007044000;4;2;2;0,0
21980007045000;7;4;3;43,6
21980007055000;1;0;1;0,0
21980007063000;5;4;1;31,2
21980007069000;1;0;1;0,0
21980007070000;15;7;8;34,5
21980007085000;66;35;31;37,5
21980007086000;13;10;3;22,0
21990006552000;1;1;0;0,0
21990006558000;11;7;4;29,7
21990006559000;3;2;1;0,0
21990006560000;5;3;2;25,0
21990006561000;11;7;4;42,3
21990006562000;3;2;1;0,0
21990006563000;9;5;4;39,1
21990006567000;12;10;2;27,0
21990006568000;27;15;12;42,9
21990006569000;17;10;7;43,9
21990006570000;10;4;6;36,1
21990006571000;2;1;1;0,0
21990006573000;1;1;0;0,0
21990006582000;288;128;160;43,4
21990006583000;61;29;32;47,2
21990006584000;132;66;66;33,3
21990006596000;3;2;1;0,0
21990006598000;1;0;1;0,0
21990006615000;4;3;1;0,0
21990006616000;6;4;2;65,5
21990006617000;12;6;6;45,6
21990006618000;83;37;46;43,7
21990006619000;159;80;79;32,2
21990006620000;21;13;8;40,5
21990006621000;81;37;44;32,1
21990006622000;11;4;7;34,0
21990006623000;1461;699;762;27,0
21990006624000;1517;797;720;35,7
21990006625000;1334;663;671;40,2
21990006626000;2030;1002;1028;43,6
21990006627000;1461;727;734;42,1
21990006628000;271;139;132;38,6
21990006637000;3;2;1;0,0
21990006657000;2;1;1;0,0
21990006659000;5;3;2;64,0
21990006660000;1;1;0;0,0
21990006667000;30;15;15;42,5
21990006668000;40;16;24;45,7
21990006669000;17;10;7;47,4
21990006678000;2;1;1;0,0
21990006682000;8;4;4;31,4
21990006683000;1;1;0;0,0
21990006688000;2;0;2;0,0
21990006707000;2;1;1;0,0
21990006756000;73;36;37;36,3
21990006757000;2;1;1;0,0
21990006760000;19;7;12;34,9
21990006761000;2;1;1;0,0
21990006763000;20;11;9;50,9
21990006764000;18;11;7;45,5
21990006768000;1;1;0;0,0
21990006769000;3;1;2;0,0
21990006781000;10;7;3;30,5
21990006782000;24;15;9;31,6
21990006829000;4;3;1;0,0
21990006859000;58;35;23;45,5
21990006860000;264;126;138;44,9
21990006865000;33;16;17;43,5
21990006866000;83;41;42;31,6
21990006867000;26;11;15;42,2
21990006868000;34;16;18;32,2
21990006869000;20;13;7;47,9
21990006871000;2;1;1;0,0
21990006880000;4;3;1;0,0
21990006881000;16;9;7;50,9
21990006882000;38;17;21;42,2
21990006883000;20;11;9;43,5
21990006884000;23;9;14;46,6
21990006885000;34;15;19;47,6
21990006886000;57;32;25;38,4
21990006887000;31;16;15;40,3
21990006951000;6;3;3;71,5
21990007001000;35;19;16;43,7
21990007013000;5;3;2;38,8
21990007021000;4;1;3;0,0
21990007022000;3;2;1;0,0
21990007023000;5;2;3;22,6
21990007024000;21;13;8;30,1
21990007027000;10;4;6;36,4
21990007028000;10;4;6;46,8
21990007029000;40;18;22;43,3
21990007043000;36;18;18;42,3
21990007044000;116;58;58;38,0
21990007046000;9;4;5;45,2
21990007055000;11;5;6;59,7
21990007068000;9;5;4;25,4
21990007069000;22;14;8;39,0
22000006553000;4;2;2;0,0
22000006557000;11;4;7;42,6
22000006558000;2;1;1;0,0
22000006562000;14;8;6;36,6
22000006569000;2;1;1;0,0
22000006570000;16;11;5;55,9
22000006571000;5;3;2;49,0
22000006581000;63;32;31;39,3
22000006582000;27;15;12;39,4
22000006583000;120;60;60;40,0
22000006617000;3;2;1;0,0
22000006618000;70;36;34;35,8
22000006619000;23;12;11;30,9
22000006620000;16;7;9;33,8
22000006621000;284;149;135;41,7
22000006622000;13;8;5;36,8
22000006624000;46;27;19;40,1
22000006625000;228;122;106;41,7
22000006626000;846;451;395;35,0
22000006627000;552;283;269;35,1
22000006628000;5;3;2;20,0
22000006629000;10;6;4;46,3
22000006633000;5;3;2;40,4
22000006635000;4;1;3;0,0
22000006636000;4;1;3;0,0
22000006646000;6;3;3;41,3
22000006647000;1;1;0;0,0
22000006659000;6;2;4;45,3
22000006667000;90;48;42;35,6
22000006668000;87;42;45;47,9
22000006669000;2;0;2;0,0
22000006678000;10;5;5;50,6
22000006679000;4;2;2;0,0
22000006682000;5;2;3;34,4
22000006683000;27;15;12;45,7
22000006685000;3;2;1;0,0
22000006687000;6;3;3;54,0
22000006688000;6;4;2;26,5
22000006705000;29;12;17;37,1
22000006706000;19;8;11;45,3
22000006707000;25;17;8;31,2
22000006755000;6;1;5;39,3
22000006756000;79;45;34;48,8
22000006757000;23;11;12;24,6
22000006758000;9;3;6;39,3
22000006759000;21;9;12;35,7
22000006760000;3;2;1;0,0
22000006761000;1;0;1;0,0
22000006762000;3;1;2;0,0
22000006763000;83;38;45;42,6
22000006764000;7;4;3;29,7
22000006768000;2;0;2;0,0
22000006781000;33;18;15;46,3
22000006829000;3;1;2;0,0
22000006830000;6;2;4;50,0
22000006858000;40;21;19;41,3
22000006859000;70;31;39;36,8
22000006860000;6;4;2;51,2
22000006864000;2;2;0;0,0
22000006865000;13;6;7;27,1
22000006880000;15;6;9;43,9
22000006881000;5;2;3;59,4
22000006882000;11;4;7;40,0
22000006885000;14;9;5;47,4
22000006886000;5;3;2;65,6
22000006952000;1;1;0;0,0
22000006963000;6;4;2;49,3
22000007001000;65;33;32;42,2
22000007002000;9;7;2;50,7
22000007023000;23;12;11;29,4
22000007024000;26;13;13;38,4
22000007025000;48;26;22;43,5
22000007026000;3;2;1;0,0
22000007030000;18;9;9;33,6
22000007036000;8;3;5;45,6
22000007037000;5;2;3;27,6
22000007038000;11;7;4;48,5
22000007040000;2;1;1;0,0
22000007041000;25;13;12;31,9
22000007042000;2;1;1;0,0
22000007043000;17;9;8;47,2
22000007044000;13;2;11;29,1
22000007047000;2;1;1;0,0
22000007048000;4;2;2;0,0
22000007049000;4;2;2;0,0
22000007055000;56;25;31;47,7
22000007056000;9;4;5;29,3
22000007064000;7;3;4;51,3
22000007065000;2;1;1;0,0
22000007066000;95;40;55;36,2
22000007068000;4;2;2;0,0
22010006552000;10;5;5;38,6
22010006553000;3;2;1;0,0
22010006559000;1;1;0;0,0
22010006560000;4;3;1;0,0
22010006561000;48;25;23;40,3
22010006562000;7;6;1;54,3
22010006566000;5;2;3;25,0
22010006571000;6;3;3;43,2
22010006572000;3;2;1;0,0
22010006579000;56;28;28;39,9
22010006580000;24;12;12;55,4
22010006581000;12;7;5;48,8
22010006583000;6;3;3;46,5
22010006618000;43;26;17;52,1
22010006619000;16;9;7;36,2
22010006620000;9;6;3;44,7
22010006621000;69;36;33;37,5
22010006625000;11;5;6;56,2
22010006626000;23;11;12;37,7
22010006627000;71;35;36;35,3
22010006628000;2;2;0;0,0
22010006629000;9;6;3;42,0
22010006630000;26;14;12;36,6
22010006631000;6;3;3;55,7
22010006632000;3;1;2;0,0
22010006635000;12;5;7;42,2
22010006636000;10;6;4;36,8
22010006637000;10;5;5;28,9
22010006638000;10;5;5;34,7
22010006647000;3;1;2;0,0
22010006658000;7;4;3;43,4
22010006660000;2;1;1;0,0
22010006667000;33;17;16;40,8
22010006668000;305;126;179;53,6
22010006669000;31;15;16;42,8
22010006680000;5;3;2;40,6
22010006681000;20;11;9;37,0
22010006682000;29;17;12;30,9
22010006683000;22;8;14;42,4
22010006684000;85;35;50;52,2
22010006685000;1;1;0;0,0
22010006686000;23;11;12;39,1
22010006687000;36;24;12;39,1
22010006688000;37;16;21;37,1
22010006689000;11;6;5;46,4
22010006690000;19;7;12;42,1
22010006691000;5;1;4;20,2
22010006693000;1;1;0;0,0
22010006705000;6;2;4;45,5
22010006706000;1;0;1;0,0
22010006731000;3;1;2;0,0
22010006755000;30;14;16;30,3
22010006756000;70;38;32;44,5
22010006758000;2;1;1;0,0
22010006759000;9;4;5;28,1
22010006760000;4;2;2;0,0
22010006761000;8;3;5;53,9
22010006762000;10;6;4;36,3
22010006772000;1;0;1;0,0
22010006779000;16;9;7;47,2
22010006780000;24;14;10;33,7
22010006781000;8;5;3;60,6
22010006830000;5;4;1;62,4
22010006831000;3;3;0;0,0
22010006832000;10;4;6;41,0
22010006833000;33;16;17;36,3
22010006857000;14;10;4;54,1
22010006858000;30;18;12;45,8
22010006859000;22;11;11;43,1
22010006864000;21;11;10;35,5
22010006870000;4;1;3;0,0
22010006878000;6;2;4;26,5
22010006879000;16;10;6;51,6
22010006880000;7;5;2;58,6
22010006881000;6;4;2;48,8
22010006952000;8;3;5;33,4
22010007001000;22;10;12;40,8
22010007002000;47;22;25;39,7
22010007003000;3;1;2;0,0
22010007022000;11;6;5;46,9
22010007023000;8;3;5;41,4
22010007024000;1;0;1;0,0
22010007025000;13;6;7;29,8
22010007026000;10;5;5;55,2
22010007030000;22;11;11;41,2
22010007031000;41;21;20;36,9
22010007032000;16;7;9;27,6
22010007039000;17;10;7;34,8
22010007040000;5;3;2;15,8
22010007042000;3;2;1;0,0
22010007044000;1;1;0;0,0
22010007045000;5;3;2;29,6
22010007047000;2;1;1;0,0
22010007048000;2;1;1;0,0
22010007049000;10;5;5;74,9
22010007056000;13;8;5;50,2
22010007057000;1;1;0;0,0
22010007063000;5;2;3;46,8
22010007064000;6;4;2;49,5
22010007065000;133;62;71;35,6
22010007066000;429;215;214;45,6
22010007067000;192;97;95;46,8
22010007069000;20;10;10;29,8
22010007070000;2;1;1;0,0
22010007103000;6;3;3;68,0
22020006548000;4;1;3;0,0
22020006555000;5;1;4;51,0
22020006558000;2;1;1;0,0
22020006560000;152;82;70;39,7
22020006561000;266;138;128;43,8
22020006562000;31;18;13;45,1
22020006563000;24;12;12;45,8
22020006564000;12;7;5;21,5
22020006565000;11;5;6;39,3
22020006566000;10;6;4;34,7
22020006567000;12;6;6;50,9
22020006568000;6;3;3;45,5
22020006569000;5;1;4;41,8
22020006572000;3;2;1;0,0
22020006578000;41;21;20;41,0
22020006579000;11;5;6;54,5
22020006580000;7;4;3;51,4
22020006583000;6;4;2;35,0
22020006617000;28;14;14;36,5
22020006618000;26;14;12;32,8
22020006619000;11;6;5;44,4
22020006620000;24;15;9;40,7
22020006621000;39;19;20;36,7
22020006622000;36;17;19;45,7
22020006623000;14;7;7;37,3
22020006624000;8;2;6;37,6
22020006626000;16;7;9;39,1
22020006627000;27;17;10;43,6
22020006628000;11;7;4;34,7
22020006630000;4;2;2;0,0
22020006632000;1;0;1;0,0
22020006634000;6;4;2;27,8
22020006658000;1;0;1;0,0
22020006665000;1;1;0;0,0
22020006666000;13;6;7;56,7
22020006667000;27;12;15;44,5
22020006668000;21;9;12;46,6
22020006680000;23;8;15;36,3
22020006681000;13;8;5;41,6
22020006682000;49;24;25;43,7
22020006683000;247;123;124;39,0
22020006684000;12;6;6;49,8
22020006686000;2;1;1;0,0
22020006687000;5;2;3;50,4
22020006688000;36;17;19;40,7
22020006689000;9;5;4;43,0
22020006691000;2;2;0;0,0
22020006692000;2;1;1;0,0
22020006704000;4;3;1;0,0
22020006705000;5;3;2;32,6
22020006706000;53;31;22;40,6
22020006752000;5;3;2;43,6
22020006753000;1;1;0;0,0
22020006754000;18;9;9;42,2
22020006755000;10;5;5;58,9
22020006756000;27;16;11;38,9
22020006757000;4;2;2;0,0
22020006758000;18;10;8;34,3
22020006759000;5;3;2;26,8
22020006761000;4;0;4;0,0
22020006771000;8;6;2;26,8
22020006778000;3;2;1;0,0
22020006832000;6;3;3;66,2
22020006833000;57;31;26;47,1
22020006834000;57;29;28;47,7
22020006839000;7;2;5;18,9
22020006856000;13;7;6;46,2
22020006857000;28;17;11;42,7
22020006858000;2;1;1;0,0
22020006863000;3;2;1;0,0
22020006864000;1;1;0;0,0
22020006877000;11;5;6;39,4
22020006878000;62;29;33;44,0
22020006879000;25;10;15;42,5
22020006880000;2;1;1;0,0
22020006900000;3;2;1;0,0
22020006952000;7;3;4;32,9
22020007002000;14;8;6;24,9
22020007003000;35;21;14;45,3
22020007014000;3;2;1;0,0
22020007015000;3;1;2;0,0
22020007025000;13;6;7;42,2
22020007026000;14;7;7;39,8
22020007030000;9;6;3;48,7
22020007031000;383;167;216;49,2
22020007032000;255;124;131;38,1
22020007045000;24;11;13;42,2
22020007048000;6;2;4;32,3
22020007049000;4;2;2;0,0
22020007050000;6;3;3;37,8
22020007056000;44;19;25;33,1
22020007064000;5;2;3;31,6
22020007066000;8;3;5;46,3
22020007067000;6;4;2;45,5
22020007069000;11;6;5;31,5
22020007070000;159;83;76;37,1
22020007071000;44;25;19;32,5
22030006548000;30;18;12;40,0
22030006549000;2;1;1;0,0
22030006554000;1;1;0;0,0
22030006555000;2;1;1;0,0
22030006558000;7;5;2;33,4
22030006559000;3;2;1;0,0
22030006560000;80;36;44;40,0
22030006561000;1;1;0;0,0
22030006563000;3;2;1;0,0
22030006564000;6;2;4;30,7
22030006569000;8;3;5;44,8
22030006570000;32;16;16;40,3
22030006571000;66;37;29;35,3
22030006572000;13;9;4;24,0
22030006578000;18;9;9;45,6
22030006579000;7;4;3;28,3
22030006589000;1;1;0;0,0
22030006617000;30;15;15;34,6
22030006618000;20;12;8;39,5
22030006619000;25;14;11;39,2
22030006620000;4;3;1;0,0
22030006623000;29;14;15;37,4
22030006624000;28;15;13;44,1
22030006625000;5;4;1;46,0
22030006627000;5;2;3;47,4
22030006628000;26;14;12;36,4
22030006647000;5;2;3;40,4
22030006651000;9;4;5;44,0
22030006654000;4;3;1;0,0
22030006665000;13;8;5;26,6
22030006666000;23;11;12;55,6
22030006667000;22;14;8;31,2
22030006668000;6;3;3;52,3
22030006669000;38;20;18;41,7
22030006679000;1;0;1;0,0
22030006680000;23;14;9;37,0
22030006682000;57;23;34;39,4
22030006688000;8;5;3;48,8
22030006689000;9;5;4;38,0
22030006690000;2;1;1;0,0
22030006692000;1;1;0;0,0
22030006702000;2;1;1;0,0
22030006705000;24;13;11;43,9
22030006706000;19;12;7;50,6
22030006751000;3;2;1;0,0
22030006752000;8;4;4;39,1
22030006753000;33;20;13;37,2
22030006754000;116;67;49;40,8
22030006755000;236;107;129;47,4
22030006756000;3;1;2;0,0
22030006759000;4;2;2;0,0
22030006760000;6;4;2;53,5
22030006761000;3;0;3;0,0
22030006776000;3;2;1;0,0
22030006777000;4;2;2;0,0
22030006778000;6;4;2;38,8
22030006833000;19;11;8;46,7
22030006834000;37;18;19;53,0
22030006855000;24;13;11;37,3
22030006856000;3;2;1;0,0
22030006857000;11;5;6;46,9
22030006858000;1;1;0;0,0
22030006863000;5;1;4;41,8
22030006869000;11;8;3;50,3
22030006877000;54;29;25;43,4
22030006878000;14;8;6;39,4
22030006879000;4;3;1;0,0
22030006952000;1;1;0;0,0
22030006961000;5;3;2;22,8
22030006962000;6;2;4;47,5
22030007003000;17;10;7;53,8
22030007004000;19;9;10;42,7
22030007030000;50;24;26;35,7
22030007031000;601;281;320;42,1
22030007032000;791;411;380;40,7
22030007033000;338;176;162;36,4
22030007034000;16;7;9;39,2
22030007046000;4;1;3;0,0
22030007049000;1;1;0;0,0
22030007056000;9;3;6;44,3
22030007064000;8;4;4;44,8
22030007065000;6;4;2;30,7
22030007066000;7;3;4;13,6
22030007071000;17;9;8;38,2
22040006547000;88;45;43;45,9
22040006548000;356;181;175;43,1
22040006549000;191;99;92;42,8
22040006550000;244;114;130;47,6
22040006551000;11;5;6;39,5
22040006552000;4;2;2;0,0
22040006554000;50;25;25;41,5
22040006555000;12;6;6;34,6
22040006557000;6;3;3;56,0
22040006560000;28;14;14;39,6
22040006561000;2;2;0;0,0
22040006569000;1;1;0;0,0
22040006570000;23;14;9;38,9
22040006575000;8;3;5;41,8
22040006576000;4;2;2;0,0
22040006577000;4;2;2;0,0
22040006578000;43;22;21;42,3
22040006579000;8;5;3;27,6
22040006617000;54;31;23;37,0
22040006618000;58;34;24;39,4
22040006619000;31;15;16;47,9
22040006620000;11;5;6;50,9
22040006624000;22;9;13;46,9
22040006625000;28;17;11;35,0
22040006626000;5;3;2;46,6
22040006627000;8;3;5;32,9
22040006628000;18;9;9;43,3
22040006649000;2;1;1;0,0
22040006654000;2;1;1;0,0
22040006657000;3;2;1;0,0
22040006658000;5;3;2;29,6
22040006664000;11;6;5;28,9
22040006665000;17;6;11;49,5
22040006666000;33;14;19;37,8
22040006667000;17;11;6;41,3
22040006668000;18;8;10;36,8
22040006669000;10;4;6;49,0
22040006680000;9;4;5;44,3
22040006682000;11;4;7;28,5
22040006691000;7;4;3;55,3
22040006692000;4;3;1;0,0
22040006693000;1;1;0;0,0
22040006697000;5;3;2;23,8
22040006701000;4;1;3;0,0
22040006702000;10;5;5;57,3
22040006703000;4;2;2;0,0
22040006704000;16;7;9;33,7
22040006705000;40;23;17;47,0
22040006706000;3;1;2;0,0
22040006734000;7;3;4;63,0
22040006752000;8;4;4;35,4
22040006753000;3;2;1;0,0
22040006754000;180;89;91;39,1
22040006755000;230;124;106;42,6
22040006777000;7;5;2;41,4
22040006827000;10;6;4;36,6
22040006828000;2;2;0;0,0
22040006833000;11;8;3;61,6
22040006834000;2;1;1;0,0
22040006835000;49;24;25;44,4
22040006853000;1;1;0;0,0
22040006854000;11;5;6;53,8
22040006855000;25;10;15;44,6
22040006856000;7;3;4;37,9
22040006862000;6;4;2;35,3
22040006863000;5;4;1;44,6
22040006867000;11;5;6;34,4
22040006868000;25;13;12;46,5
22040006869000;34;17;17;38,9
22040006875000;10;4;6;29,1
22040006876000;8;4;4;55,8
22040006877000;6;3;3;32,7
22040006961000;2;1;1;0,0
22040007003000;12;5;7;22,3
22040007004000;40;20;20;40,1
22040007030000;55;26;29;40,1
22040007031000;139;76;63;38,5
22040007033000;12;6;6;32,4
22040007034000;31;16;15;28,7
22040007035000;7;5;2;40,1
22040007045000;4;2;2;0,0
22040007046000;5;1;4;26,6
22040007056000;11;7;4;41,0
22040007065000;1;1;0;0,0
22040007066000;3;1;2;0,0
22040007067000;2;1;1;0,0
22040007068000;6;4;2;38,5
22040007069000;9;4;5;53,2
22050006547000;32;17;15;52,2
22050006548000;12;8;4;43,5
22050006549000;228;113;115;44,1
22050006550000;469;239;230;38,8
22050006551000;180;91;89;25,8
22050006554000;53;29;24;45,4
22050006556000;4;2;2;0,0
22050006558000;1;0;1;0,0
22050006570000;14;8;6;41,5
22050006575000;7;3;4;45,6
22050006576000;1;1;0;0,0
22050006577000;10;6;4;29,2
22050006584000;2;1;1;0,0
22050006604000;2;1;1;0,0
22050006605000;2;1;1;0,0
22050006606000;4;2;2;0,0
22050006612000;7;5;2;48,3
22050006613000;12;7;5;50,8
22050006614000;14;8;6;36,5
22050006615000;19;9;10;44,8
22050006616000;34;19;15;34,7
22050006617000;43;20;23;35,9
22050006618000;9;4;5;47,1
22050006619000;66;35;31;40,9
22050006620000;30;17;13;33,8
22050006625000;11;6;5;40,6
22050006626000;45;21;24;41,3
22050006627000;13;6;7;32,3
22050006628000;13;8;5;41,5
22050006629000;11;3;8;37,0
22050006630000;12;6;6;28,6
22050006650000;3;1;2;0,0
22050006651000;23;11;12;37,4
22050006652000;6;3;3;47,2
22050006659000;3;1;2;0,0
22050006660000;16;8;8;30,0
22050006664000;10;8;2;45,1
22050006665000;30;16;14;41,8
22050006667000;15;7;8;45,0
22050006677000;6;3;3;30,5
22050006678000;22;12;10;43,2
22050006679000;39;24;15;46,0
22050006680000;12;5;7;35,3
22050006682000;11;4;7;51,7
22050006685000;1;0;1;0,0
22050006692000;13;6;7;48,3
22050006699000;2;1;1;0,0
22050006702000;4;2;2;0,0
22050006703000;6;3;3;58,5
22050006704000;18;9;9;50,4
22050006733000;1;1;0;0,0
22050006734000;24;6;18;39,9
22050006749000;4;1;3;0,0
22050006750000;7;3;4;39,4
22050006751000;11;5;6;42,7
22050006752000;18;8;10;27,3
22050006753000;4;2;2;0,0
22050006754000;46;25;21;36,6
22050006755000;10;6;4;49,6
22050006775000;11;6;5;37,3
22050006776000;3;2;1;0,0
22050006777000;2;1;1;0,0
22050006778000;1;0;1;0,0
22050006779000;5;3;2;51,6
22050006781000;1;1;0;0,0
22050006782000;2;1;1;0,0
22050006827000;7;4;3;47,3
22050006833000;11;3;8;31,9
22050006835000;15;8;7;46,0
22050006836000;15;9;6;57,5
22050006837000;3;1;2;0,0
22050006838000;5;4;1;53,4
22050006853000;35;18;17;41,5
22050006854000;73;40;33;45,5
22050006855000;14;6;8;39,5
22050006862000;12;7;5;30,0
22050006863000;19;8;11;38,9
22050006867000;10;3;7;27,7
22050006868000;93;47;46;41,9
22050006869000;133;65;68;45,8
22050006871000;2;1;1;0,0
22050006872000;11;7;4;35,5
22050006873000;2;1;1;0,0
22050006874000;28;14;14;45,6
22050006875000;13;5;8;42,5
22050006876000;3;1;2;0,0
22050006903000;2;1;1;0,0
22050006952000;6;3;3;72,2
22050007003000;19;8;11;36,1
22050007004000;104;58;46;38,3
22050007005000;9;5;4;30,4
22050007031000;20;9;11;35,1
22050007032000;7;3;4;36,0
22050007035000;12;8;4;40,7
22050007036000;3;1;2;0,0
22050007037000;19;10;9;36,9
22050007038000;7;5;2;40,1
22050007045000;9;5;4;36,4
22050007046000;45;22;23;36,4
22050007047000;2;1;1;0,0
22050007055000;1;1;0;0,0
22050007057000;1;1;0;0,0
22050007069000;6;3;3;28,5
22050007070000;4;2;2;0,0
22050007071000;9;5;4;52,1
22050007073000;22;12;10;47,9
22050007074000;44;25;19;37,5
22060006548000;14;6;8;38,4
22060006549000;60;32;28;43,5
22060006550000;13;6;7;42,8
22060006551000;8;5;3;42,3
22060006552000;28;14;14;31,4
22060006555000;1;0;1;0,0
22060006559000;9;4;5;45,6
22060006563000;1;1;0;0,0
22060006565000;19;10;9;40,6
22060006566000;11;5;6;56,7
22060006569000;5;2;3;44,8
22060006570000;7;4;3;39,1
22060006571000;1;1;0;0,0
22060006575000;2;1;1;0,0
22060006576000;4;2;2;0,0
22060006577000;15;7;8;34,9
22060006603000;4;2;2;0,0
22060006604000;5;4;1;39,4
22060006607000;5;1;4;41,6
22060006608000;9;4;5;35,1
22060006609000;14;8;6;50,6
22060006610000;3;3;0;0,0
22060006611000;4;2;2;0,0
22060006612000;14;8;6;42,2
22060006613000;25;13;12;41,8
22060006614000;26;11;15;40,2
22060006615000;11;6;5;29,6
22060006616000;15;8;7;34,9
22060006617000;30;14;16;43,0
22060006618000;27;13;14;31,9
22060006619000;14;7;7;34,9
22060006626000;5;4;1;64,8
22060006627000;23;14;9;52,8
22060006628000;1;1;0;0,0
22060006629000;168;90;78;35,2
22060006630000;10;6;4;53,0
22060006650000;34;18;16;38,6
22060006651000;5;3;2;63,0
22060006659000;14;7;7;38,3
22060006660000;9;5;4;52,6
22060006661000;32;14;18;46,5
22060006662000;19;8;11;41,5
22060006663000;139;69;70;33,7
22060006664000;25;12;13;38,0
22060006665000;51;23;28;40,1
22060006679000;50;22;28;42,1
22060006687000;3;1;2;0,0
22060006688000;10;5;5;41,6
22060006689000;12;9;3;42,3
22060006692000;21;12;9;57,7
22060006693000;7;3;4;45,6
22060006694000;9;4;5;39,6
22060006695000;9;5;4;52,2
22060006734000;3;1;2;0,0
22060006750000;8;5;3;48,9
22060006751000;4;2;2;0,0
22060006752000;12;8;4;27,7
22060006759000;16;15;1;30,6
22060006760000;3;2;1;0,0
22060006761000;2;1;1;0,0
22060006762000;6;4;2;34,2
22060006763000;11;9;2;34,0
22060006774000;1;1;0;0,0
22060006775000;5;3;2;68,6
22060006778000;9;3;6;37,0
22060006779000;8;5;3;42,0
22060006780000;13;6;7;49,1
22060006781000;4;2;2;0,0
22060006788000;7;3;4;19,3
22060006824000;5;1;4;52,6
22060006835000;6;3;3;50,2
22060006836000;7;4;3;39,0
22060006837000;11;8;3;44,7
22060006838000;11;6;5;48,2
22060006852000;4;3;1;0,0
22060006853000;51;26;25;44,6
22060006854000;16;11;5;49,9
22060006855000;7;5;2;53,0
22060006863000;14;6;8;53,2
22060006866000;3;2;1;0,0
22060006868000;40;18;22;39,3
22060006869000;206;101;105;42,7
22060006870000;143;77;66;39,2
22060006872000;1;1;0;0,0
22060006873000;2;2;0;0,0
22060006951000;1;1;0;0,0
22060007003000;92;51;41;34,9
22060007004000;76;38;38;40,4
22060007005000;89;39;50;39,0
22060007006000;7;5;2;55,3
22060007032000;20;10;10;31,7
22060007033000;85;46;39;35,4
22060007036000;15;8;7;36,1
22060007037000;10;6;4;28,9
22060007038000;11;8;3;52,1
22060007056000;3;2;1;0,0
22060007057000;76;39;37;41,1
22060007065000;4;2;2;0,0
22060007071000;28;15;13;27,0
22060007072000;17;7;10;40,4
22060007073000;32;19;13;40,4
22070006547000;2;1;1;0,0
22070006548000;4;2;2;0,0
22070006549000;30;17;13;46,5
22070006550000;53;27;26;46,5
22070006551000;29;14;15;52,4
22070006552000;70;38;32;34,8
22070006553000;4;3;1;0,0
22070006559000;12;6;6;40,9
22070006563000;1;1;0;0,0
22070006565000;24;15;9;41,7
22070006566000;9;5;4;43,2
22070006573000;3;2;1;0,0
22070006576000;15;8;7;35,0
22070006584000;7;3;4;25,3
22070006585000;21;10;11;50,2
22070006586000;19;8;11;34,8
22070006607000;13;6;7;37,2
22070006608000;99;53;46;40,1
22070006609000;2;1;1;0,0
22070006610000;14;10;4;52,6
22070006611000;24;9;15;46,3
22070006612000;26;11;15;35,3
22070006613000;12;6;6;45,9
22070006614000;4;2;2;0,0
22070006615000;17;10;7;43,9
22070006616000;3;2;1;0,0
22070006617000;9;4;5;36,1
22070006627000;10;4;6;34,5
22070006628000;65;35;30;42,8
22070006629000;374;185;189;39,9
22070006630000;14;8;6;33,8
22070006649000;9;6;3;53,1
22070006650000;34;20;14;44,9
22070006651000;5;2;3;38,8
22070006658000;18;12;6;63,7
22070006659000;19;12;7;28,2
22070006660000;74;41;33;38,8
22070006661000;41;25;16;31,1
22070006662000;42;21;21;40,1
22070006663000;57;32;25;38,9
22070006664000;43;22;21;41,5
22070006665000;17;9;8;44,6
22070006671000;6;3;3;57,5
22070006676000;29;18;11;44,0
22070006677000;15;8;7;50,7
22070006678000;8;3;5;48,8
22070006679000;36;18;18;53,6
22070006681000;30;13;17;39,1
22070006687000;9;4;5;48,0
22070006688000;3;0;3;0,0
22070006689000;3;1;2;0,0
22070006732000;5;2;3;40,8
22070006734000;27;14;13;52,1
22070006749000;16;10;6;41,3
22070006750000;33;16;17;47,4
22070006751000;9;4;5;19,0
22070006752000;6;4;2;46,8
22070006756000;4;2;2;0,0
22070006757000;33;20;13;31,5
22070006760000;5;2;3;29,2
22070006761000;3;2;1;0,0
22070006762000;13;6;7;42,6
22070006763000;4;3;1;0,0
22070006765000;6;4;2;36,7
22070006766000;1;1;0;0,0
22070006772000;7;4;3;41,7
22070006775000;4;1;3;0,0
22070006776000;1;0;1;0,0
22070006777000;8;5;3;49,0
22070006778000;5;4;1;70,8
22070006779000;1;0;1;0,0
22070006835000;2;1;1;0,0
22070006836000;16;9;7;60,9
22070006837000;4;3;1;0,0
22070006838000;4;3;1;0,0
22070006851000;1;1;0;0,0
22070006852000;34;17;17;53,4
22070006853000;27;17;10;39,9
22070006854000;4;2;2;0,0
22070006861000;5;3;2;15,2
22070006863000;67;35;32;37,1
22070006868000;8;2;6;39,0
22070006869000;9;5;4;44,6
22070006903000;5;4;1;20,4
22070006954000;2;1;1;0,0
22070006956000;10;7;3;42,7
22070006960000;13;6;7;34,2
22070007002000;6;4;2;46,2
22070007003000;11;8;3;30,0
22070007004000;242;100;142;53,1
22070007005000;286;148;138;42,9
22070007006000;43;24;19;35,6
22070007007000;5;3;2;53,0
22070007008000;5;1;4;21,0
22070007032000;2;1;1;0,0
22070007033000;39;22;17;33,5
22070007034000;8;5;3;26,9
22070007039000;1;1;0;0,0
22070007040000;35;18;17;34,9
22070007041000;6;3;3;31,0
22070007053000;4;2;2;0,0
22070007054000;24;12;12;32,8
22070007057000;81;43;38;44,4
22070007058000;44;22;22;45,6
22070007065000;23;13;10;38,3
22070007068000;8;4;4;44,0
22070007072000;50;27;23;40,6
22070007073000;153;90;63;36,2
22080006548000;55;30;25;47,5
22080006549000;39;19;20;47,1
22080006550000;43;22;21;37,2
22080006551000;13;7;6;49,2
22080006552000;11;5;6;55,2
22080006553000;56;26;30;46,9
22080006557000;6;2;4;36,8
22080006558000;1;1;0;0,0
22080006559000;4;0;4;0,0
22080006562000;4;1;3;0,0
22080006563000;50;22;28;42,6
22080006564000;44;25;19;34,5
22080006565000;10;3;7;36,8
22080006566000;4;1;3;0,0
22080006567000;13;7;6;44,8
22080006569000;7;4;3;61,9
22080006570000;5;2;3;32,4
22080006571000;6;4;2;58,8
22080006583000;14;8;6;31,3
22080006584000;17;9;8;50,8
22080006585000;118;65;53;36,3
22080006586000;81;37;44;44,8
22080006587000;23;13;10;42,7
22080006596000;5;3;2;16,2
22080006607000;22;13;9;37,5
22080006608000;22;9;13;37,7
22080006609000;9;5;4;68,2
22080006610000;32;14;18;34,8
22080006628000;18;9;9;46,7
22080006629000;4;2;2;0,0
22080006630000;13;6;7;48,1
22080006631000;8;3;5;27,5
22080006635000;79;44;35;25,7
22080006649000;8;3;5;33,4
22080006650000;26;14;12;39,7
22080006658000;31;13;18;47,1
22080006659000;36;17;19;41,1
22080006661000;7;4;3;59,4
22080006662000;14;8;6;40,4
22080006671000;9;3;6;66,0
22080006673000;1;0;1;0,0
22080006676000;76;27;49;38,5
22080006678000;16;6;10;38,1
22080006680000;26;16;10;35,3
22080006681000;22;7;15;43,3
22080006685000;5;2;3;27,6
22080006686000;5;4;1;53,2
22080006732000;1;0;1;0,0
22080006733000;47;22;25;43,3
22080006734000;10;7;3;40,6
22080006746000;5;3;2;42,6
22080006748000;1;1;0;0,0
22080006749000;44;23;21;39,9
22080006750000;5;3;2;66,2
22080006751000;25;12;13;28,6
22080006752000;3;1;2;0,0
22080006753000;3;2;1;0,0
22080006757000;2;1;1;0,0
22080006758000;4;2;2;0,0
22080006760000;25;12;13;51,2
22080006761000;6;2;4;46,0
22080006762000;28;12;16;27,6
22080006765000;25;13;12;44,1
22080006766000;27;15;12;36,9
22080006768000;10;7;3;41,6
22080006769000;4;2;2;0,0
22080006770000;8;2;6;65,8
22080006771000;30;11;19;35,6
22080006772000;1;0;1;0,0
22080006773000;11;4;7;42,7
22080006774000;13;8;5;48,2
22080006775000;7;6;1;49,6
22080006780000;7;4;3;38,7
22080006783000;5;2;3;38,8
22080006821000;3;1;2;0,0
22080006837000;14;6;8;44,3
22080006838000;4;2;2;0,0
22080006851000;6;3;3;45,0
22080006852000;3;3;0;0,0
22080006861000;34;18;16;51,4
22080006862000;18;11;7;41,3
22080006863000;2;2;0;0,0
22080006867000;8;2;6;27,0
22080006868000;2;1;1;0,0
22080006869000;3;2;1;0,0
22080006873000;1;0;1;0,0
22080006954000;1;0;1;0,0
22080006955000;5;2;3;38,8
22080006956000;3;3;0;0,0
22080006958000;2;1;1;0,0
22080007003000;14;10;4;43,9
22080007004000;67;23;44;53,9
22080007005000;46;21;25;37,9
22080007006000;16;5;11;48,3
22080007007000;7;5;2;47,3
22080007008000;3;2;1;0,0
22080007009000;18;7;11;35,6
22080007032000;16;8;8;47,4
22080007033000;1;0;1;0,0
22080007040000;5;4;1;30,4
22080007042000;2;1;1;0,0
22080007051000;6;4;2;30,0
22080007053000;8;5;3;58,4
22080007054000;24;14;10;37,5
22080007058000;92;47;45;40,4
22080007059000;17;7;10;43,0
22080007060000;13;7;6;46,8
22080007061000;46;22;24;31,0
22080007062000;11;6;5;45,0
22080007063000;17;8;9;42,5
22080007068000;6;3;3;39,7
22080007069000;4;3;1;0,0
22080007071000;17;9;8;36,5
22080007073000;50;28;22;38,4
22080007074000;14;7;7;24,3
22090006547000;11;5;6;64,3
22090006548000;51;25;26;34,0
22090006549000;20;9;11;29,4
22090006550000;24;12;12;36,1
22090006551000;13;6;7;51,7
22090006552000;24;18;6;35,3
22090006553000;29;15;14;42,5
22090006554000;29;13;16;42,0
22090006557000;3;2;1;0,0
22090006558000;10;5;5;49,3
22090006559000;1;1;0;0,0
22090006561000;19;10;9;33,7
22090006562000;22;13;9;37,4
22090006563000;17;10;7;46,5
22090006571000;8;4;4;28,4
22090006572000;1;0;1;0,0
22090006573000;10;4;6;23,7
22090006582000;16;10;6;33,3
22090006583000;33;17;16;43,3
22090006584000;58;30;28;38,1
22090006585000;31;15;16;38,4
22090006586000;6;4;2;66,5
22090006587000;89;51;38;33,4
22090006588000;32;17;15;42,5
22090006589000;4;2;2;0,0
22090006596000;1;1;0;0,0
22090006597000;7;3;4;45,7
22090006598000;8;4;4;39,6
22090006599000;3;3;0;0,0
22090006600000;10;4;6;37,3
22090006607000;23;14;9;44,1
22090006608000;22;12;10;43,0
22090006609000;13;5;8;43,4
22090006627000;6;3;3;47,7
22090006628000;34;22;12;37,3
22090006631000;9;4;5;42,3
22090006632000;30;16;14;41,5
22090006633000;10;5;5;26,1
22090006635000;687;367;320;31,4
22090006636000;319;143;176;26,2
22090006638000;1;1;0;0,0
22090006639000;23;12;11;38,3
22090006640000;14;8;6;45,7
22090006647000;19;10;9;39,2
22090006648000;17;11;6;38,9
22090006649000;6;4;2;66,7
22090006650000;12;7;5;51,9
22090006656000;12;6;6;43,1
22090006657000;17;6;11;44,4
22090006658000;30;14;16;35,5
22090006659000;6;2;4;32,0
22090006676000;97;45;52;40,1
22090006677000;18;11;7;47,9
22090006678000;41;22;19;35,6
22090006679000;32;14;18;38,3
22090006680000;2;2;0;0,0
22090006695000;7;4;3;54,1
22090006697000;5;4;1;37,6
22090006732000;22;12;10;51,7
22090006733000;31;13;18;43,1
22090006734000;3;3;0;0,0
22090006735000;1;0;1;0,0
22090006745000;1;1;0;0,0
22090006746000;6;3;3;67,5
22090006747000;24;13;11;45,7
22090006748000;20;11;9;43,2
22090006749000;1;1;0;0,0
22090006750000;4;2;2;0,0
22090006751000;3;2;1;0,0
22090006752000;23;12;11;43,0
22090006760000;14;6;8;44,5
22090006761000;17;7;10;42,2
22090006762000;182;86;96;45,4
22090006763000;36;20;16;37,2
22090006764000;29;15;14;50,7
22090006765000;27;14;13;44,0
22090006766000;65;29;36;47,1
22090006767000;24;12;12;58,8
22090006768000;13;6;7;49,7
22090006769000;14;7;7;51,9
22090006771000;8;4;4;42,3
22090006772000;7;3;4;31,9
22090006773000;20;10;10;40,3
22090006774000;2;1;1;0,0
22090006781000;1;0;1;0,0
22090006820000;3;2;1;0,0
22090006821000;5;2;3;75,0
22090006838000;28;14;14;46,8
22090006839000;22;13;9;46,7
22090006840000;5;3;2;27,4
22090006860000;2;1;1;0,0
22090006861000;515;260;255;39,9
22090006862000;54;27;27;34,7
22090006867000;1;0;1;0,0
22090006868000;4;3;1;0,0
22090006873000;4;2;2;0,0
22090006874000;13;7;6;45,9
22090006950000;14;8;6;37,2
22090006951000;12;8;4;36,1
22090006952000;57;27;30;40,1
22090006953000;20;11;9;44,7
22090007003000;54;25;29;33,7
22090007008000;7;4;3;40,0
22090007009000;33;16;17;41,9
22090007032000;13;7;6;37,8
22090007033000;9;4;5;46,2
22090007053000;16;9;7;36,9
22090007054000;26;16;10;41,6
22090007058000;7;5;2;41,9
22090007059000;28;14;14;42,9
22090007060000;6;3;3;63,5
22090007062000;7;2;5;36,6
22090007063000;16;11;5;39,1
22090007064000;1;1;0;0,0
22090007068000;1;1;0;0,0
22090007069000;9;5;4;48,7
22090007070000;30;21;9;46,9
22090007071000;48;24;24;44,2
22090007072000;4;1;3;0,0
22090007107000;3;2;1;0,0
22100006548000;61;32;29;35,5
22100006549000;9;4;5;35,4
22100006550000;46;23;23;42,8
22100006551000;4;3;1;0,0
22100006552000;6;2;4;56,5
22100006553000;38;19;19;28,7
22100006554000;43;26;17;33,2
22100006557000;1;0;1;0,0
22100006558000;6;2;4;59,5
22100006563000;2;1;1;0,0
22100006567000;7;4;3;31,3
22100006579000;18;11;7;36,7
22100006580000;17;10;7;36,4
22100006582000;7;4;3;64,7
22100006583000;33;14;19;40,7
22100006584000;20;10;10;29,3
22100006586000;3;2;1;0,0
22100006587000;6;4;2;37,7
22100006588000;22;14;8;31,8
22100006589000;10;6;4;48,8
22100006590000;14;8;6;38,1
22100006596000;1;0;1;0,0
22100006597000;65;34;31;38,6
22100006598000;27;12;15;31,2
22100006599000;2;1;1;0,0
22100006600000;1;0;1;0,0
22100006606000;3;3;0;0,0
22100006607000;12;5;7;49,8
22100006608000;10;6;4;56,5
22100006627000;23;11;12;41,7
22100006628000;4;1;3;0,0
22100006629000;31;18;13;40,8
22100006630000;191;94;97;38,4
22100006631000;101;50;51;43,1
22100006632000;326;166;160;36,5
22100006633000;119;61;58;40,3
22100006634000;6;3;3;44,7
22100006635000;61;28;33;31,9
22100006636000;104;50;54;28,3
22100006637000;28;15;13;42,9
22100006638000;23;10;13;35,4
22100006639000;19;13;6;50,4
22100006640000;14;9;5;59,3
22100006641000;18;10;8;32,9
22100006646000;18;9;9;36,8
22100006647000;38;17;21;37,3
22100006648000;30;14;16;36,2
22100006654000;2;1;1;0,0
22100006655000;29;15;14;55,7
22100006656000;40;20;20;42,2
22100006657000;32;16;16;40,2
22100006658000;35;18;17;43,5
22100006659000;2;1;1;0,0
22100006675000;24;13;11;38,0
22100006676000;242;115;127;40,9
22100006677000;156;83;73;44,3
22100006678000;26;14;12;40,4
22100006686000;4;2;2;0,0
22100006693000;5;3;2;24,2
22100006694000;5;2;3;47,2
22100006695000;3;2;1;0,0
22100006697000;2;1;1;0,0
22100006725000;1;1;0;0,0
22100006726000;19;11;8;55,3
22100006727000;11;4;7;38,6
22100006728000;4;3;1;0,0
22100006731000;5;2;3;25,2
22100006732000;59;31;28;41,2
22100006743000;16;10;6;38,6
22100006744000;8;3;5;30,1
22100006747000;23;9;14;37,0
22100006750000;2;1;1;0,0
22100006751000;2;2;0;0,0
22100006752000;11;6;5;42,5
22100006759000;10;5;5;61,2
22100006761000;8;5;3;68,3
22100006762000;7;4;3;77,0
22100006764000;3;2;1;0,0
22100006765000;2;1;1;0,0
22100006774000;8;5;3;63,0
22100006776000;2;1;1;0,0
22100006819000;2;0;2;0,0
22100006820000;1;1;0;0,0
22100006839000;3;2;1;0,0
22100006840000;2;1;1;0,0
22100006849000;3;2;1;0,0
22100006850000;12;8;4;59,1
22100006851000;16;10;6;38,0
22100006852000;6;3;3;52,7
22100006860000;29;13;16;48,3
22100006861000;177;87;90;37,7
22100006862000;5;2;3;45,0
22100006866000;7;4;3;47,7
22100006867000;14;8;6;41,4
22100006874000;16;7;9;41,3
22100006906000;2;1;1;0,0
22100006949000;8;3;5;32,1
22100006950000;8;4;4;42,6
22100006951000;11;6;5;51,5
22100006952000;6;3;3;23,7
22100007002000;18;9;9;40,1
22100007003000;7;4;3;35,7
22100007006000;15;8;7;45,7
22100007008000;21;11;10;30,0
22100007009000;30;15;15;37,3
22100007023000;2;1;1;0,0
22100007035000;7;4;3;52,0
22100007053000;9;4;5;59,7
22100007054000;59;30;29;42,6
22100007059000;3;2;1;0,0
22100007060000;12;5;7;45,6
22100007061000;3;1;2;0,0
22100007069000;28;17;11;46,8
22100007070000;15;9;6;36,3
22100007071000;4;1;3;0,0
22100007107000;21;11;10;29,1
22100007108000;17;9;8;40,2
22110006549000;58;32;26;38,2
22110006550000;85;39;46;42,9
22110006551000;31;15;16;44,4
22110006552000;68;32;36;39,8
22110006553000;50;30;20;43,6
22110006554000;78;41;37;41,0
22110006555000;22;8;14;36,1
22110006556000;5;4;1;20,4
22110006557000;29;16;13;34,5
22110006558000;11;5;6;24,8
22110006567000;7;4;3;31,3
22110006568000;2;1;1;0,0
22110006569000;2;2;0;0,0
22110006572000;28;17;11;37,0
22110006573000;4;3;1;0,0
22110006574000;12;6;6;41,2
22110006577000;35;17;18;42,5
22110006578000;18;7;11;39,7
22110006579000;13;7;6;73,5
22110006580000;12;5;7;39,0
22110006581000;34;17;17;40,2
22110006582000;119;59;60;37,9
22110006583000;74;43;31;38,8
22110006584000;4;2;2;0,0
22110006589000;23;15;8;43,1
22110006590000;17;9;8;41,5
22110006591000;30;16;14;39,2
22110006592000;18;10;8;32,8
22110006596000;6;5;1;63,3
22110006597000;23;13;10;39,2
22110006606000;21;10;11;45,8
22110006607000;18;11;7;56,1
22110006608000;5;3;2;30,2
22110006625000;4;3;1;0,0
22110006626000;14;9;5;35,9
22110006628000;8;4;4;36,9
22110006629000;16;10;6;34,6
22110006630000;13;8;5;41,9
22110006631000;343;173;170;40,6
22110006632000;613;316;297;45,2
22110006633000;646;327;319;40,4
22110006634000;13;5;8;47,4
22110006635000;34;19;15;45,1
22110006636000;26;10;16;34,5
22110006637000;69;38;31;39,6
22110006638000;19;10;9;35,3
22110006639000;29;17;12;38,6
22110006640000;33;19;14;42,7
22110006641000;9;5;4;39,0
22110006642000;4;3;1;0,0
22110006643000;4;1;3;0,0
22110006644000;21;15;6;33,2
22110006645000;38;18;20;38,0
22110006646000;37;20;17;43,0
22110006647000;29;17;12;42,1
22110006648000;15;10;5;43,7
22110006653000;23;14;9;49,7
22110006654000;33;19;14;42,3
22110006655000;29;15;14;48,2
22110006656000;26;14;12;36,7
22110006657000;22;12;10;35,1
22110006658000;19;12;7;39,0
22110006673000;1;1;0;0,0
22110006676000;10;10;0;30,0
22110006686000;4;0;4;0,0
22110006690000;4;2;2;0,0
22110006692000;2;1;1;0,0
22110006725000;10;5;5;57,6
22110006726000;25;12;13;37,7
22110006727000;22;13;9;34,3
22110006728000;3;2;1;0,0
22110006730000;6;4;2;26,0
22110006731000;35;17;18;43,6
22110006732000;28;13;15;42,3
22110006740000;3;1;2;0,0
22110006741000;19;8;11;45,6
22110006742000;13;9;4;32,1
22110006743000;7;2;5;31,0
22110006744000;9;6;3;32,7
22110006745000;3;2;1;0,0
22110006746000;7;4;3;30,9
22110006747000;8;5;3;35,4
22110006751000;19;11;8;34,4
22110006752000;7;4;3;25,1
22110006761000;8;5;3;26,0
22110006762000;3;1;2;0,0
22110006764000;21;12;9;44,8
22110006772000;2;2;0;0,0
22110006775000;2;1;1;0,0
22110006777000;2;1;1;0,0
22110006833000;6;4;2;44,8
22110006838000;4;3;1;0,0
22110006839000;2;1;1;0,0
22110006849000;6;3;3;41,5
22110006850000;116;53;63;37,7
22110006851000;7;5;2;45,6
22110006852000;16;7;9;47,9
22110006853000;15;7;8;49,3
22110006854000;1;1;0;0,0
22110006855000;43;23;20;42,3
22110006856000;12;9;3;42,3
22110006857000;8;4;4;55,0
22110006858000;2;1;1;0,0
22110006859000;45;25;20;36,4
22110006860000;622;281;341;45,8
22110006861000;213;110;103;44,6
22110006862000;5;3;2;25,2
22110006865000;7;4;3;53,6
22110006866000;15;8;7;34,5
22110006867000;5;2;3;37,2
22110006949000;7;4;3;31,4
22110006951000;4;3;1;0,0
22110007001000;27;13;14;36,5
22110007002000;4;2;2;0,0
22110007006000;10;4;6;49,1
22110007007000;2;1;1;0,0
22110007008000;2;1;1;0,0
22110007009000;35;21;14;43,5
22110007034000;5;4;1;50,4
22110007035000;3;0;3;0,0
22110007042000;1;0;1;0,0
22110007049000;1;1;0;0,0
22110007054000;3;3;0;0,0
22110007060000;118;65;53;33,1
22110007061000;91;49;42;38,0
22110007062000;49;27;22;42,9
22110007069000;7;3;4;48,4
22110007070000;14;8;6;32,7
22110007072000;1;1;0;0,0
22120006548000;11;4;7;33,8
22120006549000;106;54;52;40,9
22120006550000;7;4;3;40,4
22120006551000;25;14;11;31,4
22120006552000;3;2;1;0,0
22120006553000;5;4;1;16,0
22120006554000;615;291;324;29,1
22120006555000;247;127;120;29,3
22120006556000;553;294;259;35,4
22120006557000;10;7;3;43,6
22120006558000;25;14;11;49,2
22120006566000;24;11;13;44,1
22120006569000;16;7;9;44,1
22120006571000;48;23;25;46,0
22120006572000;214;100;114;49,7
22120006573000;46;22;24;40,0
22120006574000;10;7;3;24,8
22120006575000;16;9;7;42,6
22120006576000;14;6;8;34,3
22120006578000;12;8;4;48,4
22120006579000;9;5;4;41,8
22120006580000;17;8;9;48,7
22120006582000;33;18;15;28,6
22120006583000;9;5;4;33,8
22120006584000;21;11;10;32,0
22120006585000;4;3;1;0,0
22120006589000;13;7;6;21,5
22120006590000;56;29;27;34,1
22120006591000;3;1;2;0,0
22120006592000;15;9;6;47,7
22120006593000;28;13;15;40,3
22120006594000;10;5;5;44,3
22120006595000;58;31;27;34,9
22120006596000;88;43;45;36,0
22120006597000;49;28;21;34,2
22120006605000;3;1;2;0,0
22120006606000;6;3;3;21,5
22120006607000;27;13;14;31,9
22120006608000;6;3;3;24,5
22120006627000;8;3;5;48,0
22120006631000;12;3;9;32,9
22120006632000;701;343;358;37,1
22120006633000;46;24;22;45,2
22120006634000;57;31;26;41,7
22120006635000;25;16;9;39,4
22120006636000;678;351;327;37,2
22120006637000;977;492;485;37,8
22120006638000;183;96;87;38,8
22120006639000;35;17;18;44,2
22120006640000;14;7;7;36,1
22120006641000;52;25;27;46,9
22120006642000;15;6;9;40,7
22120006643000;47;23;24;39,9
22120006644000;119;65;54;38,2
22120006645000;77;38;39;43,6
22120006646000;42;20;22;36,8
22120006647000;6;3;3;45,7
22120006648000;6;4;2;39,5
22120006649000;12;4;8;33,7
22120006652000;1;0;1;0,0
22120006653000;30;17;13;50,4
22120006654000;12;6;6;40,0
22120006655000;12;4;8;48,2
22120006663000;1;1;0;0,0
22120006664000;11;6;5;46,0
22120006665000;2;1;1;0,0
22120006666000;1;1;0;0,0
22120006667000;26;13;13;33,0
22120006668000;7;2;5;61,3
22120006670000;6;5;1;19,5
22120006671000;3;3;0;0,0
22120006672000;41;21;20;38,6
22120006673000;1;1;0;0,0
22120006691000;1;1;0;0,0
22120006692000;4;4;0;0,0
22120006724000;41;19;22;31,2
22120006725000;16;6;10;41,9
22120006726000;8;3;5;47,3
22120006727000;29;11;18;41,8
22120006728000;35;22;13;37,3
22120006729000;36;24;12;50,3
22120006730000;55;22;33;58,6
22120006731000;24;12;12;43,4
22120006736000;17;10;7;44,5
22120006737000;5;3;2;63,4
22120006738000;10;4;6;39,7
22120006740000;16;9;7;46,9
22120006741000;7;3;4;39,1
22120006751000;32;16;16;39,9
22120006752000;8;5;3;54,9
22120006759000;10;4;6;40,9
22120006760000;5;3;2;34,8
22120006761000;14;7;7;30,0
22120006764000;8;3;5;40,3
22120006774000;5;3;2;27,6
22120006775000;4;2;2;0,0
22120006777000;19;9;10;40,8
22120006817000;5;1;4;27,8
22120006832000;8;5;3;56,4
22120006838000;11;6;5;54,2
22120006839000;6;1;5;32,5
22120006845000;4;2;2;0,0
22120006849000;40;20;20;41,8
22120006850000;9;4;5;53,7
22120006852000;4;2;2;0,0
22120006853000;32;18;14;45,4
22120006854000;19;11;8;31,9
22120006855000;209;105;104;37,3
22120006856000;68;27;41;54,7
22120006857000;30;17;13;46,9
22120006858000;16;8;8;49,9
22120006859000;103;52;51;38,8
22120006860000;407;180;227;48,2
22120006861000;182;101;81;43,5
22120006862000;129;73;56;36,2
22120006863000;67;37;30;35,7
22120006864000;16;8;8;46,8
22120006865000;8;3;5;43,6
22120006866000;9;6;3;26,1
22120006950000;23;12;11;35,1
22120006951000;14;7;7;42,4
22120006952000;6;3;3;40,2
22120007000000;2;1;1;0,0
22120007001000;24;8;16;35,6
22120007007000;16;7;9;33,3
22120007009000;17;10;7;38,4
22120007010000;1;1;0;0,0
22120007034000;5;4;1;32,2
22120007035000;4;2;2;0,0
22120007036000;1;1;0;0,0
22120007037000;2;1;1;0,0
22120007039000;1;1;0;0,0
22120007040000;8;5;3;42,5
22120007041000;5;3;2;62,4
22120007042000;2;1;1;0,0
22120007043000;2;1;1;0,0
22120007045000;5;4;1;72,0
22120007046000;3;1;2;0,0
22120007047000;1;0;1;0,0
22120007061000;37;22;15;38,6
22120007062000;9;5;4;33,8
22120007108000;2;1;1;0,0
22130006548000;18;8;10;39,0
22130006549000;43;21;22;41,9
22130006550000;299;143;156;38,0
22130006551000;15;9;6;38,1
22130006552000;717;367;350;34,3
22130006553000;74;35;39;30,6
22130006554000;98;54;44;29,4
22130006555000;4;2;2;0,0
22130006556000;1363;675;688;38,5
22130006557000;31;17;14;35,5
22130006558000;42;25;17;40,4
22130006567000;3;1;2;0,0
22130006569000;22;8;14;40,8
22130006570000;61;35;26;40,5
22130006571000;119;68;51;42,4
22130006572000;594;311;283;35,2
22130006573000;16;6;10;34,3
22130006574000;15;9;6;43,1
22130006575000;32;17;15;44,0
22130006576000;4;2;2;0,0
22130006577000;5;2;3;61,8
22130006579000;6;3;3;55,5
22130006590000;2;1;1;0,0
22130006591000;23;13;10;38,4
22130006592000;21;11;10;42,0
22130006593000;11;8;3;23,7
22130006594000;31;13;18;45,3
22130006595000;259;121;138;55,0
22130006596000;59;29;30;45,6
22130006597000;25;15;10;32,9
22130006598000;1;1;0;0,0
22130006605000;17;5;12;38,7
22130006606000;16;9;7;40,4
22130006607000;5;2;3;35,2
22130006624000;2;1;1;0,0
22130006627000;14;7;7;38,4
22130006631000;10;6;4;41,0
22130006632000;269;144;125;32,5
22130006633000;125;64;61;39,9
22130006634000;37;20;17;40,7
22130006635000;456;228;228;43,4
22130006636000;552;260;292;46,6
22130006637000;588;281;307;39,2
22130006638000;77;32;45;28,6
22130006639000;50;22;28;34,4
22130006640000;48;22;26;36,3
22130006641000;85;48;37;38,2
22130006642000;2;1;1;0,0
22130006643000;10;3;7;30,8
22130006644000;105;55;50;40,0
22130006645000;466;242;224;36,3
22130006646000;53;26;27;39,5
22130006647000;3;1;2;0,0
22130006648000;13;7;6;50,8
22130006649000;36;20;16;44,3
22130006650000;28;17;11;40,1
22130006651000;11;5;6;31,9
22130006652000;145;73;72;37,4
22130006653000;32;17;15;39,3
22130006662000;18;12;6;46,7
22130006663000;20;8;12;38,4
22130006664000;12;6;6;45,7
22130006665000;26;14;12;46,6
22130006666000;12;7;5;44,3
22130006667000;2;1;1;0,0
22130006668000;3;1;2;0,0
22130006669000;8;4;4;34,1
22130006670000;9;5;4;29,3
22130006671000;10;6;4;27,1
22130006672000;10;4;6;28,3
22130006673000;10;5;5;39,4
22130006686000;9;4;5;43,4
22130006687000;6;4;2;66,5
22130006705000;2;1;1;0,0
22130006723000;14;7;7;38,4
22130006724000;3;2;1;0,0
22130006728000;1;1;0;0,0
22130006735000;39;21;18;33,5
22130006736000;7;4;3;31,4
22130006738000;6;3;3;32,5
22130006739000;3;2;1;0,0
22130006740000;5;2;3;35,0
22130006751000;9;4;5;26,3
22130006752000;1;1;0;0,0
22130006754000;3;2;1;0,0
22130006756000;1;1;0;0,0
22130006758000;7;3;4;57,1
22130006759000;7;3;4;54,9
22130006766000;1;1;0;0,0
22130006771000;1;1;0;0,0
22130006777000;2;1;1;0,0
22130006778000;8;6;2;31,5
22130006816000;6;3;3;68,5
22130006837000;10;6;4;57,8
22130006838000;32;16;16;37,4
22130006847000;10;4;6;47,8
22130006848000;21;9;12;33,9
22130006849000;13;6;7;48,1
22130006857000;6;3;3;39,7
22130006858000;6;3;3;52,5
22130006861000;14;7;7;31,4
22130006862000;19;12;7;22,7
22130006863000;91;47;44;38,4
22130006864000;57;33;24;35,5
22130006865000;10;6;4;38,4
22130006949000;2;1;1;0,0
22130006950000;16;9;7;39,7
22130006952000;15;7;8;41,1
22130007000000;10;5;5;40,7
22130007006000;4;2;2;0,0
22130007009000;15;8;7;56,9
22130007010000;5;3;2;62,0
22130007013000;5;4;1;28,4
22130007036000;7;5;2;36,1
22130007037000;73;35;38;41,2
22130007054000;2;1;1;0,0
22130007055000;10;4;6;41,0
22140006548000;14;8;6;47,6
22140006549000;302;129;173;47,6
22140006550000;1906;966;940;46,6
22140006551000;1304;658;646;40,1
22140006552000;196;91;105;37,7
22140006553000;316;159;157;38,6
22140006554000;261;132;129;41,9
22140006555000;170;88;82;44,7
22140006556000;1710;825;885;41,5
22140006558000;1;0;1;0,0
22140006560000;4;2;2;0,0
22140006561000;1;0;1;0,0
22140006562000;1;0;1;0,0
22140006568000;9;6;3;31,9
22140006569000;5;3;2;35,6
22140006570000;4;2;2;0,0
22140006571000;78;41;37;38,5
22140006572000;43;22;21;42,4
22140006573000;53;25;28;39,0
22140006574000;14;9;5;31,1
22140006575000;21;13;8;43,9
22140006592000;19;10;9;37,1
22140006593000;59;33;26;41,1
22140006594000;40;21;19;33,9
22140006595000;301;141;160;44,8
22140006596000;24;14;10;44,6
22140006597000;19;13;6;41,5
22140006598000;8;4;4;36,5
22140006599000;8;3;5;30,1
22140006605000;28;14;14;51,9
22140006606000;29;20;9;42,1
22140006621000;11;6;5;53,4
22140006622000;11;7;4;44,0
22140006626000;2;1;1;0,0
22140006632000;42;21;21;31,6
22140006633000;19;10;9;41,2
22140006634000;13;6;7;39,2
22140006635000;134;66;68;37,0
22140006636000;1410;713;697;44,9
22140006637000;1102;515;587;40,5
22140006638000;609;295;314;39,9
22140006639000;305;153;152;38,3
22140006640000;46;25;21;41,4
22140006641000;72;46;26;37,3
22140006642000;40;18;22;44,5
22140006643000;11;7;4;46,4
22140006644000;128;63;65;39,8
22140006645000;99;56;43;38,4
22140006646000;30;15;15;44,0
22140006647000;10;4;6;37,2
22140006648000;4;2;2;0,0
22140006649000;37;21;16;30,9
22140006650000;247;131;116;41,0
22140006651000;78;41;37;37,3
22140006652000;68;38;30;32,2
22140006653000;7;2;5;26,4
22140006654000;5;3;2;49,6
22140006655000;9;5;4;38,3
22140006659000;5;3;2;56,8
22140006660000;17;8;9;46,4
22140006661000;29;16;13;37,8
22140006662000;3;2;1;0,0
22140006663000;6;5;1;44,7
22140006664000;78;40;38;39,8
22140006665000;58;36;22;36,3
22140006666000;22;12;10;42,4
22140006667000;18;10;8;45,8
22140006668000;7;4;3;38,3
22140006669000;4;2;2;0,0
22140006670000;2;1;1;0,0
22140006687000;31;18;13;54,4
22140006688000;13;8;5;37,6
22140006702000;14;7;7;35,2
22140006703000;7;4;3;54,1
22140006704000;18;10;8;46,8
22140006705000;5;3;2;39,2
22140006723000;39;18;21;39,1
22140006734000;15;11;4;39,3
22140006735000;14;7;7;55,9
22140006752000;1;1;0;0,0
22140006753000;2;1;1;0,0
22140006755000;54;28;26;31,9
22140006756000;5;3;2;41,2
22140006757000;11;8;3;35,4
22140006758000;6;4;2;18,0
22140006760000;1;1;0;0,0
22140006767000;4;1;3;0,0
22140006769000;5;2;3;46,4
22140006772000;3;2;1;0,0
22140006776000;1;0;1;0,0
22140006778000;5;3;2;67,4
22140006786000;2;1;1;0,0
22140006815000;2;1;1;0,0
22140006837000;1;1;0;0,0
22140006838000;26;13;13;37,4
22140006847000;39;23;16;43,9
22140006848000;31;15;16;50,7
22140006864000;2;1;1;0,0
22140006952000;7;4;3;45,9
22140006953000;15;7;8;31,2
22140006954000;2;0;2;0,0
22140007000000;15;11;4;39,3
22140007001000;13;7;6;39,8
22140007009000;35;19;16;39,6
22140007010000;1;0;1;0,0
22140007011000;13;6;7;50,4
22140007012000;31;18;13;46,9
22140007013000;8;2;6;36,9
22140007023000;1;0;1;0,0
22140007035000;1;1;0;0,0
22140007037000;22;12;10;51,8
22140007038000;9;5;4;21,8
22140007046000;1;1;0;0,0
22140007047000;4;2;2;0,0
22140007048000;3;2;1;0,0
22140007049000;1;1;0;0,0
22140007050000;18;8;10;38,2
22140007053000;1;1;0;0,0
22140007054000;1;1;0;0,0
22150006550000;522;229;293;53,8
22150006551000;145;66;79;58,4
22150006555000;1065;550;515;45,4
22150006556000;2856;1322;1534;46,2
22150006557000;2079;965;1114;43,4
22150006558000;513;255;258;33,8
22150006559000;3;2;1;0,0
22150006560000;8;6;2;20,6
22150006561000;35;16;19;29,5
22150006562000;7;5;2;37,7
22150006567000;26;16;10;34,3
22150006568000;10;5;5;39,8
22150006569000;36;18;18;39,1
22150006570000;31;16;15;43,5
22150006571000;36;19;17;41,6
22150006572000;5;3;2;14,8
22150006593000;5;2;3;52,6
22150006594000;33;20;13;34,0
22150006595000;16;10;6;40,8
22150006596000;12;6;6;46,7
22150006597000;27;13;14;45,1
22150006598000;2;1;1;0,0
22150006599000;18;11;7;33,3
22150006600000;12;6;6;31,6
22150006604000;13;7;6;50,5
22150006605000;52;26;26;40,9
22150006606000;31;15;16;42,5
22150006620000;32;20;12;33,1
22150006624000;5;3;2;19,0
22150006632000;51;27;24;38,3
22150006633000;17;9;8;35,7
22150006634000;42;22;20;45,7
22150006635000;559;283;276;38,9
22150006636000;350;181;169;36,0
22150006637000;84;44;40;43,7
22150006638000;6;4;2;38,2
22150006643000;6;3;3;48,8
22150006644000;69;39;30;37,1
22150006645000;23;13;10;37,4
22150006646000;76;40;36;37,7
22150006647000;64;30;34;36,3
22150006648000;72;42;30;39,7
22150006649000;109;57;52;37,8
22150006650000;328;165;163;40,7
22150006651000;438;206;232;36,9
22150006652000;79;44;35;40,4
22150006653000;5;3;2;60,8
22150006654000;20;10;10;37,1
22150006655000;47;25;22;41,8
22150006656000;6;3;3;44,5
22150006658000;10;4;6;20,9
22150006659000;32;16;16;34,1
22150006660000;23;10;13;47,5
22150006661000;44;27;17;42,3
22150006662000;38;23;15;46,0
22150006663000;49;24;25;36,5
22150006664000;2;2;0;0,0
22150006687000;2;1;1;0,0
22150006688000;5;2;3;34,0
22150006689000;25;14;11;41,4
22150006700000;36;17;19;29,6
22150006701000;2;1;1;0,0
22150006702000;2;0;2;0,0
22150006703000;11;6;5;43,5
22150006723000;19;9;10;54,6
22150006724000;5;2;3;49,4
22150006734000;12;5;7;40,9
22150006735000;8;4;4;39,5
22150006753000;17;11;6;41,7
22150006754000;13;6;7;47,5
22150006755000;48;26;22;40,4
22150006756000;5;2;3;24,0
22150006767000;6;4;2;45,5
22150006772000;1;1;0;0,0
22150006834000;1;1;0;0,0
22150006838000;31;16;15;39,7
22150006839000;3;1;2;0,0
22150006847000;9;5;4;47,8
22150006848000;23;12;11;39,6
22150006862000;34;20;14;27,2
22150006873000;4;3;1;0,0
22150006954000;18;8;10;38,8
22150006955000;4;2;2;0,0
22150006999000;14;6;8;25,7
22150007000000;2;1;1;0,0
22150007009000;17;8;9;46,1
22150007012000;4;1;3;0,0
22150007013000;20;9;11;37,4
22150007021000;5;3;2;64,6
22150007037000;6;4;2;49,0
22150007038000;26;14;12;41,5
22150007048000;14;6;8;45,7
22150007049000;1;0;1;0,0
22150007050000;1;0;1;0,0
22150007053000;4;3;1;0,0
22150007054000;1;1;0;0,0
22150007055000;3;1;2;0,0
22150007056000;7;4;3;48,3
22150007109000;2;1;1;0,0
22160006553000;2;1;1;0,0
22160006554000;686;341;345;34,9
22160006555000;713;376;337;40,2
22160006556000;2004;972;1032;39,7
22160006557000;2340;1093;1247;43,6
22160006558000;906;459;447;42,9
22160006559000;785;410;375;35,3
22160006561000;5;3;2;50,4
22160006563000;9;6;3;30,7
22160006564000;4;3;1;0,0
22160006565000;12;7;5;44,8
22160006566000;23;12;11;36,1
22160006567000;23;12;11;34,7
22160006568000;70;34;36;33,7
22160006569000;28;12;16;33,6
22160006570000;6;3;3;16,8
22160006574000;1;1;0;0,0
22160006579000;3;1;2;0,0
22160006581000;5;4;1;21,0
22160006582000;5;2;3;24,8
22160006584000;4;3;1;0,0
22160006595000;12;8;4;39,3
22160006596000;4;1;3;0,0
22160006597000;5;2;3;42,2
22160006598000;21;13;8;30,7
22160006599000;31;14;17;45,4
22160006600000;8;4;4;45,4
22160006601000;13;7;6;44,6
22160006603000;2;1;1;0,0
22160006604000;104;50;54;37,3
22160006605000;134;70;64;37,7
22160006606000;6;3;3;34,5
22160006632000;27;14;13;39,1
22160006633000;69;34;35;45,2
22160006634000;46;27;19;44,2
22160006635000;759;408;351;36,3
22160006636000;82;49;33;42,6
22160006637000;21;10;11;32,9
22160006649000;366;179;187;43,3
22160006650000;825;365;460;47,1
22160006651000;171;82;89;42,5
22160006653000;25;14;11;43,0
22160006654000;73;38;35;38,0
22160006655000;40;21;19;44,7
22160006656000;7;5;2;43,6
22160006657000;8;6;2;41,0
22160006660000;208;106;102;33,2
22160006661000;74;37;37;41,5
22160006662000;7;4;3;41,7
22160006688000;24;13;11;33,3
22160006689000;28;13;15;36,0
22160006697000;10;7;3;44,5
22160006699000;17;9;8;36,0
22160006700000;25;13;12;41,2
22160006701000;4;3;1;0,0
22160006723000;1;1;0;0,0
22160006735000;12;6;6;58,4
22160006754000;6;3;3;64,7
22160006755000;20;11;9;51,0
22160006770000;3;1;2;0,0
22160006772000;2;1;1;0,0
22160006814000;1;1;0;0,0
22160006833000;2;1;1;0,0
22160006838000;39;22;17;49,4
22160006839000;15;7;8;41,0
22160006843000;5;3;2;46,0
22160006847000;14;9;5;38,5
22160006848000;8;4;4;35,6
22160006910000;5;4;1;47,8
22160006951000;11;7;4;47,7
22160006954000;25;11;14;42,2
22160006955000;21;13;8;40,3
22160007009000;30;18;12;40,1
22160007011000;12;7;5;54,2
22160007022000;5;4;1;43,6
22160007023000;6;2;4;37,2
22160007040000;1;0;1;0,0
22160007047000;9;6;3;32,3
22160007048000;8;5;3;35,4
22160007055000;23;15;8;30,3
22160007056000;2;1;1;0,0
22170006552000;83;46;37;47,0
22170006553000;1323;650;673;40,3
22170006554000;908;441;467;43,6
22170006555000;650;304;346;39,6
22170006556000;4;2;2;0,0
22170006557000;196;83;113;49,8
22170006558000;12;7;5;45,8
22170006559000;267;138;129;33,7
22170006560000;146;77;69;34,4
22170006561000;13;7;6;56,2
22170006562000;31;18;13;34,8
22170006563000;6;4;2;52,3
22170006564000;28;14;14;46,5
22170006565000;16;9;7;34,9
22170006566000;43;22;21;35,2
22170006567000;39;20;19;32,2
22170006568000;7;5;2;37,1
22170006573000;5;3;2;35,0
22170006574000;16;9;7;48,3
22170006575000;2;1;1;0,0
22170006576000;2;2;0;0,0
22170006578000;4;2;2;0,0
22170006593000;1;1;0;0,0
22170006597000;6;3;3;48,3
22170006598000;39;17;22;41,9
22170006599000;1;1;0;0,0
22170006600000;6;3;3;40,2
22170006601000;4;3;1;0,0
22170006602000;121;59;62;39,7
22170006603000;170;89;81;43,5
22170006604000;465;228;237;46,1
22170006605000;257;130;127;41,3
22170006606000;3;2;1;0,0
22170006620000;2;1;1;0,0
22170006621000;6;2;4;21,2
22170006622000;4;3;1;0,0
22170006630000;1;1;0;0,0
22170006632000;30;14;16;42,5
22170006633000;11;6;5;38,9
22170006634000;91;47;44;42,8
22170006635000;822;430;392;35,8
22170006636000;112;58;54;44,2
22170006649000;12;7;5;43,8
22170006650000;27;16;11;28,3
22170006651000;540;280;260;37,2
22170006652000;456;230;226;44,3
22170006653000;9;5;4;34,0
22170006654000;176;83;93;31,9
22170006655000;49;25;24;46,1
22170006657000;3;2;1;0,0
22170006658000;21;8;13;37,5
22170006659000;10;6;4;45,8
22170006660000;27;11;16;42,0
22170006661000;21;10;11;36,5
22170006662000;12;7;5;48,7
22170006688000;5;3;2;63,2
22170006689000;9;5;4;43,3
22170006690000;9;5;4;30,0
22170006700000;1;1;0;0,0
22170006723000;10;3;7;42,7
22170006724000;4;3;1;0,0
22170006735000;24;15;9;45,1
22170006754000;8;4;4;20,1
22170006764000;2;2;0;0,0
22170006773000;3;2;1;0,0
22170006838000;14;8;6;44,8
22170006847000;2;1;1;0,0
22170006848000;36;24;12;40,1
22170006849000;12;8;4;32,9
22170006910000;3;2;1;0,0
22170006951000;2;2;0;0,0
22170006952000;1;1;0;0,0
22170006954000;71;38;33;44,4
22170006955000;21;12;9;53,9
22170006999000;6;2;4;35,5
22170007009000;28;18;10;42,6
22170007011000;3;1;2;0,0
22170007012000;11;5;6;51,3
22170007014000;24;13;11;30,7
22170007023000;2;1;1;0,0
22170007056000;7;5;2;51,1
22180006552000;3;2;1;0,0
22180006553000;226;119;107;38,6
22180006554000;171;81;90;41,8
22180006555000;1038;518;520;35,3
22180006556000;381;198;183;37,9
22180006557000;9;5;4;38,7
22180006558000;15;8;7;43,7
22180006559000;31;13;18;31,0
22180006560000;338;172;166;34,0
22180006561000;52;28;24;38,7
22180006562000;6;2;4;34,0
22180006563000;3;2;1;0,0
22180006564000;14;6;8;43,1
22180006565000;31;17;14;43,7
22180006566000;7;1;6;32,6
22180006568000;6;3;3;58,3
22180006569000;28;18;10;42,4
22180006570000;13;6;7;50,5
22180006571000;8;4;4;55,9
22180006572000;15;8;7;40,4
22180006573000;25;9;16;37,3
22180006574000;22;14;8;35,5
22180006575000;56;31;25;32,3
22180006576000;31;17;14;43,2
22180006577000;3;2;1;0,0
22180006583000;2;2;0;0,0
22180006584000;7;3;4;34,9
22180006585000;7;4;3;56,1
22180006586000;15;7;8;31,0
22180006587000;34;19;15;40,2
22180006599000;11;5;6;29,4
22180006600000;21;11;10;31,4
22180006601000;30;15;15;44,0
22180006602000;12;4;8;36,9
22180006603000;31;13;18;40,4
22180006604000;50;21;29;37,0
22180006605000;15;6;9;46,5
22180006616000;10;3;7;28,8
22180006617000;15;10;5;40,2
22180006618000;1;1;0;0,0
22180006619000;12;6;6;38,2
22180006620000;25;13;12;42,5
22180006621000;1;1;0;0,0
22180006632000;105;53;52;39,7
22180006633000;805;399;406;37,9
22180006634000;196;100;96;42,0
22180006635000;552;259;293;39,1
22180006636000;150;80;70;42,6
22180006652000;335;180;155;40,3
22180006653000;528;259;269;37,2
22180006654000;343;183;160;37,4
22180006655000;88;44;44;37,6
22180006656000;11;5;6;42,6
22180006657000;21;9;12;33,0
22180006658000;122;65;57;35,1
22180006659000;27;16;11;43,1
22180006660000;40;22;18;45,3
22180006667000;5;1;4;53,2
22180006687000;11;6;5;38,6
22180006688000;90;49;41;36,2
22180006689000;55;28;27;38,3
22180006724000;7;3;4;45,0
22180006734000;40;19;21;46,6
22180006735000;16;8;8;57,7
22180006754000;1;1;0;0,0
22180006755000;4;3;1;0,0
22180006813000;6;3;3;48,7
22180006814000;5;4;1;54,4
22180006836000;3;2;1;0,0
22180006837000;97;44;53;38,5
22180006838000;39;22;17;37,8
22180006839000;11;6;5;42,2
22180006842000;4;3;1;0,0
22180006847000;15;9;6;33,4
22180006848000;602;288;314;42,5
22180006849000;33;19;14;45,6
22180006850000;15;8;7;46,8
22180006851000;6;3;3;37,8
22180006910000;12;6;6;30,1
22180006911000;2;1;1;0,0
22180006938000;6;4;2;26,8
22180006951000;7;4;3;46,7
22180006952000;4;2;2;0,0
22180006953000;5;1;4;36,2
22180006954000;34;16;18;40,6
22180006955000;5;3;2;28,2
22180006957000;4;1;3;0,0
22180006999000;19;11;8;40,3
22180007008000;15;9;6;42,2
22180007009000;9;5;4;46,4
22180007012000;12;7;5;49,0
22180007014000;8;2;6;37,9
22180007015000;7;4;3;32,9
22180007023000;5;2;3;33,2
22180007038000;4;2;2;0,0
22180007049000;2;2;0;0,0
22180007056000;6;4;2;43,7
22180007061000;5;3;2;42,8
22180007062000;12;7;5;45,1
22190006553000;15;9;6;32,5
22190006554000;73;39;34;44,8
22190006555000;137;73;64;37,2
22190006556000;85;48;37;32,1
22190006557000;13;8;5;45,2
22190006558000;12;7;5;27,9
22190006559000;21;12;9;25,5
22190006560000;511;254;257;37,8
22190006561000;54;32;22;37,1
22190006564000;14;8;6;47,6
22190006565000;13;7;6;27,4
22190006567000;4;2;2;0,0
22190006568000;21;11;10;38,4
22190006569000;15;9;6;37,5
22190006570000;8;6;2;36,1
22190006571000;15;7;8;38,4
22190006572000;38;20;18;33,2
22190006573000;65;36;29;38,3
22190006574000;68;31;37;39,1
22190006576000;4;1;3;0,0
22190006580000;8;5;3;33,1
22190006581000;18;7;11;33,8
22190006582000;51;25;26;35,0
22190006583000;44;25;19;37,6
22190006584000;14;7;7;42,0
22190006585000;12;8;4;49,4
22190006586000;8;6;2;50,3
22190006587000;8;4;4;31,4
22190006614000;4;2;2;0,0
22190006616000;13;6;7;43,0
22190006617000;111;50;61;36,7
22190006618000;10;5;5;35,2
22190006632000;34;22;12;33,3
22190006633000;1423;736;687;38,8
22190006634000;1159;534;625;44,8
22190006635000;1857;923;934;37,2
22190006636000;1034;522;512;33,0
22190006651000;5;2;3;32,8
22190006652000;21;12;9;47,2
22190006653000;113;65;48;41,1
22190006654000;479;244;235;42,7
22190006655000;464;236;228;41,6
22190006656000;50;29;21;44,0
22190006657000;291;147;144;33,7
22190006658000;68;40;28;39,5
22190006659000;20;11;9;41,6
22190006660000;25;11;14;39,4
22190006661000;24;12;12;43,1
22190006662000;25;12;13;33,7
22190006665000;1;1;0;0,0
22190006666000;1;1;0;0,0
22190006667000;5;3;2;53,0
22190006668000;5;3;2;50,4
22190006687000;10;4;6;59,9
22190006688000;200;95;105;48,5
22190006689000;227;111;116;48,6
22190006690000;72;37;35;51,2
22190006733000;11;8;3;35,5
22190006734000;123;60;63;46,2
22190006755000;3;2;1;0,0
22190006777000;3;2;1;0,0
22190006810000;7;4;3;35,1
22190006812000;11;5;6;42,9
22190006813000;20;12;8;43,4
22190006814000;3;2;1;0,0
22190006837000;29;12;17;46,9
22190006838000;32;18;14;43,6
22190006839000;139;76;63;34,9
22190006840000;24;15;9;30,5
22190006841000;105;50;55;40,5
22190006842000;9;4;5;42,0
22190006843000;17;8;9;48,0
22190006844000;26;12;14;34,8
22190006845000;4;3;1;0,0
22190006848000;134;64;70;42,0
22190006849000;18;11;7;30,3
22190006850000;16;10;6;36,7
22190006853000;16;8;8;42,8
22190006864000;10;3;7;29,0
22190006910000;1;0;1;0,0
22190006939000;6;2;4;31,3
22190006951000;12;6;6;30,9
22190006954000;47;28;19;44,5
22190006998000;7;4;3;35,7
22190006999000;3;1;2;0,0
22190007008000;13;6;7;34,5
22190007013000;7;4;3;40,6
22190007015000;12;7;5;32,4
22190007016000;4;3;1;0,0
22190007038000;24;10;14;39,6
22190007058000;1;1;0;0,0
22190007069000;28;16;12;38,0
22190007070000;4;2;2;0,0
22190007071000;7;3;4;39,3
22200006551000;3;1;2;0,0
22200006552000;5;3;2;56,6
22200006554000;106;54;52;50,1
22200006555000;100;54;46;48,2
22200006556000;837;395;442;40,2
22200006557000;30;14;16;29,7
22200006558000;8;4;4;50,9
22200006559000;35;19;16;42,9
22200006560000;38;19;19;33,3
22200006561000;30;15;15;35,0
22200006562000;95;47;48;38,6
22200006563000;44;21;23;34,0
22200006565000;7;4;3;39,6
22200006566000;24;14;10;42,8
22200006567000;28;17;11;51,3
22200006568000;2;1;1;0,0
22200006569000;8;4;4;55,8
22200006570000;10;6;4;24,6
22200006572000;17;8;9;38,9
22200006573000;25;13;12;37,1
22200006575000;22;9;13;37,3
22200006576000;3;1;2;0,0
22200006577000;9;5;4;25,1
22200006578000;15;10;5;35,0
22200006579000;6;3;3;48,2
22200006580000;11;7;4;34,5
22200006581000;46;17;29;41,0
22200006582000;51;22;29;39,2
22200006583000;85;39;46;40,4
22200006584000;28;14;14;36,2
22200006585000;11;3;8;26,5
22200006586000;15;7;8;33,1
22200006587000;30;18;12;42,8
22200006588000;24;12;12;38,2
22200006589000;1;1;0;0,0
22200006603000;5;2;3;29,6
22200006605000;26;13;13;46,8
22200006606000;18;9;9;39,8
22200006608000;5;3;2;40,8
22200006614000;19;8;11;29,2
22200006615000;52;30;22;37,2
22200006616000;56;26;30;39,3
22200006617000;63;37;26;41,6
22200006631000;84;47;37;27,5
22200006632000;1503;756;747;33,3
22200006633000;1247;628;619;40,5
22200006634000;1069;519;550;39,4
22200006635000;1180;570;610;40,0
22200006636000;17;8;9;31,6
22200006650000;1;1;0;0,0
22200006653000;5;3;2;51,8
22200006654000;47;27;20;44,1
22200006655000;62;27;35;43,3
22200006656000;88;43;45;44,8
22200006657000;448;218;230;43,1
22200006658000;951;435;516;49,7
22200006659000;400;180;220;40,0
22200006660000;38;22;16;47,7
22200006661000;10;6;4;46,6
22200006662000;21;10;11;40,1
22200006664000;26;16;10;32,6
22200006665000;11;7;4;25,8
22200006666000;6;4;2;32,2
22200006667000;2;1;1;0,0
22200006668000;4;3;1;0,0
22200006685000;2;1;1;0,0
22200006686000;13;7;6;31,8
22200006687000;140;70;70;37,4
22200006688000;8;3;5;52,3
22200006689000;2;1;1;0,0
22200006690000;9;4;5;32,3
22200006691000;3;1;2;0,0
22200006723000;11;6;5;49,1
22200006724000;1;1;0;0,0
22200006732000;2;1;1;0,0
22200006733000;32;16;16;34,1
22200006734000;2;1;1;0,0
22200006755000;4;2;2;0,0
22200006756000;21;11;10;28,8
22200006757000;16;7;9;38,2
22200006758000;2;1;1;0,0
22200006776000;2;1;1;0,0
22200006777000;4;3;1;0,0
22200006778000;1;1;0;0,0
22200006810000;3;2;1;0,0
22200006811000;30;18;12;52,5
22200006812000;35;17;18;39,7
22200006813000;3;1;2;0,0
22200006837000;20;12;8;49,5
22200006838000;70;38;32;38,6
22200006839000;19;8;11;42,5
22200006840000;209;102;107;41,6
22200006841000;617;296;321;46,7
22200006842000;27;11;16;36,4
22200006843000;17;9;8;33,9
22200006844000;33;17;16;52,4
22200006845000;23;13;10;49,7
22200006846000;17;9;8;38,0
22200006847000;3;2;1;0,0
22200006848000;44;24;20;37,8
22200006852000;4;1;3;0,0
22200006919000;4;1;3;0,0
22200006937000;4;3;1;0,0
22200006939000;26;13;13;52,4
22200006940000;31;13;18;36,0
22200006941000;2;1;1;0,0
22200006950000;1;0;1;0,0
22200006951000;11;7;4;31,7
22200006952000;10;7;3;47,3
22200006953000;6;3;3;60,5
22200006954000;23;10;13;40,3
22200006955000;42;26;16;37,4
22200006956000;5;3;2;36,0
22200006998000;1;1;0;0,0
22200007008000;5;3;2;59,2
22200007009000;3;2;1;0,0
22200007013000;6;4;2;31,0
22200007016000;18;8;10;34,3
22200007023000;2;1;1;0,0
22200007036000;12;7;5;40,5
22200007038000;2;1;1;0,0
22200007039000;2;1;1;0,0
22200007047000;3;2;1;0,0
22210006552000;27;10;17;44,8
22210006553000;33;13;20;40,6
22210006554000;1;1;0;0,0
22210006555000;95;50;45;37,2
22210006556000;328;170;158;38,3
22210006557000;134;73;61;39,3
22210006558000;42;24;18;33,4
22210006559000;21;11;10;40,5
22210006560000;34;20;14;40,0
22210006561000;34;19;15;39,4
22210006562000;18;11;7;39,7
22210006563000;130;71;59;41,4
22210006564000;15;7;8;37,1
22210006565000;5;2;3;49,8
22210006567000;6;3;3;65,5
22210006568000;19;10;9;39,2
22210006569000;30;18;12;38,4
22210006572000;3;2;1;0,0
22210006573000;43;23;20;35,6
22210006574000;5;4;1;46,0
22210006575000;21;10;11;42,8
22210006576000;8;5;3;43,5
22210006577000;1;1;0;0,0
22210006583000;91;41;50;38,2
22210006584000;12;6;6;45,8
22210006586000;5;3;2;28,8
22210006587000;9;3;6;30,4
22210006588000;27;15;12;29,2
22210006589000;23;13;10;30,5
22210006590000;19;10;9;41,5
22210006599000;9;5;4;34,7
22210006600000;10;6;4;30,4
22210006601000;6;4;2;47,5
22210006602000;13;4;9;42,2
22210006603000;2;1;1;0,0
22210006604000;17;9;8;34,2
22210006605000;32;17;15;41,3
22210006606000;73;40;33;39,6
22210006607000;5;2;3;54,0
22210006608000;30;19;11;39,2
22210006609000;345;173;172;39,3
22210006610000;93;41;52;51,7
22210006611000;60;33;27;36,3
22210006612000;27;12;15;37,3
22210006613000;60;30;30;41,3
22210006614000;26;15;11;49,5
22210006615000;37;16;21;37,7
22210006616000;2;1;1;0,0
22210006617000;6;3;3;50,0
22210006630000;7;5;2;36,7
22210006631000;31;17;14;45,7
22210006632000;69;34;35;35,8
22210006633000;141;77;64;34,2
22210006634000;1411;697;714;37,7
22210006635000;1730;852;878;32,7
22210006656000;20;9;11;34,7
22210006657000;124;62;62;39,9
22210006658000;138;60;78;39,0
22210006659000;540;258;282;38,6
22210006660000;77;42;35;32,0
22210006661000;25;12;13;35,1
22210006662000;52;26;26;45,3
22210006663000;45;19;26;39,5
22210006664000;59;27;32;33,3
22210006665000;55;28;27;37,5
22210006666000;27;14;13;29,4
22210006667000;21;11;10;50,0
22210006684000;10;4;6;38,0
22210006685000;30;14;16;39,2
22210006686000;14;6;8;43,6
22210006687000;39;20;19;46,1
22210006688000;12;4;8;41,2
22210006689000;11;4;7;43,4
22210006690000;3;1;2;0,0
22210006698000;4;1;3;0,0
22210006722000;1;0;1;0,0
22210006731000;29;18;11;48,4
22210006732000;14;7;7;59,0
22210006733000;11;4;7;33,1
22210006734000;2;2;0;0,0
22210006755000;9;3;6;33,7
22210006756000;33;16;17;45,7
22210006757000;12;4;8;49,5
22210006770000;1;1;0;0,0
22210006775000;1;0;1;0,0
22210006777000;10;5;5;53,3
22210006810000;10;5;5;67,4
22210006811000;12;8;4;48,1
22210006812000;11;8;3;30,6
22210006827000;1;0;1;0,0
22210006831000;1;0;1;0,0
22210006837000;4;3;1;0,0
22210006838000;73;32;41;38,9
22210006839000;36;14;22;54,7
22210006840000;696;331;365;44,5
22210006841000;208;106;102;43,0
22210006842000;10;5;5;18,8
22210006844000;2;2;0;0,0
22210006845000;9;4;5;46,9
22210006846000;32;17;15;40,5
22210006847000;26;14;12;45,5
22210006848000;29;14;15;44,8
22210006857000;4;1;3;0,0
22210006907000;3;1;2;0,0
22210006934000;3;1;2;0,0
22210006940000;15;10;5;43,7
22210006941000;10;6;4;39,7
22210006942000;9;5;4;59,2
22210006944000;12;4;8;25,3
22210006945000;2;1;1;0,0
22210006952000;15;7;8;27,1
22210006954000;74;35;39;35,9
22210006955000;49;27;22;42,8
22210006956000;11;5;6;36,4
22210006957000;4;1;3;0,0
22210006967000;5;2;3;30,4
22210007008000;2;1;1;0,0
22210007009000;3;2;1;0,0
22210007017000;6;2;4;35,7
22210007018000;4;4;0;0,0
22210007035000;10;5;5;39,4
22210007036000;17;11;6;36,2
22210007049000;11;5;6;40,4
22210007052000;1;1;0;0,0
22210007053000;5;4;1;38,2
22210007059000;7;2;5;43,1
22210007070000;7;4;3;49,1
22210007071000;4;2;2;0,0
22220006553000;20;8;12;46,5
22220006555000;2;2;0;0,0
22220006556000;47;26;21;34,7
22220006557000;272;136;136;36,0
22220006558000;19;14;5;51,2
22220006559000;38;21;17;32,3
22220006560000;2;2;0;0,0
22220006561000;14;8;6;43,6
22220006562000;16;12;4;43,8
22220006563000;15;8;7;26,6
22220006564000;69;46;23;37,9
22220006565000;42;17;25;38,0
22220006566000;6;5;1;29,7
22220006567000;5;3;2;69,2
22220006571000;9;6;3;48,4
22220006572000;32;16;16;37,5
22220006573000;509;248;261;35,8
22220006574000;393;198;195;34,7
22220006575000;109;59;50;38,5
22220006576000;16;9;7;37,1
22220006579000;4;3;1;0,0
22220006581000;2;1;1;0,0
22220006582000;38;17;21;31,7
22220006583000;32;18;14;41,4
22220006584000;2;1;1;0,0
22220006586000;4;3;1;0,0
22220006589000;7;3;4;55,3
22220006590000;303;162;141;38,1
22220006591000;25;14;11;34,3
22220006592000;10;5;5;54,3
22220006593000;47;19;28;36,8
22220006594000;7;3;4;56,0
22220006595000;6;3;3;51,3
22220006596000;6;4;2;39,7
22220006597000;10;4;6;38,2
22220006598000;8;5;3;50,9
22220006599000;17;11;6;40,9
22220006600000;6;5;1;27,2
22220006601000;7;3;4;52,4
22220006602000;68;35;33;31,8
22220006603000;30;15;15;36,9
22220006604000;36;20;16;45,3
22220006605000;10;4;6;65,3
22220006606000;19;11;8;43,6
22220006607000;22;12;10;35,0
22220006608000;32;13;19;42,0
22220006609000;327;151;176;46,1
22220006610000;244;122;122;38,1
22220006611000;36;16;20;30,3
22220006612000;13;8;5;32,4
22220006613000;8;5;3;42,0
22220006614000;26;11;15;34,3
22220006615000;10;7;3;40,4
22220006630000;11;7;4;35,0
22220006631000;7;4;3;34,3
22220006633000;3;3;0;0,0
22220006634000;496;248;248;40,3
22220006635000;1510;742;768;40,2
22220006652000;4;1;3;0,0
22220006653000;4;3;1;0,0
22220006657000;4;2;2;0,0
22220006658000;12;6;6;49,4
22220006659000;18;8;10;52,6
22220006660000;22;10;12;50,0
22220006661000;6;3;3;53,3
22220006662000;38;21;17;37,8
22220006663000;56;31;25;41,0
22220006664000;20;11;9;43,3
22220006665000;26;13;13;41,3
22220006666000;18;9;9;33,2
22220006667000;29;14;15;51,6
22220006668000;10;4;6;16,8
22220006669000;4;2;2;0,0
22220006684000;15;7;8;26,5
22220006685000;16;7;9;36,3
22220006687000;5;3;2;24,8
22220006723000;8;2;6;36,8
22220006724000;12;8;4;49,3
22220006730000;4;1;3;0,0
22220006755000;10;6;4;44,0
22220006756000;29;16;13;32,2
22220006757000;5;5;0;39,6
22220006774000;5;3;2;37,4
22220006775000;12;5;7;40,3
22220006776000;11;7;4;53,1
22220006777000;9;4;5;44,4
22220006808000;5;4;1;58,6
22220006809000;8;3;5;43,4
22220006812000;7;1;6;31,9
22220006829000;9;5;4;44,9
22220006830000;4;2;2;0,0
22220006831000;18;10;8;43,8
22220006836000;4;1;3;0,0
22220006837000;51;29;22;40,0
22220006838000;35;20;15;40,4
22220006839000;179;82;97;42,2
22220006840000;471;246;225;33,8
22220006841000;17;9;8;43,4
22220006846000;1;1;0;0,0
22220006908000;3;1;2;0,0
22220006933000;5;2;3;36,2
22220006942000;22;14;8;23,7
22220006943000;15;8;7;49,5
22220006944000;38;17;21;39,2
22220006945000;24;13;11;41,8
22220006946000;9;3;6;40,0
22220006947000;9;3;6;26,0
22220006948000;3;2;1;0,0
22220006952000;22;10;12;33,9
22220006953000;13;7;6;39,0
22220006954000;193;90;103;33,5
22220006955000;16;9;7;48,3
22220006971000;5;2;3;61,6
22220007008000;3;2;1;0,0
22220007016000;2;1;1;0,0
22220007017000;4;2;2;0,0
22220007018000;1;1;0;0,0
22220007048000;4;2;2;0,0
22220007049000;13;8;5;44,9
22220007053000;12;8;4;44,1
22220007056000;1;0;1;0,0
22220007063000;4;2;2;0,0
22220007064000;2;1;1;0,0
22220007070000;6;3;3;56,2
22220007071000;22;11;11;55,7
22230006552000;50;25;25;41,5
22230006553000;122;60;62;43,5
22230006554000;54;28;26;45,8
22230006555000;54;34;20;38,6
22230006556000;75;35;40;41,9
22230006557000;11;7;4;47,3
22230006558000;20;12;8;44,8
22230006559000;19;9;10;50,5
22230006560000;23;14;9;46,8
22230006561000;68;34;34;43,4
22230006562000;62;34;28;40,8
22230006563000;14;5;9;33,6
22230006564000;282;133;149;37,9
22230006565000;351;174;177;38,0
22230006566000;39;22;17;38,9
22230006567000;37;19;18;38,2
22230006568000;27;15;12;44,9
22230006570000;27;12;15;25,7
22230006571000;10;5;5;57,1
22230006572000;32;14;18;40,9
22230006573000;24;11;13;35,0
22230006574000;42;17;25;30,3
22230006575000;6;5;1;28,7
22230006576000;16;11;5;41,6
22230006579000;14;6;8;33,4
22230006580000;47;22;25;40,4
22230006581000;4;3;1;0,0
22230006582000;8;3;5;51,3
22230006583000;62;34;28;44,2
22230006584000;11;7;4;32,9
22230006585000;2;0;2;0,0
22230006587000;8;4;4;36,9
22230006589000;18;9;9;40,1
22230006590000;110;53;57;40,5
22230006591000;80;43;37;39,3
22230006592000;14;11;3;37,0
22230006593000;15;8;7;43,9
22230006594000;32;17;15;39,9
22230006595000;25;12;13;35,8
22230006596000;28;14;14;36,4
22230006597000;127;64;63;33,7
22230006598000;10;5;5;39,5
22230006599000;15;9;6;60,7
22230006601000;11;3;8;37,6
22230006606000;8;5;3;37,3
22230006607000;53;24;29;43,2
22230006608000;37;20;17;45,0
22230006609000;24;15;9;33,6
22230006610000;16;10;6;32,2
22230006611000;14;4;10;46,4
22230006612000;40;23;17;30,1
22230006613000;14;7;7;45,6
22230006614000;6;4;2;36,2
22230006615000;2;2;0;0,0
22230006630000;31;17;14;24,9
22230006631000;33;20;13;50,6
22230006633000;48;22;26;36,8
22230006634000;120;64;56;35,9
22230006635000;1586;764;822;40,0
22230006636000;200;96;104;28,8
22230006660000;32;15;17;37,1
22230006661000;14;6;8;46,1
22230006663000;4;4;0;0,0
22230006664000;19;8;11;41,9
22230006665000;36;21;15;37,4
22230006666000;49;27;22;38,7
22230006667000;27;17;10;48,0
22230006668000;19;9;10;60,5
22230006669000;16;9;7;37,4
22230006684000;8;4;4;58,9
22230006685000;12;9;3;32,3
22230006723000;2;1;1;0,0
22230006724000;10;5;5;34,0
22230006729000;1;0;1;0,0
22230006730000;10;7;3;61,9
22230006754000;19;9;10;34,9
22230006755000;10;6;4;30,3
22230006756000;45;23;22;33,9
22230006757000;3;2;1;0,0
22230006776000;19;9;10;40,5
22230006788000;4;3;1;0,0
22230006809000;7;4;3;56,0
22230006829000;4;3;1;0,0
22230006835000;1;1;0;0,0
22230006836000;10;5;5;34,4
22230006837000;76;48;28;43,1
22230006839000;155;87;68;41,0
22230006840000;44;22;22;40,4
22230006841000;11;4;7;28,2
22230006842000;4;2;2;0,0
22230006907000;5;3;2;32,8
22230006908000;2;1;1;0,0
22230006943000;7;5;2;22,3
22230006944000;31;15;16;35,0
22230006945000;90;46;44;37,7
22230006946000;1;1;0;0,0
22230006947000;26;13;13;43,5
22230006948000;44;19;25;35,7
22230006949000;11;6;5;29,3
22230006951000;13;7;6;40,0
22230006952000;8;4;4;41,1
22230006953000;74;39;35;45,6
22230006954000;9;5;4;33,6
22230006970000;3;1;2;0,0
22230006971000;23;14;9;46,6
22230006972000;7;5;2;36,4
22230007049000;4;1;3;0,0
22230007057000;1;0;1;0,0
22230007070000;1;0;1;0,0
22230007071000;20;12;8;46,4
22230007072000;19;11;8;37,8
22230007073000;8;3;5;40,1
22240006553000;3;2;1;0,0
22240006554000;6;3;3;39,3
22240006555000;18;9;9;32,6
22240006556000;27;13;14;49,3
22240006557000;109;59;50;43,3
22240006558000;440;221;219;33,0
22240006559000;4;1;3;0,0
22240006561000;34;20;14;37,8
22240006562000;36;21;15;40,6
22240006563000;390;195;195;38,4
22240006564000;2302;1078;1224;36,9
22240006565000;1272;614;658;39,0
22240006566000;1067;543;524;38,6
22240006567000;40;20;20;35,5
22240006568000;56;27;29;43,2
22240006569000;8;6;2;38,0
22240006570000;7;2;5;50,9
22240006571000;4;3;1;0,0
22240006572000;9;6;3;37,1
22240006575000;2;1;1;0,0
22240006576000;11;4;7;45,7
22240006577000;24;14;10;34,2
22240006578000;15;10;5;25,3
22240006579000;39;21;18;40,6
22240006580000;16;11;5;36,3
22240006581000;5;3;2;45,2
22240006582000;18;10;8;39,6
22240006583000;89;42;47;32,1
22240006584000;25;10;15;33,9
22240006585000;291;150;141;32,7
22240006586000;15;8;7;38,1
22240006587000;6;3;3;22,3
22240006588000;44;25;19;44,7
22240006589000;52;25;27;32,2
22240006590000;6;3;3;38,0
22240006591000;14;7;7;41,3
22240006592000;6;3;3;29,3
22240006595000;16;8;8;31,5
22240006596000;16;7;9;41,1
22240006597000;3;1;2;0,0
22240006598000;18;9;9;40,1
22240006600000;1;0;1;0,0
22240006601000;3;1;2;0,0
22240006602000;1;1;0;0,0
22240006603000;6;3;3;43,5
22240006604000;2;1;1;0,0
22240006606000;95;51;44;43,7
22240006607000;439;228;211;39,0
22240006609000;10;5;5;46,9
22240006610000;11;6;5;43,0
22240006611000;16;8;8;30,4
22240006612000;4;1;3;0,0
22240006613000;4;3;1;0,0
22240006630000;2;1;1;0,0
22240006631000;109;61;48;38,1
22240006633000;137;77;60;41,5
22240006634000;92;58;34;37,3
22240006635000;727;371;356;35,8
22240006661000;39;25;14;43,4
22240006662000;24;10;14;38,3
22240006665000;10;4;6;30,8
22240006666000;201;98;103;37,6
22240006667000;201;97;104;47,6
22240006668000;14;5;9;26,6
22240006669000;24;13;11;40,0
22240006684000;8;3;5;39,8
22240006685000;41;23;18;30,3
22240006722000;2;1;1;0,0
22240006723000;3;3;0;0,0
22240006724000;20;10;10;37,4
22240006725000;1;1;0;0,0
22240006726000;6;2;4;45,5
22240006728000;2;1;1;0,0
22240006729000;4;2;2;0,0
22240006752000;3;2;1;0,0
22240006753000;4;3;1;0,0
22240006754000;23;14;9;32,7
22240006755000;12;7;5;48,3
22240006756000;17;9;8;25,1
22240006757000;6;2;4;33,5
22240006758000;2;2;0;0,0
22240006775000;27;13;14;56,9
22240006776000;1;1;0;0,0
22240006788000;1;1;0;0,0
22240006809000;18;8;10;57,7
22240006810000;6;3;3;45,7
22240006835000;17;10;7;41,6
22240006836000;29;17;12;50,4
22240006837000;96;51;45;40,5
22240006839000;26;13;13;45,3
22240006840000;47;18;29;45,8
22240006841000;31;20;11;33,2
22240006842000;1;1;0;0,0
22240006907000;3;1;2;0,0
22240006944000;11;5;6;38,2
22240006945000;20;8;12;38,2
22240006946000;8;3;5;57,5
22240006947000;10;3;7;33,4
22240006948000;23;11;12;41,8
22240006949000;20;10;10;28,9
22240006950000;21;10;11;44,5
22240006951000;8;4;4;29,8
22240006952000;1;0;1;0,0
22240006953000;35;16;19;38,1
22240006971000;13;8;5;38,8
22240006972000;25;16;9;44,0
22240007008000;5;2;3;58,8
22240007014000;4;2;2;0,0
22240007015000;11;4;7;47,8
22240007016000;3;2;1;0,0
22240007041000;4;3;1;0,0
22240007058000;2;1;1;0,0
22240007070000;9;5;4;39,7
22240007071000;10;6;4;39,4
22240007072000;23;11;12;38,1
22240007073000;6;4;2;31,7
22250006554000;53;29;24;44,4
22250006555000;39;20;19;42,9
22250006556000;90;53;37;44,2
22250006557000;40;21;19;42,5
22250006558000;152;78;74;39,6
22250006559000;740;353;387;38,9
22250006560000;637;321;316;36,6
22250006561000;199;103;96;40,3
22250006562000;499;239;260;38,8
22250006563000;791;406;385;36,2
22250006564000;1345;644;701;41,5
22250006565000;2355;1126;1229;41,6
22250006566000;1019;511;508;37,0
22250006567000;95;57;38;39,5
22250006568000;125;67;58;36,7
22250006569000;6;4;2;37,0
22250006571000;1;1;0;0,0
22250006572000;20;9;11;37,1
22250006573000;6;3;3;58,8
22250006574000;12;8;4;47,8
22250006575000;42;21;21;37,0
22250006576000;2;1;1;0,0
22250006577000;33;17;16;38,3
22250006578000;28;18;10;35,8
22250006580000;4;2;2;0,0
22250006581000;14;8;6;41,1
22250006582000;12;7;5;44,8
22250006583000;424;209;215;46,3
22250006584000;413;190;223;49,1
22250006585000;49;28;21;31,3
22250006586000;27;13;14;36,4
22250006587000;8;4;4;27,3
22250006589000;25;15;10;40,7
22250006590000;4;3;1;0,0
22250006591000;36;18;18;39,6
22250006592000;43;23;20;38,0
22250006601000;5;3;2;56,0
22250006602000;6;2;4;34,2
22250006603000;4;1;3;0,0
22250006604000;14;9;5;31,7
22250006606000;17;12;5;43,1
22250006607000;16;7;9;48,0
22250006612000;22;11;11;46,3
22250006616000;3;2;1;0,0
22250006617000;2;2;0;0,0
22250006626000;20;11;9;43,4
22250006627000;4;2;2;0,0
22250006629000;20;9;11;35,4
22250006630000;48;24;24;37,0
22250006631000;116;59;57;41,0
22250006633000;232;112;120;38,3
22250006634000;1043;507;536;41,0
22250006635000;538;260;278;39,0
22250006649000;3;2;1;0,0
22250006662000;25;12;13;46,2
22250006666000;18;8;10;33,6
22250006667000;33;19;14;41,5
22250006668000;32;19;13;36,5
22250006670000;6;4;2;24,2
22250006672000;16;6;10;57,3
22250006673000;29;15;14;46,4
22250006674000;7;4;3;32,7
22250006684000;16;8;8;38,2
22250006685000;76;35;41;37,6
22250006686000;5;3;2;60,4
22250006715000;7;4;3;36,4
22250006723000;9;7;2;30,0
22250006724000;164;72;92;53,7
22250006725000;66;33;33;48,4
22250006726000;18;9;9;58,3
22250006727000;6;4;2;46,8
22250006728000;15;8;7;30,7
22250006729000;7;4;3;71,1
22250006752000;2;2;0;0,0
22250006754000;33;18;15;35,7
22250006755000;20;15;5;28,4
22250006756000;9;3;6;54,6
22250006771000;2;1;1;0,0
22250006772000;4;3;1;0,0
22250006774000;14;8;6;39,9
22250006775000;19;10;9;25,6
22250006808000;8;4;4;42,9
22250006809000;19;10;9;55,1
22250006810000;4;2;2;0,0
22250006836000;65;29;36;39,8
22250006837000;30;14;16;44,5
22250006838000;11;6;5;41,7
22250006839000;10;5;5;42,9
22250006840000;3;1;2;0,0
22250006841000;3;1;2;0,0
22250006846000;2;1;1;0,0
22250006905000;2;1;1;0,0
22250006906000;5;3;2;24,0
22250006947000;12;6;6;35,5
22250006948000;12;7;5;48,3
22250006949000;33;19;14;38,8
22250006950000;17;9;8;45,7
22250006951000;47;23;24;39,9
22250006952000;66;31;35;46,2
22250006953000;55;32;23;39,4
22250006972000;1;1;0;0,0
22250006973000;25;13;12;41,0
22250007008000;7;3;4;46,1
22250007015000;11;5;6;38,6
22250007017000;15;4;11;38,7
22250007041000;153;75;78;45,5
22250007042000;16;8;8;36,6
22250007048000;6;4;2;39,3
22250007049000;1;0;1;0,0
22250007051000;5;3;2;63,2
22250007055000;1;1;0;0,0
22250007059000;7;3;4;47,6
22250007070000;5;3;2;36,0
22250007086000;13;6;7;49,5
22250007089000;3;2;1;0,0
22260006554000;135;68;67;37,6
22260006555000;29;17;12;47,1
22260006557000;5;2;3;59,8
22260006558000;9;5;4;54,7
22260006559000;96;50;46;42,3
22260006560000;876;443;433;37,0
22260006561000;853;432;421;38,4
22260006562000;1105;518;587;50,9
22260006563000;802;393;409;37,7
22260006564000;3676;1684;1992;50,0
22260006565000;1464;724;740;41,5
22260006566000;2100;1004;1096;38,1
22260006567000;537;268;269;36,7
22260006568000;476;239;237;35,1
22260006569000;329;179;150;31,5
22260006570000;73;38;35;35,8
22260006571000;9;4;5;20,2
22260006572000;3;1;2;0,0
22260006574000;21;12;9;38,3
22260006575000;34;15;19;34,4
22260006576000;4;1;3;0,0
22260006577000;1;1;0;0,0
22260006578000;20;9;11;30,7
22260006579000;15;10;5;37,1
22260006580000;15;9;6;34,7
22260006581000;19;13;6;43,6
22260006582000;23;12;11;32,3
22260006583000;459;241;218;35,0
22260006584000;75;37;38;37,6
22260006585000;23;10;13;31,3
22260006589000;3;1;2;0,0
22260006590000;30;18;12;31,4
22260006591000;12;9;3;32,5
22260006592000;43;22;21;35,5
22260006598000;7;4;3;43,0
22260006599000;14;6;8;39,7
22260006601000;2;1;1;0,0
22260006602000;10;4;6;60,7
22260006603000;13;7;6;47,3
22260006604000;24;15;9;38,1
22260006605000;15;9;6;39,3
22260006606000;57;29;28;42,6
22260006607000;6;5;1;38,2
22260006608000;11;6;5;21,0
22260006609000;19;10;9;39,7
22260006610000;25;16;9;34,6
22260006611000;7;3;4;36,4
22260006612000;16;10;6;31,6
22260006616000;20;10;10;45,8
22260006617000;17;10;7;45,5
22260006626000;36;20;16;41,9
22260006627000;40;21;19;43,4
22260006629000;369;177;192;36,4
22260006630000;1368;660;708;36,2
22260006631000;1300;644;656;34,2
22260006632000;54;26;28;34,7
22260006633000;1517;701;816;47,0
22260006634000;3130;1437;1693;43,5
22260006635000;250;124;126;52,7
22260006641000;7;3;4;37,4
22260006662000;11;6;5;50,9
22260006663000;7;4;3;39,3
22260006667000;1;0;1;0,0
22260006668000;11;7;4;46,5
22260006669000;32;13;19;42,8
22260006670000;125;66;59;35,7
22260006671000;165;86;79;36,4
22260006672000;98;50;48;38,7
22260006673000;61;28;33;35,2
22260006674000;3;2;1;0,0
22260006684000;23;12;11;35,8
22260006685000;46;27;19;42,4
22260006711000;4;4;0;0,0
22260006712000;9;5;4;49,1
22260006713000;5;3;2;58,6
22260006714000;8;5;3;49,8
22260006723000;5;2;3;38,6
22260006724000;12;5;7;32,5
22260006725000;9;6;3;37,1
22260006726000;11;7;4;45,4
22260006727000;4;1;3;0,0
22260006754000;40;20;20;45,8
22260006755000;42;23;19;33,7
22260006756000;1;1;0;0,0
22260006757000;1;0;1;0,0
22260006758000;2;1;1;0,0
22260006767000;11;5;6;53,4
22260006772000;10;4;6;34,4
22260006773000;14;5;9;49,9
22260006774000;10;6;4;50,3
22260006775000;4;2;2;0,0
22260006783000;2;1;1;0,0
22260006807000;2;2;0;0,0
22260006808000;32;18;14;56,6
22260006835000;9;5;4;43,3
22260006836000;71;35;36;36,2
22260006837000;43;23;20;43,3
22260006838000;10;5;5;39,1
22260006843000;2;0;2;0,0
22260006906000;4;2;2;0,0
22260006949000;25;12;13;33,7
22260006950000;571;294;277;34,8
22260006951000;1022;493;529;42,7
22260006952000;235;116;119;39,3
22260006953000;4;3;1;0,0
22260006973000;25;12;13;36,1
22260007007000;6;3;3;39,3
22260007008000;22;11;11;39,0
22260007015000;10;5;5;52,8
22260007016000;3;2;1;0,0
22260007019000;5;3;2;32,4
22260007020000;10;5;5;43,4
22260007023000;2;1;1;0,0
22260007041000;22;14;8;45,2
22260007042000;2;0;2;0,0
22260007043000;2;1;1;0,0
22260007049000;3;1;2;0,0
22260007051000;1;0;1;0,0
22260007060000;4;2;2;0,0
22260007087000;1;1;0;0,0
22270006560000;217;116;101;42,3
22270006561000;468;222;246;38,9
22270006562000;1410;677;733;39,9
22270006563000;1306;678;628;42,6
22270006564000;1716;885;831;41,5
22270006565000;1155;562;593;37,7
22270006566000;833;412;421;39,9
22270006567000;17;9;8;41,7
22270006568000;18;9;9;28,1
22270006569000;28;13;15;38,4
22270006570000;97;55;42;35,2
22270006571000;223;110;113;33,4
22270006572000;63;34;29;37,1
22270006573000;17;9;8;51,3
22270006575000;40;20;20;40,4
22270006576000;31;14;17;38,3
22270006577000;55;30;25;40,5
22270006578000;24;12;12;43,9
22270006579000;78;44;34;31,7
22270006580000;12;7;5;32,3
22270006581000;60;33;27;34,1
22270006582000;55;30;25;37,8
22270006583000;147;73;74;33,0
22270006584000;2;1;1;0,0
22270006588000;4;3;1;0,0
22270006589000;4;2;2;0,0
22270006590000;1;0;1;0,0
22270006591000;11;6;5;58,5
22270006592000;20;8;12;40,2
22270006593000;65;36;29;34,2
22270006594000;18;12;6;31,8
22270006595000;3;2;1;0,0
22270006596000;2;1;1;0,0
22270006597000;29;13;16;39,3
22270006598000;110;63;47;34,8
22270006599000;20;11;9;44,3
22270006600000;29;14;15;40,0
22270006601000;27;11;16;34,9
22270006602000;67;33;34;35,8
22270006603000;13;8;5;40,6
22270006604000;25;13;12;43,9
22270006605000;44;25;19;38,8
22270006606000;150;77;73;35,6
22270006607000;24;11;13;39,3
22270006608000;17;11;6;34,8
22270006609000;6;3;3;46,0
22270006610000;2;1;1;0,0
22270006611000;3;2;1;0,0
22270006614000;5;3;2;55,6
22270006615000;26;16;10;40,9
22270006616000;14;7;7;39,9
22270006617000;13;6;7;36,5
22270006618000;9;7;2;33,1
22270006625000;6;2;4;26,5
22270006626000;4;2;2;0,0
22270006627000;189;94;95;31,7
22270006628000;1632;805;827;33,8
22270006629000;1242;587;655;44,8
22270006630000;2137;1059;1078;36,8
22270006631000;1180;586;594;37,5
22270006632000;861;401;460;37,2
22270006633000;1509;751;758;34,7
22270006634000;3282;1541;1741;44,0
22270006635000;41;19;22;60,4
22270006662000;3;1;2;0,0
22270006663000;20;10;10;51,1
22270006669000;30;18;12;44,6
22270006670000;341;170;171;33,6
22270006671000;206;103;103;39,5
22270006672000;17;8;9;44,1
22270006673000;13;7;6;43,4
22270006674000;7;4;3;57,6
22270006684000;27;12;15;50,7
22270006685000;15;7;8;32,5
22270006701000;6;3;3;37,3
22270006703000;8;5;3;27,8
22270006704000;2;1;1;0,0
22270006705000;3;2;1;0,0
22270006706000;2;1;1;0,0
22270006707000;7;4;3;47,3
22270006708000;39;25;14;32,1
22270006710000;5;3;2;56,2
22270006711000;32;16;16;41,3
22270006712000;11;6;5;35,5
22270006754000;1;1;0;0,0
22270006755000;22;12;10;43,3
22270006756000;30;13;17;31,8
22270006757000;6;4;2;35,8
22270006758000;1;1;0;0,0
22270006767000;41;24;17;42,4
22270006772000;2;1;1;0,0
22270006773000;22;7;15;41,2
22270006774000;3;2;1;0,0
22270006806000;2;1;1;0,0
22270006835000;35;20;15;44,9
22270006836000;47;24;23;40,9
22270006837000;231;117;114;39,9
22270006838000;99;49;50;36,6
22270006905000;1;0;1;0,0
22270006906000;23;14;9;51,2
22270006907000;6;5;1;45,5
22270006908000;3;2;1;0,0
22270006950000;14;8;6;36,6
22270006951000;801;374;427;42,6
22270006952000;709;347;362;47,0
22270006973000;2;1;1;0,0
22270006974000;9;5;4;40,2
22270007004000;16;9;7;33,0
22270007005000;31;13;18;48,6
22270007006000;34;18;16;42,1
22270007007000;307;161;146;45,0
22270007008000;24;13;11;44,6
22270007009000;18;9;9;34,0
22270007010000;9;4;5;30,9
22270007015000;3;2;1;0,0
22270007016000;5;3;2;27,0
22270007017000;10;5;5;31,1
22270007018000;31;19;12;36,0
22270007019000;19;10;9;45,5
22270007021000;11;7;4;41,5
22270007022000;6;2;4;41,5
22270007026000;2;1;1;0,0
22270007027000;9;4;5;41,1
22270007041000;4;3;1;0,0
22270007042000;3;2;1;0,0
22270007043000;23;11;12;33,2
22270007059000;3;2;1;0,0
22270007060000;2;1;1;0,0
22270007062000;11;7;4;50,4
22280006556000;9;4;5;46,6
22280006557000;86;43;43;44,5
22280006558000;36;18;18;52,8
22280006559000;137;69;68;45,3
22280006560000;582;288;294;36,8
22280006561000;170;78;92;40,8
22280006562000;849;418;431;38,6
22280006563000;1373;672;701;37,8
22280006564000;1274;626;648;39,2
22280006565000;492;250;242;36,1
22280006566000;525;259;266;37,0
22280006567000;31;17;14;35,5
22280006569000;47;22;25;34,6
22280006570000;27;19;8;38,6
22280006572000;103;66;37;36,2
22280006573000;48;26;22;36,5
22280006574000;13;8;5;36,6
22280006576000;6;2;4;19,5
22280006577000;3;2;1;0,0
22280006578000;3;2;1;0,0
22280006579000;47;28;19;40,8
22280006580000;10;5;5;43,7
22280006581000;9;5;4;28,1
22280006582000;25;10;15;37,4
22280006583000;11;5;6;37,0
22280006585000;5;2;3;23,0
22280006587000;8;3;5;33,3
22280006588000;37;18;19;37,4
22280006589000;8;3;5;38,4
22280006590000;8;6;2;40,9
22280006592000;27;15;12;33,0
22280006593000;15;6;9;52,5
22280006594000;8;4;4;27,3
22280006595000;159;81;78;43,4
22280006596000;92;47;45;26,1
22280006597000;18;9;9;30,4
22280006598000;33;19;14;29,3
22280006599000;19;10;9;50,7
22280006600000;31;17;14;26,7
22280006601000;35;21;14;36,6
22280006602000;6;4;2;39,5
22280006604000;5;3;2;22,6
22280006605000;67;34;33;34,1
22280006606000;144;73;71;30,8
22280006607000;1;1;0;0,0
22280006613000;80;39;41;37,4
22280006614000;25;14;11;37,2
22280006615000;124;63;61;38,4
22280006616000;31;18;13;45,2
22280006617000;20;8;12;38,4
22280006618000;7;3;4;40,0
22280006625000;5;1;4;39,8
22280006626000;21;11;10;35,1
22280006627000;28;14;14;44,0
22280006628000;65;34;31;34,0
22280006629000;423;207;216;35,9
22280006630000;194;91;103;34,2
22280006631000;271;142;129;32,0
22280006632000;1281;668;613;35,5
22280006633000;2484;1223;1261;37,5
22280006634000;999;508;491;38,6
22280006635000;1;1;0;0,0
22280006643000;11;7;4;43,3
22280006662000;4;3;1;0,0
22280006663000;30;13;17;50,9
22280006670000;8;5;3;60,1
22280006671000;187;94;93;42,1
22280006672000;185;95;90;41,9
22280006683000;16;7;9;42,1
22280006684000;111;63;48;39,9
22280006685000;17;12;5;39,0
22280006698000;2;1;1;0,0
22280006700000;11;5;6;54,5
22280006701000;7;4;3;27,3
22280006702000;1;1;0;0,0
22280006704000;24;14;10;46,2
22280006705000;23;11;12;50,1
22280006706000;4;3;1;0,0
22280006708000;13;7;6;56,3
22280006709000;4;2;2;0,0
22280006710000;6;4;2;37,5
22280006713000;8;5;3;57,8
22280006714000;8;4;4;27,9
22280006753000;3;2;1;0,0
22280006754000;4;4;0;0,0
22280006755000;38;23;15;53,5
22280006756000;65;34;31;42,9
22280006757000;36;18;18;42,3
22280006758000;13;8;5;30,6
22280006765000;1;1;0;0,0
22280006766000;23;11;12;43,4
22280006767000;43;22;21;41,3
22280006768000;6;5;1;34,5
22280006772000;7;2;5;48,7
22280006773000;33;17;16;46,1
22280006775000;7;1;6;34,0
22280006776000;1;1;0;0,0
22280006778000;2;1;1;0,0
22280006805000;5;4;1;31,6
22280006806000;8;5;3;47,5
22280006835000;46;21;25;40,4
22280006836000;23;10;13;31,4
22280006837000;159;90;69;33,0
22280006905000;2;1;1;0,0
22280006906000;9;7;2;46,2
22280006907000;8;3;5;40,0
22280006908000;7;4;3;48,1
22280006951000;245;123;122;36,6
22280006952000;489;240;249;39,1
22280006953000;9;4;5;45,0
22280007003000;18;9;9;39,8
22280007004000;9;8;1;49,4
22280007005000;33;14;19;48,3
22280007006000;15;8;7;43,7
22280007007000;17;9;8;40,1
22280007009000;27;12;15;34,0
22280007010000;77;36;41;44,2
22280007011000;19;8;11;38,6
22280007017000;11;6;5;42,2
22280007018000;30;15;15;35,5
22280007019000;19;10;9;33,1
22280007021000;12;7;5;41,8
22280007023000;7;4;3;43,6
22280007024000;6;3;3;54,2
22280007027000;7;3;4;45,1
22280007036000;4;2;2;0,0
22280007037000;15;7;8;35,3
22280007041000;5;1;4;19,4
22280007043000;17;11;6;39,8
22280007062000;2;1;1;0,0
22280007063000;2;1;1;0,0
22280007068000;114;58;56;43,5
22290006557000;3;1;2;0,0
22290006558000;11;6;5;54,5
22290006559000;44;21;23;46,8
22290006560000;10;4;6;29,6
22290006561000;3;2;1;0,0
22290006562000;17;6;11;47,6
22290006563000;1022;514;508;34,5
22290006564000;955;459;496;36,9
22290006565000;168;82;86;42,7
22290006566000;34;17;17;39,6
22290006567000;68;35;33;44,6
22290006568000;107;60;47;38,6
22290006569000;14;8;6;40,6
22290006572000;21;13;8;40,6
22290006573000;41;21;20;30,4
22290006574000;75;44;31;32,5
22290006575000;23;13;10;45,3
22290006576000;1;0;1;0,0
22290006577000;2;1;1;0,0
22290006578000;30;16;14;41,9
22290006579000;61;25;36;32,4
22290006580000;460;240;220;32,5
22290006581000;83;44;39;27,8
22290006582000;90;47;43;34,1
22290006583000;9;5;4;46,0
22290006584000;20;14;6;36,3
22290006585000;1;1;0;0,0
22290006587000;13;7;6;37,5
22290006588000;190;94;96;33,4
22290006589000;103;54;49;37,6
22290006590000;114;53;61;35,6
22290006591000;54;27;27;41,9
22290006592000;45;22;23;37,8
22290006593000;10;5;5;36,3
22290006594000;24;13;11;35,2
22290006595000;37;26;11;35,0
22290006596000;121;66;55;40,9
22290006597000;16;10;6;48,3
22290006598000;24;11;13;33,9
22290006599000;24;10;14;27,6
22290006605000;41;21;20;40,5
22290006606000;106;46;60;40,5
22290006607000;2;1;1;0,0
22290006612000;6;4;2;37,8
22290006613000;16;9;7;29,1
22290006614000;471;210;261;52,5
22290006615000;615;267;348;51,1
22290006616000;367;192;175;30,8
22290006617000;105;52;53;36,1
22290006618000;88;45;43;38,9
22290006619000;50;23;27;36,1
22290006620000;2;2;0;0,0
22290006621000;19;10;9;34,6
22290006622000;77;40;37;37,9
22290006623000;36;21;15;34,8
22290006624000;7;4;3;30,3
22290006625000;15;9;6;29,1
22290006626000;44;27;17;35,6
22290006627000;12;5;7;50,2
22290006631000;1938;963;975;35,3
22290006632000;1474;730;744;34,6
22290006633000;2599;1236;1363;44,9
22290006634000;521;274;247;39,3
22290006637000;5;2;3;57,0
22290006643000;6;3;3;61,7
22290006644000;3;2;1;0,0
22290006662000;20;8;12;38,1
22290006671000;5;2;3;59,2
22290006672000;6;4;2;34,3
22290006673000;16;8;8;52,0
22290006674000;8;5;3;36,3
22290006683000;32;16;16;35,9
22290006684000;45;24;21;47,4
22290006685000;21;10;11;38,8
22290006686000;3;2;1;0,0
22290006697000;7;3;4;50,6
22290006698000;5;2;3;58,6
22290006699000;17;8;9;36,3
22290006700000;15;8;7;40,3
22290006701000;114;58;56;42,3
22290006702000;3;3;0;0,0
22290006703000;3;3;0;0,0
22290006706000;12;7;5;43,6
22290006707000;6;2;4;53,8
22290006708000;1;0;1;0,0
22290006710000;6;3;3;53,7
22290006711000;1;1;0;0,0
22290006714000;8;2;6;48,8
22290006715000;25;14;11;39,0
22290006716000;12;7;5;59,2
22290006717000;8;4;4;61,0
22290006753000;9;5;4;35,9
22290006754000;31;17;14;37,7
22290006755000;46;21;25;35,6
22290006756000;37;19;18;38,8
22290006757000;27;15;12;47,9
22290006758000;8;2;6;39,4
22290006766000;71;38;33;45,5
22290006767000;13;8;5;50,2
22290006768000;17;9;8;45,3
22290006769000;2;1;1;0,0
22290006773000;19;9;10;44,9
22290006774000;35;19;16;46,2
22290006775000;1;1;0;0,0
22290006805000;5;3;2;54,2
22290006806000;1;1;0;0,0
22290006819000;3;1;2;0,0
22290006834000;12;8;4;27,8
22290006835000;12;4;8;38,1
22290006836000;19;12;7;30,7
22290006837000;61;31;30;39,6
22290006838000;19;9;10;50,1
22290006839000;4;2;2;0,0
22290006903000;5;2;3;64,2
22290006904000;13;7;6;47,7
22290006905000;26;17;9;44,4
22290006906000;9;5;4;51,3
22290006952000;46;23;23;28,4
22290006953000;49;22;27;46,2
22290007003000;28;14;14;42,5
22290007004000;6;5;1;27,3
22290007006000;7;5;2;52,9
22290007008000;3;1;2;0,0
22290007010000;4;1;3;0,0
22290007011000;13;9;4;33,5
22290007012000;11;4;7;34,7
22290007019000;13;7;6;45,7
22290007023000;2;1;1;0,0
22290007025000;7;5;2;27,0
22290007027000;6;3;3;33,0
22290007028000;28;17;11;35,5
22290007029000;7;4;3;44,3
22290007030000;4;2;2;0,0
22290007037000;7;4;3;43,0
22290007038000;5;3;2;26,6
22290007040000;8;4;4;42,0
22290007043000;2;1;1;0,0
22290007062000;2;1;1;0,0
22290007063000;7;2;5;49,1
22290007068000;58;30;28;41,4
22290007069000;2;1;1;0,0
22300006557000;11;7;4;40,4
22300006558000;19;10;9;39,2
22300006559000;28;16;12;35,8
22300006560000;33;17;16;42,2
22300006561000;41;25;16;37,5
22300006562000;22;9;13;37,0
22300006563000;112;62;50;40,3
22300006564000;286;157;129;38,6
22300006565000;379;187;192;39,5
22300006566000;139;71;68;42,4
22300006567000;5;3;2;18,0
22300006568000;14;7;7;43,4
22300006569000;26;14;12;39,5
22300006570000;21;12;9;31,7
22300006572000;48;26;22;39,6
22300006573000;56;30;26;40,8
22300006574000;710;361;349;40,0
22300006575000;200;103;97;34,4
22300006576000;31;20;11;41,1
22300006577000;33;18;15;27,4
22300006578000;9;6;3;44,6
22300006579000;12;7;5;41,1
22300006580000;45;23;22;36,0
22300006581000;46;27;19;37,8
22300006582000;20;11;9;42,9
22300006583000;2;1;1;0,0
22300006584000;12;6;6;40,9
22300006585000;28;20;8;33,3
22300006586000;11;6;5;54,3
22300006587000;75;36;39;32,3
22300006588000;39;23;16;36,7
22300006589000;82;38;44;35,4
22300006590000;577;269;308;42,4
22300006591000;86;39;47;47,9
22300006592000;114;55;59;35,3
22300006593000;29;13;16;31,0
22300006594000;6;3;3;47,2
22300006595000;24;12;12;45,0
22300006596000;39;21;18;40,5
22300006597000;27;14;13;36,5
22300006598000;10;6;4;54,5
22300006599000;13;8;5;49,5
22300006600000;23;12;11;34,9
22300006601000;21;12;9;32,4
22300006602000;17;9;8;36,1
22300006603000;15;11;4;25,1
22300006604000;12;7;5;40,4
22300006605000;85;44;41;36,5
22300006606000;72;40;32;42,1
22300006611000;112;60;52;38,0
22300006612000;42;22;20;40,8
22300006613000;26;14;12;50,0
22300006614000;194;91;103;32,2
22300006615000;332;174;158;37,0
22300006616000;61;34;27;37,8
22300006617000;17;7;10;39,0
22300006618000;118;63;55;39,0
22300006619000;314;159;155;34,5
22300006620000;165;74;91;34,8
22300006621000;184;91;93;34,8
22300006622000;214;118;96;37,3
22300006623000;73;34;39;30,7
22300006624000;23;11;12;29,2
22300006625000;40;20;20;35,1
22300006626000;36;17;19;37,9
22300006627000;52;29;23;43,4
22300006629000;371;198;173;36,9
22300006630000;1958;992;966;40,5
22300006631000;2730;1387;1343;38,9
22300006632000;3563;1771;1792;45,1
22300006633000;622;303;319;36,4
22300006635000;4;1;3;0,0
22300006636000;33;20;13;39,4
22300006637000;13;8;5;57,5
22300006638000;22;11;11;31,3
22300006639000;23;12;11;45,7
22300006640000;152;75;77;29,7
22300006641000;224;101;123;41,5
22300006642000;15;6;9;40,3
22300006643000;4;2;2;0,0
22300006644000;8;5;3;40,5
22300006645000;3;1;2;0,0
22300006662000;13;7;6;36,1
22300006674000;27;16;11;33,9
22300006675000;54;28;26;40,3
22300006676000;5;3;2;45,2
22300006683000;51;26;25;42,1
22300006684000;32;19;13;36,6
22300006696000;2;1;1;0,0
22300006697000;27;12;15;36,7
22300006698000;13;7;6;33,6
22300006699000;11;5;6;28,9
22300006700000;6;4;2;22,8
22300006708000;11;4;7;44,4
22300006709000;17;11;6;44,9
22300006710000;1;0;1;0,0
22300006716000;2;1;1;0,0
22300006718000;9;5;4;60,7
22300006720000;1;1;0;0,0
22300006721000;3;2;1;0,0
22300006753000;28;15;13;29,4
22300006754000;42;21;21;34,9
22300006755000;36;19;17;37,1
22300006756000;16;8;8;35,3
22300006757000;19;9;10;46,1
22300006758000;9;3;6;30,9
22300006759000;4;2;2;0,0
22300006760000;3;2;1;0,0
22300006761000;4;2;2;0,0
22300006764000;14;6;8;29,1
22300006765000;10;7;3;39,6
22300006766000;34;15;19;33,4
22300006768000;10;6;4;42,7
22300006769000;19;10;9;45,3
22300006772000;9;5;4;26,9
22300006773000;84;45;39;42,4
22300006774000;42;21;21;50,8
22300006775000;5;4;1;43,8
22300006805000;47;21;26;44,1
22300006806000;6;4;2;57,3
22300006807000;1;1;0;0,0
22300006833000;11;7;4;39,6
22300006834000;28;10;18;35,3
22300006835000;43;26;17;39,7
22300006836000;171;72;99;60,0
22300006837000;35;19;16;51,2
22300006838000;8;4;4;45,3
22300006840000;5;4;1;41,6
22300006901000;4;2;2;0,0
22300006902000;16;8;8;40,5
22300006903000;3;1;2;0,0
22300006904000;25;13;12;51,0
22300006905000;6;3;3;26,3
22300006906000;11;7;4;34,6
22300006907000;2;2;0;0,0
22300006952000;10;4;6;31,5
22300006953000;37;18;19;36,4
22300006954000;19;9;10;43,8
22300007002000;9;4;5;23,6
22300007011000;8;5;3;25,3
22300007012000;1;1;0;0,0
22300007013000;11;5;6;59,6
22300007014000;15;8;7;44,7
22300007019000;21;13;8;39,2
22300007021000;20;11;9;30,2
22300007023000;3;2;1;0,0
22300007028000;14;7;7;46,2
22300007029000;17;11;6;44,8
22300007040000;9;4;5;46,4
22300007043000;3;2;1;0,0
22300007057000;8;3;5;41,8
22300007059000;1;1;0;0,0
22300007060000;2;1;1;0,0
22300007061000;1;0;1;0,0
22300007063000;1;0;1;0,0
22300007064000;9;4;5;51,9
22300007069000;46;24;22;49,7
22300007070000;6;3;3;39,2
22300007076000;2;1;1;0,0
22310006560000;8;3;5;59,6
22310006561000;10;5;5;44,8
22310006564000;8;4;4;45,5
22310006565000;331;173;158;35,4
22310006566000;67;39;28;44,6
22310006567000;37;21;16;43,9
22310006568000;30;16;14;44,7
22310006569000;14;8;6;34,6
22310006570000;32;20;12;36,3
22310006571000;34;17;17;39,2
22310006572000;15;7;8;46,1
22310006573000;154;71;83;37,5
22310006574000;1119;505;614;43,1
22310006575000;19;11;8;30,2
22310006576000;214;120;94;34,3
22310006577000;3;1;2;0,0
22310006578000;24;11;13;40,4
22310006579000;15;8;7;37,1
22310006580000;30;18;12;39,8
22310006581000;30;13;17;43,5
22310006582000;27;13;14;29,7
22310006583000;9;6;3;43,7
22310006584000;9;5;4;26,4
22310006585000;115;62;53;39,5
22310006586000;67;32;35;40,2
22310006587000;18;11;7;36,8
22310006588000;10;6;4;30,4
22310006589000;51;28;23;36,8
22310006590000;878;431;447;31,2
22310006591000;298;135;163;51,9
22310006592000;15;7;8;40,1
22310006593000;8;3;5;54,6
22310006594000;9;5;4;35,4
22310006595000;49;29;20;33,7
22310006596000;108;45;63;51,8
22310006597000;78;40;38;34,9
22310006598000;89;45;44;35,8
22310006599000;31;16;15;41,5
22310006600000;37;21;16;42,9
22310006601000;34;19;15;34,7
22310006602000;26;12;14;35,0
22310006603000;44;23;21;43,0
22310006604000;582;304;278;39,2
22310006605000;877;445;432;39,7
22310006606000;107;53;54;41,2
22310006609000;9;5;4;53,8
22310006610000;65;36;29;38,9
22310006611000;11;6;5;46,5
22310006613000;222;110;112;37,4
22310006614000;735;359;376;39,1
22310006615000;94;44;50;34,7
22310006616000;55;25;30;31,6
22310006617000;110;57;53;35,8
22310006618000;18;12;6;36,8
22310006619000;38;21;17;37,2
22310006620000;187;97;90;37,4
22310006621000;265;135;130;37,0
22310006622000;67;35;32;32,8
22310006623000;37;17;20;31,6
22310006624000;29;14;15;30,9
22310006625000;35;22;13;46,0
22310006626000;104;53;51;35,8
22310006627000;66;31;35;36,9
22310006628000;180;88;92;34,6
22310006629000;4238;2024;2214;34,3
22310006630000;2988;1494;1494;36,7
22310006631000;910;496;414;33,5
22310006632000;3467;1696;1771;42,5
22310006633000;1196;565;631;43,6
22310006634000;191;99;92;33,5
22310006635000;94;48;46;38,6
22310006636000;41;24;17;39,5
22310006637000;44;26;18;31,7
22310006638000;36;16;20;37,9
22310006639000;99;51;48;40,4
22310006640000;177;86;91;39,6
22310006641000;90;43;47;45,0
22310006642000;30;17;13;42,6
22310006643000;10;7;3;31,6
22310006644000;69;35;34;38,3
22310006645000;72;36;36;31,6
22310006646000;31;16;15;36,8
22310006661000;4;3;1;0,0
22310006666000;1;1;0;0,0
22310006667000;21;9;12;38,0
22310006668000;136;73;63;42,2
22310006669000;270;137;133;36,4
22310006670000;159;87;72;40,8
22310006671000;6;3;3;58,0
22310006675000;37;19;18;42,2
22310006676000;158;81;77;41,1
22310006682000;19;12;7;38,9
22310006683000;39;24;15;38,9
22310006688000;26;14;12;43,0
22310006689000;15;9;6;47,2
22310006690000;22;9;13;42,5
22310006691000;12;7;5;40,6
22310006692000;5;3;2;33,4
22310006696000;21;10;11;37,5
22310006697000;43;22;21;44,0
22310006752000;4;2;2;0,0
22310006753000;63;31;32;46,8
22310006754000;131;59;72;42,8
22310006755000;473;203;270;50,9
22310006756000;22;12;10;65,8
22310006757000;24;14;10;47,8
22310006758000;2;1;1;0,0
22310006759000;3;2;1;0,0
22310006760000;2;1;1;0,0
22310006761000;28;13;15;44,7
22310006762000;4;2;2;0,0
22310006763000;10;5;5;45,4
22310006764000;38;18;20;52,2
22310006765000;25;11;14;49,4
22310006766000;3;3;0;0,0
22310006772000;13;7;6;26,9
22310006773000;25;14;11;45,4
22310006774000;7;3;4;48,6
22310006775000;8;5;3;39,4
22310006776000;2;1;1;0,0
22310006804000;3;1;2;0,0
22310006805000;13;7;6;50,2
22310006807000;1;1;0;0,0
22310006816000;3;2;1;0,0
22310006830000;5;1;4;28,8
22310006831000;11;7;4;42,8
22310006832000;26;14;12;42,3
22310006833000;7;4;3;41,9
22310006834000;319;159;160;40,6
22310006835000;233;108;125;44,5
22310006836000;41;20;21;47,3
22310006837000;32;18;14;53,9
22310006838000;9;5;4;33,0
22310006839000;25;13;12;39,0
22310006840000;12;8;4;33,8
22310006901000;8;4;4;36,9
22310006902000;4;2;2;0,0
22310006903000;15;7;8;31,2
22310006904000;29;16;13;52,2
22310006906000;1;1;0;0,0
22310006951000;4;2;2;0,0
22310006952000;9;5;4;35,2
22310006953000;1;1;0;0,0
22310006954000;35;16;19;36,3
22310006955000;5;3;2;47,4
22310006980000;5;3;2;15,8
22310006993000;2;1;1;0,0
22310007000000;20;13;7;43,7
22310007001000;5;3;2;28,8
22310007002000;37;20;17;50,3
22310007003000;5;3;2;45,2
22310007008000;16;10;6;38,6
22310007010000;4;4;0;0,0
22310007011000;281;147;134;39,4
22310007014000;9;4;5;37,6
22310007018000;3;1;2;0,0
22310007019000;4;2;2;0,0
22310007022000;16;10;6;32,4
22310007023000;5;3;2;36,2
22310007028000;15;8;7;43,3
22310007029000;12;7;5;39,4
22310007030000;5;4;1;57,4
22310007031000;2;1;1;0,0
22310007043000;6;4;2;53,8
22310007064000;3;2;1;0,0
22310007065000;3;1;2;0,0
22310007069000;26;12;14;35,3
22310007070000;56;34;22;42,1
22310007071000;18;7;11;40,4
22310007076000;7;3;4;33,9
22310007077000;17;9;8;38,9
22320006563000;13;5;8;51,7
22320006564000;41;22;19;45,1
22320006565000;14;9;5;53,0
22320006566000;4;2;2;0,0
22320006567000;8;5;3;39,0
22320006568000;9;5;4;48,4
22320006569000;55;29;26;38,2
22320006570000;104;53;51;34,7
22320006571000;29;20;9;33,6
22320006572000;128;62;66;38,4
22320006573000;379;179;200;45,8
22320006574000;470;215;255;48,4
22320006575000;112;56;56;42,3
22320006576000;44;18;26;37,7
22320006577000;52;25;27;25,2
22320006578000;96;54;42;33,8
22320006579000;226;108;118;29,6
22320006580000;38;22;16;42,6
22320006581000;52;28;24;38,2
22320006582000;6;2;4;34,0
22320006583000;13;5;8;45,8
22320006584000;61;42;19;32,8
22320006585000;30;17;13;31,9
22320006586000;20;12;8;43,6
22320006587000;64;29;35;41,5
22320006588000;63;30;33;40,2
22320006589000;18;9;9;41,8
22320006590000;20;12;8;42,3
22320006591000;41;25;16;35,3
22320006592000;29;15;14;25,6
22320006593000;22;14;8;40,1
22320006594000;5;2;3;46,6
22320006595000;715;356;359;36,9
22320006596000;194;104;90;42,0
22320006597000;175;90;85;36,4
22320006598000;20;11;9;30,2
22320006599000;19;11;8;40,4
22320006600000;33;22;11;43,0
22320006601000;24;13;11;41,2
22320006602000;9;5;4;32,4
22320006603000;37;19;18;41,6
22320006604000;219;105;114;40,8
22320006605000;125;59;66;32,3
22320006606000;10;5;5;36,0
22320006607000;47;22;25;23,7
22320006608000;14;8;6;43,3
22320006611000;10;3;7;38,7
22320006612000;405;214;191;35,6
22320006613000;454;211;243;35,8
22320006614000;9;6;3;59,7
22320006615000;2;1;1;0,0
22320006616000;4;3;1;0,0
22320006618000;18;10;8;36,3
22320006619000;12;7;5;35,6
22320006620000;20;12;8;38,4
22320006621000;59;33;26;38,3
22320006622000;3;2;1;0,0
22320006623000;47;27;20;39,5
22320006624000;764;396;368;34,4
22320006625000;334;175;159;33,4
22320006626000;94;57;37;38,9
22320006627000;388;203;185;30,6
22320006628000;112;61;51;32,6
22320006630000;2311;1154;1157;41,0
22320006631000;30;16;14;47,3
22320006632000;389;189;200;33,8
22320006633000;1252;615;637;37,9
22320006634000;235;110;125;39,2
22320006635000;244;122;122;38,1
22320006636000;368;177;191;36,9
22320006637000;1007;509;498;34,4
22320006638000;87;45;42;33,4
22320006639000;86;48;38;45,3
22320006640000;38;19;19;43,1
22320006641000;24;14;10;37,7
22320006642000;47;24;23;45,5
22320006643000;139;73;66;35,9
22320006644000;171;92;79;34,2
22320006645000;296;151;145;36,9
22320006646000;296;158;138;37,0
22320006660000;1;1;0;0,0
22320006667000;49;27;22;45,5
22320006668000;75;38;37;42,4
22320006669000;108;50;58;36,9
22320006670000;68;36;32;36,8
22320006671000;29;14;15;47,2
22320006672000;5;2;3;55,0
22320006674000;1;0;1;0,0
22320006675000;1;0;1;0,0
22320006676000;48;24;24;39,8
22320006677000;39;20;19;40,5
22320006678000;34;20;14;32,9
22320006679000;24;9;15;36,1
22320006680000;25;13;12;45,2
22320006681000;14;7;7;42,5
22320006682000;12;8;4;40,6
22320006683000;37;18;19;39,1
22320006686000;20;10;10;46,4
22320006687000;32;17;15;34,5
22320006688000;26;13;13;49,2
22320006689000;4;2;2;0,0
22320006690000;4;2;2;0,0
22320006691000;19;8;11;45,8
22320006692000;40;20;20;25,3
22320006693000;49;27;22;36,5
22320006694000;18;9;9;47,1
22320006695000;21;10;11;45,0
22320006696000;28;13;15;42,0
22320006697000;17;10;7;34,5
22320006718000;1;0;1;0,0
22320006721000;7;4;3;42,4
22320006750000;1;1;0;0,0
22320006752000;22;11;11;48,2
22320006753000;204;105;99;43,9
22320006754000;913;413;500;43,8
22320006755000;308;147;161;45,0
22320006756000;35;14;21;40,5
22320006757000;6;3;3;61,5
22320006760000;23;14;9;29,2
22320006761000;15;9;6;46,8
22320006762000;4;3;1;0,0
22320006763000;3;2;1;0,0
22320006764000;44;20;24;43,1
22320006768000;7;2;5;36,7
22320006769000;13;7;6;51,5
22320006770000;7;2;5;35,4
22320006771000;40;21;19;34,9
22320006772000;12;6;6;51,8
22320006776000;10;4;6;31,7
22320006802000;12;7;5;49,5
22320006803000;33;20;13;51,1
22320006804000;16;8;8;47,9
22320006829000;2;1;1;0,0
22320006830000;1;1;0;0,0
22320006831000;38;19;19;40,7
22320006832000;40;20;20;53,3
22320006833000;24;9;15;37,5
22320006834000;81;38;43;42,1
22320006835000;45;19;26;44,3
22320006836000;46;24;22;35,2
22320006837000;5;3;2;37,6
22320006901000;19;11;8;44,0
22320006902000;8;5;3;54,9
22320006903000;5;3;2;35,6
22320006904000;10;6;4;29,5
22320006952000;1;1;0;0,0
22320006954000;6;4;2;20,8
22320006955000;46;23;23;41,3
22320006956000;21;10;11;27,5
22320006987000;3;2;1;0,0
22320006988000;8;4;4;37,8
22320006993000;10;5;5;51,4
22320006994000;18;11;7;48,4
22320006995000;1;1;0;0,0
22320006996000;12;5;7;60,4
22320006997000;16;7;9;55,9
22320006998000;20;11;9;50,9
22320006999000;35;17;18;37,8
22320007000000;29;17;12;44,2
22320007001000;164;75;89;44,3
22320007002000;299;141;158;43,6
22320007005000;2;1;1;0,0
22320007006000;75;41;34;36,2
22320007007000;91;50;41;43,3
22320007008000;173;84;89;48,2
22320007009000;146;72;74;47,5
22320007010000;64;39;25;42,5
22320007011000;3;2;1;0,0
22320007014000;12;6;6;47,5
22320007024000;17;9;8;46,8
22320007026000;4;1;3;0,0
22320007027000;3;1;2;0,0
22320007028000;5;1;4;17,0
22320007029000;12;9;3;31,5
22320007030000;5;3;2;53,4
22320007033000;2;1;1;0,0
22320007063000;5;1;4;64,4
22320007064000;2;1;1;0,0
22320007065000;11;4;7;48,5
22320007071000;26;16;10;41,3
22320007072000;44;25;19;39,8
22320007073000;30;14;16;47,6
22320007074000;8;4;4;57,3
22320007077000;62;29;33;37,2
22320007082000;14;9;5;43,9
22320007083000;6;3;3;60,5
22330006565000;3;1;2;0,0
22330006566000;30;14;16;45,3
22330006567000;14;5;9;53,3
22330006568000;3;1;2;0,0
22330006569000;38;21;17;39,8
22330006571000;330;171;159;41,4
22330006572000;228;109;119;36,8
22330006573000;325;162;163;35,3
22330006574000;609;310;299;38,5
22330006575000;199;102;97;32,5
22330006577000;2;1;1;0,0
22330006579000;410;226;184;35,7
22330006580000;694;348;346;38,3
22330006581000;23;15;8;35,7
22330006582000;16;8;8;49,9
22330006583000;49;23;26;35,3
22330006584000;5;3;2;28,8
22330006585000;4;3;1;0,0
22330006586000;72;35;37;37,3
22330006587000;255;128;127;37,4
22330006589000;2;1;1;0,0
22330006590000;36;19;17;28,4
22330006591000;21;10;11;30,8
22330006592000;41;23;18;33,0
22330006593000;71;35;36;32,4
22330006594000;14;7;7;39,1
22330006595000;22;10;12;41,4
22330006596000;167;77;90;32,7
22330006597000;35;19;16;41,0
22330006598000;23;10;13;37,0
22330006599000;43;20;23;41,1
22330006600000;14;8;6;41,1
22330006601000;33;17;16;43,4
22330006602000;7;6;1;39,6
22330006603000;231;123;108;37,4
22330006604000;684;326;358;43,3
22330006605000;382;193;189;39,6
22330006606000;915;443;472;38,0
22330006607000;73;37;36;40,1
22330006608000;4;2;2;0,0
22330006610000;36;22;14;38,0
22330006611000;364;172;192;34,2
22330006612000;69;36;33;33,9
22330006613000;18;11;7;44,9
22330006621000;6;4;2;51,2
22330006622000;6;4;2;44,7
22330006623000;5;2;3;21,8
22330006624000;28;16;12;35,6
22330006625000;45;26;19;46,2
22330006626000;30;13;17;46,0
22330006627000;441;223;218;29,4
22330006628000;1399;698;701;40,1
22330006629000;1557;762;795;38,3
22330006630000;442;230;212;35,7
22330006633000;741;359;382;36,7
22330006634000;333;189;144;38,3
22330006635000;219;117;102;36,3
22330006636000;283;141;142;45,1
22330006637000;1039;491;548;46,7
22330006638000;91;47;44;34,6
22330006639000;68;41;27;33,9
22330006640000;104;56;48;36,7
22330006641000;18;10;8;36,5
22330006642000;42;24;18;41,8
22330006643000;3;1;2;0,0
22330006644000;71;34;37;41,0
22330006645000;45;25;20;29,0
22330006646000;49;26;23;39,2
22330006647000;53;28;25;45,0
22330006648000;116;61;55;35,8
22330006649000;68;32;36;39,0
22330006660000;6;4;2;32,0
22330006667000;19;9;10;27,4
22330006668000;45;21;24;43,9
22330006669000;159;77;82;43,8
22330006670000;57;25;32;44,4
22330006671000;54;23;31;41,6
22330006672000;29;15;14;40,0
22330006673000;7;1;6;31,0
22330006674000;13;6;7;32,1
22330006675000;27;14;13;55,6
22330006676000;43;21;22;37,3
22330006677000;69;34;35;43,8
22330006678000;11;6;5;37,0
22330006680000;148;81;67;38,2
22330006681000;899;422;477;44,8
22330006682000;642;305;337;33,1
22330006684000;4;1;3;0,0
22330006685000;47;22;25;37,0
22330006686000;4;3;1;0,0
22330006688000;3;1;2;0,0
22330006689000;43;22;21;37,1
22330006690000;100;55;45;40,4
22330006691000;487;235;252;40,4
22330006692000;52;31;21;35,8
22330006693000;31;14;17;47,1
22330006694000;26;15;11;39,5
22330006695000;21;13;8;41,7
22330006696000;46;27;19;41,3
22330006750000;41;22;19;40,7
22330006751000;19;10;9;46,5
22330006752000;14;7;7;51,4
22330006753000;239;117;122;33,7
22330006754000;622;303;319;41,6
22330006755000;76;38;38;39,0
22330006756000;35;17;18;40,8
22330006757000;9;6;3;29,2
22330006761000;7;5;2;38,9
22330006762000;4;3;1;0,0
22330006764000;47;24;23;39,5
22330006765000;34;15;19;38,5
22330006766000;7;3;4;57,6
22330006767000;37;20;17;42,2
22330006768000;16;11;5;58,0
22330006769000;2;1;1;0,0
22330006770000;3;1;2;0,0
22330006771000;5;2;3;60,8
22330006772000;7;3;4;57,9
22330006773000;2;1;1;0,0
22330006776000;3;2;1;0,0
22330006801000;2;1;1;0,0
22330006802000;5;1;4;28,8
22330006803000;22;10;12;43,7
22330006824000;1;1;0;0,0
22330006825000;2;2;0;0,0
22330006830000;3;1;2;0,0
22330006831000;15;8;7;44,8
22330006832000;136;62;74;46,6
22330006833000;129;63;66;40,7
22330006834000;39;18;21;43,2
22330006835000;31;13;18;55,8
22330006836000;5;2;3;34,0
22330006900000;1;1;0;0,0
22330006954000;1;1;0;0,0
22330006955000;2;1;1;0,0
22330006956000;8;5;3;47,4
22330006987000;25;12;13;42,0
22330006988000;6;2;4;46,2
22330006993000;6;3;3;47,5
22330006994000;101;49;52;45,0
22330006995000;102;57;45;42,1
22330006996000;11;5;6;43,2
22330006997000;13;8;5;38,7
22330006998000;26;10;16;36,6
22330006999000;14;9;5;34,6
22330007000000;54;26;28;46,2
22330007001000;143;53;90;67,7
22330007002000;5;2;3;42,8
22330007006000;10;3;7;30,5
22330007008000;7;3;4;44,7
22330007009000;15;8;7;49,5
22330007010000;244;120;124;39,5
22330007011000;243;117;126;39,2
22330007012000;120;67;53;34,6
22330007013000;25;13;12;39,1
22330007014000;5;3;2;65,8
22330007015000;4;2;2;0,0
22330007018000;8;4;4;50,5
22330007026000;22;11;11;40,3
22330007027000;8;6;2;32,8
22330007063000;22;14;8;35,9
22330007064000;1;1;0;0,0
22330007065000;10;5;5;51,6
22330007072000;33;20;13;37,8
22330007073000;15;4;11;40,5
22330007074000;5;2;3;67,6
22330007077000;361;187;174;43,0
22330007082000;28;15;13;48,3
22330007083000;25;10;15;53,6
22330007084000;6;3;3;36,0
22340006565000;3;2;1;0,0
22340006566000;61;35;26;40,3
22340006567000;50;23;27;43,7
22340006572000;17;10;7;47,8
22340006573000;145;78;67;40,3
22340006574000;173;90;83;28,3
22340006575000;133;71;62;33,5
22340006576000;151;83;68;32,6
22340006577000;58;32;26;36,2
22340006578000;30;15;15;30,5
22340006579000;59;30;29;35,2
22340006580000;395;196;199;41,4
22340006581000;272;141;131;35,6
22340006582000;16;11;5;41,6
22340006583000;17;10;7;34,5
22340006584000;8;4;4;43,9
22340006585000;28;15;13;40,6
22340006586000;51;28;23;30,7
22340006587000;30;17;13;26,6
22340006588000;16;9;7;38,6
22340006590000;3;1;2;0,0
22340006591000;10;6;4;39,8
22340006592000;2;2;0;0,0
22340006593000;19;10;9;37,2
22340006594000;11;6;5;58,4
22340006595000;15;9;6;32,5
22340006596000;10;4;6;47,2
22340006597000;20;10;10;46,2
22340006598000;11;5;6;32,0
22340006599000;14;5;9;48,4
22340006600000;6;2;4;45,7
22340006601000;14;10;4;45,8
22340006602000;499;233;266;41,5
22340006603000;1718;856;862;41,0
22340006604000;994;461;533;48,6
22340006605000;158;68;90;43,7
22340006609000;18;10;8;54,2
22340006610000;36;21;15;37,1
22340006611000;8;5;3;58,5
22340006613000;3;1;2;0,0
22340006627000;103;54;49;35,8
22340006628000;56;32;24;39,1
22340006632000;107;60;47;35,7
22340006633000;145;78;67;34,9
22340006634000;47;28;19;46,0
22340006635000;28;15;13;37,8
22340006636000;75;39;36;38,7
22340006637000;530;298;232;35,7
22340006638000;517;252;265;43,5
22340006639000;1696;815;881;40,9
22340006640000;948;466;482;43,6
22340006641000;124;68;56;42,1
22340006642000;109;52;57;33,9
22340006643000;82;41;41;40,0
22340006644000;39;22;17;49,4
22340006645000;28;14;14;37,0
22340006646000;13;7;6;29,3
22340006647000;57;26;31;32,7
22340006648000;11;5;6;51,5
22340006649000;33;17;16;32,2
22340006650000;66;39;27;32,3
22340006658000;1;1;0;0,0
22340006659000;7;5;2;46,1
22340006669000;12;7;5;44,0
22340006670000;89;47;42;42,8
22340006671000;94;47;47;36,5
22340006672000;81;47;34;37,7
22340006673000;19;17;2;39,3
22340006674000;28;16;12;41,5
22340006675000;15;6;9;49,1
22340006676000;17;9;8;42,8
22340006677000;31;15;16;44,1
22340006678000;4;3;1;0,0
22340006679000;10;6;4;54,8
22340006680000;478;237;241;43,2
22340006681000;460;211;249;40,0
22340006682000;1;1;0;0,0
22340006684000;2;1;1;0,0
22340006685000;15;6;9;37,6
22340006686000;45;24;21;41,9
22340006687000;83;41;42;46,4
22340006688000;23;11;12;42,1
22340006689000;5;3;2;57,8
22340006690000;2;1;1;0,0
22340006691000;206;97;109;38,4
22340006692000;103;51;52;29,7
22340006693000;7;4;3;33,7
22340006694000;2;1;1;0,0
22340006695000;6;4;2;38,8
22340006696000;21;9;12;40,2
22340006719000;3;1;2;0,0
22340006749000;41;20;21;33,7
22340006750000;100;47;53;38,7
22340006751000;17;9;8;32,5
22340006752000;19;8;11;40,9
22340006753000;3;1;2;0,0
22340006754000;5;3;2;56,2
22340006755000;14;8;6;48,5
22340006756000;4;2;2;0,0
22340006769000;15;8;7;45,9
22340006771000;33;16;17;50,4
22340006772000;35;18;17;42,7
22340006774000;3;2;1;0,0
22340006775000;42;20;22;45,1
22340006776000;4;2;2;0,0
22340006794000;2;1;1;0,0
22340006798000;9;6;3;45,9
22340006799000;17;9;8;56,1
22340006800000;10;6;4;50,3
22340006801000;10;5;5;36,4
22340006831000;20;8;12;44,6
22340006832000;54;28;26;36,2
22340006833000;6;4;2;42,5
22340006834000;17;8;9;37,1
22340006835000;10;6;4;33,6
22340006841000;18;11;7;35,7
22340006842000;11;6;5;50,7
22340006843000;29;19;10;36,7
22340006844000;5;3;2;24,8
22340006845000;17;10;7;36,9
22340006846000;4;1;3;0,0
22340006847000;10;6;4;38,0
22340006899000;1;0;1;0,0
22340006901000;5;2;3;32,6
22340006954000;7;2;5;21,9
22340006956000;4;2;2;0,0
22340006958000;6;4;2;51,8
22340006986000;8;3;5;57,8
22340006987000;19;10;9;58,2
22340006988000;14;7;7;34,9
22340006989000;14;9;5;39,8
22340006990000;8;5;3;47,4
22340006991000;9;4;5;38,3
22340006993000;6;3;3;72,7
22340006994000;86;38;48;36,8
22340006995000;130;69;61;43,3
22340006996000;20;11;9;39,4
22340006997000;8;3;5;66,6
22340006998000;14;7;7;39,1
22340007013000;16;5;11;36,4
22340007014000;16;9;7;42,3
22340007015000;32;21;11;49,0
22340007018000;22;12;10;35,6
22340007026000;1;1;0;0,0
22340007027000;8;5;3;49,9
22340007028000;15;10;5;28,3
22340007063000;13;5;8;37,8
22340007064000;11;4;7;51,9
22340007065000;89;41;48;41,0
22340007072000;19;10;9;34,1
22340007075000;11;7;4;29,8
22340007076000;62;30;32;41,6
22340007077000;92;44;48;33,2
22340007081000;16;9;7;50,3
22340007083000;4;1;3;0,0
22340007084000;25;16;9;39,0
22340007085000;2;1;1;0,0
22350006560000;4;2;2;0,0
22350006561000;10;6;4;41,6
22350006562000;76;38;38;43,6
22350006563000;54;25;29;43,1
22350006567000;12;7;5;51,4
22350006568000;116;58;58;43,0
22350006569000;90;42;48;37,8
22350006570000;117;63;54;39,6
22350006571000;142;69;73;38,7
22350006572000;26;15;11;36,8
22350006573000;2;1;1;0,0
22350006574000;159;88;71;26,4
22350006575000;60;25;35;32,4
22350006576000;349;177;172;35,7
22350006577000;827;412;415;32,5
22350006578000;670;330;340;36,1
22350006579000;1072;526;546;38,7
22350006580000;39;27;12;43,7
22350006581000;213;114;99;34,5
22350006582000;108;57;51;36,0
22350006583000;69;33;36;41,8
22350006585000;19;11;8;35,1
22350006587000;6;4;2;27,5
22350006588000;30;18;12;25,7
22350006589000;15;9;6;42,7
22350006590000;202;109;93;29,8
22350006591000;24;14;10;45,3
22350006592000;58;35;23;38,0
22350006593000;26;13;13;47,3
22350006594000;19;11;8;44,1
22350006595000;30;16;14;29,4
22350006596000;20;12;8;46,6
22350006597000;12;7;5;30,8
22350006598000;37;23;14;41,9
22350006599000;54;27;27;32,0
22350006600000;12;7;5;43,5
22350006601000;120;59;61;34,8
22350006602000;472;228;244;41,8
22350006603000;558;263;295;43,4
22350006608000;2;1;1;0,0
22350006609000;68;35;33;42,6
22350006610000;11;4;7;59,4
22350006611000;1;1;0;0,0
22350006626000;62;35;27;41,8
22350006627000;31;21;10;41,1
22350006630000;68;33;35;46,4
22350006631000;75;33;42;53,4
22350006632000;343;166;177;35,1
22350006633000;744;359;385;42,2
22350006634000;390;205;185;43,7
22350006635000;526;276;250;39,0
22350006636000;133;64;69;37,9
22350006637000;269;134;135;42,5
22350006639000;5;5;0;44,0
22350006640000;1234;644;590;36,6
22350006641000;1396;687;709;35,3
22350006642000;5;4;1;69,2
22350006643000;41;22;19;33,7
22350006644000;31;16;15;35,8
22350006645000;33;20;13;46,8
22350006646000;16;14;2;45,0
22350006647000;5;3;2;46,4
22350006648000;50;22;28;36,2
22350006649000;80;46;34;42,8
22350006650000;342;171;171;35,9
22350006652000;24;13;11;33,0
22350006653000;61;30;31;37,8
22350006654000;12;8;4;38,1
22350006658000;3;1;2;0,0
22350006666000;10;5;5;38,3
22350006668000;7;3;4;51,4
22350006669000;5;2;3;51,8
22350006670000;18;10;8;52,9
22350006671000;24;9;15;36,9
22350006673000;238;120;118;28,6
22350006674000;220;115;105;32,5
22350006675000;24;14;10;45,0
22350006677000;128;60;68;32,8
22350006678000;366;170;196;39,2
22350006679000;824;385;439;38,1
22350006680000;472;244;228;38,8
22350006681000;159;78;81;34,7
22350006682000;185;92;93;35,3
22350006683000;8;7;1;46,8
22350006684000;18;10;8;40,6
22350006685000;160;86;74;36,3
22350006686000;37;21;16;30,9
22350006692000;4;1;3;0,0
22350006693000;3;2;1;0,0
22350006748000;13;7;6;39,8
22350006749000;61;31;30;44,2
22350006750000;17;11;6;37,5
22350006751000;19;11;8;37,1
22350006752000;4;2;2;0,0
22350006754000;2;1;1;0,0
22350006764000;2;1;1;0,0
22350006765000;14;4;10;34,6
22350006766000;25;14;11;26,1
22350006767000;28;14;14;35,2
22350006768000;73;32;41;51,2
22350006769000;66;32;34;49,1
22350006770000;15;7;8;39,9
22350006772000;22;10;12;46,5
22350006774000;17;9;8;49,6
22350006775000;11;7;4;23,3
22350006797000;7;4;3;39,6
22350006798000;37;21;16;43,3
22350006799000;57;32;25;41,2
22350006800000;20;9;11;44,3
22350006831000;4;3;1;0,0
22350006832000;54;29;25;39,1
22350006834000;8;6;2;30,6
22350006835000;17;8;9;36,5
22350006840000;22;11;11;38,5
22350006841000;7;4;3;39,0
22350006899000;18;12;6;45,3
22350006900000;13;4;9;41,5
22350006955000;2;0;2;0,0
22350006956000;1;0;1;0,0
22350006958000;1;1;0;0,0
22350006985000;1;1;0;0,0
22350006986000;25;15;10;41,0
22350006987000;2;1;1;0,0
22350006988000;7;5;2;59,0
22350006989000;4;3;1;0,0
22350006990000;6;1;5;29,3
22350006991000;12;9;3;42,3
22350006992000;24;14;10;41,5
22350006993000;4;3;1;0,0
22350006994000;66;30;36;34,1
22350006995000;5;2;3;38,6
22350007006000;2;1;1;0,0
22350007008000;7;5;2;39,0
22350007014000;42;21;21;36,4
22350007015000;220;115;105;40,3
22350007016000;26;13;13;37,0
22350007017000;5;3;2;34,0
22350007018000;33;16;17;36,2
22350007023000;10;4;6;39,4
22350007024000;28;16;12;39,8
22350007026000;2;1;1;0,0
22350007027000;25;9;16;45,6
22350007028000;10;5;5;27,7
22350007029000;19;11;8;29,2
22350007064000;25;16;9;49,2
22350007065000;25;13;12;40,2
22350007071000;17;10;7;34,3
22350007072000;493;245;248;32,7
22350007073000;330;157;173;49,1
22350007074000;147;78;69;38,9
22350007075000;27;15;12;31,9
22350007076000;59;32;27;40,7
22350007077000;28;16;12;40,1
22350007078000;8;4;4;40,4
22350007081000;21;11;10;45,6
22350007085000;12;5;7;49,8
22360006555000;11;8;3;29,1
22360006556000;70;36;34;41,1
22360006557000;216;107;109;39,5
22360006558000;30;15;15;41,1
22360006559000;6;3;3;57,3
22360006560000;99;53;46;36,7
22360006561000;530;242;288;44,8
22360006562000;816;399;417;42,5
22360006563000;63;36;27;39,4
22360006564000;70;39;31;39,5
22360006565000;60;34;26;37,0
22360006566000;120;65;55;46,0
22360006567000;178;92;86;41,5
22360006568000;121;62;59;50,3
22360006569000;211;107;104;42,5
22360006570000;80;41;39;36,7
22360006571000;238;115;123;34,4
22360006572000;110;55;55;36,9
22360006573000;30;15;15;39,2
22360006574000;26;14;12;41,5
22360006575000;341;161;180;50,4
22360006576000;104;52;52;41,6
22360006577000;258;125;133;46,4
22360006578000;228;116;112;42,8
22360006579000;91;42;49;32,5
22360006580000;6;4;2;35,5
22360006581000;2;1;1;0,0
22360006582000;16;10;6;33,4
22360006583000;24;13;11;35,7
22360006584000;23;11;12;35,3
22360006586000;27;15;12;32,3
22360006587000;24;9;15;41,2
22360006588000;17;11;6;36,5
22360006589000;22;12;10;29,3
22360006590000;94;53;41;44,5
22360006591000;76;36;40;35,7
22360006592000;58;33;25;35,1
22360006593000;7;4;3;57,4
22360006594000;43;21;22;34,0
22360006595000;27;16;11;42,2
22360006596000;6;3;3;50,2
22360006597000;26;14;12;40,6
22360006598000;10;6;4;46,0
22360006599000;26;18;8;38,3
22360006600000;38;16;22;43,6
22360006601000;66;35;31;44,4
22360006606000;28;10;18;32,7
22360006607000;183;91;92;42,8
22360006608000;49;23;26;38,1
22360006609000;55;26;29;43,0
22360006610000;3;0;3;0,0
22360006611000;3;2;1;0,0
22360006612000;2;1;1;0,0
22360006625000;3;2;1;0,0
22360006626000;46;28;18;35,1
22360006629000;85;40;45;47,3
22360006630000;522;268;254;41,4
22360006631000;100;58;42;44,2
22360006632000;184;93;91;32,3
22360006633000;3;1;2;0,0
22360006639000;84;48;36;42,2
22360006640000;84;34;50;38,8
22360006641000;105;52;53;33,8
22360006642000;5;4;1;28,0
22360006645000;5;3;2;29,4
22360006646000;15;8;7;50,1
22360006647000;19;7;12;39,1
22360006648000;241;121;120;41,3
22360006649000;211;104;107;37,9
22360006650000;19;11;8;34,7
22360006651000;8;4;4;38,0
22360006652000;16;7;9;24,9
22360006653000;13;7;6;40,5
22360006654000;56;31;25;40,0
22360006655000;7;5;2;43,4
22360006656000;21;10;11;50,5
22360006660000;30;11;19;40,0
22360006661000;76;42;34;43,8
22360006662000;35;20;15;40,3
22360006663000;39;21;18;40,1
22360006664000;32;16;16;39,7
22360006665000;58;32;26;43,9
22360006666000;1;1;0;0,0
22360006668000;10;5;5;49,7
22360006669000;155;73;82;36,7
22360006670000;94;41;53;36,7
22360006671000;19;11;8;49,9
22360006672000;18;10;8;37,9
22360006674000;32;12;20;46,9
22360006675000;4;2;2;0,0
22360006676000;27;10;17;32,3
22360006677000;650;325;325;36,3
22360006678000;781;381;400;45,9
22360006679000;1541;791;750;43,5
22360006680000;1350;667;683;41,6
22360006681000;523;233;290;47,4
22360006682000;109;51;58;35,2
22360006683000;46;25;21;47,0
22360006684000;41;21;20;29,7
22360006685000;3;1;2;0,0
22360006686000;52;30;22;38,5
22360006687000;1;1;0;0,0
22360006719000;3;2;1;0,0
22360006720000;2;1;1;0,0
22360006721000;1;1;0;0,0
22360006749000;20;10;10;29,9
22360006750000;79;42;37;36,6
22360006754000;7;4;3;44,9
22360006755000;4;2;2;0,0
22360006756000;4;2;2;0,0
22360006764000;3;2;1;0,0
22360006765000;25;12;13;39,4
22360006766000;35;16;19;42,1
22360006767000;51;27;24;31,1
22360006768000;23;13;10;32,0
22360006769000;3;1;2;0,0
22360006772000;7;4;3;37,0
22360006794000;6;2;4;40,2
22360006796000;3;3;0;0,0
22360006797000;10;5;5;24,9
22360006798000;14;7;7;27,7
22360006800000;7;3;4;54,9
22360006807000;2;0;2;0,0
22360006810000;4;3;1;0,0
22360006811000;1;0;1;0,0
22360006832000;5;4;1;58,4
22360006833000;44;25;19;47,0
22360006834000;62;32;30;40,8
22360006835000;7;5;2;41,1
22360006837000;3;2;1;0,0
22360006838000;2;1;1;0,0
22360006839000;9;4;5;43,0
22360006840000;16;8;8;41,2
22360006843000;2;1;1;0,0
22360006851000;3;2;1;0,0
22360006892000;13;6;7;50,5
22360006895000;2;1;1;0,0
22360006899000;4;2;2;0,0
22360006900000;30;18;12;44,2
22360006954000;1;1;0;0,0
22360006957000;3;1;2;0,0
22360006958000;18;10;8;35,3
22360006979000;2;1;1;0,0
22360006980000;6;4;2;42,5
22360006981000;2;1;1;0,0
22360006982000;2;2;0;0,0
22360006983000;4;2;2;0,0
22360006984000;14;7;7;52,0
22360006985000;34;19;15;40,6
22360006986000;2;1;1;0,0
22360006991000;3;2;1;0,0
22360006992000;5;3;2;29,6
22360006993000;1;0;1;0,0
22360007007000;2;1;1;0,0
22360007013000;21;10;11;31,6
22360007014000;53;27;26;37,2
22360007015000;27;15;12;43,6
22360007016000;27;13;14;41,3
22360007017000;44;24;20;40,7
22360007018000;180;97;83;38,7
22360007020000;25;11;14;30,1
22360007021000;25;13;12;32,8
22360007022000;13;7;6;60,6
22360007023000;17;9;8;32,6
22360007024000;32;19;13;42,5
22360007025000;13;9;4;32,9
22360007026000;20;13;7;43,1
22360007027000;34;16;18;43,7
22360007029000;7;3;4;61,4
22360007048000;8;4;4;41,4
22360007064000;20;11;9;43,3
22360007065000;22;13;9;32,1
22360007066000;5;3;2;45,6
22360007072000;557;260;297;39,8
22360007073000;378;191;187;39,8
22360007074000;52;26;26;41,7
22360007075000;48;28;20;38,0
22360007076000;27;15;12;40,3
22360007077000;47;24;23;34,8
22360007078000;38;18;20;40,6
22360007081000;4;2;2;0,0
22360007085000;17;8;9;43,4
22360007086000;5;3;2;53,0
22360007088000;12;6;6;46,8
22370006556000;10;4;6;49,3
22370006557000;11;8;3;34,5
22370006558000;28;17;11;42,9
22370006559000;5;1;4;15,6
22370006560000;102;49;53;41,2
22370006561000;396;203;193;39,7
22370006562000;276;132;144;34,0
22370006563000;101;53;48;37,2
22370006564000;322;167;155;39,7
22370006565000;144;67;77;41,4
22370006566000;66;34;32;40,9
22370006567000;148;74;74;40,8
22370006568000;91;44;47;43,3
22370006569000;157;78;79;34,2
22370006570000;113;58;55;33,8
22370006571000;172;81;91;38,1
22370006572000;68;38;30;37,9
22370006573000;176;90;86;40,1
22370006574000;239;107;132;45,9
22370006575000;1033;446;587;47,7
22370006576000;1904;946;958;38,4
22370006577000;571;287;284;38,2
22370006578000;1081;554;527;41,2
22370006579000;34;17;17;55,0
22370006580000;23;13;10;31,4
22370006581000;24;12;12;36,1
22370006582000;2;1;1;0,0
22370006583000;1;1;0;0,0
22370006584000;610;317;293;35,1
22370006585000;31;15;16;41,9
22370006586000;13;7;6;36,7
22370006587000;2;1;1;0,0
22370006588000;16;8;8;44,1
22370006589000;36;29;7;37,3
22370006590000;28;15;13;40,4
22370006591000;24;14;10;32,8
22370006592000;15;10;5;31,1
22370006593000;20;10;10;41,3
22370006594000;30;16;14;30,2
22370006595000;34;18;16;32,3
22370006596000;178;86;92;37,4
22370006597000;24;12;12;32,6
22370006598000;29;15;14;40,5
22370006599000;4;3;1;0,0
22370006606000;9;5;4;50,7
22370006607000;7;3;4;37,1
22370006608000;49;28;21;42,0
22370006609000;37;18;19;37,2
22370006625000;231;118;113;34,8
22370006626000;63;36;27;43,3
22370006628000;4;2;2;0,0
22370006629000;5;4;1;49,8
22370006630000;828;394;434;35,6
22370006631000;576;290;286;35,0
22370006632000;179;93;86;41,2
22370006633000;13;6;7;49,2
22370006639000;390;208;182;37,2
22370006640000;637;309;328;29,6
22370006641000;154;82;72;32,5
22370006642000;22;12;10;40,4
22370006643000;2;1;1;0,0
22370006647000;30;14;16;37,7
22370006648000;46;22;24;38,9
22370006649000;104;49;55;38,8
22370006651000;2;1;1;0,0
22370006652000;8;5;3;33,1
22370006653000;21;12;9;42,4
22370006654000;8;5;3;53,4
22370006655000;7;5;2;42,4
22370006659000;2;1;1;0,0
22370006660000;47;23;24;40,2
22370006666000;145;74;71;36,9
22370006667000;19;9;10;39,9
22370006668000;42;23;19;41,9
22370006669000;468;205;263;47,2
22370006670000;435;220;215;39,7
22370006671000;97;47;50;45,7
22370006672000;20;7;13;31,9
22370006673000;54;32;22;52,5
22370006674000;76;35;41;42,3
22370006675000;231;114;117;39,4
22370006676000;61;33;28;40,6
22370006677000;140;63;77;38,1
22370006678000;464;244;220;39,8
22370006679000;1408;659;749;44,5
22370006680000;1922;893;1029;44,7
22370006681000;562;284;278;38,7
22370006682000;50;25;25;29,8
22370006683000;89;46;43;46,4
22370006684000;87;48;39;36,1
22370006685000;163;82;81;41,1
22370006686000;13;5;8;47,9
22370006718000;31;14;17;45,2
22370006719000;14;9;5;49,5
22370006748000;12;5;7;35,6
22370006749000;2;1;1;0,0
22370006750000;97;43;54;37,3
22370006754000;25;11;14;30,6
22370006755000;15;10;5;45,8
22370006756000;18;9;9;51,2
22370006764000;27;15;12;41,7
22370006765000;67;33;34;39,6
22370006767000;4;3;1;0,0
22370006772000;6;3;3;39,3
22370006793000;3;0;3;0,0
22370006794000;30;17;13;50,9
22370006795000;18;7;11;33,6
22370006796000;32;16;16;37,3
22370006797000;2;0;2;0,0
22370006803000;6;3;3;45,5
22370006810000;21;12;9;41,7
22370006831000;3;1;2;0,0
22370006832000;2;1;1;0,0
22370006833000;20;18;2;38,3
22370006834000;37;20;17;42,3
22370006835000;6;4;2;27,0
22370006836000;18;9;9;36,3
22370006837000;10;6;4;25,1
22370006838000;37;19;18;34,9
22370006839000;24;12;12;46,6
22370006885000;16;10;6;32,8
22370006892000;1;1;0;0,0
22370006895000;13;8;5;29,1
22370006896000;5;2;3;42,4
22370006897000;2;1;1;0,0
22370006899000;9;7;2;35,6
22370006900000;3;2;1;0,0
22370006957000;43;22;21;33,9
22370006958000;37;18;19;40,5
22370006959000;9;6;3;38,6
22370006965000;2;1;1;0,0
22370006979000;56;31;25;41,8
22370006980000;36;18;18;35,3
22370006981000;15;8;7;54,5
22370006982000;86;41;45;48,3
22370006983000;52;28;24;41,1
22370006984000;4;2;2;0,0
22370007015000;15;10;5;30,2
22370007016000;4;3;1;0,0
22370007018000;157;76;81;31,1
22370007019000;71;36;35;38,6
22370007020000;58;27;31;34,7
22370007021000;46;26;20;35,8
22370007022000;15;7;8;45,1
22370007023000;37;21;16;31,3
22370007024000;65;31;34;40,6
22370007025000;64;32;32;39,1
22370007026000;18;9;9;39,3
22370007027000;38;20;18;35,7
22370007030000;6;3;3;30,2
22370007048000;5;3;2;36,0
22370007049000;10;3;7;26,6
22370007051000;5;3;2;52,8
22370007064000;22;11;11;42,9
22370007065000;29;16;13;36,6
22370007067000;15;8;7;39,7
22370007074000;4;2;2;0,0
22370007075000;51;23;28;37,6
22370007076000;32;15;17;49,2
22370007077000;168;88;80;39,3
22370007078000;82;40;42;38,1
22370007079000;17;8;9;45,6
22370007085000;7;3;4;58,6
22370007086000;28;15;13;41,5
22370007087000;63;34;29;35,5
22370007088000;13;7;6;61,2
22380006556000;28;17;11;47,5
22380006557000;222;114;108;45,2
22380006558000;79;37;42;52,2
22380006559000;31;18;13;51,6
22380006560000;24;13;11;52,0
22380006562000;32;18;14;43,3
22380006563000;13;9;4;55,3
22380006565000;58;27;31;48,1
22380006566000;6;4;2;30,3
22380006567000;251;127;124;38,0
22380006568000;338;170;168;38,8
22380006569000;60;32;28;33,6
22380006570000;32;15;17;39,5
22380006571000;61;29;32;40,6
22380006572000;154;74;80;37,9
22380006573000;196;78;118;63,3
22380006574000;313;166;147;40,6
22380006575000;1024;500;524;37,3
22380006576000;1776;845;931;37,7
22380006577000;1761;827;934;38,9
22380006578000;2434;1245;1189;39,3
22380006579000;2520;1230;1290;43,4
22380006580000;360;176;184;47,2
22380006581000;87;41;46;37,0
22380006582000;130;66;64;35,6
22380006583000;27;16;11;48,4
22380006584000;732;353;379;36,0
22380006585000;103;48;55;37,5
22380006586000;8;5;3;29,6
22380006588000;2;1;1;0,0
22380006589000;38;21;17;34,8
22380006590000;17;9;8;49,7
22380006591000;372;195;177;33,9
22380006592000;373;187;186;33,7
22380006593000;38;20;18;38,4
22380006594000;9;4;5;42,6
22380006595000;284;142;142;36,3
22380006596000;317;150;167;41,4
22380006597000;58;33;25;37,3
22380006608000;66;32;34;37,0
22380006609000;358;183;175;34,2
22380006610000;9;5;4;64,4
22380006612000;7;2;5;32,7
22380006624000;77;39;38;38,1
22380006625000;568;314;254;38,9
22380006626000;2;1;1;0,0
22380006628000;16;9;7;46,8
22380006629000;72;43;29;38,4
22380006630000;48;27;21;33,9
22380006631000;1219;591;628;38,2
22380006632000;534;255;279;36,5
22380006633000;34;22;12;44,1
22380006634000;2;2;0;0,0
22380006635000;3;2;1;0,0
22380006639000;21;9;12;40,9
22380006640000;655;343;312;34,0
22380006641000;158;84;74;37,0
22380006642000;16;10;6;39,4
22380006650000;5;3;2;47,0
22380006658000;13;5;8;50,9
22380006666000;21;10;11;33,4
22380006667000;94;46;48;54,1
22380006668000;278;146;132;40,2
22380006669000;30;17;13;34,8
22380006670000;166;88;78;31,4
22380006671000;385;190;195;33,5
22380006672000;11;4;7;48,0
22380006673000;38;16;22;40,6
22380006674000;11;6;5;45,5
22380006675000;127;65;62;41,2
22380006676000;37;18;19;36,9
22380006677000;7;4;3;49,0
22380006678000;76;40;36;37,8
22380006679000;263;128;135;38,0
22380006680000;364;182;182;47,9
22380006681000;119;60;59;34,7
22380006682000;29;15;14;32,0
22380006685000;23;12;11;40,6
22380006686000;23;13;10;46,9
22380006712000;11;5;6;40,7
22380006716000;3;2;1;0,0
22380006747000;2;1;1;0,0
22380006748000;40;22;18;47,0
22380006750000;121;61;60;39,4
22380006753000;5;2;3;36,0
22380006754000;1;0;1;0,0
22380006755000;13;7;6;41,5
22380006756000;13;8;5;48,8
22380006757000;4;2;2;0,0
22380006764000;5;2;3;39,8
22380006765000;35;20;15;37,1
22380006766000;10;6;4;42,7
22380006789000;7;5;2;40,4
22380006790000;7;5;2;52,6
22380006791000;5;2;3;67,8
22380006792000;23;12;11;59,3
22380006793000;15;8;7;55,1
22380006794000;154;70;84;52,6
22380006795000;74;38;36;48,4
22380006796000;8;3;5;53,3
22380006801000;1;1;0;0,0
22380006802000;35;18;17;35,5
22380006803000;31;17;14;49,2
22380006804000;17;8;9;41,1
22380006809000;2;0;2;0,0
22380006831000;3;2;1;0,0
22380006833000;39;21;18;46,9
22380006834000;86;44;42;35,6
22380006835000;13;8;5;43,2
22380006836000;9;3;6;35,8
22380006837000;6;1;5;44,2
22380006840000;7;4;3;37,6
22380006879000;3;1;2;0,0
22380006885000;2;1;1;0,0
22380006889000;5;3;2;45,6
22380006896000;1;1;0;0,0
22380006897000;5;1;4;43,0
22380006899000;205;104;101;46,8
22380006900000;50;26;24;43,3
22380006957000;9;5;4;38,1
22380006958000;7;4;3;34,6
22380006965000;13;7;6;40,0
22380006966000;2;1;1;0,0
22380006979000;90;42;48;42,5
22380006981000;11;7;4;37,9
22380006982000;8;4;4;46,1
22380007007000;2;1;1;0,0
22380007012000;3;1;2;0,0
22380007017000;22;14;8;35,6
22380007018000;14;10;4;41,3
22380007019000;54;22;32;35,8
22380007020000;54;28;26;36,2
22380007021000;17;11;6;41,5
22380007023000;73;33;40;30,7
22380007024000;101;49;52;32,3
22380007025000;142;69;73;36,6
22380007026000;22;12;10;42,7
22380007027000;73;41;32;36,6
22380007028000;6;3;3;39,0
22380007030000;24;11;13;31,5
22380007049000;2;1;1;0,0
22380007064000;4;2;2;0,0
22380007065000;37;18;19;51,6
22380007066000;6;3;3;35,0
22380007074000;25;13;12;43,8
22380007075000;141;67;74;40,5
22380007076000;74;38;36;39,9
22380007077000;365;193;172;38,0
22380007078000;24;12;12;49,5
22380007079000;81;42;39;34,4
22380007080000;48;25;23;32,7
22380007081000;34;18;16;41,9
22380007082000;21;12;9;27,5
22380007085000;6;2;4;21,7
22380007086000;19;10;9;40,6
22380007087000;22;12;10;35,6
22380007088000;19;9;10;29,9
22380007089000;33;13;20;36,1
22380007090000;7;3;4;35,3
22390006556000;9;4;5;38,0
22390006557000;118;53;65;46,9
22390006558000;115;52;63;48,9
22390006565000;16;7;9;20,8
22390006566000;38;14;24;37,7
22390006567000;54;22;32;46,9
22390006568000;433;215;218;41,6
22390006569000;297;139;158;33,8
22390006570000;394;188;206;40,6
22390006571000;681;316;365;37,1
22390006572000;372;195;177;37,2
22390006573000;482;235;247;37,6
22390006574000;321;159;162;37,3
22390006575000;691;329;362;43,9
22390006576000;225;112;113;39,8
22390006577000;295;145;150;39,5
22390006578000;1343;621;722;43,4
22390006579000;1739;796;943;38,7
22390006580000;1284;579;705;47,8
22390006581000;1587;789;798;40,0
22390006582000;1803;881;922;36,8
22390006583000;671;322;349;31,3
22390006584000;9;7;2;44,4
22390006585000;118;71;47;43,8
22390006586000;86;43;43;40,1
22390006587000;34;17;17;44,0
22390006588000;17;8;9;39,9
22390006589000;43;22;21;35,3
22390006590000;27;14;13;36,4
22390006591000;579;300;279;33,6
22390006592000;365;185;180;34,8
22390006593000;30;17;13;42,5
22390006594000;48;28;20;40,8
22390006595000;7;2;5;48,1
22390006597000;14;6;8;49,1
22390006598000;4;3;1;0,0
22390006608000;5;3;2;47,4
22390006609000;129;64;65;43,2
22390006610000;556;275;281;40,1
22390006611000;133;68;65;37,5
22390006612000;65;37;28;44,2
22390006613000;13;7;6;32,9
22390006614000;23;13;10;37,9
22390006616000;3;1;2;0,0
22390006617000;38;18;20;51,8
22390006618000;36;19;17;25,3
22390006619000;4;3;1;0,0
22390006621000;12;7;5;40,4
22390006622000;84;42;42;45,2
22390006623000;73;38;35;45,0
22390006624000;53;24;29;45,6
22390006625000;18;10;8;38,6
22390006628000;123;68;55;34,4
22390006629000;480;232;248;33,4
22390006630000;132;65;67;29,0
22390006631000;234;127;107;37,7
22390006632000;110;48;62;38,9
22390006633000;3;2;1;0,0
22390006639000;281;148;133;38,8
22390006640000;337;175;162;36,8
22390006641000;27;11;16;37,7
22390006642000;12;9;3;45,8
22390006643000;6;3;3;50,3
22390006651000;9;4;5;41,2
22390006656000;5;3;2;69,6
22390006657000;31;16;15;41,3
22390006665000;3;2;1;0,0
22390006667000;730;367;363;36,8
22390006668000;3;1;2;0,0
22390006672000;2;1;1;0,0
22390006673000;18;9;9;43,5
22390006674000;71;37;34;40,9
22390006675000;44;21;23;43,3
22390006676000;41;20;21;42,2
22390006677000;73;41;32;44,5
22390006678000;79;36;43;44,2
22390006679000;83;43;40;39,6
22390006680000;12;9;3;52,8
22390006681000;139;72;67;43,6
22390006682000;40;26;14;29,1
22390006683000;22;15;7;32,6
22390006712000;5;2;3;55,6
22390006713000;4;2;2;0,0
22390006714000;7;3;4;43,4
22390006715000;2;0;2;0,0
22390006716000;20;11;9;41,2
22390006717000;3;2;1;0,0
22390006741000;1;1;0;0,0
22390006744000;4;2;2;0,0
22390006745000;27;14;13;45,7
22390006746000;57;24;33;35,1
22390006747000;13;7;6;43,6
22390006748000;2;1;1;0,0
22390006750000;136;68;68;38,5
22390006751000;5;4;1;40,0
22390006754000;27;14;13;39,6
22390006755000;1;1;0;0,0
22390006756000;10;4;6;20,4
22390006757000;29;15;14;41,6
22390006765000;19;10;9;30,3
22390006766000;13;6;7;35,6
22390006767000;4;2;2;0,0
22390006787000;7;4;3;33,4
22390006788000;9;4;5;48,0
22390006789000;22;9;13;53,9
22390006790000;15;9;6;45,1
22390006791000;29;16;13;46,1
22390006792000;18;8;10;38,7
22390006793000;49;24;25;43,9
22390006794000;173;81;92;45,1
22390006795000;317;148;169;42,2
22390006796000;7;5;2;51,9
22390006799000;17;7;10;35,7
22390006800000;28;14;14;44,9
22390006801000;27;16;11;32,0
22390006802000;35;18;17;48,3
22390006803000;59;34;25;34,0
22390006804000;35;14;21;39,9
22390006805000;7;3;4;23,3
22390006831000;3;2;1;0,0
22390006832000;10;6;4;44,4
22390006833000;35;17;18;44,1
22390006834000;30;18;12;44,7
22390006842000;2;1;1;0,0
22390006879000;4;2;2;0,0
22390006880000;6;1;5;39,0
22390006881000;12;6;6;36,3
22390006882000;2;1;1;0,0
22390006883000;7;4;3;29,9
22390006884000;7;5;2;34,3
22390006887000;16;7;9;28,1
22390006888000;5;4;1;32,4
22390006897000;4;1;3;0,0
22390006898000;17;7;10;31,4
22390006899000;289;127;162;47,0
22390006900000;18;10;8;43,2
22390006959000;11;7;4;36,4
22390006960000;11;6;5;64,7
22390006961000;12;7;5;31,3
22390006962000;6;3;3;26,3
22390006977000;7;4;3;31,0
22390006978000;56;36;20;41,0
22390006979000;9;5;4;51,0
22390007006000;10;5;5;16,1
22390007011000;4;3;1;0,0
22390007015000;1;1;0;0,0
22390007017000;13;7;6;36,2
22390007018000;42;20;22;35,8
22390007019000;11;6;5;27,6
22390007023000;21;9;12;34,8
22390007024000;99;55;44;36,1
22390007025000;310;154;156;39,7
22390007026000;47;22;25;33,4
22390007027000;16;8;8;50,8
22390007028000;6;4;2;41,8
22390007030000;26;15;11;42,7
22390007031000;29;14;15;33,8
22390007049000;28;15;13;41,7
22390007051000;8;4;4;51,6
22390007052000;2;1;1;0,0
22390007058000;5;1;4;23,6
22390007060000;21;12;9;45,0
22390007061000;36;16;20;36,1
22390007064000;7;2;5;31,4
22390007065000;4;2;2;0,0
22390007066000;12;7;5;52,5
22390007068000;6;4;2;40,0
22390007074000;4;2;2;0,0
22390007075000;31;21;10;37,2
22390007076000;39;17;22;45,1
22390007077000;4;2;2;0,0
22390007078000;53;28;25;38,2
22390007079000;86;45;41;41,9
22390007080000;81;40;41;37,6
22390007081000;14;7;7;41,9
22390007083000;8;5;3;31,6
22390007084000;1;1;0;0,0
22390007086000;12;6;6;65,3
22390007087000;40;26;14;38,5
22390007089000;35;17;18;41,7
22390007090000;18;10;8;45,2
22400006568000;97;49;48;51,0
22400006569000;191;96;95;45,5
22400006570000;382;183;199;39,8
22400006571000;425;214;211;41,3
22400006572000;709;343;366;41,5
22400006573000;892;441;451;42,2
22400006574000;544;267;277;35,4
22400006575000;797;389;408;41,8
22400006576000;364;186;178;46,5
22400006577000;374;193;181;43,3
22400006578000;1373;657;716;39,3
22400006579000;1387;663;724;44,4
22400006580000;549;276;273;44,5
22400006581000;36;17;19;40,2
22400006582000;61;35;26;38,5
22400006583000;318;161;157;30,5
22400006584000;15;8;7;43,5
22400006585000;46;28;18;39,6
22400006586000;28;14;14;35,1
22400006587000;126;60;66;41,1
22400006588000;101;57;44;36,8
22400006589000;57;31;26;35,8
22400006590000;18;11;7;44,2
22400006591000;76;46;30;31,5
22400006592000;20;8;12;36,8
22400006593000;54;24;30;35,0
22400006594000;17;6;11;34,2
22400006595000;18;11;7;38,6
22400006596000;37;23;14;37,1
22400006597000;42;25;17;44,1
22400006598000;10;5;5;41,2
22400006607000;4;4;0;0,0
22400006608000;6;2;4;47,7
22400006609000;3;2;1;0,0
22400006611000;23;10;13;34,4
22400006612000;1;0;1;0,0
22400006614000;9;6;3;33,2
22400006615000;80;39;41;40,0
22400006616000;708;346;362;45,7
22400006617000;936;443;493;37,8
22400006618000;1322;661;661;39,1
22400006619000;227;123;104;34,6
22400006620000;8;4;4;32,4
22400006621000;17;10;7;40,4
22400006622000;48;26;22;39,7
22400006626000;49;23;26;46,8
22400006627000;18;9;9;44,8
22400006628000;31;15;16;34,5
22400006629000;51;26;25;32,9
22400006630000;31;16;15;41,0
22400006631000;233;103;130;45,8
22400006632000;87;49;38;36,9
22400006638000;387;209;178;36,2
22400006639000;423;206;217;34,7
22400006640000;853;441;412;32,5
22400006641000;97;54;43;40,5
22400006642000;12;5;7;51,3
22400006655000;30;17;13;35,8
22400006656000;308;211;97;40,4
22400006657000;6;3;3;36,7
22400006660000;5;1;4;24,4
22400006667000;59;32;27;30,4
22400006668000;23;12;11;43,6
22400006669000;30;18;12;55,5
22400006674000;44;22;22;39,8
22400006675000;32;19;13;46,9
22400006676000;7;3;4;48,4
22400006677000;6;4;2;43,0
22400006678000;170;95;75;40,9
22400006679000;276;130;146;38,6
22400006680000;378;192;186;38,3
22400006681000;129;68;61;38,1
22400006682000;27;16;11;35,6
22400006714000;4;0;4;0,0
22400006716000;6;2;4;36,5
22400006718000;19;13;6;38,0
22400006719000;4;2;2;0,0
22400006740000;21;12;9;38,7
22400006741000;57;36;21;45,0
22400006742000;17;10;7;44,5
22400006743000;3;2;1;0,0
22400006745000;6;4;2;44,7
22400006746000;11;7;4;50,4
22400006747000;8;4;4;42,6
22400006748000;3;2;1;0,0
22400006749000;41;19;22;40,8
22400006750000;67;33;34;36,3
22400006751000;5;3;2;33,8
22400006757000;9;4;5;52,9
22400006758000;4;2;2;0,0
22400006765000;29;15;14;43,8
22400006766000;6;2;4;49,2
22400006767000;7;5;2;21,6
22400006786000;3;2;1;0,0
22400006787000;18;9;9;46,1
22400006788000;24;9;15;35,2
22400006789000;3;1;2;0,0
22400006790000;4;2;2;0,0
22400006791000;6;3;3;44,2
22400006793000;4;3;1;0,0
22400006794000;39;20;19;38,0
22400006795000;5;2;3;24,8
22400006796000;21;10;11;38,4
22400006797000;5;4;1;26,2
22400006798000;2;1;1;0,0
22400006799000;28;15;13;56,6
22400006800000;43;19;24;44,3
22400006801000;69;38;31;31,6
22400006802000;51;29;22;46,3
22400006803000;26;12;14;44,1
22400006804000;69;38;31;41,7
22400006805000;6;2;4;42,0
22400006817000;2;1;1;0,0
22400006821000;11;5;6;63,0
22400006822000;2;1;1;0,0
22400006823000;4;1;3;0,0
22400006825000;6;3;3;48,5
22400006830000;9;4;5;23,8
22400006832000;185;92;93;44,2
22400006833000;26;12;14;38,0
22400006834000;6;4;2;54,3
22400006841000;2;1;1;0,0
22400006842000;1;0;1;0,0
22400006844000;2;1;1;0,0
22400006845000;2;1;1;0,0
22400006847000;13;3;10;41,4
22400006875000;5;4;1;32,0
22400006891000;1;1;0;0,0
22400006897000;5;4;1;34,4
22400006898000;38;17;21;42,3
22400006899000;10;4;6;59,8
22400006900000;3;2;1;0,0
22400006960000;7;4;3;54,4
22400006961000;6;4;2;58,8
22400006962000;4;2;2;0,0
22400006963000;8;3;5;36,8
22400006977000;9;5;4;42,6
22400006978000;29;15;14;37,0
22400006979000;10;5;5;38,5
22400007015000;3;1;2;0,0
22400007018000;19;8;11;42,1
22400007023000;4;1;3;0,0
22400007024000;12;6;6;32,2
22400007025000;771;358;413;44,7
22400007026000;811;406;405;37,0
22400007027000;144;73;71;36,7
22400007028000;58;36;22;40,0
22400007029000;1;1;0;0,0
22400007030000;142;75;67;33,3
22400007031000;425;211;214;34,4
22400007032000;6;5;1;33,2
22400007049000;30;16;14;33,5
22400007050000;22;12;10;43,3
22400007051000;54;30;24;34,3
22400007052000;69;38;31;42,3
22400007053000;50;28;22;37,1
22400007058000;2;1;1;0,0
22400007059000;2;1;1;0,0
22400007060000;6;2;4;37,3
22400007074000;7;3;4;30,4
22400007075000;29;18;11;38,2
22400007076000;4;2;2;0,0
22400007077000;1;1;0;0,0
22400007079000;3;2;1;0,0
22400007080000;32;14;18;54,1
22400007081000;14;7;7;51,9
22400007082000;1;0;1;0,0
22400007083000;3;1;2;0,0
22400007087000;2;1;1;0,0
22400007089000;2;2;0;0,0
22400007090000;79;38;41;40,2
22400007091000;37;19;18;44,2
22410006571000;10;5;5;33,1
22410006573000;1;1;0;0,0
22410006574000;107;48;59;42,5
22410006575000;757;373;384;39,8
22410006576000;840;420;420;42,5
22410006577000;853;422;431;40,3
22410006578000;284;126;158;51,6
22410006579000;2108;1003;1105;41,4
22410006580000;770;385;385;37,1
22410006581000;177;89;88;34,9
22410006582000;87;49;38;37,0
22410006583000;57;31;26;37,9
22410006584000;38;19;19;40,2
22410006585000;7;5;2;43,1
22410006586000;6;4;2;34,2
22410006587000;1233;592;641;41,7
22410006588000;403;181;222;40,3
22410006589000;7;3;4;53,4
22410006590000;197;102;95;40,1
22410006591000;671;331;340;43,2
22410006593000;6;3;3;38,5
22410006594000;12;7;5;34,6
22410006595000;268;139;129;36,7
22410006596000;694;352;342;37,6
22410006597000;685;332;353;39,3
22410006598000;148;74;74;38,7
22410006607000;5;4;1;20,2
22410006608000;9;5;4;56,8
22410006609000;13;7;6;50,5
22410006610000;55;24;31;46,2
22410006611000;170;82;88;49,7
22410006616000;148;62;86;47,4
22410006617000;417;201;216;48,7
22410006618000;157;82;75;43,0
22410006619000;4;2;2;0,0
22410006625000;31;18;13;41,8
22410006626000;56;28;28;46,5
22410006630000;10;5;5;41,9
22410006631000;646;330;316;36,1
22410006632000;841;398;443;37,4
22410006633000;469;240;229;28,9
22410006635000;9;6;3;45,1
22410006637000;6;2;4;60,5
22410006638000;290;147;143;36,1
22410006639000;27;9;18;36,4
22410006640000;1534;732;802;36,9
22410006641000;727;350;377;33,6
22410006642000;47;30;17;36,7
22410006643000;1;1;0;0,0
22410006646000;1;1;0;0,0
22410006654000;17;10;7;36,2
22410006655000;62;37;25;41,3
22410006656000;28;17;11;35,6
22410006657000;7;3;4;39,7
22410006669000;9;4;5;43,0
22410006670000;4;2;2;0,0
22410006671000;47;26;21;40,3
22410006672000;17;11;6;48,2
22410006673000;16;8;8;42,6
22410006674000;16;8;8;52,3
22410006675000;92;49;43;41,2
22410006676000;30;13;17;29,2
22410006678000;47;27;20;50,4
22410006679000;577;294;283;36,2
22410006680000;864;419;445;39,1
22410006681000;96;48;48;41,0
22410006682000;111;54;57;35,4
22410006683000;72;34;38;37,8
22410006717000;15;5;10;65,6
22410006718000;47;19;28;51,5
22410006719000;40;20;20;45,1
22410006720000;25;14;11;47,0
22410006721000;6;2;4;56,0
22410006722000;2;2;0;0,0
22410006723000;9;5;4;29,7
22410006724000;8;4;4;54,3
22410006726000;5;2;3;55,8
22410006738000;2;1;1;0,0
22410006739000;21;12;9;41,5
22410006740000;6;3;3;34,0
22410006741000;1;1;0;0,0
22410006743000;2;1;1;0,0
22410006744000;16;9;7;50,7
22410006745000;22;15;7;40,5
22410006746000;147;68;79;35,9
22410006747000;66;33;33;34,2
22410006748000;32;20;12;32,1
22410006749000;52;27;25;44,3
22410006750000;33;14;19;36,2
22410006754000;13;9;4;34,1
22410006758000;6;4;2;50,0
22410006764000;13;6;7;35,5
22410006765000;15;9;6;54,0
22410006766000;7;4;3;49,3
22410006767000;3;1;2;0,0
22410006786000;6;4;2;28,7
22410006787000;33;16;17;43,5
22410006794000;6;4;2;56,3
22410006795000;2;1;1;0,0
22410006796000;5;4;1;52,0
22410006797000;18;10;8;33,9
22410006798000;29;14;15;46,9
22410006799000;9;7;2;50,9
22410006800000;69;31;38;35,6
22410006801000;26;14;12;43,0
22410006802000;38;20;18;38,0
22410006803000;8;5;3;29,3
22410006804000;50;28;22;50,2
22410006805000;12;6;6;46,3
22410006806000;27;14;13;34,7
22410006807000;3;3;0;0,0
22410006818000;15;13;2;37,8
22410006820000;8;3;5;45,5
22410006821000;10;4;6;31,0
22410006824000;22;10;12;37,9
22410006826000;16;8;8;37,9
22410006827000;1;1;0;0,0
22410006828000;14;9;5;53,8
22410006829000;17;6;11;34,5
22410006830000;17;6;11;34,7
22410006831000;567;265;302;44,3
22410006832000;315;153;162;44,3
22410006833000;5;2;3;29,8
22410006844000;1;0;1;0,0
22410006897000;17;9;8;38,5
22410006898000;84;42;42;45,4
22410006899000;28;13;15;33,0
22410006961000;1;1;0;0,0
22410006962000;15;7;8;41,6
22410006963000;4;2;2;0,0
22410006965000;2;1;1;0,0
22410006966000;1;0;1;0,0
22410006977000;15;7;8;43,9
22410006978000;11;4;7;47,2
22410007004000;1;1;0;0,0
22410007016000;15;6;9;40,7
22410007024000;53;25;28;42,5
22410007025000;66;37;29;33,8
22410007026000;15;7;8;34,9
22410007027000;727;361;366;38,2
22410007028000;709;336;373;44,1
22410007029000;758;370;388;45,7
22410007030000;126;66;60;43,5
22410007032000;3;2;1;0,0
22410007036000;2;1;1;0,0
22410007051000;12;8;4;46,4
22410007052000;48;21;27;41,4
22410007053000;83;45;38;45,4
22410007054000;8;5;3;55,4
22410007058000;3;1;2;0,0
22410007059000;11;6;5;65,5
22410007060000;8;4;4;55,6
22410007074000;147;77;70;42,3
22410007075000;178;94;84;36,0
22410007076000;14;5;9;33,5
22410007080000;15;10;5;46,5
22410007081000;21;15;6;52,2
22410007082000;14;5;9;36,0
22410007083000;5;3;2;43,4
22410007090000;15;7;8;52,1
22410007091000;25;11;14;43,0
22410007092000;13;6;7;52,1
22420006576000;104;52;52;42,3
22420006577000;453;224;229;40,4
22420006578000;1095;565;530;38,0
22420006579000;2154;1042;1112;39,7
22420006580000;656;309;347;35,3
22420006581000;1071;543;528;31,6
22420006582000;87;44;43;38,4
22420006583000;54;32;22;38,9
22420006584000;26;12;14;44,5
22420006585000;41;23;18;29,7
22420006586000;77;39;38;40,6
22420006587000;686;336;350;43,8
22420006588000;520;270;250;44,7
22420006590000;13;8;5;46,3
22420006591000;151;81;70;38,4
22420006592000;631;284;347;45,0
22420006593000;1467;705;762;37,9
22420006594000;2521;1228;1293;36,6
22420006595000;2361;1163;1198;40,0
22420006596000;1654;831;823;37,6
22420006597000;325;156;169;44,3
22420006598000;2;2;0;0,0
22420006607000;10;5;5;36,4
22420006608000;6;3;3;41,5
22420006609000;18;10;8;44,7
22420006610000;75;40;35;39,4
22420006611000;83;43;40;41,7
22420006612000;9;5;4;44,7
22420006613000;3;1;2;0,0
22420006615000;1;0;1;0,0
22420006616000;24;12;12;46,6
22420006617000;119;58;61;42,5
22420006619000;1;0;1;0,0
22420006622000;2;1;1;0,0
22420006623000;3;3;0;0,0
22420006625000;60;30;30;33,7
22420006626000;5;2;3;35,0
22420006630000;4;1;3;0,0
22420006631000;736;377;359;41,2
22420006632000;376;195;181;38,5
22420006633000;26;13;13;33,3
22420006634000;119;59;60;36,9
22420006635000;323;167;156;34,9
22420006636000;7;5;2;31,3
22420006637000;11;7;4;28,0
22420006638000;101;49;52;32,0
22420006639000;1;1;0;0,0
22420006640000;192;101;91;38,3
22420006641000;1295;601;694;37,4
22420006642000;312;162;150;36,3
22420006643000;92;45;47;37,6
22420006644000;6;3;3;32,0
22420006654000;20;10;10;35,8
22420006672000;48;25;23;35,8
22420006673000;47;24;23;38,8
22420006674000;134;63;71;38,3
22420006675000;32;18;14;30,1
22420006678000;19;11;8;45,8
22420006679000;61;34;27;39,2
22420006680000;71;38;33;42,2
22420006681000;56;28;28;42,9
22420006682000;40;22;18;41,0
22420006683000;75;42;33;35,4
22420006685000;54;23;31;27,2
22420006686000;5;2;3;48,4
22420006687000;2;1;1;0,0
22420006693000;11;5;6;32,5
22420006694000;5;3;2;39,0
22420006695000;34;15;19;40,0
22420006717000;15;7;8;35,3
22420006718000;9;6;3;42,0
22420006721000;3;2;1;0,0
22420006724000;2;1;1;0,0
22420006725000;1;0;1;0,0
22420006726000;17;11;6;33,5
22420006727000;9;4;5;43,9
22420006728000;6;4;2;21,3
22420006737000;11;5;6;66,1
22420006738000;57;24;33;41,5
22420006739000;28;15;13;45,9
22420006741000;11;6;5;38,5
22420006742000;12;7;5;36,3
22420006746000;61;30;31;42,9
22420006747000;14;6;8;48,6
22420006748000;10;6;4;28,4
22420006749000;5;3;2;42,4
22420006750000;30;15;15;36,3
22420006753000;10;7;3;32,3
22420006754000;3;2;1;0,0
22420006758000;26;14;12;41,5
22420006761000;1;0;1;0,0
22420006763000;3;2;1;0,0
22420006764000;50;26;24;43,0
22420006765000;20;8;12;50,9
22420006766000;7;3;4;46,7
22420006767000;2;1;1;0,0
22420006786000;9;4;5;39,4
22420006794000;3;2;1;0,0
22420006795000;17;8;9;46,6
22420006796000;41;20;21;36,7
22420006797000;93;47;46;35,7
22420006798000;63;35;28;41,4
22420006799000;55;30;25;38,5
22420006800000;56;29;27;36,3
22420006801000;53;26;27;46,5
22420006802000;30;16;14;43,5
22420006804000;51;34;17;33,6
22420006805000;146;67;79;39,5
22420006806000;18;10;8;41,4
22420006807000;16;9;7;42,9
22420006819000;5;3;2;44,8
22420006820000;16;11;5;43,4
22420006821000;24;13;11;50,9
22420006822000;40;18;22;28,3
22420006823000;16;6;10;30,1
22420006824000;20;10;10;46,9
22420006825000;23;12;11;35,3
22420006826000;8;3;5;37,6
22420006828000;2;2;0;0,0
22420006829000;14;8;6;44,1
22420006830000;150;74;76;43,7
22420006831000;143;72;71;43,1
22420006832000;52;25;27;40,6
22420006833000;81;39;42;45,9
22420006838000;2;1;1;0,0
22420006839000;5;2;3;54,0
22420006896000;7;3;4;34,1
22420006897000;21;12;9;54,6
22420006898000;18;11;7;40,0
22420006961000;1;1;0;0,0
22420006962000;4;1;3;0,0
22420006963000;16;9;7;50,4
22420006966000;2;1;1;0,0
22420006967000;15;10;5;33,7
22420006968000;5;2;3;55,6
22420006977000;8;4;4;34,6
22420007017000;2;2;0;0,0
22420007024000;4;2;2;0,0
22420007027000;74;39;35;39,4
22420007028000;114;60;54;37,3
22420007029000;927;463;464;38,1
22420007030000;1711;855;856;38,2
22420007033000;8;5;3;37,4
22420007036000;4;3;1;0,0
22420007048000;5;3;2;34,6
22420007049000;6;3;3;53,7
22420007051000;240;118;122;40,0
22420007052000;154;58;96;54,3
22420007053000;17;8;9;38,2
22420007054000;1;0;1;0,0
22420007056000;13;8;5;58,8
22420007057000;19;10;9;62,3
22420007074000;35;18;17;44,5
22420007075000;18;13;5;46,8
22420007076000;2;1;1;0,0
22420007079000;12;5;7;45,9
22420007080000;17;8;9;38,9
22420007081000;153;77;76;33,1
22420007083000;37;20;17;35,9
22420007090000;31;15;16;36,5
22420007091000;53;30;23;40,4
22420007092000;32;15;17;39,5
22420007093000;2;1;1;0,0
22430006577000;184;94;90;34,5
22430006578000;192;97;95;43,2
22430006579000;436;226;210;41,3
22430006580000;681;327;354;37,0
22430006581000;444;224;220;38,7
22430006582000;108;54;54;33,1
22430006583000;247;118;129;36,4
22430006584000;150;82;68;37,7
22430006585000;102;54;48;45,8
22430006586000;191;99;92;42,4
22430006587000;3;1;2;0,0
22430006591000;10;5;5;47,6
22430006592000;5;4;1;23,2
22430006593000;1691;829;862;40,6
22430006594000;3458;1704;1754;41,4
22430006595000;2616;1286;1330;43,8
22430006596000;3;1;2;0,0
22430006609000;28;13;15;33,7
22430006610000;76;33;43;31,8
22430006611000;61;29;32;38,6
22430006612000;16;7;9;36,3
22430006616000;124;50;74;45,1
22430006617000;475;246;229;38,6
22430006618000;14;7;7;29,0
22430006620000;12;6;6;41,1
22430006623000;11;7;4;53,9
22430006628000;18;8;10;30,1
22430006629000;15;7;8;32,3
22430006630000;47;25;22;38,3
22430006631000;46;28;18;38,6
22430006632000;30;17;13;28,7
22430006633000;31;15;16;37,6
22430006634000;40;22;18;36,4
22430006635000;446;232;214;35,0
22430006636000;491;245;246;37,6
22430006637000;629;319;310;35,1
22430006638000;28;19;9;32,2
22430006639000;904;418;486;42,2
22430006640000;2656;1314;1342;37,7
22430006641000;1776;889;887;35,6
22430006642000;1683;792;891;38,2
22430006643000;375;202;173;38,6
22430006644000;21;9;12;35,2
22430006645000;6;4;2;33,2
22430006646000;3;2;1;0,0
22430006647000;1;0;1;0,0
22430006653000;27;12;15;41,7
22430006654000;27;14;13;40,2
22430006673000;1;1;0;0,0
22430006674000;17;7;10;47,7
22430006678000;3;1;2;0,0
22430006681000;45;22;23;34,9
22430006682000;94;51;43;39,2
22430006683000;144;59;85;37,7
22430006684000;103;49;54;40,7
22430006685000;665;336;329;36,0
22430006686000;623;313;310;39,0
22430006687000;555;281;274;37,6
22430006688000;224;117;107;34,7
22430006692000;37;16;21;47,0
22430006693000;18;9;9;47,4
22430006694000;1;0;1;0,0
22430006695000;1;0;1;0,0
22430006696000;9;5;4;58,4
22430006697000;19;9;10;54,5
22430006698000;58;31;27;44,0
22430006701000;1;1;0;0,0
22430006717000;19;10;9;35,1
22430006719000;7;4;3;56,4
22430006720000;52;29;23;41,7
22430006721000;22;11;11;41,7
22430006722000;2;1;1;0,0
22430006727000;24;13;11;47,3
22430006735000;2;1;1;0,0
22430006736000;3;3;0;0,0
22430006737000;16;8;8;59,8
22430006738000;1;0;1;0,0
22430006740000;24;13;11;43,0
22430006741000;12;6;6;46,6
22430006742000;16;9;7;42,6
22430006743000;28;14;14;39,9
22430006745000;6;3;3;28,0
22430006746000;11;5;6;29,7
22430006747000;26;10;16;37,9
22430006748000;4;2;2;0,0
22430006750000;4;2;2;0,0
22430006752000;10;4;6;38,7
22430006753000;47;20;27;37,1
22430006759000;23;13;10;29,1
22430006760000;27;14;13;38,2
22430006763000;9;5;4;49,7
22430006764000;10;8;2;29,6
22430006765000;13;7;6;36,0
22430006779000;1;0;1;0,0
22430006785000;5;3;2;39,0
22430006786000;23;14;9;42,2
22430006796000;34;15;19;41,9
22430006797000;353;170;183;41,7
22430006798000;334;181;153;38,4
22430006799000;38;22;16;40,4
22430006800000;25;16;9;42,7
22430006801000;8;5;3;56,6
22430006804000;2;1;1;0,0
22430006805000;25;11;14;40,3
22430006806000;16;10;6;47,4
22430006807000;1;1;0;0,0
22430006812000;3;2;1;0,0
22430006817000;6;3;3;35,2
22430006818000;2;1;1;0,0
22430006819000;31;17;14;38,6
22430006820000;82;45;37;35,8
22430006821000;49;28;21;42,8
22430006822000;40;16;24;45,7
22430006823000;230;116;114;39,1
22430006824000;8;4;4;33,1
22430006826000;8;3;5;42,6
22430006827000;40;22;18;36,1
22430006828000;19;9;10;53,5
22430006829000;26;11;15;41,5
22430006830000;25;12;13;44,0
22430006831000;8;3;5;46,4
22430006834000;2;1;1;0,0
22430006872000;1;1;0;0,0
22430006897000;18;9;9;41,3
22430006898000;3;1;2;0,0
22430006961000;7;3;4;31,6
22430006962000;5;3;2;31,4
22430006965000;1;1;0;0,0
22430006966000;18;11;7;53,0
22430006967000;20;11;9;51,5
22430006968000;20;9;11;39,5
22430006969000;20;10;10;53,2
22430006970000;10;5;5;49,8
22430006971000;5;3;2;53,8
22430006976000;1;1;0;0,0
22430007006000;14;7;7;37,1
22430007011000;1;1;0;0,0
22430007012000;1;0;1;0,0
22430007030000;10;6;4;35,5
22430007031000;2;2;0;0,0
22430007033000;6;4;2;44,2
22430007034000;6;2;4;43,8
22430007036000;11;6;5;45,7
22430007049000;14;8;6;37,1
22430007050000;19;8;11;39,5
22430007051000;77;41;36;34,4
22430007065000;50;23;27;46,8
22430007066000;17;8;9;51,2
22430007070000;3;2;1;0,0
22430007075000;43;23;20;43,4
22430007076000;5;2;3;70,4
22430007078000;11;4;7;46,0
22430007079000;5;3;2;15,0
22430007080000;68;31;37;38,8
22430007081000;200;92;108;46,5
22430007083000;1;0;1;0,0
22430007088000;2;2;0;0,0
22430007089000;8;5;3;30,0
22430007090000;60;34;26;36,9
22430007091000;125;60;65;44,9
22440006581000;242;124;118;40,1
22440006582000;80;33;47;36,9
22440006583000;41;18;23;48,0
22440006584000;44;22;22;39,4
22440006594000;32;17;15;45,8
22440006595000;71;32;39;43,9
22440006596000;158;91;67;41,7
22440006608000;3;2;1;0,0
22440006609000;31;14;17;39,3
22440006610000;35;17;18;41,7
22440006611000;9;4;5;27,2
22440006612000;2;1;1;0,0
22440006613000;3;1;2;0,0
22440006614000;16;8;8;43,3
22440006615000;57;27;30;38,9
22440006616000;43;22;21;37,0
22440006617000;98;56;42;35,3
22440006618000;58;32;26;37,3
22440006627000;7;4;3;54,9
22440006628000;20;10;10;49,8
22440006629000;76;45;31;37,0
22440006630000;43;19;24;37,5
22440006631000;16;8;8;43,2
22440006632000;26;11;15;45,8
22440006633000;744;378;366;33,9
22440006634000;72;36;36;42,0
22440006635000;722;354;368;35,6
22440006636000;1328;646;682;38,8
22440006637000;482;248;234;37,3
22440006638000;306;158;148;43,7
22440006639000;1380;671;709;35,5
22440006640000;983;463;520;44,4
22440006641000;1590;778;812;48,0
22440006642000;1035;493;542;42,6
22440006643000;90;36;54;49,6
22440006644000;41;21;20;39,8
22440006647000;50;24;26;42,5
22440006648000;4;1;3;0,0
22440006650000;17;10;7;35,5
22440006651000;6;4;2;56,3
22440006652000;15;9;6;42,1
22440006653000;12;8;4;38,8
22440006654000;23;10;13;34,8
22440006656000;1;0;1;0,0
22440006658000;10;5;5;45,0
22440006678000;1;1;0;0,0
22440006679000;1;1;0;0,0
22440006683000;6;3;3;36,3
22440006684000;71;36;35;41,0
22440006685000;43;21;22;28,3
22440006686000;61;32;29;37,4
22440006687000;758;331;427;50,3
22440006688000;258;125;133;39,0
22440006689000;22;11;11;41,2
22440006700000;3;1;2;0,0
22440006701000;11;7;4;45,7
22440006702000;4;2;2;0,0
22440006703000;9;5;4;53,8
22440006704000;4;1;3;0,0
22440006710000;1;0;1;0,0
22440006717000;11;5;6;43,4
22440006718000;11;6;5;38,5
22440006720000;6;4;2;59,2
22440006721000;8;5;3;39,3
22440006722000;27;14;13;41,5
22440006723000;70;39;31;51,9
22440006724000;8;4;4;60,4
22440006725000;6;3;3;63,7
22440006728000;13;6;7;37,5
22440006729000;3;2;1;0,0
22440006731000;14;9;5;46,7
22440006732000;21;12;9;59,4
22440006733000;13;8;5;42,2
22440006734000;29;16;13;46,4
22440006735000;9;6;3;60,0
22440006736000;2;2;0;0,0
22440006739000;2;1;1;0,0
22440006740000;1;1;0;0,0
22440006741000;28;16;12;45,9
22440006742000;28;16;12;41,2
22440006743000;1;0;1;0,0
22440006744000;4;3;1;0,0
22440006745000;3;2;1;0,0
22440006746000;36;17;19;44,0
22440006747000;41;18;23;36,2
22440006748000;7;4;3;41,6
22440006752000;1;1;0;0,0
22440006753000;86;43;43;40,4
22440006754000;23;11;12;33,3
22440006759000;3;2;1;0,0
22440006760000;4;3;1;0,0
22440006762000;16;10;6;44,3
22440006763000;19;12;7;35,9
22440006764000;12;7;5;49,3
22440006785000;21;14;7;42,6
22440006786000;18;11;7;27,2
22440006795000;11;3;8;40,6
22440006796000;38;20;18;42,9
22440006797000;177;96;81;43,8
22440006798000;10;6;4;35,0
22440006805000;5;1;4;31,4
22440006814000;9;5;4;21,1
22440006815000;5;3;2;33,4
22440006816000;19;10;9;41,6
22440006817000;1;1;0;0,0
22440006818000;5;2;3;39,6
22440006819000;5;2;3;52,2
22440006820000;130;59;71;36,8
22440006821000;69;33;36;40,5
22440006822000;301;140;161;53,1
22440006823000;186;93;93;45,6
22440006824000;8;5;3;55,4
22440006825000;10;4;6;44,4
22440006826000;21;10;11;34,7
22440006827000;34;18;16;38,2
22440006828000;7;5;2;53,3
22440006829000;21;11;10;37,5
22440006840000;1;1;0;0,0
22440006871000;7;3;4;52,7
22440006897000;18;11;7;53,2
22440006898000;8;3;5;52,5
22440006962000;1;0;1;0,0
22440006963000;9;6;3;43,8
22440006966000;12;5;7;45,1
22440006967000;9;3;6;51,4
22440006968000;1;1;0;0,0
22440006969000;1;1;0;0,0
22440006971000;5;3;2;20,4
22440006972000;6;4;2;48,2
22440006973000;6;2;4;62,7
22440006976000;9;6;3;39,8
22440006977000;18;9;9;35,1
22440007005000;3;1;2;0,0
22440007006000;1;1;0;0,0
22440007007000;23;14;9;37,7
22440007008000;13;7;6;48,5
22440007009000;11;6;5;25,5
22440007010000;6;3;3;46,8
22440007011000;2;1;1;0,0
22440007012000;7;5;2;46,0
22440007034000;29;13;16;54,6
22440007036000;25;13;12;39,5
22440007045000;22;16;6;39,0
22440007063000;5;3;2;66,4
22440007064000;8;6;2;31,3
22440007065000;131;73;58;36,6
22440007066000;21;9;12;46,5
22440007067000;11;5;6;53,4
22440007068000;44;21;23;47,0
22440007070000;5;3;2;40,8
22440007071000;13;7;6;56,1
22440007072000;4;1;3;0,0
22440007075000;6;4;2;23,8
22440007076000;29;13;16;34,6
22440007078000;16;9;7;42,7
22440007079000;40;18;22;35,9
22440007080000;75;37;38;40,5
22440007081000;842;380;462;46,2
22440007082000;93;44;49;39,4
22440007083000;30;17;13;35,2
22440007087000;9;4;5;24,7
22440007088000;4;2;2;0,0
22440007090000;33;19;14;43,0
22440007091000;38;18;20;38,7
22450006590000;2;2;0;0,0
22450006608000;1;1;0;0,0
22450006609000;23;10;13;48,1
22450006610000;6;3;3;34,3
22450006611000;7;4;3;43,3
22450006612000;6;3;3;33,7
22450006614000;8;5;3;24,0
22450006615000;2;1;1;0,0
22450006616000;14;6;8;44,1
22450006617000;17;9;8;35,4
22450006618000;33;17;16;41,6
22450006619000;8;6;2;49,1
22450006626000;12;7;5;37,8
22450006627000;75;45;30;38,9
22450006628000;51;25;26;38,8
22450006629000;15;9;6;44,9
22450006630000;23;10;13;32,7
22450006631000;2;1;1;0,0
22450006632000;269;143;126;36,0
22450006633000;1668;845;823;35,4
22450006634000;198;97;101;37,3
22450006635000;357;180;177;34,6
22450006636000;442;228;214;29,5
22450006637000;72;39;33;39,1
22450006638000;479;231;248;31,3
22450006639000;1345;666;679;35,8
22450006640000;2100;1043;1057;38,2
22450006641000;2237;1083;1154;38,6
22450006642000;1770;891;879;37,2
22450006643000;1275;619;656;40,7
22450006644000;861;407;454;36,5
22450006645000;69;43;26;30,4
22450006646000;36;21;15;42,3
22450006647000;49;31;18;37,5
22450006648000;19;8;11;33,4
22450006650000;8;4;4;44,5
22450006651000;428;228;200;38,1
22450006652000;293;167;126;37,8
22450006653000;32;18;14;48,1
22450006670000;5;3;2;27,4
22450006674000;1;1;0;0,0
22450006686000;359;177;182;39,3
22450006687000;70;38;32;34,7
22450006692000;18;8;10;40,7
22450006693000;5;2;3;49,6
22450006694000;15;8;7;48,2
22450006695000;7;3;4;63,7
22450006696000;49;24;25;45,0
22450006697000;30;17;13;44,4
22450006704000;14;7;7;38,9
22450006705000;8;5;3;41,9
22450006706000;11;7;4;44,4
22450006707000;4;2;2;0,0
22450006708000;1;1;0;0,0
22450006711000;2;1;1;0,0
22450006715000;8;5;3;27,8
22450006716000;6;4;2;41,8
22450006717000;8;3;5;57,4
22450006718000;8;4;4;59,8
22450006719000;3;2;1;0,0
22450006725000;14;7;7;41,8
22450006726000;9;5;4;46,1
22450006727000;11;7;4;60,4
22450006728000;6;3;3;30,2
22450006729000;2;1;1;0,0
22450006730000;2;1;1;0,0
22450006731000;8;4;4;40,1
22450006732000;2;1;1;0,0
22450006738000;197;95;102;48,6
22450006739000;25;13;12;38,2
22450006740000;44;23;21;40,5
22450006741000;30;16;14;45,1
22450006742000;24;13;11;40,3
22450006743000;4;2;2;0,0
22450006746000;21;12;9;49,3
22450006747000;6;3;3;40,8
22450006752000;16;7;9;32,8
22450006753000;27;16;11;42,8
22450006759000;12;6;6;55,5
22450006760000;8;4;4;41,8
22450006761000;2;1;1;0,0
22450006784000;22;12;10;34,1
22450006785000;4;1;3;0,0
22450006786000;2;1;1;0,0
22450006793000;1;1;0;0,0
22450006794000;3;2;1;0,0
22450006795000;30;16;14;38,8
22450006796000;20;8;12;35,4
22450006797000;50;25;25;41,2
22450006798000;14;7;7;39,6
22450006799000;7;2;5;24,7
22450006803000;7;5;2;45,3
22450006804000;13;9;4;37,5
22450006805000;53;28;25;40,8
22450006806000;6;4;2;35,3
22450006813000;11;7;4;45,6
22450006814000;25;12;13;38,7
22450006815000;21;11;10;43,8
22450006816000;37;18;19;48,8
22450006817000;47;20;27;31,1
22450006818000;36;16;20;38,3
22450006819000;67;35;32;41,8
22450006820000;6;4;2;57,0
22450006821000;4;2;2;0,0
22450006822000;12;7;5;51,4
22450006823000;9;3;6;34,4
22450006824000;31;15;16;44,8
22450006826000;4;2;2;0,0
22450006897000;4;3;1;0,0
22450006959000;12;6;6;26,6
22450006962000;5;2;3;28,0
22450006963000;26;12;14;36,4
22450006964000;16;9;7;40,4
22450006967000;5;2;3;19,0
22450006968000;3;2;1;0,0
22450006972000;5;2;3;57,8
22450006973000;1;1;0;0,0
22450006975000;46;22;24;47,2
22450006976000;286;140;146;48,5
22450006977000;238;106;132;49,7
22450007009000;13;6;7;28,0
22450007010000;5;3;2;63,4
22450007023000;1;0;1;0,0
22450007030000;1;0;1;0,0
22450007034000;9;5;4;35,7
22450007035000;7;3;4;53,9
22450007036000;17;9;8;42,1
22450007045000;12;5;7;28,4
22450007046000;13;8;5;42,1
22450007047000;5;2;3;72,4
22450007048000;23;11;12;46,7
22450007066000;7;3;4;34,7
22450007067000;6;4;2;54,8
22450007068000;27;13;14;42,7
22450007069000;2;1;1;0,0
22450007070000;5;3;2;47,4
22450007071000;88;43;45;45,7
22450007072000;24;12;12;51,0
22450007076000;10;7;3;54,8
22450007077000;15;7;8;51,1
22450007078000;23;11;12;48,4
22450007080000;8;5;3;19,5
22450007081000;21;11;10;41,7
22450007082000;10;5;5;30,3
22450007083000;12;8;4;46,9
22450007084000;11;5;6;29,7
22450007089000;32;20;12;38,7
22450007090000;11;7;4;36,5
22450007091000;2;1;1;0,0
22460006607000;8;4;4;41,1
22460006609000;3;1;2;0,0
22460006610000;9;6;3;40,7
22460006618000;17;11;6;41,1
22460006619000;20;11;9;34,8
22460006620000;9;3;6;38,3
22460006626000;143;67;76;25,0
22460006627000;191;101;90;38,4
22460006628000;58;35;23;41,9
22460006629000;9;6;3;55,6
22460006633000;324;168;156;39,4
22460006634000;1477;730;747;38,0
22460006635000;828;422;406;41,0
22460006636000;1547;781;766;35,1
22460006637000;264;141;123;36,8
22460006638000;1350;694;656;35,5
22460006639000;847;413;434;38,4
22460006640000;346;162;184;42,3
22460006641000;454;216;238;48,0
22460006642000;1296;636;660;38,7
22460006643000;1434;694;740;35,9
22460006644000;916;473;443;37,2
22460006645000;599;284;315;40,8
22460006646000;800;404;396;39,4
22460006647000;244;125;119;38,5
22460006648000;34;19;15;36,1
22460006649000;1085;556;529;35,8
22460006650000;1003;497;506;40,3
22460006651000;480;244;236;38,2
22460006652000;1220;605;615;46,3
22460006653000;23;15;8;37,4
22460006655000;584;301;283;25,4
22460006656000;231;116;115;24,4
22460006657000;35;22;13;35,2
22460006658000;6;4;2;65,2
22460006659000;3;2;1;0,0
22460006664000;7;5;2;35,1
22460006685000;1;1;0;0,0
22460006686000;529;256;273;39,4
22460006687000;424;208;216;40,9
22460006688000;3;2;1;0,0
22460006689000;1;1;0;0,0
22460006690000;13;8;5;40,5
22460006691000;14;9;5;36,6
22460006692000;88;44;44;37,4
22460006693000;22;13;9;47,9
22460006694000;25;14;11;36,3
22460006695000;1;1;0;0,0
22460006696000;45;25;20;41,8
22460006697000;229;118;111;33,5
22460006698000;90;49;41;46,5
22460006707000;15;9;6;38,7
22460006708000;2;1;1;0,0
22460006709000;14;9;5;36,9
22460006712000;5;2;3;73,8
22460006713000;2;1;1;0,0
22460006714000;10;7;3;26,7
22460006715000;8;4;4;34,0
22460006718000;4;3;1;0,0
22460006728000;53;27;26;49,8
22460006729000;18;9;9;44,7
22460006730000;36;20;16;41,9
22460006731000;41;20;21;44,8
22460006732000;7;4;3;44,0
22460006733000;46;21;25;40,9
22460006734000;253;132;121;44,0
22460006735000;238;110;128;41,6
22460006736000;118;53;65;36,5
22460006737000;281;145;136;41,7
22460006738000;543;245;298;46,5
22460006739000;161;84;77;40,0
22460006740000;80;42;38;39,2
22460006741000;36;19;17;51,6
22460006746000;25;11;14;37,2
22460006752000;29;19;10;46,6
22460006754000;17;10;7;47,6
22460006759000;2;1;1;0,0
22460006760000;53;23;30;38,2
22460006761000;49;25;24;41,1
22460006762000;1;1;0;0,0
22460006763000;16;8;8;41,9
22460006784000;34;19;15;41,3
22460006785000;23;11;12;46,4
22460006792000;22;12;10;45,5
22460006793000;16;10;6;48,6
22460006794000;12;8;4;53,9
22460006795000;551;276;275;41,3
22460006796000;313;141;172;45,8
22460006797000;90;45;45;42,8
22460006798000;36;22;14;42,2
22460006799000;9;4;5;34,4
22460006802000;1;1;0;0,0
22460006803000;31;15;16;41,1
22460006804000;31;14;17;38,1
22460006805000;64;34;30;43,1
22460006806000;9;4;5;45,7
22460006807000;2;1;1;0,0
22460006809000;5;3;2;30,0
22460006810000;12;8;4;36,1
22460006811000;7;3;4;61,1
22460006812000;28;14;14;40,8
22460006813000;17;11;6;52,4
22460006815000;41;22;19;41,2
22460006816000;12;5;7;29,8
22460006817000;19;11;8;49,9
22460006818000;36;16;20;38,4
22460006824000;37;18;19;42,7
22460006837000;1;0;1;0,0
22460006898000;2;2;0;0,0
22460006899000;8;5;3;38,0
22460006900000;1;1;0;0,0
22460006959000;2;1;1;0,0
22460006961000;3;0;3;0,0
22460006962000;19;11;8;45,1
22460006963000;48;23;25;37,4
22460006964000;19;9;10;43,9
22460006966000;2;1;1;0,0
22460006972000;2;2;0;0,0
22460006973000;13;6;7;43,4
22460006974000;6;3;3;36,3
22460006975000;201;91;110;38,5
22460006976000;146;75;71;38,4
22460006977000;88;49;39;46,2
22460006978000;1;1;0;0,0
22460006979000;3;1;2;0,0
22460006980000;6;2;4;26,2
22460007006000;8;5;3;64,8
22460007007000;13;4;9;29,6
22460007008000;78;40;38;43,1
22460007009000;20;9;11;41,5
22460007010000;11;4;7;32,5
22460007011000;31;18;13;29,4
22460007024000;1;1;0;0,0
22460007032000;4;2;2;0,0
22460007035000;6;3;3;65,7
22460007036000;31;17;14;45,8
22460007044000;12;7;5;30,8
22460007045000;14;7;7;53,9
22460007046000;34;22;12;43,5
22460007047000;7;4;3;32,1
22460007058000;55;53;2;39,1
22460007059000;4;3;1;0,0
22460007061000;17;9;8;44,2
22460007067000;21;15;6;53,0
22460007068000;8;4;4;36,6
22460007071000;75;40;35;39,4
22460007072000;6;2;4;18,2
22460007077000;38;19;19;41,6
22460007078000;34;16;18;27,7
22460007080000;32;15;17;28,2
22460007081000;16;9;7;37,3
22460007082000;5;3;2;33,6
22460007089000;16;9;7;42,3
22460007090000;8;3;5;23,9
22460007093000;22;11;11;48,9
22460007094000;4;3;1;0,0
22460007095000;4;2;2;0,0
22470006607000;6;2;4;40,7
22470006608000;193;101;92;45,0
22470006621000;6;4;2;47,2
22470006622000;36;22;14;34,4
22470006623000;63;29;34;36,6
22470006624000;1234;602;632;41,0
22470006625000;290;127;163;47,3
22470006626000;589;308;281;36,2
22470006627000;688;361;327;36,2
22470006628000;77;44;33;37,7
22470006629000;184;89;95;39,1
22470006630000;5;3;2;29,0
22470006631000;53;31;22;49,1
22470006632000;761;367;394;37,0
22470006633000;313;163;150;40,3
22470006634000;177;82;95;43,1
22470006635000;777;394;383;44,9
22470006636000;111;54;57;36,3
22470006637000;256;138;118;42,3
22470006638000;42;23;19;38,7
22470006639000;1;0;1;0,0
22470006640000;1;0;1;0,0
22470006641000;25;10;15;35,2
22470006642000;125;60;65;39,0
22470006643000;278;132;146;39,2
22470006644000;1727;842;885;40,2
22470006645000;1120;567;553;40,1
22470006646000;2722;1349;1373;37,6
22470006647000;1149;582;567;35,0
22470006648000;1682;822;860;35,1
22470006649000;1549;813;736;33,9
22470006650000;554;271;283;36,1
22470006651000;3422;1634;1788;40,1
22470006652000;2397;1107;1290;41,6
22470006653000;52;28;24;39,4
22470006654000;655;354;301;36,6
22470006655000;1424;726;698;32,9
22470006656000;382;195;187;34,2
22470006657000;95;47;48;45,6
22470006658000;81;35;46;46,3
22470006686000;86;36;50;34,4
22470006687000;17;11;6;24,6
22470006688000;63;37;26;41,8
22470006689000;154;84;70;47,7
22470006690000;4;2;2;0,0
22470006691000;9;7;2;30,9
22470006693000;7;4;3;27,7
22470006694000;37;17;20;48,9
22470006695000;10;5;5;51,0
22470006696000;29;16;13;49,9
22470006697000;2;2;0;0,0
22470006698000;31;18;13;39,9
22470006699000;18;9;9;40,6
22470006700000;18;9;9;44,8
22470006701000;18;8;10;44,3
22470006702000;7;4;3;35,0
22470006703000;5;3;2;57,8
22470006717000;31;14;17;29,4
22470006718000;18;11;7;33,8
22470006729000;6;2;4;65,2
22470006730000;17;10;7;43,2
22470006731000;44;25;19;49,8
22470006732000;8;5;3;20,9
22470006733000;4;1;3;0,0
22470006734000;29;14;15;45,4
22470006735000;126;68;58;43,2
22470006736000;114;57;57;34,4
22470006737000;45;25;20;47,1
22470006738000;21;8;13;33,2
22470006739000;9;7;2;35,3
22470006740000;4;1;3;0,0
22470006741000;30;16;14;50,2
22470006742000;1;1;0;0,0
22470006746000;12;8;4;35,8
22470006747000;1;1;0;0,0
22470006752000;11;5;6;49,3
22470006759000;84;42;42;42,9
22470006760000;48;23;25;41,8
22470006761000;18;9;9;47,7
22470006764000;10;6;4;48,1
22470006783000;33;14;19;41,4
22470006784000;89;51;38;40,3
22470006788000;1;1;0;0,0
22470006789000;2;1;1;0,0
22470006790000;4;4;0;0,0
22470006791000;9;6;3;44,9
22470006792000;39;21;18;48,0
22470006793000;26;14;12;34,3
22470006794000;62;31;31;38,3
22470006795000;266;138;128;33,3
22470006796000;38;20;18;43,6
22470006797000;51;22;29;36,0
22470006798000;10;4;6;54,9
22470006802000;5;3;2;41,2
22470006803000;16;8;8;33,4
22470006804000;5;3;2;61,2
22470006805000;43;19;24;41,5
22470006806000;12;7;5;41,6
22470006807000;20;10;10;33,3
22470006808000;16;7;9;44,0
22470006809000;7;4;3;56,4
22470006811000;10;6;4;40,7
22470006814000;36;20;16;41,5
22470006815000;26;16;10;36,7
22470006816000;7;3;4;51,3
22470006817000;6;3;3;57,2
22470006824000;25;14;11;44,3
22470006862000;10;5;5;44,2
22470006869000;3;1;2;0,0
22470006899000;11;5;6;47,0
22470006900000;22;11;11;33,2
22470006901000;10;6;4;28,2
22470006959000;6;1;5;18,0
22470006963000;1;1;0;0,0
22470006973000;6;2;4;27,8
22470006974000;16;8;8;40,2
22470006975000;4;3;1;0,0
22470006976000;3;2;1;0,0
22470006979000;3;2;1;0,0
22470006980000;7;4;3;37,1
22470006981000;2;1;1;0,0
22470007005000;2;1;1;0,0
22470007006000;27;13;14;37,6
22470007007000;17;8;9;30,1
22470007008000;59;24;35;44,4
22470007009000;11;6;5;42,3
22470007010000;2;1;1;0,0
22470007011000;14;7;7;43,0
22470007021000;9;4;5;58,6
22470007022000;15;7;8;42,9
22470007023000;39;21;18;33,3
22470007024000;59;31;28;41,3
22470007030000;2;2;0;0,0
22470007033000;13;7;6;41,2
22470007037000;13;8;5;47,2
22470007044000;6;3;3;41,5
22470007054000;8;4;4;33,1
22470007055000;7;5;2;51,9
22470007056000;23;11;12;41,6
22470007057000;49;26;23;43,0
22470007058000;184;103;81;39,6
22470007059000;43;24;19;35,4
22470007061000;8;5;3;28,1
22470007068000;2;1;1;0,0
22470007072000;68;37;31;45,0
22470007077000;80;33;47;36,5
22470007078000;13;6;7;43,7
22470007080000;11;8;3;43,6
22470007081000;8;6;2;24,3
22470007089000;10;6;4;45,8
22470007090000;34;16;18;43,6
22470007091000;8;3;5;52,4
22470007092000;18;9;9;50,3
22470007093000;28;14;14;29,6
22470007094000;73;35;38;48,0
22470007095000;17;8;9;36,0
22480006608000;468;242;226;43,9
22480006609000;148;67;81;41,5
22480006622000;89;49;40;22,9
22480006623000;1157;585;572;35,5
22480006624000;382;185;197;46,2
22480006625000;13;8;5;45,1
22480006627000;78;37;41;52,1
22480006628000;33;14;19;46,7
22480006629000;39;16;23;41,0
22480006632000;8;5;3;44,3
22480006633000;71;34;37;44,6
22480006641000;78;41;37;38,7
22480006642000;121;63;58;46,7
22480006644000;1161;577;584;39,4
22480006645000;1554;753;801;39,6
22480006646000;1853;921;932;37,1
22480006647000;2027;998;1029;38,6
22480006648000;1801;846;955;46,6
22480006649000;1545;747;798;37,1
22480006650000;1760;830;930;45,0
22480006651000;2590;1260;1330;39,5
22480006652000;514;278;236;41,0
22480006653000;2756;1342;1414;35,4
22480006654000;772;400;372;36,3
22480006655000;321;160;161;35,2
22480006656000;17;10;7;42,2
22480006661000;7;2;5;31,1
22480006673000;3;3;0;0,0
22480006688000;128;63;65;34,7
22480006689000;48;24;24;39,3
22480006691000;17;9;8;49,9
22480006692000;7;4;3;36,1
22480006693000;19;10;9;36,4
22480006694000;15;6;9;43,0
22480006695000;8;3;5;49,8
22480006696000;2;1;1;0,0
22480006697000;17;8;9;33,5
22480006698000;59;26;33;44,6
22480006699000;38;20;18;39,7
22480006700000;10;6;4;49,6
22480006701000;13;5;8;32,7
22480006702000;33;16;17;47,7
22480006703000;37;18;19;45,7
22480006704000;24;10;14;37,1
22480006705000;5;3;2;57,2
22480006715000;13;4;9;46,9
22480006716000;6;4;2;60,3
22480006717000;1;1;0;0,0
22480006731000;3;2;1;0,0
22480006735000;1;0;1;0,0
22480006736000;5;1;4;17,6
22480006739000;3;2;1;0,0
22480006749000;7;2;5;38,6
22480006758000;1;1;0;0,0
22480006759000;32;17;15;50,0
22480006760000;3;2;1;0,0
22480006763000;6;3;3;22,5
22480006764000;2;1;1;0,0
22480006780000;3;1;2;0,0
22480006782000;15;9;6;37,1
22480006783000;25;14;11;38,1
22480006784000;33;16;17;37,5
22480006788000;19;8;11;50,7
22480006789000;16;7;9;36,9
22480006790000;10;5;5;40,8
22480006791000;18;8;10;40,8
22480006792000;72;38;34;35,3
22480006793000;86;44;42;40,3
22480006794000;35;18;17;38,2
22480006795000;60;25;35;35,5
22480006796000;28;16;12;38,8
22480006797000;10;6;4;38,2
22480006802000;9;3;6;41,2
22480006803000;10;4;6;46,0
22480006804000;7;4;3;31,6
22480006805000;25;15;10;46,3
22480006806000;367;175;192;43,1
22480006807000;461;239;222;41,2
22480006808000;31;20;11;39,5
22480006809000;50;26;24;41,8
22480006810000;57;25;32;42,4
22480006811000;17;8;9;38,2
22480006812000;16;6;10;41,8
22480006813000;5;3;2;24,4
22480006815000;5;2;3;36,2
22480006816000;7;4;3;50,0
22480006823000;12;6;6;42,8
22480006824000;3;2;1;0,0
22480006834000;11;7;4;34,6
22480006859000;7;3;4;31,1
22480006860000;1;1;0;0,0
22480006861000;3;2;1;0,0
22480006867000;13;6;7;43,8
22480006868000;5;3;2;33,4
22480006900000;46;19;27;41,5
22480006901000;26;16;10;36,0
22480006973000;1;0;1;0,0
22480006975000;1;0;1;0,0
22480006980000;23;11;12;39,3
22480006981000;10;5;5;36,7
22480007004000;7;4;3;32,1
22480007005000;22;13;9;36,4
22480007007000;31;18;13;47,6
22480007008000;17;9;8;31,0
22480007011000;16;8;8;36,6
22480007012000;14;7;7;36,1
22480007020000;1;0;1;0,0
22480007021000;35;17;18;28,1
22480007022000;47;20;27;37,6
22480007023000;15;7;8;44,7
22480007024000;84;45;39;41,9
22480007025000;35;21;14;41,2
22480007031000;25;13;12;43,9
22480007032000;2;1;1;0,0
22480007033000;76;38;38;34,3
22480007034000;86;43;43;32,8
22480007039000;2;1;1;0,0
22480007041000;33;21;12;45,1
22480007042000;14;4;10;38,4
22480007043000;2;1;1;0,0
22480007044000;1;1;0;0,0
22480007051000;16;9;7;56,6
22480007052000;25;13;12;37,8
22480007053000;17;11;6;35,1
22480007054000;17;9;8;35,6
22480007055000;13;8;5;40,4
22480007056000;74;30;44;35,5
22480007057000;77;39;38;33,2
22480007058000;12;6;6;49,3
22480007059000;41;20;21;39,8
22480007060000;128;68;60;36,5
22480007061000;130;68;62;34,7
22480007062000;12;6;6;25,2
22480007072000;4;3;1;0,0
22480007073000;14;7;7;39,2
22480007078000;1;1;0;0,0
22480007089000;3;2;1;0,0
22480007090000;5;3;2;64,2
22480007091000;2;1;1;0,0
22480007092000;15;7;8;46,2
22480007093000;15;9;6;57,9
22480007094000;213;103;110;41,3
22490006595000;3;2;1;0,0
22490006608000;69;38;31;48,3
22490006609000;262;130;132;39,4
22490006610000;128;68;60;33,9
22490006611000;21;12;9;38,0
22490006612000;28;13;15;39,9
22490006623000;274;142;132;35,7
22490006624000;1;1;0;0,0
22490006643000;52;28;24;35,3
22490006644000;891;437;454;34,8
22490006645000;1014;533;481;37,3
22490006646000;738;382;356;36,2
22490006647000;1822;860;962;48,8
22490006648000;2215;1124;1091;37,0
22490006649000;2128;1054;1074;38,2
22490006650000;902;456;446;37,1
22490006652000;260;132;128;33,1
22490006653000;2839;1435;1404;34,3
22490006654000;971;490;481;34,6
22490006655000;33;14;19;37,3
22490006657000;3;1;2;0,0
22490006688000;54;29;25;38,2
22490006689000;155;71;84;39,5
22490006690000;55;29;26;41,9
22490006691000;2;2;0;0,0
22490006692000;30;17;13;39,5
22490006693000;10;6;4;48,1
22490006694000;7;2;5;33,0
22490006696000;7;4;3;32,4
22490006697000;4;2;2;0,0
22490006698000;53;30;23;42,5
22490006699000;46;26;20;36,1
22490006700000;16;8;8;45,4
22490006701000;11;6;5;51,2
22490006702000;21;13;8;42,7
22490006703000;135;75;60;36,4
22490006704000;40;24;16;41,0
22490006705000;20;10;10;34,3
22490006706000;2;1;1;0,0
22490006708000;13;3;10;30,5
22490006713000;12;6;6;42,6
22490006714000;71;34;37;42,4
22490006715000;14;8;6;49,8
22490006716000;4;2;2;0,0
22490006735000;5;3;2;22,6
22490006736000;1;1;0;0,0
22490006748000;12;7;5;30,9
22490006749000;20;11;9;43,8
22490006750000;9;5;4;54,1
22490006756000;2;2;0;0,0
22490006757000;7;3;4;30,0
22490006758000;189;76;113;52,8
22490006759000;24;12;12;39,7
22490006760000;9;6;3;51,9
22490006769000;15;9;6;22,5
22490006780000;17;11;6;33,1
22490006783000;1;1;0;0,0
22490006788000;32;16;16;36,5
22490006789000;13;8;5;50,4
22490006790000;71;36;35;42,9
22490006791000;5;1;4;20,8
22490006792000;74;36;38;41,6
22490006793000;47;23;24;46,6
22490006794000;53;28;25;37,2
22490006795000;3;2;1;0,0
22490006802000;7;2;5;38,9
22490006804000;5;3;2;50,0
22490006805000;58;29;29;41,2
22490006806000;73;40;33;46,7
22490006807000;42;24;18;34,7
22490006808000;40;19;21;41,3
22490006809000;11;5;6;41,7
22490006810000;12;6;6;47,3
22490006811000;14;9;5;49,4
22490006812000;22;12;10;39,0
22490006813000;6;4;2;39,2
22490006816000;3;2;1;0,0
22490006823000;20;12;8;31,7
22490006864000;26;10;16;32,0
22490006865000;8;2;6;33,4
22490006866000;20;12;8;49,2
22490006867000;2;1;1;0,0
22490006900000;2;1;1;0,0
22490006901000;12;8;4;41,3
22490006902000;14;9;5;31,6
22490006979000;7;5;2;34,7
22490006980000;15;7;8;45,8
22490006981000;4;2;2;0,0
22490006996000;1;1;0;0,0
22490007004000;3;1;2;0,0
22490007005000;8;4;4;28,0
22490007006000;2;2;0;0,0
22490007007000;7;4;3;25,0
22490007010000;4;3;1;0,0
22490007012000;9;5;4;38,7
22490007013000;13;8;5;40,8
22490007020000;3;2;1;0,0
22490007021000;6;2;4;37,7
22490007022000;26;13;13;35,5
22490007024000;32;18;14;46,1
22490007025000;29;17;12;44,7
22490007026000;4;3;1;0,0
22490007031000;1;1;0;0,0
22490007032000;12;6;6;43,0
22490007033000;229;111;118;34,4
22490007034000;39;20;19;37,3
22490007043000;11;6;5;44,5
22490007044000;5;3;2;63,8
22490007051000;98;52;46;27,3
22490007052000;29;16;13;39,6
22490007053000;14;6;8;38,6
22490007057000;27;14;13;31,0
22490007059000;50;25;25;29,9
22490007060000;370;148;222;55,1
22490007061000;265;137;128;38,9
22490007062000;35;14;21;33,5
22490007073000;4;3;1;0,0
22490007089000;1;0;1;0,0
22490007090000;9;5;4;55,8
22490007092000;6;3;3;43,8
22490007093000;31;14;17;29,9
22490007094000;21;14;7;57,7
22490007110000;1;0;1;0,0
22500006595000;5;3;2;65,2
22500006596000;221;98;123;35,5
22500006597000;20;10;10;50,5
22500006609000;121;56;65;47,6
22500006610000;668;331;337;40,6
22500006611000;409;208;201;40,3
22500006612000;90;53;37;40,5
22500006613000;33;17;16;39,9
22500006614000;2;1;1;0,0
22500006619000;2;1;1;0,0
22500006620000;3;1;2;0,0
22500006621000;9;6;3;47,0
22500006622000;50;26;24;41,3
22500006623000;6;4;2;26,7
22500006632000;1;1;0;0,0
22500006643000;42;21;21;35,6
22500006644000;153;73;80;31,0
22500006645000;417;214;203;35,7
22500006646000;3;1;2;0,0
22500006647000;228;109;119;37,0
22500006648000;1740;860;880;38,1
22500006649000;1592;764;828;39,2
22500006650000;241;123;118;35,2
22500006651000;4;3;1;0,0
22500006652000;40;22;18;43,8
22500006653000;7;3;4;34,4
22500006654000;2;1;1;0,0
22500006688000;53;31;22;35,8
22500006689000;100;50;50;41,5
22500006690000;52;26;26;37,8
22500006691000;17;11;6;47,4
22500006692000;113;57;56;34,0
22500006693000;108;55;53;40,0
22500006694000;35;14;21;49,0
22500006695000;12;3;9;36,3
22500006696000;28;13;15;38,0
22500006698000;23;8;15;31,9
22500006699000;53;24;29;39,5
22500006700000;10;5;5;49,8
22500006701000;21;11;10;39,5
22500006702000;33;15;18;47,7
22500006703000;125;67;58;41,6
22500006704000;62;29;33;43,3
22500006705000;59;29;30;44,1
22500006706000;19;11;8;45,4
22500006707000;11;7;4;40,5
22500006708000;96;48;48;37,6
22500006709000;23;13;10;32,6
22500006710000;37;18;19;57,5
22500006711000;8;4;4;58,0
22500006712000;37;17;20;31,9
22500006713000;26;13;13;53,2
22500006714000;12;5;7;52,9
22500006731000;8;3;5;49,3
22500006732000;3;2;1;0,0
22500006734000;2;1;1;0,0
22500006735000;6;3;3;58,3
22500006736000;13;7;6;32,8
22500006737000;7;3;4;40,3
22500006738000;4;1;3;0,0
22500006745000;8;5;3;38,6
22500006749000;3;2;1;0,0
22500006750000;36;22;14;36,5
22500006757000;137;69;68;38,3
22500006758000;57;32;25;39,1
22500006759000;13;7;6;52,4
22500006760000;5;3;2;51,8
22500006769000;25;12;13;43,9
22500006777000;10;5;5;43,7
22500006778000;14;7;7;53,4
22500006779000;45;22;23;32,0
22500006780000;4;2;2;0,0
22500006785000;4;2;2;0,0
22500006787000;48;24;24;30,6
22500006788000;146;78;68;40,6
22500006789000;23;13;10;38,3
22500006790000;24;14;10;47,3
22500006792000;5;2;3;59,8
22500006801000;16;10;6;33,3
22500006802000;1;1;0;0,0
22500006803000;22;13;9;42,1
22500006806000;6;3;3;47,2
22500006807000;20;7;13;45,1
22500006808000;10;6;4;49,1
22500006816000;6;2;4;34,5
22500006817000;8;5;3;43,9
22500006822000;4;3;1;0,0
22500006823000;44;23;21;35,0
22500006901000;7;4;3;44,4
22500006902000;10;5;5;36,9
22500006944000;2;2;0;0,0
22500006962000;7;3;4;36,6
22500006979000;22;14;8;32,7
22500006980000;4;2;2;0,0
22500006981000;19;10;9;41,2
22500007003000;7;3;4;38,7
22500007004000;4;2;2;0,0
22500007005000;11;4;7;31,9
22500007006000;22;16;6;34,5
22500007008000;5;3;2;44,2
22500007009000;2;1;1;0,0
22500007011000;2;2;0;0,0
22500007013000;1;1;0;0,0
22500007014000;17;11;6;37,6
22500007019000;16;8;8;40,9
22500007020000;61;36;25;39,6
22500007021000;26;16;10;35,2
22500007022000;31;16;15;38,4
22500007023000;21;8;13;31,9
22500007024000;4;1;3;0,0
22500007025000;15;9;6;35,5
22500007026000;7;3;4;45,3
22500007031000;15;7;8;36,4
22500007032000;29;14;15;33,3
22500007033000;34;16;18;40,8
22500007049000;18;10;8;43,0
22500007050000;23;9;14;37,0
22500007051000;53;24;29;36,6
22500007052000;233;115;118;31,5
22500007053000;39;21;18;39,4
22500007054000;2;1;1;0,0
22500007057000;7;5;2;24,1
22500007058000;40;20;20;35,3
22500007060000;156;69;87;41,9
22500007061000;232;112;120;40,0
22500007062000;16;8;8;58,0
22500007079000;18;9;9;36,0
22500007092000;33;15;18;46,3
22500007093000;7;4;3;39,1
22500007094000;3;1;2;0,0
22500007098000;2;1;1;0,0
22500007108000;2;1;1;0,0
22500007109000;10;5;5;69,8
22500007110000;10;5;5;39,6
22510006596000;670;342;328;37,6
22510006597000;2013;946;1067;45,2
22510006598000;319;144;175;51,8
22510006610000;2;1;1;0,0
22510006611000;174;98;76;41,4
22510006612000;10;7;3;31,3
22510006613000;8;3;5;36,5
22510006614000;10;5;5;47,4
22510006616000;4;2;2;0,0
22510006619000;25;12;13;46,2
22510006620000;34;17;17;44,3
22510006621000;51;24;27;41,6
22510006623000;1;1;0;0,0
22510006630000;8;3;5;35,0
22510006632000;15;8;7;47,6
22510006633000;2;1;1;0,0
22510006644000;1;1;0;0,0
22510006647000;531;228;303;48,3
22510006648000;2369;1195;1174;35,7
22510006649000;2726;1374;1352;36,0
22510006650000;2469;1237;1232;34,3
22510006651000;1298;632;666;42,6
22510006652000;27;12;15;34,0
22510006654000;3;2;1;0,0
22510006655000;11;5;6;25,8
22510006656000;4;2;2;0,0
22510006689000;68;31;37;34,1
22510006690000;64;30;34;43,5
22510006691000;18;8;10;38,2
22510006692000;45;20;25;40,4
22510006693000;47;26;21;38,3
22510006694000;27;12;15;34,5
22510006695000;2;1;1;0,0
22510006696000;20;11;9;44,5
22510006698000;22;11;11;28,6
22510006699000;47;29;18;33,1
22510006700000;54;28;26;35,7
22510006701000;48;25;23;41,8
22510006702000;50;27;23;36,3
22510006703000;31;13;18;51,4
22510006704000;52;28;24;46,3
22510006705000;58;28;30;35,5
22510006706000;132;68;64;37,5
22510006707000;88;44;44;41,6
22510006708000;81;38;43;40,5
22510006709000;12;7;5;48,3
22510006710000;11;6;5;32,0
22510006711000;83;48;35;43,8
22510006712000;14;10;4;35,2
22510006713000;55;29;26;45,5
22510006714000;24;13;11;40,8
22510006715000;23;13;10;49,6
22510006730000;11;8;3;63,4
22510006731000;3;1;2;0,0
22510006735000;23;14;9;41,5
22510006736000;17;8;9;42,9
22510006737000;30;16;14;40,7
22510006745000;4;2;2;0,0
22510006750000;35;16;19;42,7
22510006752000;8;4;4;24,0
22510006757000;14;7;7;37,9
22510006758000;23;13;10;39,4
22510006759000;34;14;20;44,3
22510006768000;13;5;8;37,8
22510006769000;3;2;1;0,0
22510006776000;1;1;0;0,0
22510006777000;17;9;8;29,7
22510006778000;36;17;19;42,9
22510006779000;10;6;4;50,6
22510006783000;13;8;5;33,5
22510006784000;3;1;2;0,0
22510006785000;16;9;7;43,9
22510006786000;23;15;8;37,2
22510006787000;226;123;103;30,4
22510006788000;289;140;149;38,3
22510006789000;51;28;23;40,6
22510006790000;40;18;22;48,1
22510006791000;6;4;2;61,8
22510006802000;30;14;16;41,5
22510006803000;45;24;21;37,1
22510006822000;26;15;11;44,0
22510006832000;7;4;3;67,0
22510006855000;3;2;1;0,0
22510006903000;8;4;4;33,8
22510006958000;1;0;1;0,0
22510006959000;10;5;5;39,2
22510006961000;4;3;1;0,0
22510006962000;5;2;3;44,2
22510006970000;2;1;1;0,0
22510006981000;17;6;11;32,2
22510006982000;16;10;6;39,4
22510006983000;4;3;1;0,0
22510006984000;1;0;1;0,0
22510007004000;28;15;13;42,9
22510007006000;6;3;3;40,3
22510007009000;8;5;3;47,1
22510007010000;2;1;1;0,0
22510007012000;11;6;5;50,7
22510007013000;5;2;3;27,0
22510007014000;4;1;3;0,0
22510007015000;9;5;4;42,0
22510007019000;3;2;1;0,0
22510007020000;5;2;3;36,8
22510007021000;22;11;11;44,3
22510007022000;117;64;53;39,4
22510007023000;119;59;60;45,8
22510007024000;92;44;48;30,2
22510007025000;7;5;2;32,1
22510007026000;312;171;141;35,3
22510007027000;40;21;19;40,3
22510007028000;6;4;2;22,3
22510007031000;384;200;184;25,9
22510007032000;17;9;8;44,9
22510007033000;56;32;24;36,8
22510007034000;5;2;3;27,2
22510007050000;68;32;36;35,9
22510007051000;62;33;29;41,6
22510007052000;67;29;38;29,0
22510007053000;44;25;19;36,8
22510007054000;3;1;2;0,0
22510007055000;5;2;3;25,6
22510007058000;24;13;11;34,5
22510007059000;14;8;6;44,9
22510007060000;4;2;2;0,0
22510007061000;76;37;39;39,8
22510007062000;35;19;16;37,1
22510007072000;3;2;1;0,0
22510007073000;6;4;2;40,0
22510007074000;17;8;9;45,4
22510007075000;7;4;3;30,7
22510007079000;27;14;13;45,1
22510007084000;3;2;1;0,0
22510007091000;2;1;1;0,0
22510007092000;48;28;20;38,6
22510007093000;2;1;1;0,0
22510007098000;14;8;6;34,7
22510007099000;2;1;1;0,0
22510007107000;1;0;1;0,0
22510007109000;9;5;4;65,2
22510007110000;2;1;1;0,0
22520006595000;1173;532;641;47,1
22520006596000;2686;1348;1338;37,9
22520006597000;1844;914;930;37,9
22520006598000;115;61;54;47,0
22520006599000;11;6;5;47,1
22520006600000;2;1;1;0,0
22520006601000;9;4;5;53,6
22520006611000;142;76;66;44,4
22520006612000;220;95;125;52,1
22520006613000;27;15;12;43,7
22520006614000;10;4;6;49,5
22520006615000;1;0;1;0,0
22520006616000;2;2;0;0,0
22520006617000;2;1;1;0,0
22520006619000;48;25;23;35,3
22520006620000;128;63;65;40,9
22520006621000;3;0;3;0,0
22520006622000;11;6;5;48,8
22520006625000;2;1;1;0,0
22520006626000;11;5;6;41,5
22520006627000;13;8;5;45,8
22520006628000;30;18;12;45,9
22520006629000;180;83;97;41,2
22520006630000;1009;509;500;36,2
22520006631000;229;115;114;38,0
22520006632000;131;61;70;39,4
22520006633000;87;52;35;43,5
22520006634000;94;46;48;42,6
22520006647000;1347;604;743;42,5
22520006648000;2182;1096;1086;38,1
22520006649000;2324;1142;1182;38,0
22520006650000;2119;1006;1113;38,5
22520006651000;1151;592;559;38,4
22520006652000;70;41;29;43,5
22520006653000;21;11;10;32,1
22520006661000;7;4;3;39,1
22520006687000;2;1;1;0,0
22520006689000;9;3;6;45,2
22520006690000;62;29;33;36,7
22520006691000;25;15;10;36,1
22520006692000;11;5;6;40,6
22520006693000;58;30;28;47,6
22520006694000;10;5;5;39,2
22520006695000;20;9;11;42,9
22520006696000;53;27;26;46,8
22520006697000;1;0;1;0,0
22520006698000;27;14;13;39,0
22520006699000;47;25;22;43,3
22520006700000;59;29;30;32,1
22520006701000;59;31;28;38,2
22520006702000;36;15;21;38,9
22520006703000;56;32;24;41,7
22520006704000;22;10;12;32,5
22520006705000;393;183;210;45,7
22520006706000;608;297;311;42,9
22520006707000;55;24;31;45,3
22520006708000;74;37;37;39,8
22520006709000;6;3;3;46,5
22520006710000;14;6;8;50,4
22520006711000;67;35;32;43,3
22520006712000;100;49;51;38,0
22520006713000;28;14;14;36,1
22520006730000;20;9;11;54,5
22520006733000;12;6;6;42,3
22520006736000;3;2;1;0,0
22520006745000;8;3;5;26,4
22520006749000;17;9;8;46,1
22520006750000;53;27;26;40,7
22520006751000;1;1;0;0,0
22520006752000;14;6;8;45,7
22520006756000;8;4;4;54,5
22520006757000;61;34;27;33,7
22520006759000;1;0;1;0,0
22520006760000;10;6;4;27,0
22520006768000;38;22;16;46,6
22520006776000;129;70;59;36,4
22520006777000;219;109;110;38,3
22520006778000;15;8;7;37,1
22520006779000;43;24;19;41,6
22520006780000;17;7;10;38,6
22520006781000;12;7;5;38,2
22520006782000;22;8;14;42,6
22520006783000;38;21;17;43,5
22520006784000;22;13;9;42,2
22520006785000;52;27;25;35,8
22520006786000;6;2;4;36,5
22520006787000;10;6;4;34,5
22520006788000;109;56;53;43,1
22520006789000;220;113;107;37,4
22520006790000;244;124;120;39,3
22520006791000;55;32;23;42,1
22520006792000;6;3;3;38,7
22520006793000;2;1;1;0,0
22520006800000;25;10;15;40,5
22520006801000;52;24;28;41,6
22520006802000;60;35;25;40,6
22520006803000;57;27;30;36,1
22520006819000;1;1;0;0,0
22520006822000;5;2;3;27,0
22520006823000;9;7;2;30,6
22520006902000;13;9;4;28,1
22520006903000;18;9;9;39,0
22520006984000;12;4;8;54,5
22520006985000;11;5;6;43,5
22520006986000;8;5;3;51,8
22520007004000;4;2;2;0,0
22520007005000;3;2;1;0,0
22520007009000;40;21;19;30,9
22520007010000;26;15;11;31,3
22520007011000;1;0;1;0,0
22520007013000;2;1;1;0,0
22520007014000;2;0;2;0,0
22520007015000;3;1;2;0,0
22520007022000;21;12;9;38,6
22520007023000;50;30;20;40,1
22520007024000;60;29;31;37,0
22520007025000;40;24;16;32,9
22520007026000;15;9;6;36,2
22520007027000;50;26;24;40,7
22520007028000;32;18;14;31,1
22520007029000;9;5;4;55,9
22520007030000;35;17;18;44,1
22520007031000;318;155;163;37,0
22520007032000;354;181;173;35,2
22520007033000;21;9;12;39,7
22520007050000;50;25;25;39,7
22520007051000;181;89;92;51,4
22520007052000;135;75;60;42,2
22520007053000;41;24;17;39,0
22520007054000;18;12;6;41,4
22520007055000;16;7;9;33,4
22520007056000;2;2;0;0,0
22520007058000;2;1;1;0,0
22520007059000;16;8;8;36,9
22520007060000;8;4;4;46,0
22520007061000;26;15;11;40,0
22520007062000;111;53;58;36,7
22520007063000;18;8;10;35,1
22520007074000;11;6;5;57,7
22520007079000;24;12;12;41,0
22520007080000;5;3;2;63,0
22520007082000;5;3;2;47,8
22520007083000;26;12;14;40,8
22520007098000;2;0;2;0,0
22520007099000;14;10;4;49,1
22520007107000;18;7;11;47,5
22520007109000;6;3;3;42,5
22520007110000;7;6;1;52,4
22530006584000;202;100;102;42,3
22530006585000;238;123;115;37,6
22530006586000;81;44;37;52,1
22530006587000;2;1;1;0,0
22530006588000;2;1;1;0,0
22530006589000;198;99;99;35,1
22530006590000;81;43;38;43,8
22530006591000;341;163;178;43,3
22530006592000;193;103;90;40,9
22530006593000;377;181;196;37,9
22530006594000;674;333;341;48,2
22530006595000;373;182;191;42,6
22530006596000;2418;1249;1169;44,3
22530006597000;826;416;410;43,3
22530006598000;53;28;25;35,8
22530006599000;10;6;4;62,1
22530006600000;30;18;12;48,6
22530006601000;57;29;28;40,2
22530006602000;6;4;2;69,8
22530006620000;9;4;5;50,4
22530006621000;594;269;325;45,7
22530006622000;1032;487;545;45,3
22530006623000;516;259;257;44,9
22530006624000;39;20;19;41,3
22530006625000;3;2;1;0,0
22530006626000;48;26;22;50,1
22530006627000;11;5;6;37,7
22530006628000;31;17;14;51,1
22530006629000;96;47;49;35,8
22530006630000;273;133;140;34,8
22530006631000;297;155;142;38,8
22530006632000;27;11;16;42,1
22530006634000;85;39;46;43,2
22530006635000;132;58;74;42,8
22530006636000;393;202;191;38,5
22530006637000;52;24;28;43,3
22530006645000;68;36;32;38,6
22530006646000;212;110;102;37,6
22530006647000;27;12;15;48,8
22530006648000;1522;759;763;36,5
22530006649000;1908;925;983;40,6
22530006650000;2407;1157;1250;46,8
22530006651000;2981;1442;1539;38,2
22530006652000;2352;1148;1204;40,0
22530006653000;495;256;239;40,2
22530006654000;108;63;45;43,3
22530006655000;3;2;1;0,0
22530006661000;17;8;9;39,6
22530006662000;47;23;24;36,7
22530006690000;36;22;14;44,6
22530006691000;85;47;38;40,3
22530006692000;7;3;4;21,9
22530006693000;27;15;12;45,6
22530006694000;46;25;21;39,3
22530006695000;54;29;25;43,6
22530006696000;13;7;6;46,8
22530006697000;99;54;45;38,5
22530006698000;27;14;13;38,0
22530006699000;25;11;14;36,3
22530006700000;88;38;50;41,9
22530006701000;28;17;11;34,1
22530006702000;33;17;16;39,9
22530006703000;66;33;33;47,2
22530006704000;13;7;6;43,3
22530006705000;289;141;148;46,6
22530006706000;257;125;132;39,8
22530006707000;178;90;88;38,9
22530006708000;92;47;45;40,2
22530006709000;13;6;7;37,9
22530006710000;8;4;4;49,6
22530006711000;34;16;18;33,2
22530006712000;17;11;6;38,9
22530006713000;4;1;3;0,0
22530006714000;29;17;12;30,5
22530006715000;16;7;9;40,0
22530006729000;2;1;1;0,0
22530006730000;7;4;3;43,9
22530006731000;4;2;2;0,0
22530006749000;9;4;5;40,4
22530006750000;33;16;17;35,4
22530006751000;7;4;3;55,4
22530006752000;19;12;7;34,5
22530006755000;5;3;2;64,0
22530006757000;24;10;14;46,8
22530006758000;44;24;20;43,9
22530006759000;30;13;17;52,5
22530006760000;24;15;9;43,6
22530006768000;34;19;15;33,6
22530006771000;24;12;12;29,3
22530006774000;15;8;7;30,0
22530006775000;63;30;33;37,9
22530006776000;277;146;131;33,8
22530006777000;50;25;25;52,5
22530006778000;11;8;3;40,6
22530006779000;14;9;5;34,1
22530006780000;15;8;7;53,1
22530006781000;91;44;47;34,6
22530006782000;614;309;305;35,4
22530006783000;198;98;100;45,0
22530006784000;57;31;26;41,6
22530006785000;34;22;12;44,3
22530006786000;23;11;12;32,7
22530006787000;46;24;22;40,4
22530006788000;116;58;58;38,4
22530006789000;73;41;32;38,7
22530006790000;288;144;144;37,8
22530006791000;35;17;18;35,9
22530006792000;29;16;13;45,6
22530006793000;46;23;23;40,2
22530006794000;11;5;6;41,8
22530006799000;13;6;7;39,5
22530006800000;46;25;21;41,3
22530006801000;20;8;12;31,1
22530006802000;48;25;23;43,4
22530006803000;33;18;15;46,2
22530006804000;9;4;5;43,8
22530006866000;2;2;0;0,0
22530006867000;1;1;0;0,0
22530006903000;4;2;2;0,0
22530006904000;1;1;0;0,0
22530006905000;1;1;0;0,0
22530006955000;5;3;2;66,4
22530006956000;3;2;1;0,0
22530006984000;11;6;5;46,8
22530006985000;14;8;6;40,6
22530006986000;26;12;14;45,0
22530007005000;3;2;1;0,0
22530007009000;13;6;7;44,1
22530007010000;30;16;14;41,3
22530007011000;21;12;9;50,5
22530007012000;133;58;75;53,9
22530007013000;343;177;166;35,3
22530007014000;7;2;5;30,3
22530007020000;4;2;2;0,0
22530007023000;5;3;2;37,6
22530007026000;6;2;4;36,5
22530007027000;12;6;6;40,0
22530007028000;20;11;9;41,1
22530007029000;34;19;15;43,4
22530007030000;59;29;30;38,3
22530007031000;333;151;182;45,4
22530007032000;89;45;44;45,9
22530007036000;7;4;3;42,4
22530007037000;42;24;18;39,2
22530007038000;15;7;8;38,8
22530007039000;68;38;30;39,8
22530007040000;2;1;1;0,0
22530007049000;2;1;1;0,0
22530007050000;31;17;14;37,6
22530007051000;46;21;25;37,2
22530007052000;26;15;11;46,5
22530007053000;50;27;23;33,2
22530007054000;21;10;11;39,0
22530007055000;2;0;2;0,0
22530007057000;2;0;2;0,0
22530007058000;3;2;1;0,0
22530007059000;1;1;0;0,0
22530007061000;9;3;6;69,8
22530007062000;35;13;22;35,6
22530007063000;31;17;14;35,9
22530007064000;2;0;2;0,0
22530007074000;10;4;6;41,9
22530007082000;14;6;8;45,0
22530007096000;14;8;6;52,1
22530007097000;6;3;3;63,5
22530007101000;11;5;6;37,0
22530007102000;1;0;1;0,0
22530007108000;7;1;6;31,3
22530007109000;1;1;0;0,0
22530007112000;27;16;11;45,6
22530007113000;14;10;4;34,8
22540006582000;6;2;4;47,8
22540006583000;72;39;33;33,2
22540006584000;529;258;271;41,0
22540006585000;30;14;16;41,7
22540006586000;18;9;9;39,2
22540006587000;2;1;1;0,0
22540006588000;26;12;14;41,6
22540006589000;52;25;27;43,3
22540006590000;151;80;71;40,1
22540006591000;205;108;97;29,9
22540006592000;21;11;10;47,0
22540006593000;664;275;389;49,2
22540006594000;1462;725;737;39,7
22540006595000;3108;1475;1633;38,7
22540006596000;2330;1107;1223;44,6
22540006597000;585;290;295;41,6
22540006598000;139;70;69;43,7
22540006601000;12;7;5;48,8
22540006602000;4;1;3;0,0
22540006603000;5;4;1;53,0
22540006604000;1;1;0;0,0
22540006607000;3;2;1;0,0
22540006608000;8;2;6;42,3
22540006609000;4;2;2;0,0
22540006610000;7;3;4;54,7
22540006612000;1;0;1;0,0
22540006613000;55;26;29;38,1
22540006614000;91;46;45;44,9
22540006615000;14;8;6;28,3
22540006616000;4;1;3;0,0
22540006617000;4;2;2;0,0
22540006618000;3;2;1;0,0
22540006619000;160;77;83;37,3
22540006620000;1265;643;622;37,2
22540006621000;2342;1123;1219;37,4
22540006622000;1559;778;781;44,2
22540006623000;109;54;55;40,4
22540006624000;36;20;16;46,4
22540006625000;1;1;0;0,0
22540006626000;10;6;4;47,0
22540006627000;9;5;4;36,3
22540006628000;26;18;8;34,3
22540006629000;3;2;1;0,0
22540006630000;23;8;15;42,2
22540006631000;248;121;127;36,7
22540006632000;12;7;5;22,0
22540006633000;3;1;2;0,0
22540006636000;387;193;194;36,0
22540006637000;327;167;160;36,0
22540006638000;57;25;32;38,3
22540006639000;420;213;207;36,1
22540006645000;441;227;214;36,7
22540006646000;1384;691;693;37,5
22540006647000;318;150;168;34,2
22540006648000;886;482;404;37,2
22540006649000;3080;1506;1574;41,2
22540006650000;2694;1312;1382;36,8
22540006651000;2870;1418;1452;37,0
22540006652000;3005;1439;1566;38,4
22540006653000;2746;1227;1519;46,3
22540006654000;902;437;465;51,1
22540006655000;5;3;2;42,0
22540006656000;6;2;4;31,2
22540006660000;6;3;3;48,2
22540006661000;87;38;49;36,0
22540006662000;26;12;14;50,8
22540006663000;9;5;4;30,8
22540006686000;3;2;1;0,0
22540006687000;12;8;4;34,8
22540006688000;4;2;2;0,0
22540006690000;16;5;11;37,5
22540006691000;173;84;89;38,1
22540006692000;37;19;18;34,5
22540006693000;27;12;15;33,4
22540006694000;53;29;24;42,7
22540006695000;90;52;38;35,5
22540006696000;14;6;8;41,4
22540006697000;44;22;22;33,4
22540006698000;10;5;5;58,7
22540006699000;58;29;29;36,8
22540006700000;201;86;115;38,7
22540006701000;48;21;27;38,5
22540006702000;22;9;13;34,1
22540006703000;98;52;46;39,0
22540006704000;340;174;166;35,3
22540006705000;529;239;290;34,4
22540006706000;33;13;20;53,7
22540006707000;5;2;3;39,8
22540006708000;38;18;20;35,2
22540006709000;3;1;2;0,0
22540006712000;1;1;0;0,0
22540006715000;5;2;3;55,0
22540006716000;50;25;25;30,4
22540006717000;3;2;1;0,0
22540006729000;64;32;32;37,6
22540006730000;27;13;14;37,8
22540006732000;20;10;10;40,0
22540006733000;13;6;7;31,2
22540006734000;19;11;8;40,9
22540006735000;29;15;14;29,5
22540006747000;1;1;0;0,0
22540006749000;13;7;6;30,3
22540006750000;20;9;11;42,2
22540006751000;2;1;1;0,0
22540006752000;6;4;2;59,7
22540006753000;2;1;1;0,0
22540006755000;5;2;3;23,2
22540006757000;8;3;5;38,5
22540006758000;21;14;7;46,7
22540006759000;25;15;10;37,0
22540006767000;6;4;2;28,2
22540006768000;54;30;24;33,5
22540006771000;63;27;36;38,5
22540006772000;58;33;25;41,1
22540006773000;35;23;12;38,1
22540006774000;1;1;0;0,0
22540006782000;371;194;177;37,9
22540006783000;317;165;152;37,2
22540006784000;337;154;183;41,6
22540006785000;846;407;439;41,5
22540006786000;523;229;294;48,9
22540006787000;84;41;43;44,1
22540006793000;31;17;14;38,6
22540006794000;33;23;10;50,7
22540006795000;14;7;7;49,1
22540006796000;14;8;6;36,6
22540006797000;28;14;14;37,7
22540006798000;110;57;53;30,2
22540006799000;36;17;19;27,3
22540006800000;161;76;85;45,6
22540006801000;229;109;120;39,6
22540006802000;72;38;34;39,4
22540006803000;17;8;9;44,1
22540006856000;2;1;1;0,0
22540006903000;4;2;2;0,0
22540006904000;14;5;9;37,4
22540006954000;17;7;10;40,8
22540006955000;3;2;1;0,0
22540006979000;6;3;3;45,5
22540006980000;5;3;2;44,4
22540006986000;2;1;1;0,0
22540006987000;32;14;18;35,5
22540006997000;5;3;2;37,6
22540007005000;4;1;3;0,0
22540007006000;12;3;9;51,3
22540007011000;4;2;2;0,0
22540007013000;14;9;5;25,9
22540007014000;111;56;55;39,0
22540007015000;36;19;17;41,4
22540007019000;10;5;5;30,6
22540007020000;30;13;17;33,5
22540007021000;4;3;1;0,0
22540007027000;43;19;24;31,1
22540007030000;31;14;17;50,1
22540007031000;7;3;4;27,7
22540007036000;77;41;36;35,0
22540007037000;20;14;6;43,6
22540007038000;21;11;10;49,3
22540007039000;12;6;6;41,1
22540007040000;25;15;10;33,8
22540007050000;21;11;10;33,0
22540007051000;12;6;6;36,3
22540007055000;8;4;4;35,5
22540007058000;5;2;3;16,6
22540007059000;7;3;4;42,7
22540007060000;2;2;0;0,0
22540007061000;24;14;10;51,7
22540007062000;22;12;10;36,5
22540007063000;4;3;1;0,0
22540007064000;18;11;7;51,7
22540007076000;2;1;1;0,0
22540007077000;3;2;1;0,0
22540007080000;1;1;0;0,0
22540007097000;7;5;2;55,9
22540007102000;8;5;3;45,0
22540007103000;13;7;6;51,7
22540007111000;12;9;3;47,6
22540007113000;8;4;4;42,3
22550006582000;6;4;2;58,8
22550006583000;237;120;117;35,3
22550006584000;147;70;77;38,1
22550006586000;21;10;11;32,4
22550006587000;9;3;6;36,6
22550006588000;30;15;15;48,4
22550006589000;8;3;5;41,6
22550006590000;121;60;61;36,4
22550006591000;447;233;214;31,5
22550006592000;112;57;55;39,1
22550006593000;1425;747;678;35,1
22550006594000;1955;978;977;36,1
22550006595000;2147;1045;1102;41,1
22550006596000;1755;899;856;37,9
22550006597000;2067;990;1077;39,8
22550006598000;1596;781;815;36,7
22550006599000;794;411;383;39,3
22550006600000;143;80;63;39,0
22550006601000;10;6;4;32,4
22550006602000;179;92;87;34,9
22550006603000;372;187;185;40,1
22550006604000;290;144;146;43,9
22550006605000;276;132;144;49,2
22550006606000;53;27;26;49,4
22550006607000;15;7;8;46,5
22550006608000;3;2;1;0,0
22550006609000;2;1;1;0,0
22550006610000;2;1;1;0,0
22550006612000;6;5;1;48,5
22550006613000;90;51;39;38,4
22550006614000;83;46;37;43,4
22550006615000;45;22;23;35,3
22550006616000;4;2;2;0,0
22550006617000;10;5;5;48,3
22550006618000;22;12;10;46,5
22550006619000;30;17;13;32,1
22550006620000;119;61;58;36,2
22550006621000;890;417;473;36,6
22550006622000;1568;765;803;34,3
22550006623000;1374;674;700;40,7
22550006624000;1191;581;610;39,7
22550006625000;25;18;7;40,4
22550006626000;56;22;34;42,0
22550006627000;27;14;13;36,7
22550006628000;1;1;0;0,0
22550006630000;12;8;4;44,3
22550006631000;57;28;29;41,2
22550006632000;3;2;1;0,0
22550006633000;9;6;3;27,1
22550006634000;6;2;4;43,0
22550006635000;34;19;15;45,3
22550006636000;70;34;36;41,8
22550006638000;1;1;0;0,0
22550006639000;422;202;220;33,9
22550006640000;1177;546;631;43,5
22550006641000;259;109;150;62,1
22550006646000;495;234;261;39,6
22550006647000;1111;561;550;37,6
22550006648000;165;76;89;33,2
22550006649000;1476;775;701;35,2
22550006650000;1910;952;958;36,0
22550006651000;2570;1270;1300;36,0
22550006652000;2263;1126;1137;35,9
22550006653000;2521;1208;1313;38,7
22550006654000;531;268;263;37,3
22550006655000;258;132;126;40,4
22550006656000;15;7;8;47,7
22550006657000;24;13;11;36,9
22550006658000;25;13;12;44,4
22550006659000;10;5;5;51,3
22550006660000;28;17;11;33,1
22550006661000;15;9;6;52,3
22550006662000;25;12;13;49,0
22550006687000;8;4;4;54,1
22550006688000;7;4;3;43,0
22550006690000;17;12;5;34,6
22550006691000;174;79;95;52,3
22550006692000;250;127;123;42,0
22550006693000;313;143;170;40,6
22550006694000;120;56;64;40,1
22550006695000;73;33;40;30,4
22550006696000;28;15;13;48,8
22550006697000;44;24;20;36,5
22550006698000;76;36;40;38,5
22550006699000;268;141;127;47,6
22550006700000;144;64;80;44,8
22550006701000;17;10;7;50,9
22550006702000;82;42;40;42,4
22550006703000;691;336;355;38,6
22550006704000;350;173;177;41,0
22550006705000;252;132;120;38,7
22550006706000;106;50;56;46,6
22550006707000;23;14;9;34,8
22550006729000;15;9;6;27,7
22550006730000;92;48;44;38,2
22550006731000;29;18;11;43,6
22550006732000;34;20;14;39,2
22550006733000;48;20;28;46,4
22550006749000;3;2;1;0,0
22550006750000;38;21;17;40,2
22550006751000;5;2;3;54,6
22550006752000;16;9;7;44,9
22550006753000;12;6;6;38,5
22550006757000;12;8;4;36,3
22550006758000;122;58;64;38,9
22550006759000;24;12;12;40,5
22550006767000;14;7;7;39,5
22550006768000;28;13;15;36,6
22550006771000;136;70;66;37,4
22550006772000;88;66;22;41,6
22550006775000;9;5;4;46,3
22550006776000;44;25;19;33,3
22550006777000;9;4;5;42,1
22550006778000;40;23;17;39,0
22550006779000;19;8;11;46,1
22550006780000;32;13;19;32,6
22550006781000;33;21;12;50,2
22550006782000;382;172;210;41,3
22550006783000;1628;759;869;42,3
22550006784000;2353;1075;1278;44,9
22550006785000;2127;998;1129;45,3
22550006786000;1846;877;969;38,5
22550006787000;169;93;76;40,3
22550006794000;3;2;1;0,0
22550006795000;18;10;8;28,8
22550006796000;21;12;9;31,6
22550006797000;163;85;78;35,9
22550006798000;944;482;462;39,1
22550006799000;255;129;126;44,1
22550006800000;76;39;37;48,7
22550006801000;41;22;19;38,9
22550006802000;8;4;4;45,9
22550006803000;5;3;2;30,6
22550006856000;2;2;0;0,0
22550006857000;17;8;9;41,1
22550006866000;2;1;1;0,0
22550006905000;3;2;1;0,0
22550006952000;16;7;9;34,1
22550006954000;6;3;3;70,5
22550006970000;1;1;0;0,0
22550006971000;6;3;3;36,5
22550006973000;1;1;0;0,0
22550006975000;4;1;3;0,0
22550006976000;6;4;2;43,0
22550006977000;3;2;1;0,0
22550006979000;2;1;1;0,0
22550006980000;2;1;1;0,0
22550006987000;31;16;15;40,6
22550006988000;140;67;73;34,3
22550006989000;69;29;40;46,1
22550006990000;47;25;22;43,3
22550006991000;24;15;9;36,5
22550006997000;3;1;2;0,0
22550007010000;2;1;1;0,0
22550007011000;6;3;3;26,7
22550007012000;4;3;1;0,0
22550007015000;21;13;8;43,1
22550007016000;8;3;5;30,1
22550007017000;10;5;5;57,1
22550007018000;2;1;1;0,0
22550007019000;17;8;9;34,9
22550007020000;53;26;27;38,7
22550007021000;6;3;3;43,5
22550007030000;8;6;2;23,5
22550007034000;28;13;15;44,0
22550007035000;27;14;13;48,9
22550007036000;38;22;16;41,3
22550007037000;7;4;3;29,9
22550007038000;12;7;5;31,0
22550007040000;6;4;2;31,0
22550007041000;22;12;10;44,0
22550007050000;82;40;42;40,0
22550007051000;6;4;2;52,7
22550007056000;16;8;8;44,0
22550007057000;5;4;1;40,6
22550007058000;11;5;6;36,5
22550007059000;14;8;6;32,6
22550007060000;26;13;13;42,6
22550007061000;6;2;4;41,5
22550007062000;22;13;9;43,4
22550007063000;4;3;1;0,0
22550007064000;5;4;1;57,0
22550007065000;13;7;6;30,4
22550007074000;3;2;1;0,0
22550007075000;1;0;1;0,0
22550007078000;7;4;3;49,9
22550007082000;1;1;0;0,0
22550007084000;2;1;1;0,0
22550007097000;4;2;2;0,0
22550007098000;15;8;7;43,9
22550007103000;44;19;25;46,9
22550007104000;6;2;4;32,3
22550007105000;7;6;1;40,0
22550007106000;4;2;2;0,0
22550007110000;27;17;10;41,1
22550007111000;15;9;6;52,3
22560006574000;15;6;9;47,2
22560006575000;74;33;41;44,5
22560006576000;80;40;40;37,9
22560006577000;5;3;2;27,0
22560006578000;28;15;13;42,2
22560006584000;38;19;19;51,9
22560006585000;249;124;125;39,6
22560006586000;57;29;28;40,4
22560006587000;27;15;12;41,8
22560006588000;8;4;4;67,8
22560006589000;28;12;16;36,4
22560006590000;27;11;16;42,8
22560006591000;19;8;11;35,6
22560006592000;214;115;99;37,9
22560006593000;15;8;7;34,1
22560006594000;51;27;24;36,9
22560006595000;336;169;167;34,9
22560006596000;350;174;176;30,7
22560006597000;56;30;26;46,6
22560006598000;606;305;301;40,0
22560006599000;779;399;380;35,0
22560006600000;580;275;305;35,1
22560006601000;357;192;165;31,5
22560006602000;338;155;183;41,4
22560006603000;490;250;240;35,0
22560006604000;1318;655;663;32,8
22560006605000;643;311;332;37,3
22560006606000;1100;518;582;40,6
22560006607000;99;54;45;47,5
22560006608000;61;31;30;46,0
22560006609000;23;11;12;34,0
22560006610000;26;14;12;35,1
22560006611000;4;3;1;0,0
22560006612000;7;5;2;51,7
22560006613000;28;17;11;45,3
22560006614000;52;25;27;39,8
22560006615000;23;10;13;45,2
22560006616000;4;2;2;0,0
22560006617000;9;5;4;29,8
22560006618000;17;9;8;47,0
22560006619000;33;19;14;36,3
22560006620000;25;13;12;32,1
22560006621000;40;13;27;39,4
22560006622000;29;16;13;33,7
22560006623000;46;28;18;41,2
22560006624000;315;153;162;33,9
22560006626000;8;5;3;40,3
22560006627000;47;28;19;34,6
22560006628000;21;10;11;33,1
22560006629000;21;12;9;38,6
22560006630000;20;11;9;56,4
22560006631000;29;13;16;32,1
22560006632000;54;23;31;36,3
22560006633000;22;11;11;37,5
22560006634000;2;1;1;0,0
22560006635000;12;6;6;34,8
22560006636000;4;2;2;0,0
22560006637000;35;18;17;36,9
22560006638000;1;1;0;0,0
22560006639000;21;13;8;28,8
22560006640000;44;22;22;42,3
22560006641000;189;89;100;44,6
22560006642000;1156;585;571;40,0
22560006643000;695;335;360;40,5
22560006644000;269;135;134;42,2
22560006648000;21;8;13;40,6
22560006649000;876;444;432;44,6
22560006650000;4020;1943;2077;38,2
22560006651000;3035;1452;1583;43,7
22560006652000;4266;2027;2239;39,5
22560006653000;3543;1716;1827;38,8
22560006654000;3080;1498;1582;36,3
22560006655000;1674;803;871;42,1
22560006656000;485;235;250;44,9
22560006657000;22;14;8;42,9
22560006658000;142;71;71;33,7
22560006659000;24;11;13;39,4
22560006660000;17;8;9;32,8
22560006661000;140;69;71;32,7
22560006672000;2;1;1;0,0
22560006686000;12;5;7;54,2
22560006687000;5;1;4;42,2
22560006688000;4;2;2;0,0
22560006689000;1;0;1;0,0
22560006690000;15;8;7;60,3
22560006691000;9;7;2;44,1
22560006692000;89;43;46;43,0
22560006693000;158;73;85;48,5
22560006694000;89;50;39;44,7
22560006695000;27;14;13;48,6
22560006696000;18;8;10;54,6
22560006697000;53;26;27;40,8
22560006698000;105;52;53;41,2
22560006699000;386;165;221;52,0
22560006700000;517;239;278;43,3
22560006701000;40;20;20;42,0
22560006702000;287;150;137;41,2
22560006703000;248;130;118;37,0
22560006704000;131;66;65;40,0
22560006705000;107;52;55;39,8
22560006706000;120;54;66;39,8
22560006707000;47;28;19;41,7
22560006708000;10;5;5;39,7
22560006710000;7;3;4;65,7
22560006711000;2;1;1;0,0
22560006721000;2;1;1;0,0
22560006722000;3;2;1;0,0
22560006723000;5;2;3;48,6
22560006724000;2;1;1;0,0
22560006733000;14;7;7;37,4
22560006735000;9;4;5;18,9
22560006742000;1;0;1;0,0
22560006749000;27;14;13;35,5
22560006750000;49;23;26;46,9
22560006751000;16;8;8;37,4
22560006753000;28;15;13;35,3
22560006756000;2;1;1;0,0
22560006757000;18;9;9;48,7
22560006758000;22;11;11;36,8
22560006759000;4;2;2;0,0
22560006767000;44;21;23;32,6
22560006768000;6;3;3;46,8
22560006769000;2;1;1;0,0
22560006770000;51;26;25;38,7
22560006771000;25;13;12;42,7
22560006773000;1;1;0;0,0
22560006774000;11;4;7;35,4
22560006775000;51;30;21;48,6
22560006776000;68;33;35;38,2
22560006777000;15;8;7;44,4
22560006779000;12;5;7;45,0
22560006780000;173;86;87;35,0
22560006781000;500;245;255;36,6
22560006782000;2080;1007;1073;40,5
22560006783000;1233;590;643;44,0
22560006784000;952;453;499;41,4
22560006785000;730;353;377;42,9
22560006786000;594;299;295;41,4
22560006787000;140;79;61;44,0
22560006788000;1;0;1;0,0
22560006794000;56;28;28;43,4
22560006795000;76;39;37;40,6
22560006796000;100;59;41;36,1
22560006797000;23;14;9;41,1
22560006798000;78;38;40;34,8
22560006799000;81;41;40;42,4
22560006800000;24;12;12;38,0
22560006857000;16;8;8;43,4
22560006865000;1;1;0;0,0
22560006905000;4;2;2;0,0
22560006949000;23;12;11;42,1
22560006950000;10;4;6;31,7
22560006951000;56;26;30;39,1
22560006952000;7;4;3;56,7
22560006982000;13;5;8;32,5
22560006985000;11;5;6;53,2
22560006986000;45;24;21;33,5
22560006987000;37;21;16;35,7
22560006988000;85;43;42;41,2
22560006989000;106;45;61;50,1
22560006990000;3;1;2;0,0
22560006991000;22;10;12;53,9
22560006992000;10;4;6;42,7
22560007006000;2;1;1;0,0
22560007012000;18;8;10;29,4
22560007013000;7;3;4;39,7
22560007017000;2;1;1;0,0
22560007021000;3;3;0;0,0
22560007022000;3;2;1;0,0
22560007028000;368;181;187;32,9
22560007029000;155;76;79;26,9
22560007030000;80;44;36;39,2
22560007034000;42;20;22;36,2
22560007035000;29;16;13;40,8
22560007036000;15;10;5;37,9
22560007037000;17;9;8;44,4
22560007038000;36;18;18;38,4
22560007040000;11;6;5;41,4
22560007041000;76;41;35;36,6
22560007042000;14;8;6;39,8
22560007050000;34;17;17;25,2
22560007051000;8;2;6;31,1
22560007053000;4;2;2;0,0
22560007054000;2;1;1;0,0
22560007055000;7;5;2;30,6
22560007056000;26;13;13;44,1
22560007057000;53;28;25;33,0
22560007058000;5;4;1;33,2
22560007060000;25;14;11;42,7
22560007062000;7;5;2;38,7
22560007063000;8;5;3;48,9
22560007065000;13;5;8;48,6
22560007075000;10;8;2;25,5
22560007076000;3;2;1;0,0
22560007078000;4;3;1;0,0
22560007079000;144;71;73;45,8
22560007081000;2;1;1;0,0
22560007082000;1;1;0;0,0
22560007083000;4;3;1;0,0
22560007084000;9;4;5;35,8
22560007099000;1;1;0;0,0
22560007105000;9;6;3;50,4
22560007107000;21;11;10;31,9
22560007108000;8;5;3;53,1
22560007111000;84;47;37;43,0
22560007113000;4;3;1;0,0
22560007114000;6;3;3;61,0
22570006573000;2;1;1;0,0
22570006574000;44;17;27;43,0
22570006575000;530;255;275;41,8
22570006576000;386;204;182;37,0
22570006577000;238;115;123;38,6
22570006578000;203;105;98;43,3
22570006579000;37;20;17;46,6
22570006580000;51;30;21;37,3
22570006582000;25;14;11;54,5
22570006583000;2;1;1;0,0
22570006586000;8;2;6;40,3
22570006587000;17;11;6;35,2
22570006588000;46;22;24;38,0
22570006589000;335;173;162;36,1
22570006590000;33;17;16;33,8
22570006591000;115;63;52;35,3
22570006592000;174;90;84;38,3
22570006593000;13;6;7;44,9
22570006597000;23;11;12;34,4
22570006599000;3;1;2;0,0
22570006602000;4;2;2;0,0
22570006603000;51;27;24;39,0
22570006604000;1;1;0;0,0
22570006605000;240;106;134;39,9
22570006606000;751;371;380;35,8
22570006607000;7;5;2;41,4
22570006608000;18;9;9;46,2
22570006609000;49;26;23;37,9
22570006610000;4;3;1;0,0
22570006611000;8;2;6;30,4
22570006612000;53;29;24;41,0
22570006613000;305;158;147;38,9
22570006614000;1539;768;771;33,2
22570006615000;17;11;6;40,4
22570006616000;13;7;6;41,9
22570006617000;8;4;4;60,9
22570006618000;18;11;7;35,5
22570006619000;14;9;5;38,1
22570006620000;46;22;24;43,4
22570006621000;19;9;10;37,1
22570006622000;45;28;17;36,1
22570006623000;13;8;5;41,7
22570006624000;60;35;25;38,4
22570006626000;4;3;1;0,0
22570006628000;24;13;11;30,4
22570006629000;19;9;10;42,1
22570006630000;2;1;1;0,0
22570006631000;7;2;5;42,7
22570006632000;31;15;16;46,7
22570006633000;18;7;11;44,9
22570006634000;73;36;37;38,5
22570006635000;17;8;9;39,1
22570006636000;5;2;3;33,4
22570006637000;135;68;67;37,4
22570006638000;24;14;10;31,6
22570006639000;36;21;15;40,9
22570006640000;169;81;88;42,3
22570006641000;127;66;61;34,9
22570006642000;1095;525;570;33,0
22570006643000;2459;1156;1303;37,7
22570006644000;596;287;309;38,3
22570006647000;16;9;7;53,3
22570006648000;25;16;9;28,2
22570006649000;14;9;5;39,1
22570006650000;3399;1651;1748;38,3
22570006651000;3491;1585;1906;42,6
22570006652000;2343;1121;1222;43,9
22570006653000;4370;1953;2417;39,5
22570006654000;3712;1758;1954;39,3
22570006655000;2116;1026;1090;41,5
22570006656000;1750;862;888;38,2
22570006657000;383;201;182;30,4
22570006662000;10;5;5;34,5
22570006686000;6;2;4;46,0
22570006687000;9;4;5;40,3
22570006688000;9;4;5;43,3
22570006689000;37;19;18;41,3
22570006690000;56;27;29;39,8
22570006691000;561;287;274;40,3
22570006692000;241;124;117;38,6
22570006693000;101;49;52;41,6
22570006694000;39;17;22;54,2
22570006695000;36;16;20;40,0
22570006696000;78;35;43;40,7
22570006697000;27;14;13;33,7
22570006698000;28;14;14;42,1
22570006699000;98;49;49;38,0
22570006700000;236;113;123;42,0
22570006701000;29;12;17;34,4
22570006702000;86;48;38;34,1
22570006703000;113;60;53;39,8
22570006704000;23;13;10;39,6
22570006705000;47;24;23;40,5
22570006706000;28;19;9;38,0
22570006707000;3;2;1;0,0
22570006708000;17;7;10;40,2
22570006722000;6;3;3;48,2
22570006723000;4;2;2;0,0
22570006724000;20;11;9;32,7
22570006725000;12;6;6;42,6
22570006730000;12;6;6;40,0
22570006731000;5;2;3;68,4
22570006733000;5;3;2;69,2
22570006734000;16;5;11;34,9
22570006735000;19;10;9;43,7
22570006736000;27;12;15;44,8
22570006740000;1;1;0;0,0
22570006743000;4;1;3;0,0
22570006744000;4;2;2;0,0
22570006745000;10;4;6;40,2
22570006748000;99;49;50;41,4
22570006749000;44;26;18;49,9
22570006750000;74;39;35;36,6
22570006751000;12;5;7;45,4
22570006757000;5;3;2;68,4
22570006758000;13;7;6;39,6
22570006759000;6;3;3;33,2
22570006764000;2;1;1;0,0
22570006767000;32;17;15;42,4
22570006768000;6;3;3;49,5
22570006769000;7;2;5;45,3
22570006770000;26;14;12;45,4
22570006772000;3;1;2;0,0
22570006773000;10;5;5;39,8
22570006774000;13;7;6;38,9
22570006775000;75;36;39;40,0
22570006776000;7;4;3;32,3
22570006777000;5;3;2;58,0
22570006780000;22;10;12;41,0
22570006781000;216;119;97;34,5
22570006782000;1098;554;544;36,9
22570006783000;45;22;23;40,2
22570006784000;23;11;12;34,6
22570006785000;22;9;13;42,7
22570006786000;108;55;53;33,8
22570006787000;54;26;28;45,1
22570006798000;7;4;3;47,3
22570006799000;12;6;6;35,7
22570006858000;5;4;1;29,2
22570006901000;8;4;4;20,3
22570006904000;5;2;3;68,0
22570006947000;13;6;7;26,0
22570006948000;7;2;5;24,7
22570006949000;12;8;4;47,2
22570006950000;2;1;1;0,0
22570006978000;4;2;2;0,0
22570006979000;7;4;3;33,9
22570006982000;4;1;3;0,0
22570006983000;5;3;2;45,2
22570006984000;12;9;3;39,9
22570006985000;15;7;8;33,9
22570006986000;17;9;8;36,9
22570006987000;103;55;48;36,3
22570006988000;23;14;9;43,7
22570006989000;17;10;7;42,5
22570006990000;33;16;17;27,2
22570007005000;9;4;5;38,4
22570007006000;43;24;19;35,6
22570007010000;6;3;3;49,3
22570007011000;20;9;11;41,6
22570007012000;7;5;2;37,7
22570007016000;12;7;5;30,2
22570007021000;20;11;9;37,6
22570007022000;56;26;30;40,4
22570007023000;1;1;0;0,0
22570007024000;15;5;10;32,8
22570007027000;117;61;56;29,7
22570007028000;301;158;143;31,8
22570007029000;406;218;188;35,4
22570007030000;14;8;6;41,4
22570007033000;30;17;13;41,1
22570007034000;52;24;28;32,8
22570007035000;37;15;22;34,0
22570007036000;37;19;18;31,8
22570007037000;4;0;4;0,0
22570007038000;10;5;5;38,5
22570007039000;9;5;4;42,6
22570007040000;35;17;18;43,0
22570007041000;282;145;137;35,0
22570007042000;20;9;11;50,4
22570007050000;3;1;2;0,0
22570007051000;13;8;5;41,2
22570007054000;2;1;1;0,0
22570007057000;7;3;4;34,9
22570007062000;3;1;2;0,0
22570007063000;1;0;1;0,0
22570007065000;6;4;2;34,7
22570007066000;25;12;13;38,6
22570007074000;4;0;4;0,0
22570007076000;3;2;1;0,0
22570007077000;13;9;4;48,9
22570007078000;12;5;7;45,4
22570007079000;81;35;46;43,0
22570007080000;45;21;24;50,3
22570007083000;28;10;18;45,8
22570007084000;6;2;4;59,5
22570007097000;8;2;6;50,5
22570007098000;8;5;3;32,3
22570007099000;6;3;3;61,0
22570007100000;3;2;1;0,0
22570007106000;4;3;1;0,0
22570007107000;13;6;7;49,2
22570007108000;1;1;0;0,0
22570007109000;2;1;1;0,0
22570007111000;26;12;14;55,0
22570007112000;9;6;3;56,8
22570007113000;9;4;5;65,9
22580006570000;4;3;1;0,0
22580006575000;28;14;14;43,5
22580006576000;79;43;36;38,1
22580006577000;297;144;153;38,8
22580006578000;55;26;29;42,8
22580006579000;229;113;116;39,9
22580006580000;974;487;487;41,1
22580006581000;81;43;38;40,7
22580006582000;6;4;2;25,0
22580006583000;13;7;6;48,3
22580006585000;3;2;1;0,0
22580006586000;11;5;6;37,3
22580006587000;24;11;13;41,3
22580006588000;27;17;10;35,2
22580006589000;140;64;76;46,3
22580006590000;957;465;492;41,9
22580006591000;32;14;18;35,8
22580006592000;26;16;10;40,3
22580006594000;5;2;3;30,4
22580006597000;7;3;4;41,4
22580006598000;1;1;0;0,0
22580006599000;5;4;1;19,4
22580006604000;14;7;7;57,6
22580006605000;12;7;5;45,9
22580006606000;4;3;1;0,0
22580006607000;98;46;52;35,5
22580006608000;17;8;9;35,9
22580006609000;8;4;4;50,3
22580006610000;33;17;16;46,1
22580006611000;14;9;5;47,9
22580006612000;6;3;3;38,0
22580006613000;441;212;229;29,5
22580006614000;223;108;115;36,9
22580006615000;30;20;10;38,2
22580006616000;16;9;7;32,1
22580006617000;11;6;5;38,4
22580006618000;11;6;5;27,4
22580006619000;22;10;12;35,5
22580006620000;11;6;5;34,6
22580006621000;103;42;61;35,4
22580006622000;14;6;8;34,9
22580006623000;28;14;14;43,5
22580006624000;140;68;72;34,5
22580006625000;41;22;19;35,5
22580006626000;17;7;10;44,4
22580006628000;24;10;14;38,8
22580006629000;40;21;19;39,3
22580006630000;9;5;4;51,2
22580006631000;107;55;52;37,3
22580006632000;28;14;14;34,0
22580006633000;89;37;52;34,0
22580006634000;186;96;90;40,8
22580006635000;95;49;46;38,8
22580006636000;139;75;64;42,5
22580006637000;180;95;85;37,7
22580006638000;186;99;87;38,5
22580006639000;232;121;111;33,7
22580006640000;1119;524;595;36,0
22580006641000;1509;741;768;33,5
22580006642000;315;158;157;35,9
22580006643000;4;2;2;0,0
22580006647000;379;189;190;41,5
22580006648000;2334;1138;1196;40,5
22580006649000;60;35;25;42,9
22580006650000;2348;1178;1170;38,0
22580006651000;5234;2471;2763;39,9
22580006652000;2535;1189;1346;38,4
22580006653000;2929;1438;1491;34,5
22580006654000;2832;1362;1470;42,2
22580006655000;314;156;158;34,8
22580006656000;460;243;217;30,4
22580006657000;34;18;16;39,1
22580006659000;2;1;1;0,0
22580006661000;2;1;1;0,0
22580006662000;11;6;5;39,8
22580006667000;4;3;1;0,0
22580006674000;2;1;1;0,0
22580006686000;6;3;3;44,0
22580006687000;29;14;15;35,9
22580006688000;4;1;3;0,0
22580006689000;1;0;1;0,0
22580006690000;52;25;27;44,6
22580006691000;147;79;68;43,5
22580006692000;69;38;31;43,6
22580006693000;63;31;32;40,8
22580006694000;38;21;17;36,5
22580006695000;25;10;15;43,5
22580006696000;102;55;47;44,0
22580006697000;51;27;24;33,4
22580006698000;37;17;20;38,5
22580006699000;128;69;59;43,8
22580006700000;64;28;36;38,6
22580006701000;65;33;32;43,5
22580006722000;1;1;0;0,0
22580006724000;5;4;1;34,8
22580006725000;7;3;4;28,1
22580006727000;12;7;5;31,1
22580006728000;158;85;73;37,4
22580006729000;181;94;87;39,4
22580006733000;6;3;3;43,3
22580006735000;66;33;33;46,0
22580006736000;56;27;29;38,5
22580006737000;70;40;30;45,9
22580006738000;45;24;21;36,2
22580006739000;12;6;6;38,4
22580006740000;13;5;8;46,5
22580006741000;18;9;9;36,7
22580006742000;4;2;2;0,0
22580006743000;37;17;20;38,4
22580006744000;13;7;6;45,9
22580006745000;8;5;3;41,8
22580006746000;40;20;20;36,1
22580006747000;19;11;8;48,7
22580006748000;113;64;49;43,4
22580006749000;20;10;10;30,9
22580006750000;58;29;29;49,8
22580006751000;21;8;13;36,9
22580006753000;9;4;5;46,2
22580006757000;3;2;1;0,0
22580006758000;30;15;15;57,3
22580006759000;29;16;13;30,8
22580006764000;25;16;9;45,5
22580006765000;16;7;9;44,8
22580006766000;14;7;7;48,3
22580006767000;13;5;8;39,5
22580006768000;16;7;9;40,6
22580006769000;80;39;41;40,7
22580006772000;3;1;2;0,0
22580006773000;3;1;2;0,0
22580006774000;6;3;3;31,5
22580006775000;72;35;37;34,6
22580006776000;10;5;5;45,1
22580006779000;6;3;3;55,7
22580006780000;25;12;13;56,8
22580006781000;696;321;375;30,3
22580006782000;1001;494;507;35,7
22580006783000;10;4;6;49,0
22580006786000;33;18;15;39,8
22580006787000;16;9;7;58,1
22580006795000;3;1;2;0,0
22580006800000;1;1;0;0,0
22580006858000;3;2;1;0,0
22580006904000;3;2;1;0,0
22580006905000;5;2;3;31,2
22580006946000;29;11;18;28,5
22580006947000;15;6;9;31,7
22580006972000;2;1;1;0,0
22580006975000;8;3;5;33,9
22580006976000;4;2;2;0,0
22580006977000;5;1;4;22,2
22580006978000;6;4;2;60,0
22580006979000;7;3;4;32,1
22580006980000;4;2;2;0,0
22580006981000;14;6;8;29,9
22580006982000;20;8;12;42,6
22580006983000;26;14;12;33,4
22580006984000;17;9;8;51,7
22580006985000;30;13;17;39,4
22580006986000;11;6;5;51,5
22580006987000;14;8;6;43,1
22580006990000;15;12;3;42,5
22580006991000;4;2;2;0,0
22580006992000;8;6;2;60,6
22580006993000;12;6;6;55,3
22580006994000;19;10;9;39,7
22580006995000;9;5;4;33,3
22580007005000;20;11;9;45,3
22580007006000;154;73;81;40,4
22580007007000;42;20;22;33,0
22580007008000;12;7;5;32,3
22580007022000;23;12;11;37,0
22580007023000;39;23;16;39,5
22580007024000;90;50;40;38,3
22580007025000;26;13;13;38,3
22580007026000;57;33;24;44,3
22580007027000;15;8;7;51,6
22580007028000;52;26;26;48,3
22580007029000;338;163;175;38,8
22580007033000;171;94;77;34,2
22580007034000;444;201;243;41,4
22580007035000;42;25;17;35,2
22580007036000;85;37;48;34,9
22580007037000;88;42;46;42,9
22580007038000;52;22;30;40,4
22580007039000;32;12;20;33,4
22580007040000;82;42;40;41,1
22580007041000;20;11;9;47,8
22580007042000;67;37;30;44,5
22580007043000;44;24;20;34,5
22580007051000;8;5;3;50,5
22580007052000;27;12;15;30,7
22580007053000;2;1;1;0,0
22580007057000;7;3;4;47,7
22580007060000;1;0;1;0,0
22580007063000;8;5;3;41,9
22580007065000;12;9;3;31,1
22580007066000;27;15;12;47,0
22580007067000;5;2;3;48,8
22580007077000;25;12;13;50,5
22580007078000;30;16;14;32,6
22580007080000;11;5;6;52,2
22580007081000;11;6;5;56,6
22580007084000;6;4;2;51,8
22580007085000;12;5;7;22,2
22580007098000;27;14;13;45,2
22580007099000;1;1;0;0,0
22580007100000;15;9;6;46,3
22580007102000;4;1;3;0,0
22580007103000;8;4;4;39,9
22580007105000;1;0;1;0,0
22580007107000;33;18;15;41,1
22580007108000;6;4;2;43,7
22580007109000;11;7;4;42,1
22580007110000;48;19;29;53,8
22580007111000;4;2;2;0,0
22580007112000;16;8;8;50,3
22580007113000;1;1;0;0,0
22580007115000;27;16;11;37,6
22580007126000;2;1;1;0,0
22590006571000;82;38;44;45,3
22590006572000;77;44;33;46,7
22590006575000;37;22;15;50,9
22590006576000;50;26;24;39,5
22590006577000;486;235;251;38,3
22590006578000;437;219;218;38,4
22590006579000;27;14;13;49,1
22590006580000;356;175;181;36,2
22590006581000;531;272;259;34,6
22590006582000;14;7;7;31,9
22590006585000;39;22;17;34,9
22590006586000;5;2;3;48,8
22590006587000;54;25;29;33,8
22590006588000;97;46;51;37,8
22590006589000;783;401;382;44,4
22590006590000;43;24;19;40,7
22590006591000;56;29;27;41,5
22590006592000;3;2;1;0,0
22590006593000;3;2;1;0,0
22590006598000;15;7;8;40,7
22590006599000;12;6;6;47,6
22590006600000;5;2;3;26,6
22590006603000;5;3;2;25,6
22590006604000;5;1;4;41,2
22590006605000;32;20;12;43,4
22590006606000;42;23;19;45,1
22590006607000;215;103;112;35,4
22590006608000;339;183;156;34,0
22590006609000;19;10;9;57,1
22590006610000;115;62;53;36,8
22590006611000;31;19;12;37,2
22590006612000;24;7;17;41,5
22590006613000;27;14;13;43,3
22590006614000;36;16;20;48,6
22590006615000;244;121;123;42,5
22590006616000;422;223;199;37,5
22590006617000;96;47;49;30,5
22590006618000;17;7;10;35,6
22590006619000;11;6;5;54,9
22590006620000;11;5;6;41,3
22590006621000;85;41;44;35,3
22590006622000;38;24;14;32,9
22590006623000;49;27;22;33,3
22590006624000;42;19;23;42,8
22590006625000;18;6;12;43,9
22590006627000;7;4;3;39,0
22590006628000;47;22;25;41,7
22590006629000;30;15;15;47,0
22590006630000;26;14;12;37,7
22590006631000;120;55;65;40,1
22590006632000;23;11;12;45,0
22590006633000;72;35;37;43,6
22590006634000;98;48;50;40,7
22590006635000;14;5;9;38,2
22590006636000;5;1;4;15,4
22590006637000;13;5;8;35,2
22590006648000;572;275;297;35,7
22590006649000;927;455;472;45,6
22590006650000;6978;3356;3622;41,0
22590006651000;1689;826;863;36,0
22590006652000;3353;1636;1717;36,8
22590006653000;2853;1364;1489;38,5
22590006654000;2451;1184;1267;37,5
22590006655000;304;141;163;37,0
22590006659000;3;0;3;0,0
22590006662000;4;2;2;0,0
22590006664000;3;3;0;0,0
22590006671000;4;3;1;0,0
22590006687000;884;441;443;34,6
22590006688000;425;213;212;35,4
22590006690000;25;12;13;42,2
22590006691000;53;27;26;42,2
22590006692000;28;17;11;39,6
22590006693000;63;34;29;41,3
22590006694000;76;44;32;36,6
22590006695000;66;33;33;46,0
22590006718000;1;1;0;0,0
22590006719000;7;4;3;32,1
22590006721000;7;3;4;39,7
22590006722000;30;18;12;40,4
22590006723000;6;3;3;44,5
22590006724000;16;6;10;29,2
22590006725000;21;9;12;32,3
22590006727000;2;2;0;0,0
22590006728000;127;61;66;39,0
22590006729000;264;124;140;47,8
22590006730000;41;20;21;41,1
22590006731000;10;8;2;37,2
22590006732000;70;33;37;37,3
22590006733000;18;9;9;38,9
22590006734000;1;1;0;0,0
22590006735000;58;27;31;41,1
22590006736000;12;8;4;47,5
22590006737000;76;41;35;38,7
22590006738000;127;68;59;43,0
22590006739000;414;209;205;42,5
22590006740000;94;47;47;34,4
22590006742000;16;8;8;36,3
22590006743000;49;22;27;45,6
22590006744000;33;17;16;47,7
22590006745000;12;6;6;55,2
22590006746000;9;5;4;32,8
22590006747000;8;5;3;51,3
22590006748000;295;151;144;36,6
22590006749000;191;94;97;36,5
22590006750000;56;25;31;45,3
22590006751000;30;19;11;31,5
22590006752000;4;1;3;0,0
22590006753000;18;10;8;20,9
22590006757000;4;3;1;0,0
22590006758000;50;21;29;46,6
22590006759000;10;4;6;41,7
22590006763000;32;17;15;40,0
22590006764000;17;5;12;40,5
22590006765000;20;11;9;30,9
22590006766000;59;33;26;40,4
22590006767000;43;19;24;43,2
22590006768000;2;1;1;0,0
22590006769000;53;30;23;38,6
22590006771000;2;1;1;0,0
22590006772000;61;27;34;33,6
22590006773000;8;4;4;57,3
22590006774000;340;177;163;36,3
22590006775000;72;41;31;37,9
22590006778000;6;2;4;48,5
22590006779000;3;2;1;0,0
22590006780000;18;8;10;45,4
22590006781000;53;25;28;40,0
22590006782000;47;27;20;39,1
22590006783000;3;1;2;0,0
22590006786000;22;11;11;42,3
22590006787000;7;4;3;37,7
22590006795000;1;1;0;0,0
22590006796000;3;2;1;0,0
22590006800000;3;2;1;0,0
22590006858000;2;2;0;0,0
22590006859000;1;0;1;0,0
22590006909000;9;5;4;39,1
22590006945000;51;26;25;54,3
22590006946000;8;4;4;47,8
22590006947000;3;2;1;0,0
22590006971000;1;0;1;0,0
22590006973000;5;3;2;25,4
22590006974000;3;2;1;0,0
22590006980000;2;1;1;0,0
22590006981000;23;10;13;43,0
22590006982000;4;3;1;0,0
22590006983000;4;2;2;0,0
22590006991000;7;5;2;14,1
22590006992000;21;9;12;32,5
22590006993000;33;20;13;37,5
22590006994000;3;2;1;0,0
22590006995000;16;6;10;34,0
22590006996000;13;9;4;42,7
22590006997000;21;7;14;30,0
22590007003000;28;18;10;37,3
22590007004000;65;35;30;39,1
22590007005000;83;46;37;36,0
22590007006000;326;170;156;33,5
22590007007000;156;81;75;36,6
22590007008000;56;28;28;33,5
22590007009000;69;33;36;39,3
22590007015000;1;1;0;0,0
22590007023000;109;64;45;31,5
22590007024000;25;13;12;43,7
22590007025000;2;1;1;0,0
22590007026000;18;12;6;35,5
22590007027000;40;17;23;40,6
22590007028000;79;40;39;39,1
22590007029000;320;159;161;38,6
22590007030000;187;93;94;36,2
22590007033000;35;19;16;35,7
22590007034000;39;22;17;38,3
22590007035000;41;17;24;38,1
22590007036000;7;2;5;18,1
22590007041000;4;2;2;0,0
22590007042000;164;87;77;36,3
22590007043000;22;14;8;49,7
22590007044000;3;2;1;0,0
22590007052000;1;0;1;0,0
22590007053000;1;0;1;0,0
22590007057000;2;1;1;0,0
22590007063000;3;2;1;0,0
22590007064000;2;1;1;0,0
22590007066000;26;11;15;33,3
22590007067000;26;14;12;40,5
22590007078000;95;50;45;40,1
22590007079000;1;1;0;0,0
22590007084000;16;7;9;34,8
22590007085000;5;3;2;58,8
22590007098000;7;5;2;42,9
22590007099000;2;1;1;0,0
22590007100000;6;3;3;60,5
22590007102000;4;3;1;0,0
22590007103000;22;11;11;43,7
22590007107000;1;0;1;0,0
22590007108000;6;4;2;50,5
22590007109000;42;24;18;43,6
22590007110000;48;28;20;44,2
22590007111000;7;4;3;42,7
22590007112000;2;1;1;0,0
22590007126000;1;1;0;0,0
22600006569000;69;38;31;36,9
22600006570000;151;78;73;42,7
22600006571000;24;12;12;44,2
22600006572000;58;35;23;44,9
22600006574000;9;6;3;22,1
22600006575000;20;9;11;43,2
22600006576000;19;14;5;53,2
22600006577000;38;16;22;47,1
22600006578000;12;5;7;44,2
22600006579000;35;18;17;37,9
22600006580000;36;21;15;46,2
22600006581000;20;9;11;40,6
22600006582000;59;28;31;46,4
22600006583000;8;3;5;51,9
22600006584000;7;3;4;47,9
22600006585000;21;11;10;61,2
22600006586000;38;17;21;40,1
22600006587000;25;14;11;35,5
22600006588000;152;73;79;42,6
22600006589000;112;58;54;49,2
22600006590000;21;13;8;42,3
22600006591000;13;6;7;44,6
22600006592000;3;2;1;0,0
22600006593000;2;1;1;0,0
22600006596000;18;10;8;40,3
22600006598000;3;2;1;0,0
22600006599000;154;76;78;38,9
22600006600000;20;10;10;38,6
22600006601000;13;7;6;25,1
22600006604000;7;4;3;51,7
22600006605000;12;5;7;54,6
22600006606000;13;7;6;36,8
22600006607000;32;17;15;43,5
22600006608000;27;12;15;38,1
22600006610000;26;14;12;47,5
22600006611000;1;1;0;0,0
22600006612000;14;8;6;36,7
22600006613000;19;12;7;38,6
22600006614000;1664;825;839;39,3
22600006615000;871;426;445;38,0
22600006616000;569;288;281;40,3
22600006617000;8;6;2;26,9
22600006618000;13;7;6;37,2
22600006619000;7;5;2;39,0
22600006620000;103;57;46;33,7
22600006621000;237;119;118;35,1
22600006622000;106;59;47;40,1
22600006623000;38;20;18;29,5
22600006624000;11;6;5;23,9
22600006625000;60;34;26;37,2
22600006626000;53;28;25;30,8
22600006627000;8;6;2;31,8
22600006628000;100;47;53;33,6
22600006629000;222;118;104;40,1
22600006630000;184;91;93;41,7
22600006631000;151;78;73;36,3
22600006632000;17;8;9;46,0
22600006633000;7;4;3;49,3
22600006634000;121;61;60;42,2
22600006635000;44;22;22;36,9
22600006636000;4;2;2;0,0
22600006637000;2;1;1;0,0
22600006648000;487;262;225;39,2
22600006649000;9857;5052;4805;38,6
22600006650000;13226;6355;6871;39,2
22600006651000;9053;4468;4585;39,4
22600006652000;2144;1012;1132;40,2
22600006653000;1315;635;680;39,3
22600006654000;1939;934;1005;38,7
22600006655000;74;36;38;38,3
22600006680000;1;0;1;0,0
22600006681000;13;6;7;46,7
22600006682000;77;37;40;41,0
22600006683000;33;18;15;46,8
22600006687000;24;11;13;51,3
22600006688000;177;91;86;39,8
22600006689000;61;33;28;34,9
22600006690000;39;19;20;32,4
22600006691000;89;47;42;41,0
22600006692000;65;29;36;34,3
22600006693000;63;30;33;39,3
22600006694000;70;34;36;41,6
22600006710000;5;4;1;37,0
22600006717000;11;5;6;43,0
22600006718000;16;6;10;35,6
22600006719000;29;12;17;38,9
22600006720000;29;15;14;38,3
22600006721000;52;24;28;36,8
22600006722000;19;8;11;47,6
22600006723000;19;9;10;50,0
22600006724000;13;6;7;34,8
22600006726000;10;6;4;41,3
22600006727000;12;7;5;34,6
22600006728000;12;5;7;28,1
22600006729000;1;0;1;0,0
22600006730000;2;1;1;0,0
22600006731000;13;7;6;36,7
22600006732000;18;8;10;37,9
22600006733000;3;2;1;0,0
22600006734000;181;90;91;39,6
22600006735000;470;241;229;39,0
22600006736000;73;37;36;43,1
22600006737000;44;17;27;36,4
22600006738000;302;152;150;39,1
22600006739000;1021;461;560;45,7
22600006740000;660;337;323;36,8
22600006741000;13;7;6;32,8
22600006742000;3;1;2;0,0
22600006743000;2;1;1;0,0
22600006744000;38;18;20;45,4
22600006745000;22;13;9;53,2
22600006747000;24;12;12;31,7
22600006748000;303;156;147;34,2
22600006749000;37;19;18;40,8
22600006750000;52;28;24;38,9
22600006751000;6;2;4;29,8
22600006752000;31;17;14;44,0
22600006753000;21;16;5;45,9
22600006758000;98;52;46;44,1
22600006759000;13;5;8;42,5
22600006763000;9;5;4;41,2
22600006764000;2;1;1;0,0
22600006765000;23;14;9;35,0
22600006766000;111;56;55;39,4
22600006767000;47;23;24;34,0
22600006768000;21;9;12;35,6
22600006769000;7;3;4;42,7
22600006771000;55;30;25;32,2
22600006772000;29;13;16;35,3
22600006773000;145;70;75;39,9
22600006774000;91;43;48;49,0
22600006775000;55;28;27;40,1
22600006776000;9;4;5;20,7
22600006778000;21;11;10;41,1
22600006779000;18;9;9;41,5
22600006780000;1;1;0;0,0
22600006781000;84;41;43;36,6
22600006782000;24;15;9;39,5
22600006786000;14;8;6;39,2
22600006796000;1;0;1;0,0
22600006905000;4;2;2;0,0
22600006909000;12;8;4;55,6
22600006910000;5;4;1;23,6
22600006935000;3;2;1;0,0
22600006942000;4;1;3;0,0
22600006943000;2;2;0;0,0
22600006944000;17;7;10;39,1
22600006945000;67;33;34;38,1
22600006946000;7;3;4;50,4
22600006972000;2;1;1;0,0
22600006980000;5;3;2;27,0
22600006981000;5;4;1;33,6
22600006988000;5;2;3;26,6
22600006989000;29;16;13;40,9
22600006990000;12;6;6;25,5
22600006992000;4;1;3;0,0
22600006993000;40;22;18;43,3
22600006997000;34;19;15;36,0
22600006998000;106;55;51;40,0
22600007002000;28;13;15;34,4
22600007003000;32;20;12;42,2
22600007004000;42;20;22;48,9
22600007005000;15;11;4;40,3
22600007006000;42;23;19;34,5
22600007007000;42;21;21;40,0
22600007008000;39;25;14;42,2
22600007009000;105;45;60;60,4
22600007010000;20;11;9;39,4
22600007016000;3;2;1;0,0
22600007019000;6;5;1;54,0
22600007020000;11;7;4;38,8
22600007021000;15;6;9;20,3
22600007022000;3;1;2;0,0
22600007023000;63;36;27;35,5
22600007024000;173;85;88;30,7
22600007025000;51;28;23;33,4
22600007026000;15;6;9;40,7
22600007027000;18;9;9;53,2
22600007028000;25;13;12;31,5
22600007029000;13;6;7;30,8
22600007030000;46;22;24;36,2
22600007031000;27;10;17;34,0
22600007033000;32;16;16;35,6
22600007042000;2;0;2;0,0
22600007043000;53;29;24;42,0
22600007044000;122;56;66;38,4
22600007056000;20;10;10;41,2
22600007058000;13;6;7;34,5
22600007059000;7;1;6;22,9
22600007066000;29;19;10;35,8
22600007067000;13;9;4;46,8
22600007068000;6;3;3;30,3
22600007078000;115;66;49;41,0
22600007079000;78;43;35;46,8
22600007084000;10;4;6;52,6
22600007085000;4;1;3;0,0
22600007099000;10;5;5;49,7
22600007100000;8;4;4;62,8
22600007101000;20;9;11;42,4
22600007103000;8;4;4;57,9
22600007104000;3;2;1;0,0
22600007109000;8;4;4;43,3
22600007111000;1;1;0;0,0
22600007112000;5;3;2;44,6
22600007128000;5;2;3;25,0
22610006567000;1;1;0;0,0
22610006568000;11;5;6;38,9
22610006569000;519;258;261;38,3
22610006570000;6;3;3;26,3
22610006571000;8;4;4;23,9
22610006572000;35;23;12;34,7
22610006573000;19;8;11;42,1
22610006574000;17;6;11;38,9
22610006575000;40;21;19;46,8
22610006576000;51;24;27;44,7
22610006577000;22;9;13;37,5
22610006578000;65;32;33;42,5
22610006579000;21;13;8;30,9
22610006580000;7;4;3;37,9
22610006582000;47;23;24;44,6
22610006583000;239;133;106;37,7
22610006584000;53;20;33;36,5
22610006585000;16;10;6;53,2
22610006586000;13;6;7;44,8
22610006587000;27;19;8;52,2
22610006588000;129;68;61;41,8
22610006590000;21;14;7;35,0
22610006591000;3;2;1;0,0
22610006592000;1;1;0;0,0
22610006595000;2;1;1;0,0
22610006596000;14;8;6;36,6
22610006597000;20;14;6;35,5
22610006598000;564;302;262;37,3
22610006599000;296;154;142;28,9
22610006600000;29;15;14;32,6
22610006601000;5;5;0;35,8
22610006602000;4;2;2;0,0
22610006603000;4;1;3;0,0
22610006604000;13;7;6;41,5
22610006605000;13;6;7;33,2
22610006606000;3;1;2;0,0
22610006607000;12;7;5;32,5
22610006608000;6;4;2;60,8
22610006609000;26;15;11;43,3
22610006610000;33;17;16;48,9
22610006611000;25;12;13;46,4
22610006612000;25;10;15;42,8
22610006613000;2;1;1;0,0
22610006614000;51;23;28;35,4
22610006615000;108;51;57;28,8
22610006616000;9;4;5;32,0
22610006617000;21;11;10;35,5
22610006618000;1;1;0;0,0
22610006619000;36;18;18;35,1
22610006620000;97;44;53;39,5
22610006621000;579;341;238;28,8
22610006622000;27;16;11;29,3
22610006623000;21;9;12;41,3
22610006624000;42;23;19;41,7
22610006625000;43;23;20;37,8
22610006626000;43;22;21;43,6
22610006627000;22;11;11;36,7
22610006628000;340;184;156;36,1
22610006629000;1479;746;733;35,8
22610006630000;366;180;186;29,1
22610006632000;8;5;3;44,1
22610006634000;65;26;39;37,6
22610006635000;34;14;20;40,3
22610006637000;8;4;4;44,0
22610006638000;4;3;1;0,0
22610006639000;11;7;4;34,8
22610006646000;1;0;1;0,0
22610006648000;114;62;52;38,4
22610006649000;1093;620;473;36,2
22610006650000;15380;7909;7471;34,6
22610006651000;12648;6040;6608;36,2
22610006652000;4000;2050;1950;33,5
22610006653000;2433;1216;1217;34,0
22610006654000;2188;1026;1162;35,2
22610006655000;1957;1020;937;25,6
22610006660000;5;2;3;28,4
22610006681000;6;4;2;42,2
22610006682000;132;68;64;36,7
22610006685000;8;5;3;38,0
22610006686000;27;16;11;34,1
22610006690000;20;9;11;37,2
22610006691000;74;36;38;40,9
22610006692000;12;6;6;48,8
22610006715000;2;2;0;0,0
22610006716000;2;1;1;0,0
22610006717000;9;6;3;53,0
22610006718000;13;5;8;40,2
22610006719000;48;24;24;35,3
22610006720000;8;5;3;51,4
22610006721000;2;2;0;0,0
22610006722000;16;8;8;41,4
22610006723000;14;7;7;43,9
22610006724000;24;13;11;47,9
22610006725000;46;24;22;41,3
22610006726000;38;21;17;43,4
22610006727000;35;13;22;49,3
22610006730000;15;7;8;39,8
22610006731000;23;13;10;42,6
22610006732000;51;27;24;33,7
22610006734000;16;10;6;31,1
22610006735000;329;166;163;42,0
22610006736000;36;20;16;33,9
22610006737000;9;3;6;42,4
22610006738000;324;176;148;42,9
22610006739000;1365;648;717;42,4
22610006740000;1307;651;656;41,4
22610006741000;810;415;395;38,8
22610006742000;78;39;39;35,6
22610006743000;220;119;101;39,5
22610006744000;73;32;41;45,2
22610006745000;5;2;3;59,8
22610006746000;19;8;11;35,8
22610006747000;87;51;36;41,1
22610006748000;83;42;41;27,6
22610006749000;8;4;4;47,5
22610006750000;18;10;8;38,2
22610006752000;45;21;24;37,5
22610006753000;17;11;6;32,9
22610006758000;103;49;54;39,9
22610006759000;9;3;6;37,1
22610006762000;7;3;4;44,1
22610006763000;31;16;15;38,1
22610006764000;15;9;6;44,9
22610006765000;44;23;21;41,8
22610006766000;54;28;26;44,9
22610006767000;12;5;7;36,7
22610006768000;7;2;5;57,0
22610006770000;37;17;20;42,7
22610006772000;17;9;8;44,1
22610006773000;40;21;19;33,7
22610006774000;7;4;3;40,0
22610006775000;2;1;1;0,0
22610006776000;12;4;8;39,9
22610006778000;36;15;21;42,8
22610006779000;6;3;3;33,0
22610006780000;3;2;1;0,0
22610006781000;14;7;7;44,5
22610006782000;9;6;3;27,6
22610006858000;6;3;3;34,2
22610006939000;2;2;0;0,0
22610006940000;2;0;2;0,0
22610006943000;5;3;2;27,4
22610006944000;17;8;9;39,8
22610006945000;2;1;1;0,0
22610006985000;1;0;1;0,0
22610006987000;5;2;3;13,8
22610006989000;8;3;5;42,5
22610006990000;2;1;1;0,0
22610006991000;4;3;1;0,0
22610006992000;2;1;1;0,0
22610006996000;3;2;1;0,0
22610006997000;82;39;43;42,5
22610006998000;792;366;426;45,8
22610006999000;267;133;134;35,4
22610007000000;239;115;124;34,6
22610007001000;25;13;12;36,4
22610007002000;32;16;16;31,1
22610007004000;2;1;1;0,0
22610007008000;36;14;22;26,2
22610007009000;34;15;19;43,2
22610007010000;164;84;80;39,5
22610007011000;15;7;8;39,7
22610007012000;8;4;4;36,9
22610007016000;61;29;32;27,7
22610007017000;86;39;47;37,5
22610007018000;71;37;34;40,5
22610007019000;38;20;18;39,6
22610007020000;58;29;29;39,7
22610007021000;10;5;5;52,2
22610007022000;10;6;4;53,2
22610007023000;43;20;23;29,1
22610007024000;972;489;483;29,0
22610007025000;887;443;444;37,5
22610007026000;116;59;57;35,9
22610007027000;135;76;59;36,7
22610007028000;30;16;14;27,1
22610007029000;15;10;5;32,9
22610007030000;183;150;33;35,7
22610007031000;34;23;11;31,5
22610007032000;16;11;5;46,1
22610007033000;34;17;17;34,1
22610007044000;20;11;9;51,8
22610007054000;3;1;2;0,0
22610007055000;60;28;32;43,6
22610007056000;239;115;124;34,6
22610007059000;7;5;2;55,7
22610007060000;12;6;6;53,0
22610007066000;5;3;2;33,2
22610007067000;6;4;2;32,2
22610007068000;7;5;2;60,6
22610007079000;16;10;6;43,1
22610007084000;6;3;3;32,5
22610007085000;7;4;3;43,4
22610007097000;1;0;1;0,0
22610007098000;7;4;3;33,9
22610007100000;29;15;14;54,9
22610007102000;10;4;6;42,6
22610007104000;13;6;7;36,4
22620006556000;25;12;13;52,9
22620006557000;30;16;14;52,9
22620006558000;33;15;18;55,8
22620006559000;61;36;25;49,9
22620006560000;25;13;12;42,6
22620006566000;182;93;89;41,0
22620006567000;215;109;106;41,4
22620006568000;114;60;54;40,4
22620006569000;303;155;148;42,5
22620006570000;156;80;76;37,8
22620006571000;39;19;20;43,0
22620006572000;4;2;2;0,0
22620006573000;6;4;2;69,2
22620006574000;16;7;9;31,4
22620006575000;28;15;13;40,3
22620006576000;31;14;17;45,5
22620006577000;26;11;15;37,1
22620006579000;16;7;9;40,3
22620006580000;4;2;2;0,0
22620006581000;1;1;0;0,0
22620006582000;7;3;4;24,1
22620006583000;2;1;1;0,0
22620006584000;28;11;17;40,6
22620006586000;15;8;7;35,6
22620006587000;77;43;34;41,8
22620006588000;136;70;66;41,7
22620006593000;4;2;2;0,0
22620006594000;2;1;1;0,0
22620006595000;6;2;4;30,7
22620006598000;101;56;45;41,1
22620006599000;306;149;157;41,9
22620006600000;1;0;1;0,0
22620006602000;3;2;1;0,0
22620006603000;4;3;1;0,0
22620006604000;50;26;24;33,4
22620006606000;5;3;2;45,6
22620006608000;39;21;18;31,2
22620006609000;19;14;5;49,4
22620006611000;40;22;18;39,5
22620006612000;53;25;28;26,4
22620006613000;14;9;5;45,1
22620006614000;9;5;4;29,1
22620006615000;17;8;9;36,4
22620006616000;20;9;11;42,8
22620006617000;25;13;12;39,4
22620006618000;23;13;10;41,7
22620006619000;78;42;36;39,2
22620006620000;1094;544;550;39,4
22620006621000;1044;539;505;37,5
22620006622000;310;148;162;34,4
22620006623000;29;13;16;44,7
22620006624000;16;9;7;33,4
22620006625000;85;44;41;33,8
22620006626000;29;14;15;36,7
22620006627000;87;44;43;37,3
22620006628000;2;1;1;0,0
22620006629000;26;12;14;31,7
22620006630000;865;438;427;31,9
22620006631000;269;146;123;28,1
22620006632000;7;3;4;46,6
22620006634000;2;1;1;0,0
22620006635000;26;13;13;35,0
22620006636000;18;9;9;52,7
22620006637000;2;1;1;0,0
22620006638000;15;9;6;37,7
22620006639000;26;15;11;30,2
22620006640000;2;1;1;0,0
22620006643000;188;97;91;33,5
22620006644000;345;189;156;36,2
22620006645000;398;197;201;36,3
22620006647000;41;33;8;41,8
22620006648000;178;109;69;37,4
22620006649000;5373;3213;2160;31,5
22620006650000;14792;7734;7058;33,6
22620006651000;10586;5085;5501;35,4
22620006652000;4952;2406;2546;33,6
22620006653000;3450;1687;1763;38,2
22620006654000;3074;1530;1544;41,2
22620006655000;1407;690;717;38,8
22620006657000;1;0;1;0,0
22620006658000;4;2;2;0,0
22620006659000;4;1;3;0,0
22620006673000;1;1;0;0,0
22620006676000;11;8;3;46,1
22620006677000;13;8;5;45,3
22620006678000;14;8;6;54,4
22620006680000;234;113;121;46,6
22620006681000;620;308;312;40,9
22620006682000;456;235;221;41,9
22620006683000;520;246;274;30,7
22620006684000;19;10;9;41,1
22620006685000;44;25;19;43,1
22620006686000;24;14;10;34,8
22620006694000;4;3;1;0,0
22620006696000;1;0;1;0,0
22620006715000;4;2;2;0,0
22620006717000;6;3;3;39,8
22620006718000;24;14;10;52,9
22620006719000;4;1;3;0,0
22620006720000;6;3;3;57,0
22620006721000;2;2;0;0,0
22620006722000;8;3;5;47,0
22620006724000;9;6;3;40,0
22620006726000;11;6;5;53,9
22620006730000;20;12;8;32,8
22620006731000;67;44;23;45,7
22620006732000;41;22;19;38,8
22620006733000;19;10;9;45,3
22620006734000;17;8;9;33,5
22620006735000;95;46;49;37,2
22620006736000;102;54;48;44,2
22620006737000;66;35;31;41,3
22620006738000;59;30;29;37,7
22620006739000;254;123;131;43,1
22620006740000;9;4;5;50,0
22620006741000;73;38;35;40,1
22620006743000;13;6;7;40,0
22620006744000;12;7;5;30,0
22620006745000;149;77;72;36,0
22620006746000;1018;498;520;38,1
22620006747000;807;413;394;39,1
22620006748000;355;174;181;29,6
22620006749000;26;13;13;43,9
22620006752000;12;6;6;40,7
22620006753000;13;8;5;40,1
22620006755000;7;3;4;25,6
22620006756000;6;4;2;32,7
22620006757000;7;4;3;53,6
22620006758000;64;36;28;47,0
22620006759000;8;3;5;53,3
22620006760000;2;2;0;0,0
22620006761000;6;2;4;49,2
22620006762000;5;2;3;27,8
22620006763000;14;7;7;40,0
22620006764000;206;105;101;32,2
22620006765000;608;277;331;46,8
22620006766000;168;79;89;41,3
22620006767000;13;5;8;38,4
22620006769000;15;9;6;38,5
22620006770000;10;5;5;38,0
22620006771000;7;4;3;50,7
22620006773000;2;1;1;0,0
22620006778000;20;8;12;35,6
22620006779000;16;8;8;58,9
22620006780000;13;5;8;26,8
22620006781000;28;15;13;31,7
22620006782000;15;6;9;37,0
22620006783000;12;3;9;22,8
22620006858000;19;10;9;48,1
22620006859000;4;2;2;0,0
22620006903000;17;7;10;24,1
22620006904000;7;4;3;34,9
22620006906000;1;1;0;0,0
22620006930000;4;2;2;0,0
22620006931000;12;8;4;30,7
22620006932000;1;0;1;0,0
22620006933000;5;2;3;61,8
22620006935000;8;5;3;50,9
22620006936000;6;2;4;23,5
22620006937000;6;4;2;44,8
22620006938000;8;5;3;50,5
22620006975000;4;1;3;0,0
22620006977000;5;2;3;26,6
22620006978000;6;4;2;40,3
22620006984000;21;13;8;37,2
22620006985000;9;5;4;35,6
22620006986000;26;13;13;36,8
22620006987000;3;1;2;0,0
22620006988000;14;7;7;30,6
22620006997000;41;23;18;30,4
22620006998000;635;336;299;36,1
22620006999000;52;26;26;31,0
22620007001000;11;4;7;41,0
22620007008000;3;2;1;0,0
22620007009000;35;23;12;34,6
22620007010000;527;275;252;36,1
22620007011000;181;86;95;48,8
22620007012000;11;6;5;45,5
22620007013000;30;18;12;39,4
22620007014000;10;7;3;37,9
22620007016000;45;24;21;37,5
22620007017000;40;20;20;39,5
22620007018000;63;27;36;33,8
22620007019000;171;89;82;35,0
22620007020000;45;24;21;38,1
22620007021000;34;15;19;41,4
22620007022000;14;9;5;37,9
22620007023000;10;7;3;48,3
22620007024000;24;14;10;46,3
22620007025000;270;132;138;34,6
22620007026000;522;258;264;39,4
22620007027000;229;121;108;38,5
22620007028000;163;74;89;30,1
22620007029000;37;22;15;41,3
22620007030000;42;24;18;36,0
22620007032000;44;21;23;37,2
22620007033000;249;129;120;36,6
22620007034000;169;87;82;32,6
22620007044000;4;3;1;0,0
22620007055000;8;4;4;62,9
22620007056000;446;214;232;41,4
22620007060000;15;8;7;40,5
22620007061000;3;1;2;0,0
22620007062000;1;1;0;0,0
22620007068000;9;6;3;44,8
22620007070000;1;1;0;0,0
22620007078000;2;1;1;0,0
22620007097000;17;9;8;59,1
22620007098000;3;2;1;0,0
22620007100000;54;27;27;31,8
22620007102000;3;2;1;0,0
22620007103000;3;0;3;0,0
22620007112000;4;2;2;0,0
22620007113000;7;3;4;57,7
22620007119000;12;5;7;39,9
22620007120000;1;1;0;0,0
22630006556000;168;76;92;43,4
22630006557000;75;38;37;45,8
22630006558000;294;145;149;39,9
22630006559000;104;43;61;40,8
22630006560000;39;20;19;52,3
22630006566000;49;23;26;46,7
22630006567000;8;5;3;41,9
22630006568000;136;65;71;38,5
22630006569000;103;53;50;41,4
22630006570000;25;12;13;37,5
22630006571000;35;18;17;46,3
22630006572000;10;6;4;56,1
22630006573000;14;6;8;40,9
22630006574000;33;17;16;32,5
22630006575000;64;35;29;37,0
22630006576000;42;17;25;29,1
22630006577000;31;20;11;40,5
22630006578000;4;3;1;0,0
22630006579000;3;2;1;0,0
22630006582000;4;2;2;0,0
22630006583000;10;7;3;35,3
22630006584000;8;5;3;36,1
22630006585000;20;9;11;46,7
22630006586000;56;28;28;46,8
22630006587000;25;15;10;34,3
22630006588000;8;5;3;33,1
22630006593000;2;1;1;0,0
22630006594000;4;2;2;0,0
22630006595000;40;13;27;25,2
22630006596000;21;9;12;35,5
22630006597000;35;21;14;37,7
22630006598000;5;3;2;47,8
22630006602000;13;8;5;42,4
22630006603000;16;10;6;29,1
22630006604000;9;4;5;44,1
22630006605000;15;7;8;43,9
22630006607000;5;2;3;23,2
22630006608000;9;4;5;39,8
22630006609000;31;17;14;38,4
22630006610000;17;10;7;35,4
22630006611000;59;29;30;32,0
22630006612000;43;17;26;40,5
22630006613000;7;4;3;53,0
22630006615000;4;2;2;0,0
22630006616000;10;6;4;43,0
22630006617000;4;2;2;0,0
22630006618000;5;2;3;57,6
22630006619000;323;177;146;39,4
22630006620000;1330;661;669;34,5
22630006621000;1286;635;651;43,3
22630006622000;723;354;369;42,9
22630006623000;86;43;43;36,7
22630006624000;17;8;9;51,5
22630006625000;133;68;65;32,3
22630006626000;8;4;4;55,9
22630006627000;926;469;457;41,2
22630006628000;69;36;33;39,6
22630006631000;7;4;3;42,1
22630006632000;13;7;6;37,2
22630006633000;78;43;35;34,7
22630006634000;377;191;186;34,3
22630006636000;13;7;6;37,0
22630006637000;1777;869;908;39,5
22630006638000;1811;915;896;37,2
22630006639000;2571;1251;1320;32,5
22630006640000;2353;1130;1223;37,2
22630006641000;963;452;511;39,1
22630006642000;564;282;282;47,0
22630006643000;68;39;29;41,3
22630006644000;1043;524;519;39,0
22630006645000;1620;820;800;38,9
22630006646000;1552;754;798;38,2
22630006647000;993;506;487;37,1
22630006648000;6662;3526;3136;31,6
22630006649000;18930;9991;8939;32,0
22630006650000;17696;9052;8644;33,6
22630006651000;13652;6963;6689;33,7
22630006652000;12898;6359;6539;35,6
22630006653000;3671;1877;1794;36,6
22630006654000;3310;1642;1668;36,6
22630006655000;960;496;464;36,6
22630006656000;8;5;3;46,0
22630006657000;8;5;3;36,6
22630006658000;17;11;6;40,8
22630006659000;10;5;5;38,4
22630006670000;2;1;1;0,0
22630006679000;4;3;1;0,0
22630006680000;27;14;13;36,8
22630006681000;33;15;18;46,8
22630006682000;36;16;20;38,2
22630006683000;126;63;63;31,5
22630006684000;5;3;2;36,8
22630006685000;5;4;1;26,2
22630006721000;2;1;1;0,0
22630006726000;34;16;18;41,3
22630006727000;3;1;2;0,0
22630006728000;10;5;5;38,4
22630006730000;5;3;2;64,6
22630006731000;54;30;24;40,4
22630006732000;192;101;91;36,7
22630006733000;431;207;224;46,9
22630006734000;26;15;11;34,9
22630006735000;24;12;12;42,2
22630006736000;24;14;10;56,1
22630006737000;15;5;10;44,7
22630006738000;11;6;5;33,6
22630006739000;17;9;8;38,8
22630006740000;23;12;11;43,1
22630006741000;14;6;8;57,6
22630006742000;11;6;5;36,5
22630006743000;9;5;4;27,9
22630006744000;235;115;120;28,7
22630006745000;40;23;17;39,8
22630006746000;478;239;239;35,5
22630006747000;362;184;178;34,4
22630006748000;655;316;339;44,4
22630006749000;199;103;96;46,0
22630006750000;3;2;1;0,0
22630006753000;45;21;24;31,6
22630006755000;39;22;17;39,6
22630006757000;14;7;7;48,6
22630006758000;19;11;8;37,7
22630006759000;17;9;8;44,1
22630006760000;40;20;20;44,0
22630006761000;29;17;12;45,4
22630006762000;29;14;15;36,4
22630006763000;16;10;6;41,4
22630006764000;230;116;114;44,3
22630006765000;214;102;112;52,9
22630006766000;1;1;0;0,0
22630006768000;7;5;2;32,6
22630006769000;31;18;13;32,0
22630006770000;15;11;4;28,1
22630006773000;6;2;4;44,3
22630006777000;22;12;10;29,8
22630006778000;57;22;35;41,8
22630006779000;11;4;7;45,3
22630006781000;4;1;3;0,0
22630006858000;5;2;3;57,0
22630006859000;5;3;2;54,6
22630006892000;1;1;0;0,0
22630006903000;1;1;0;0,0
22630006904000;2;0;2;0,0
22630006927000;4;1;3;0,0
22630006928000;6;3;3;23,3
22630006930000;2;1;1;0,0
22630006933000;3;2;1;0,0
22630006982000;9;6;3;18,6
22630006983000;15;9;6;36,3
22630006984000;5;3;2;28,0
22630006985000;4;3;1;0,0
22630006987000;17;10;7;36,7
22630006988000;11;5;6;37,5
22630006990000;3;2;1;0,0
22630006995000;1;1;0;0,0
22630006996000;19;11;8;36,7
22630006997000;73;39;34;37,9
22630006998000;1;0;1;0,0
22630007009000;4;4;0;0,0
22630007010000;76;40;36;43,3
22630007011000;240;119;121;35,0
22630007012000;72;40;32;36,8
22630007013000;13;7;6;46,4
22630007014000;11;6;5;39,5
22630007015000;60;32;28;37,0
22630007016000;114;63;51;40,4
22630007017000;22;14;8;35,1
22630007018000;28;13;15;31,8
22630007019000;83;48;35;40,6
22630007020000;366;181;185;36,6
22630007021000;12;8;4;22,8
22630007022000;9;6;3;40,2
22630007023000;105;57;48;41,5
22630007024000;106;54;52;41,8
22630007025000;129;60;69;36,4
22630007026000;816;352;464;54,2
22630007027000;328;168;160;38,4
22630007028000;40;21;19;40,5
22630007029000;30;18;12;30,5
22630007030000;15;10;5;40,7
22630007031000;10;5;5;34,7
22630007032000;56;30;26;36,0
22630007033000;76;40;36;41,5
22630007034000;20;12;8;38,3
22630007037000;5;3;2;44,8
22630007056000;82;41;41;42,6
22630007060000;2;1;1;0,0
22630007061000;18;12;6;40,1
22630007069000;23;10;13;43,0
22630007098000;7;3;4;39,9
22630007100000;5;2;3;67,8
22630007101000;182;91;91;37,0
22630007103000;9;3;6;51,4
22630007104000;9;4;5;52,2
22630007112000;3;3;0;0,0
22630007119000;10;6;4;48,2
22630007120000;1;1;0;0,0
22630007121000;8;4;4;38,0
22640006555000;3;1;2;0,0
22640006556000;50;23;27;37,6
22640006557000;42;18;24;34,0
22640006558000;18;11;7;49,6
22640006559000;49;31;18;39,4
22640006567000;23;15;8;35,9
22640006568000;511;260;251;35,8
22640006569000;1393;693;700;33,5
22640006570000;57;31;26;45,0
22640006571000;4;3;1;0,0
22640006574000;5;4;1;56,2
22640006575000;45;24;21;47,5
22640006576000;8;4;4;43,6
22640006577000;20;12;8;26,7
22640006578000;17;7;10;36,5
22640006579000;3;2;1;0,0
22640006581000;20;14;6;33,6
22640006582000;13;9;4;31,0
22640006583000;3;1;2;0,0
22640006584000;5;3;2;74,4
22640006585000;11;4;7;41,6
22640006586000;1091;522;569;45,3
22640006587000;30;15;15;25,4
22640006588000;5;3;2;35,0
22640006594000;8;6;2;44,5
22640006595000;7;4;3;57,6
22640006596000;27;17;10;47,1
22640006597000;6;5;1;36,5
22640006599000;23;11;12;37,2
22640006600000;34;20;14;41,9
22640006601000;10;6;4;43,4
22640006602000;111;62;49;37,4
22640006603000;20;9;11;46,8
22640006604000;30;18;12;31,0
22640006605000;38;16;22;42,2
22640006606000;9;5;4;49,6
22640006608000;23;12;11;35,9
22640006609000;24;13;11;50,3
22640006610000;20;11;9;42,4
22640006611000;8;3;5;47,4
22640006612000;23;12;11;37,0
22640006613000;24;10;14;50,0
22640006614000;6;4;2;51,8
22640006615000;27;12;15;35,4
22640006616000;20;12;8;37,6
22640006617000;10;5;5;47,4
22640006618000;68;29;39;39,0
22640006619000;386;198;188;32,6
22640006620000;138;69;69;36,0
22640006621000;801;394;407;41,0
22640006622000;261;130;131;36,5
22640006623000;75;30;45;35,1
22640006624000;21;12;9;32,8
22640006626000;705;366;339;31,3
22640006627000;2575;1256;1319;37,0
22640006628000;1397;703;694;37,5
22640006630000;12;7;5;29,8
22640006631000;40;18;22;38,6
22640006632000;1349;675;674;36,1
22640006633000;2290;1092;1198;41,0
22640006634000;1759;920;839;34,0
22640006635000;615;283;332;39,0
22640006636000;1230;613;617;40,4
22640006637000;2410;1146;1264;47,4
22640006638000;1633;814;819;37,6
22640006639000;1942;1033;909;38,7
22640006640000;4940;2411;2529;34,6
22640006641000;3047;1502;1545;38,1
22640006642000;2889;1397;1492;40,1
22640006643000;3011;1443;1568;41,3
22640006644000;3952;1775;2177;45,3
22640006645000;3469;1741;1728;39,1
22640006646000;1649;775;874;38,6
22640006647000;4351;2164;2187;36,1
22640006648000;7749;4027;3722;34,7
22640006649000;6326;3132;3194;36,2
22640006650000;6553;3236;3317;34,3
22640006651000;9808;5284;4524;33,8
22640006652000;4848;2353;2495;35,6
22640006653000;5126;2523;2603;37,2
22640006654000;3643;1846;1797;35,8
22640006655000;1382;700;682;38,3
22640006656000;4;1;3;0,0
22640006658000;3;2;1;0,0
22640006659000;16;7;9;41,9
22640006660000;75;36;39;39,5
22640006661000;38;21;17;31,9
22640006662000;3;2;1;0,0
22640006721000;4;1;3;0,0
22640006722000;10;6;4;33,3
22640006724000;4;3;1;0,0
22640006726000;6;5;1;40,5
22640006727000;4;1;3;0,0
22640006729000;17;10;7;42,0
22640006730000;48;23;25;41,0
22640006731000;7;3;4;29,7
22640006732000;8;5;3;53,3
22640006733000;208;99;109;42,7
22640006734000;46;24;22;39,0
22640006736000;32;17;15;35,9
22640006737000;28;14;14;50,5
22640006738000;22;12;10;53,7
22640006740000;30;16;14;46,8
22640006741000;40;23;17;34,4
22640006742000;44;24;20;42,5
22640006743000;11;5;6;36,9
22640006744000;743;352;391;35,3
22640006745000;1873;890;983;42,0
22640006746000;573;281;292;41,0
22640006747000;656;323;333;35,9
22640006748000;1550;779;771;39,4
22640006749000;663;331;332;40,6
22640006750000;220;110;110;37,3
22640006751000;70;33;37;31,9
22640006752000;94;53;41;35,2
22640006753000;22;9;13;40,6
22640006754000;55;27;28;43,7
22640006755000;20;11;9;50,0
22640006757000;32;16;16;53,4
22640006758000;105;54;51;37,3
22640006759000;9;4;5;55,9
22640006760000;101;58;43;44,3
22640006761000;57;29;28;45,6
22640006762000;29;16;13;44,1
22640006763000;27;14;13;37,6
22640006767000;21;12;9;33,8
22640006768000;19;8;11;43,3
22640006769000;41;25;16;30,3
22640006770000;27;13;14;44,1
22640006772000;2;1;1;0,0
22640006774000;4;3;1;0,0
22640006775000;31;13;18;45,9
22640006776000;14;8;6;41,4
22640006778000;165;79;86;32,0
22640006779000;36;19;17;42,0
22640006781000;23;14;9;39,0
22640006785000;3;2;1;0,0
22640006789000;1;1;0;0,0
22640006790000;20;9;11;44,6
22640006791000;5;2;3;25,4
22640006858000;6;2;4;48,2
22640006903000;7;4;3;46,1
22640006925000;13;7;6;47,2
22640006926000;5;3;2;45,0
22640006927000;2;1;1;0,0
22640006930000;12;7;5;38,6
22640006944000;3;2;1;0,0
22640006974000;5;3;2;59,2
22640006977000;1;1;0;0,0
22640006978000;9;3;6;37,7
22640006979000;4;3;1;0,0
22640006980000;11;5;6;33,5
22640006982000;3;1;2;0,0
22640006983000;27;15;12;34,7
22640006984000;10;2;8;35,0
22640006985000;13;9;4;35,6
22640006986000;23;10;13;41,5
22640006987000;20;9;11;42,8
22640006989000;5;2;3;61,4
22640006995000;6;3;3;38,2
22640006996000;15;7;8;46,1
22640007008000;4;2;2;0,0
22640007009000;31;17;14;41,5
22640007010000;42;24;18;39,3
22640007012000;53;30;23;33,1
22640007013000;56;30;26;35,2
22640007014000;58;37;21;38,0
22640007015000;143;69;74;39,9
22640007016000;364;175;189;35,0
22640007017000;31;17;14;43,2
22640007018000;57;27;30;39,7
22640007019000;19;12;7;36,0
22640007024000;196;97;99;37,1
22640007025000;442;214;228;34,0
22640007026000;149;81;68;33,8
22640007027000;71;39;32;37,7
22640007028000;37;18;19;43,4
22640007029000;19;11;8;35,9
22640007030000;92;43;49;37,6
22640007031000;58;29;29;47,7
22640007032000;26;14;12;36,8
22640007033000;70;40;30;43,6
22640007034000;26;16;10;39,2
22640007038000;24;13;11;29,5
22640007039000;14;11;3;39,4
22640007042000;10;6;4;62,6
22640007043000;7;4;3;27,4
22640007044000;4;3;1;0,0
22640007056000;10;4;6;37,4
22640007063000;9;4;5;43,8
22640007066000;4;2;2;0,0
22640007067000;3;2;1;0,0
22640007069000;12;5;7;28,0
22640007070000;30;17;13;30,2
22640007074000;2;1;1;0,0
22640007078000;4;2;2;0,0
22640007080000;1;1;0;0,0
22640007081000;5;3;2;42,8
22640007101000;269;135;134;36,7
22640007104000;17;10;7;52,4
22640007119000;5;2;3;31,8
22640007120000;2;1;1;0,0
22640007121000;20;10;10;42,2
22640007122000;63;34;29;36,4
22650006555000;17;6;11;54,4
22650006556000;52;28;24;51,5
22650006557000;34;21;13;34,6
22650006558000;100;48;52;47,9
22650006559000;145;86;59;37,1
22650006560000;10;4;6;45,7
22650006567000;8;3;5;36,5
22650006568000;649;318;331;33,5
22650006569000;295;137;158;45,0
22650006570000;630;326;304;39,8
22650006571000;637;315;322;41,6
22650006572000;289;152;137;41,8
22650006573000;14;5;9;41,6
22650006574000;57;29;28;39,5
22650006575000;17;8;9;49,5
22650006576000;26;16;10;42,8
22650006577000;5;3;2;74,4
22650006578000;11;7;4;48,1
22650006579000;28;13;15;40,1
22650006580000;12;6;6;36,7
22650006581000;39;18;21;40,4
22650006582000;31;16;15;37,8
22650006583000;33;17;16;49,3
22650006584000;35;17;18;47,0
22650006585000;23;8;15;41,5
22650006586000;697;347;350;46,9
22650006587000;41;21;20;38,8
22650006588000;14;6;8;41,1
22650006596000;19;9;10;27,1
22650006597000;66;31;35;43,2
22650006599000;27;12;15;26,9
22650006600000;31;19;12;37,0
22650006601000;71;33;38;36,5
22650006602000;742;371;371;32,1
22650006604000;8;5;3;48,6
22650006605000;17;11;6;42,9
22650006607000;10;4;6;76,3
22650006608000;71;35;36;44,3
22650006609000;419;214;205;36,2
22650006610000;35;19;16;38,1
22650006611000;2;1;1;0,0
22650006612000;2;1;1;0,0
22650006613000;8;5;3;53,1
22650006614000;29;18;11;40,6
22650006616000;6;3;3;33,2
22650006617000;29;17;12;41,1
22650006618000;124;60;64;37,9
22650006619000;232;126;106;35,2
22650006620000;136;69;67;27,7
22650006621000;11;7;4;45,6
22650006622000;10;5;5;29,2
22650006623000;23;11;12;37,7
22650006624000;4;3;1;0,0
22650006625000;65;34;31;42,0
22650006626000;1275;656;619;38,4
22650006627000;2104;980;1124;44,2
22650006628000;944;456;488;37,8
22650006629000;20;12;8;50,9
22650006630000;579;287;292;35,6
22650006631000;2294;1166;1128;36,2
22650006632000;1273;650;623;36,8
22650006633000;1081;548;533;35,4
22650006634000;7;2;5;39,0
22650006635000;712;344;368;38,7
22650006636000;2011;969;1042;37,6
22650006637000;2583;1253;1330;37,4
22650006638000;1877;926;951;40,5
22650006639000;1923;956;967;37,4
22650006640000;1470;745;725;35,9
22650006641000;3650;1852;1798;34,9
22650006642000;2933;1485;1448;35,8
22650006643000;3689;1787;1902;37,5
22650006644000;5125;2353;2772;38,8
22650006645000;4043;1894;2149;38,3
22650006646000;3922;1933;1989;36,9
22650006647000;4518;2004;2514;42,3
22650006648000;5117;2559;2558;36,9
22650006649000;2789;1347;1442;36,4
22650006650000;895;440;455;36,9
22650006651000;3253;1665;1588;36,0
22650006652000;4595;2290;2305;35,5
22650006653000;3256;1608;1648;40,6
22650006654000;2421;1147;1274;42,9
22650006655000;796;403;393;37,9
22650006658000;17;8;9;32,3
22650006659000;8;8;0;31,9
22650006660000;8;4;4;63,0
22650006661000;23;14;9;28,3
22650006674000;1;1;0;0,0
22650006675000;3;3;0;0,0
22650006710000;6;3;3;46,5
22650006722000;19;8;11;56,4
22650006723000;30;14;16;46,5
22650006724000;36;18;18;35,9
22650006725000;55;24;31;40,0
22650006726000;30;17;13;45,9
22650006727000;12;6;6;50,0
22650006728000;2;1;1;0,0
22650006729000;21;12;9;37,0
22650006730000;45;20;25;51,3
22650006731000;48;24;24;39,5
22650006732000;5;2;3;56,0
22650006733000;14;6;8;41,6
22650006734000;47;22;25;40,4
22650006735000;3;2;1;0,0
22650006736000;32;18;14;43,8
22650006737000;37;18;19;42,8
22650006738000;13;9;4;46,8
22650006740000;23;10;13;43,8
22650006741000;30;17;13;51,2
22650006742000;14;7;7;34,1
22650006743000;44;25;19;43,9
22650006744000;1057;539;518;39,0
22650006745000;1308;630;678;42,0
22650006746000;1797;847;950;40,1
22650006747000;2166;988;1178;48,1
22650006748000;1437;667;770;40,8
22650006749000;218;104;114;34,8
22650006753000;20;9;11;28,7
22650006754000;61;27;34;34,2
22650006755000;30;16;14;42,0
22650006756000;46;23;23;46,9
22650006757000;68;41;27;38,2
22650006758000;20;8;12;37,9
22650006761000;2;1;1;0,0
22650006765000;21;13;8;42,6
22650006766000;28;16;12;47,7
22650006767000;19;9;10;45,0
22650006768000;55;26;29;49,7
22650006769000;57;30;27;38,2
22650006770000;4;2;2;0,0
22650006774000;6;3;3;57,3
22650006775000;21;10;11;40,6
22650006777000;21;13;8;39,7
22650006778000;23;14;9;36,6
22650006779000;45;24;21;29,2
22650006780000;7;2;5;40,7
22650006781000;20;10;10;40,4
22650006784000;33;20;13;49,8
22650006785000;6;2;4;34,0
22650006849000;2;1;1;0,0
22650006858000;4;3;1;0,0
22650006893000;2;2;0;0,0
22650006902000;4;2;2;0,0
22650006904000;2;1;1;0,0
22650006916000;1;1;0;0,0
22650006926000;9;5;4;43,8
22650006983000;7;4;3;39,7
22650006986000;5;3;2;43,8
22650006995000;13;8;5;42,5
22650007013000;12;5;7;43,3
22650007014000;21;12;9;47,0
22650007015000;48;27;21;36,7
22650007016000;8;4;4;26,6
22650007017000;22;11;11;39,5
22650007025000;106;51;55;29,3
22650007026000;595;303;292;32,1
22650007027000;26;11;15;41,0
22650007028000;46;25;21;33,0
22650007029000;22;11;11;46,0
22650007030000;497;242;255;31,6
22650007031000;81;38;43;31,5
22650007032000;51;25;26;39,4
22650007033000;159;82;77;36,4
22650007035000;65;33;32;39,2
22650007036000;17;10;7;38,4
22650007037000;26;14;12;35,8
22650007038000;298;155;143;36,1
22650007039000;51;29;22;40,7
22650007041000;10;4;6;47,4
22650007044000;261;138;123;42,1
22650007056000;7;5;2;42,6
22650007065000;2;1;1;0,0
22650007066000;15;7;8;49,1
22650007067000;5;2;3;47,6
22650007070000;21;8;13;42,9
22650007071000;10;3;7;23,6
22650007078000;2;1;1;0,0
22650007081000;7;5;2;47,6
22650007082000;2;1;1;0,0
22650007086000;1;1;0;0,0
22650007087000;6;4;2;31,0
22650007096000;5;1;4;24,4
22650007097000;8;5;3;64,3
22650007098000;6;2;4;37,0
22650007099000;11;5;6;29,8
22650007100000;4;3;1;0,0
22650007101000;229;108;121;43,8
22650007102000;122;67;55;30,5
22650007103000;6;3;3;38,3
22650007104000;5;2;3;43,8
22650007105000;6;3;3;32,2
22650007121000;3;1;2;0,0
22650007122000;30;15;15;36,0
22650007123000;13;7;6;46,2
22650007124000;12;8;4;31,1
22660006553000;29;16;13;50,7
22660006554000;3;2;1;0,0
22660006555000;11;7;4;53,9
22660006556000;32;17;15;46,9
22660006557000;71;37;34;48,7
22660006558000;120;62;58;32,7
22660006559000;157;84;73;35,0
22660006562000;5;2;3;40,6
22660006564000;8;3;5;57,4
22660006565000;11;3;8;29,2
22660006566000;1;1;0;0,0
22660006567000;12;9;3;28,7
22660006568000;326;152;174;39,3
22660006569000;1223;601;622;41,4
22660006570000;614;308;306;38,4
22660006571000;1628;758;870;41,8
22660006572000;1701;805;896;45,8
22660006573000;196;88;108;46,3
22660006574000;153;79;74;39,5
22660006575000;36;22;14;35,1
22660006576000;96;54;42;41,4
22660006577000;54;29;25;47,9
22660006578000;31;14;17;36,8
22660006579000;39;21;18;47,6
22660006580000;25;11;14;45,2
22660006581000;17;10;7;49,0
22660006582000;5;2;3;13,8
22660006583000;29;16;13;31,6
22660006584000;6;4;2;45,0
22660006585000;41;21;20;40,8
22660006586000;141;72;69;45,8
22660006587000;10;3;7;44,9
22660006589000;5;2;3;37,4
22660006596000;2;1;1;0,0
22660006597000;1;1;0;0,0
22660006600000;14;7;7;34,6
22660006601000;161;76;85;50,5
22660006602000;109;58;51;47,5
22660006606000;1;1;0;0,0
22660006607000;2;1;1;0,0
22660006608000;49;26;23;36,8
22660006609000;4;3;1;0,0
22660006610000;51;31;20;38,5
22660006611000;21;11;10;44,7
22660006612000;7;1;6;31,4
22660006613000;14;9;5;19,3
22660006614000;2;1;1;0,0
22660006615000;6;2;4;34,7
22660006616000;10;7;3;29,3
22660006617000;15;9;6;38,2
22660006618000;63;37;26;39,7
22660006619000;2;1;1;0,0
22660006620000;13;9;4;32,5
22660006621000;13;6;7;44,0
22660006622000;11;7;4;21,4
22660006623000;5;3;2;46,8
22660006624000;12;2;10;33,1
22660006625000;418;211;207;35,6
22660006626000;1080;515;565;41,3
22660006627000;1520;706;814;43,7
22660006628000;265;133;132;40,0
22660006629000;35;17;18;41,1
22660006630000;1053;521;532;41,5
22660006631000;2443;1168;1275;39,8
22660006632000;1383;688;695;30,0
22660006636000;14;10;4;39,7
22660006638000;1882;972;910;32,3
22660006639000;3793;1904;1889;28,8
22660006640000;1284;631;653;30,6
22660006641000;3780;1883;1897;29,9
22660006642000;2560;1278;1282;35,3
22660006643000;4179;2023;2156;36,7
22660006644000;3280;1531;1749;40,4
22660006645000;1964;985;979;36,6
22660006646000;833;395;438;39,3
22660006647000;3419;1620;1799;38,7
22660006648000;1802;907;895;37,1
22660006649000;3803;1897;1906;38,8
22660006650000;679;354;325;34,4
22660006651000;3888;2008;1880;35,7
22660006652000;5280;2514;2766;38,9
22660006653000;3172;1525;1647;36,1
22660006655000;2;1;1;0,0
22660006656000;185;86;99;38,1
22660006659000;6;5;1;38,8
22660006660000;2;1;1;0,0
22660006661000;96;50;46;41,2
22660006662000;165;80;85;42,0
22660006663000;67;35;32;37,9
22660006672000;5;3;2;34,8
22660006673000;52;31;21;45,2
22660006674000;27;11;16;33,8
22660006709000;10;5;5;52,9
22660006723000;45;21;24;35,8
22660006724000;73;39;34;39,3
22660006725000;88;50;38;37,8
22660006726000;55;28;27;43,2
22660006727000;47;29;18;42,6
22660006728000;68;34;34;44,7
22660006729000;95;49;46;44,2
22660006730000;149;76;73;39,5
22660006731000;109;57;52;45,1
22660006732000;28;14;14;39,0
22660006734000;29;12;17;37,2
22660006735000;6;5;1;34,3
22660006736000;51;24;27;37,0
22660006737000;32;19;13;39,4
22660006738000;10;4;6;35,8
22660006739000;3;1;2;0,0
22660006740000;6;4;2;56,5
22660006741000;7;3;4;41,3
22660006742000;8;3;5;36,3
22660006743000;74;40;34;42,3
22660006744000;243;114;129;29,2
22660006745000;374;181;193;38,1
22660006746000;265;121;144;50,3
22660006750000;4;2;2;0,0
22660006751000;4;1;3;0,0
22660006754000;6;4;2;47,5
22660006755000;55;35;20;39,1
22660006756000;72;36;36;39,6
22660006757000;7;3;4;49,4
22660006761000;32;13;19;36,4
22660006762000;456;205;251;47,1
22660006763000;292;142;150;40,6
22660006764000;95;50;45;38,2
22660006765000;81;49;32;40,9
22660006766000;25;14;11;40,5
22660006767000;33;17;16;34,8
22660006768000;25;12;13;41,4
22660006769000;23;11;12;30,0
22660006770000;7;3;4;31,4
22660006774000;6;2;4;21,8
22660006775000;4;3;1;0,0
22660006777000;16;7;9;28,9
22660006778000;43;21;22;41,0
22660006783000;38;19;19;30,6
22660006784000;46;24;22;43,4
22660006838000;1;1;0;0,0
22660006893000;8;6;2;47,4
22660006902000;1;1;0;0,0
22660006916000;1;1;0;0,0
22660006970000;1;1;0;0,0
22660006983000;18;10;8;50,8
22660006995000;16;8;8;40,8
22660006996000;1;0;1;0,0
22660007014000;23;13;10;37,3
22660007015000;53;32;21;35,9
22660007016000;67;36;31;37,0
22660007017000;19;10;9;31,0
22660007026000;109;52;57;29,4
22660007027000;80;44;36;37,9
22660007028000;75;41;34;36,7
22660007029000;39;17;22;40,4
22660007030000;90;53;37;35,7
22660007031000;42;26;16;41,9
22660007032000;3187;1540;1647;36,6
22660007033000;2373;1214;1159;35,7
22660007034000;110;54;56;42,4
22660007035000;506;253;253;38,0
22660007036000;1728;860;868;32,7
22660007037000;1658;851;807;34,4
22660007038000;1323;671;652;35,7
22660007039000;861;451;410;34,6
22660007043000;3;2;1;0,0
22660007044000;255;137;118;38,2
22660007056000;9;7;2;31,7
22660007066000;4;2;2;0,0
22660007067000;3;2;1;0,0
22660007071000;29;15;14;38,7
22660007072000;6;2;4;53,7
22660007081000;2;1;1;0,0
22660007095000;4;3;1;0,0
22660007096000;1;1;0;0,0
22660007099000;3;1;2;0,0
22660007100000;10;5;5;53,2
22660007101000;288;149;139;44,6
22660007102000;141;61;80;51,7
22660007105000;32;15;17;37,8
22660007106000;18;10;8;42,1
22660007117000;13;10;3;42,7
22660007121000;4;2;2;0,0
22660007122000;20;11;9;35,1
22660007123000;13;8;5;55,1
22660007127000;6;2;4;37,8
22670006551000;94;48;46;50,2
22670006552000;13;7;6;54,6
22670006553000;64;30;34;34,4
22670006554000;66;36;30;31,6
22670006555000;520;245;275;38,6
22670006556000;18;9;9;37,7
22670006557000;46;23;23;55,5
22670006558000;64;37;27;40,6
22670006561000;2;1;1;0,0
22670006562000;79;40;39;43,0
22670006563000;235;111;124;39,1
22670006564000;101;59;42;34,5
22670006565000;115;60;55;42,9
22670006566000;476;246;230;31,1
22670006567000;506;256;250;31,3
22670006568000;376;170;206;44,0
22670006569000;1119;521;598;43,5
22670006570000;1079;526;553;39,6
22670006571000;2162;1092;1070;40,5
22670006572000;2490;1209;1281;39,5
22670006573000;1459;718;741;40,0
22670006574000;1337;680;657;31,0
22670006575000;544;270;274;33,1
22670006576000;12;8;4;46,3
22670006577000;7;4;3;36,7
22670006578000;5;2;3;38,2
22670006580000;8;3;5;37,3
22670006581000;20;11;9;36,6
22670006582000;40;19;21;41,7
22670006583000;27;15;12;41,4
22670006584000;9;4;5;38,1
22670006585000;103;56;47;40,6
22670006586000;1;1;0;0,0
22670006587000;10;6;4;26,7
22670006589000;5;1;4;26,6
22670006593000;1;0;1;0,0
22670006596000;6;3;3;31,3
22670006597000;6;2;4;41,5
22670006598000;8;3;5;34,1
22670006599000;1;1;0;0,0
22670006600000;17;8;9;32,8
22670006601000;32;18;14;37,7
22670006602000;6;3;3;39,5
22670006603000;50;21;29;40,8
22670006608000;12;5;7;38,0
22670006609000;6;2;4;47,8
22670006610000;19;9;10;47,7
22670006611000;13;5;8;34,5
22670006612000;18;10;8;29,7
22670006613000;12;5;7;28,9
22670006615000;16;6;10;55,0
22670006616000;15;9;6;32,1
22670006617000;10;4;6;36,2
22670006618000;4;1;3;0,0
22670006619000;21;13;8;43,4
22670006620000;24;13;11;24,5
22670006621000;49;22;27;32,6
22670006622000;81;50;31;37,2
22670006623000;110;52;58;36,2
22670006624000;46;22;24;42,5
22670006625000;24;10;14;41,9
22670006626000;39;27;12;40,8
22670006627000;531;277;254;34,6
22670006628000;99;38;61;67,6
22670006629000;24;13;11;38,0
22670006630000;19;8;11;41,8
22670006631000;673;357;316;35,0
22670006632000;1894;963;931;29,2
22670006634000;4;2;2;0,0
22670006638000;148;77;71;34,1
22670006639000;196;111;85;33,3
22670006640000;211;108;103;34,7
22670006641000;1084;566;518;35,2
22670006642000;467;237;230;37,9
22670006643000;213;113;100;33,9
22670006644000;2732;1298;1434;42,8
22670006645000;5807;2707;3100;38,6
22670006646000;4484;2178;2306;40,6
22670006647000;8338;3825;4513;38,4
22670006648000;3088;1518;1570;39,2
22670006649000;4129;1922;2207;45,0
22670006650000;422;262;160;35,3
22670006651000;679;348;331;35,7
22670006652000;5056;2459;2597;35,1
22670006653000;592;293;299;38,0
22670006663000;7;3;4;34,1
22670006667000;2;1;1;0,0
22670006672000;75;36;39;43,5
22670006673000;409;202;207;37,9
22670006674000;6;3;3;78,3
22670006721000;7;2;5;45,1
22670006722000;5;3;2;66,8
22670006723000;82;44;38;39,3
22670006724000;34;20;14;37,3
22670006725000;13;7;6;53,8
22670006726000;64;35;29;42,0
22670006727000;21;12;9;46,3
22670006728000;29;17;12;43,7
22670006729000;17;9;8;28,4
22670006730000;172;79;93;37,1
22670006731000;443;216;227;40,1
22670006732000;15;8;7;35,6
22670006733000;1;1;0;0,0
22670006734000;10;3;7;51,3
22670006735000;25;14;11;33,6
22670006736000;66;33;33;48,6
22670006737000;25;14;11;45,6
22670006738000;56;27;29;35,6
22670006739000;10;7;3;44,0
22670006740000;42;24;18;41,9
22670006741000;20;10;10;37,1
22670006742000;15;8;7;42,0
22670006743000;96;49;47;35,9
22670006744000;25;14;11;52,8
22670006749000;54;26;28;35,9
22670006750000;20;10;10;49,4
22670006751000;11;5;6;38,7
22670006752000;1;1;0;0,0
22670006759000;33;18;15;54,6
22670006760000;225;107;118;39,7
22670006761000;354;182;172;45,6
22670006762000;938;429;509;47,5
22670006763000;1021;503;518;43,4
22670006764000;166;86;80;34,8
22670006765000;50;24;26;32,9
22670006766000;5;3;2;53,2
22670006767000;4;2;2;0,0
22670006768000;3;2;1;0,0
22670006770000;35;16;19;38,9
22670006774000;23;13;10;35,7
22670006781000;47;23;24;40,8
22670006782000;98;43;55;38,4
22670006783000;19;8;11;50,9
22670006787000;17;9;8;38,4
22670006837000;4;2;2;0,0
22670006893000;14;7;7;38,6
22670006894000;17;9;8;28,0
22670006895000;48;24;24;43,6
22670006896000;22;12;10;41,8
22670006897000;3;1;2;0,0
22670006900000;4;1;3;0,0
22670006907000;1;1;0;0,0
22670006916000;15;7;8;34,5
22670006924000;1;0;1;0,0
22670006925000;1;0;1;0,0
22670006967000;2;1;1;0,0
22670006976000;1;0;1;0,0
22670006982000;7;5;2;33,4
22670006983000;9;5;4;40,1
22670006995000;3;2;1;0,0
22670006996000;9;7;2;50,1
22670007015000;9;6;3;35,7
22670007016000;40;23;17;39,3
22670007017000;88;47;41;34,1
22670007018000;7;3;4;41,0
22670007027000;30;19;11;36,0
22670007028000;67;42;25;30,6
22670007029000;55;28;27;34,0
22670007030000;34;19;15;34,9
22670007031000;146;88;58;33,5
22670007032000;1185;576;609;36,5
22670007033000;2488;1226;1262;39,1
22670007034000;3756;1773;1983;38,1
22670007035000;4364;2133;2231;36,7
22670007036000;1926;954;972;35,3
22670007037000;2675;1332;1343;35,8
22670007038000;2767;1365;1402;36,2
22670007039000;1171;607;564;34,5
22670007040000;613;287;326;41,6
22670007041000;647;313;334;36,9
22670007042000;13;8;5;41,8
22670007043000;8;8;0;29,8
22670007044000;11;6;5;27,0
22670007056000;4;2;2;0,0
22670007067000;2;1;1;0,0
22670007072000;14;8;6;29,3
22670007095000;7;4;3;31,9
22670007096000;4;3;1;0,0
22670007101000;5;4;1;33,4
22670007105000;2;1;1;0,0
22670007106000;6;3;3;46,7
22670007117000;1;0;1;0,0
22670007120000;7;2;5;38,4
22670007121000;12;8;4;36,9
22670007122000;1;1;0;0,0
22670007123000;3;1;2;0,0
22670007124000;10;6;4;36,5
22670007125000;17;9;8;31,9
22670007126000;42;21;21;43,0
22670007127000;5;2;3;40,2
22680006551000;44;22;22;51,3
22680006552000;5;3;2;61,6
22680006553000;51;30;21;41,0
22680006555000;9;4;5;38,2
22680006556000;11;5;6;42,9
22680006561000;2;1;1;0,0
22680006562000;100;49;51;38,8
22680006563000;88;44;44;49,5
22680006564000;78;44;34;34,8
22680006565000;30;15;15;36,6
22680006566000;251;125;126;41,7
22680006567000;254;126;128;42,0
22680006568000;553;287;266;41,8
22680006569000;1310;617;693;41,3
22680006570000;3259;1645;1614;42,4
22680006571000;2874;1409;1465;41,4
22680006572000;1529;786;743;40,0
22680006573000;795;398;397;38,9
22680006574000;165;97;68;39,8
22680006575000;131;67;64;42,5
22680006576000;28;16;12;42,0
22680006578000;19;10;9;50,3
22680006579000;3;2;1;0,0
22680006581000;13;7;6;42,6
22680006582000;1;0;1;0,0
22680006583000;44;24;20;34,2
22680006584000;23;12;11;41,6
22680006585000;378;194;184;39,3
22680006586000;40;22;18;46,8
22680006587000;1;1;0;0,0
22680006588000;12;5;7;47,9
22680006595000;4;2;2;0,0
22680006596000;2;1;1;0,0
22680006598000;4;1;3;0,0
22680006599000;1;1;0;0,0
22680006600000;6;3;3;34,2
22680006601000;42;19;23;43,8
22680006604000;9;6;3;50,0
22680006605000;1;1;0;0,0
22680006612000;4;2;2;0,0
22680006613000;20;10;10;40,1
22680006614000;1;1;0;0,0
22680006615000;32;13;19;45,4
22680006616000;7;4;3;35,4
22680006617000;5;3;2;66,2
22680006618000;5;2;3;45,8
22680006619000;21;10;11;39,4
22680006620000;19;12;7;51,4
22680006621000;19;11;8;31,8
22680006622000;315;163;152;41,2
22680006623000;644;338;306;33,5
22680006624000;20;13;7;44,3
22680006625000;13;7;6;47,3
22680006626000;30;18;12;34,6
22680006627000;20;13;7;45,8
22680006628000;23;8;15;39,3
22680006629000;25;12;13;30,4
22680006630000;21;7;14;35,1
22680006631000;3;1;2;0,0
22680006632000;133;70;63;35,9
22680006634000;5;3;2;54,6
22680006635000;756;375;381;36,9
22680006636000;4;3;1;0,0
22680006637000;38;20;18;50,5
22680006638000;57;32;25;47,0
22680006639000;24;14;10;58,8
22680006640000;96;55;41;34,2
22680006644000;19;10;9;36,3
22680006645000;784;360;424;40,1
22680006646000;1537;736;801;41,4
22680006647000;1111;547;564;31,8
22680006648000;2160;1065;1095;35,2
22680006649000;5467;2661;2806;37,9
22680006650000;2077;1103;974;37,0
22680006651000;16;14;2;45,6
22680006652000;4400;2177;2223;33,0
22680006653000;2800;1381;1419;37,4
22680006654000;13;8;5;36,8
22680006665000;4;2;2;0,0
22680006670000;82;37;45;37,4
22680006671000;364;183;181;36,3
22680006672000;38;16;22;31,1
22680006673000;26;15;11;37,8
22680006674000;3;2;1;0,0
22680006722000;1;1;0;0,0
22680006723000;2;2;0;0,0
22680006724000;17;7;10;45,9
22680006725000;29;17;12;44,1
22680006726000;60;32;28;44,2
22680006727000;103;39;64;61,4
22680006728000;67;30;37;36,9
22680006729000;34;17;17;37,7
22680006730000;39;21;18;38,9
22680006731000;24;10;14;43,9
22680006732000;16;7;9;58,6
22680006733000;79;39;40;36,5
22680006734000;5;2;3;26,8
22680006735000;40;24;16;37,9
22680006736000;20;11;9;46,1
22680006737000;10;5;5;49,8
22680006738000;7;4;3;56,7
22680006739000;1;0;1;0,0
22680006740000;39;19;20;43,3
22680006741000;291;142;149;41,3
22680006742000;230;120;110;34,0
22680006743000;2;1;1;0,0
22680006746000;7;3;4;41,7
22680006747000;13;7;6;52,7
22680006748000;22;8;14;44,0
22680006749000;14;7;7;46,1
22680006750000;34;18;16;39,8
22680006751000;31;18;13;39,4
22680006752000;3;2;1;0,0
22680006753000;16;7;9;31,5
22680006756000;3;2;1;0,0
22680006758000;43;18;25;43,5
22680006759000;143;71;72;33,4
22680006760000;62;29;33;48,5
22680006761000;16;9;7;36,9
22680006763000;616;309;307;39,8
22680006764000;29;14;15;41,2
22680006765000;28;18;10;42,7
22680006766000;11;6;5;42,4
22680006767000;3;2;1;0,0
22680006768000;2;2;0;0,0
22680006770000;12;6;6;32,5
22680006772000;11;5;6;37,1
22680006773000;7;4;3;37,3
22680006775000;28;13;15;42,0
22680006776000;24;14;10;38,2
22680006777000;9;4;5;44,0
22680006781000;174;96;78;35,2
22680006782000;122;63;59;33,6
22680006783000;1;1;0;0,0
22680006785000;7;3;4;30,7
22680006786000;3;2;1;0,0
22680006787000;27;14;13;37,8
22680006848000;3;1;2;0,0
22680006859000;9;3;6;37,3
22680006892000;3;1;2;0,0
22680006894000;25;11;14;47,6
22680006895000;98;53;45;40,3
22680006896000;86;50;36;40,0
22680006897000;4;3;1;0,0
22680006898000;20;9;11;42,6
22680006899000;4;3;1;0,0
22680006900000;27;11;16;40,7
22680006916000;12;8;4;54,2
22680006917000;1;1;0;0,0
22680006923000;2;1;1;0,0
22680006973000;10;7;3;34,6
22680006974000;5;3;2;43,4
22680006975000;10;6;4;43,2
22680006976000;18;10;8;39,1
22680006977000;13;5;8;33,0
22680006978000;21;10;11;42,6
22680006992000;3;2;1;0,0
22680006995000;20;9;11;51,0
22680006996000;16;9;7;46,1
22680007029000;18;8;10;50,3
22680007030000;38;19;19;43,3
22680007031000;258;136;122;33,8
22680007032000;1212;620;592;36,8
22680007033000;2284;1147;1137;38,5
22680007034000;810;394;416;38,6
22680007035000;1898;958;940;35,6
22680007036000;1266;642;624;35,8
22680007037000;2982;1490;1492;40,3
22680007038000;3003;1436;1567;38,0
22680007039000;3371;1635;1736;41,2
22680007040000;2413;1154;1259;38,9
22680007041000;3079;1555;1524;36,7
22680007042000;790;389;401;42,5
22680007043000;4;2;2;0,0
22680007056000;2;1;1;0,0
22680007067000;9;6;3;39,2
22680007073000;33;17;16;40,7
22680007102000;1;1;0;0,0
22680007122000;1;1;0;0,0
22680007124000;71;34;37;59,5
22680007125000;62;29;33;51,7
22680007126000;6;4;2;18,3
22690006554000;2;1;1;0,0
22690006568000;557;249;308;37,8
22690006569000;1526;693;833;47,1
22690006570000;1933;925;1008;42,2
22690006571000;1263;614;649;44,5
22690006572000;1518;688;830;44,4
22690006573000;447;223;224;43,3
22690006574000;19;10;9;45,6
22690006576000;25;15;10;38,2
22690006578000;6;2;4;29,5
22690006580000;36;18;18;42,8
22690006581000;31;18;13;40,0
22690006582000;24;11;13;47,0
22690006583000;21;12;9;40,7
22690006584000;27;16;11;49,5
22690006585000;344;181;163;30,8
22690006586000;51;32;19;26,2
22690006587000;30;17;13;39,1
22690006588000;10;3;7;22,5
22690006595000;6;4;2;60,0
22690006596000;4;3;1;0,0
22690006600000;3;1;2;0,0
22690006601000;36;17;19;45,5
22690006602000;1;0;1;0,0
22690006608000;1;1;0;0,0
22690006609000;4;2;2;0,0
22690006612000;4;2;2;0,0
22690006613000;16;8;8;38,0
22690006614000;87;48;39;40,1
22690006615000;18;12;6;31,6
22690006616000;7;4;3;39,4
22690006617000;9;5;4;24,7
22690006618000;25;14;11;39,2
22690006619000;16;8;8;32,4
22690006620000;12;7;5;44,4
22690006621000;18;9;9;36,6
22690006622000;26;15;11;44,5
22690006623000;12;5;7;35,6
22690006624000;32;19;13;31,9
22690006625000;19;11;8;35,4
22690006626000;32;19;13;36,8
22690006627000;8;3;5;42,3
22690006628000;10;6;4;45,1
22690006629000;4;2;2;0,0
22690006630000;19;10;9;43,8
22690006631000;5;4;1;31,2
22690006632000;4;3;1;0,0
22690006634000;62;33;29;42,0
22690006635000;545;273;272;38,6
22690006636000;62;29;33;30,2
22690006637000;152;77;75;41,8
22690006638000;86;50;36;45,7
22690006639000;20;11;9;39,3
22690006640000;3;1;2;0,0
22690006644000;2;1;1;0,0
22690006649000;510;252;258;35,6
22690006650000;6671;3312;3359;36,5
22690006651000;1426;704;722;34,1
22690006652000;1401;631;770;38,6
22690006653000;5168;2410;2758;38,1
22690006654000;5721;2793;2928;37,4
22690006655000;582;301;281;41,4
22690006658000;3;1;2;0,0
22690006663000;9;4;5;35,0
22690006664000;1320;662;658;38,1
22690006665000;1548;773;775;37,2
22690006668000;42;26;16;36,6
22690006669000;15;8;7;29,3
22690006670000;644;313;331;39,9
22690006671000;751;365;386;39,8
22690006672000;319;156;163;31,7
22690006677000;2;1;1;0,0
22690006708000;6;4;2;34,0
22690006709000;2;1;1;0,0
22690006710000;2;1;1;0,0
22690006725000;12;8;4;31,7
22690006726000;24;12;12;53,6
22690006727000;55;27;28;39,4
22690006728000;49;26;23;51,3
22690006729000;46;24;22;40,4
22690006730000;30;15;15;41,4
22690006731000;28;19;9;44,4
22690006732000;31;16;15;51,8
22690006733000;175;94;81;40,4
22690006734000;27;12;15;41,7
22690006735000;57;26;31;45,8
22690006736000;159;90;69;40,6
22690006738000;38;18;20;39,6
22690006739000;11;5;6;41,7
22690006740000;51;25;26;41,7
22690006741000;114;54;60;35,2
22690006742000;9;6;3;43,7
22690006746000;6;3;3;56,5
22690006747000;55;26;29;43,2
22690006748000;30;13;17;36,5
22690006749000;21;15;6;42,7
22690006750000;4;3;1;0,0
22690006751000;15;8;7;38,0
22690006752000;9;4;5;29,8
22690006753000;5;3;2;20,6
22690006755000;3;2;1;0,0
22690006756000;15;8;7;44,7
22690006757000;36;15;21;46,5
22690006758000;5;1;4;55,2
22690006759000;44;20;24;41,7
22690006760000;74;37;37;43,1
22690006761000;18;12;6;36,6
22690006762000;8;4;4;37,0
22690006763000;12;6;6;41,6
22690006764000;70;33;37;40,7
22690006765000;95;45;50;36,1
22690006766000;37;21;16;40,8
22690006767000;23;12;11;31,2
22690006768000;21;15;6;33,2
22690006769000;6;3;3;32,8
22690006770000;11;4;7;32,5
22690006772000;12;5;7;34,1
22690006774000;6;3;3;38,5
22690006775000;42;18;24;46,5
22690006776000;3;2;1;0,0
22690006777000;6;3;3;41,3
22690006780000;2;1;1;0,0
22690006781000;17;8;9;40,6
22690006788000;4;2;2;0,0
22690006849000;2;1;1;0,0
22690006859000;4;2;2;0,0
22690006892000;2;1;1;0,0
22690006894000;18;9;9;59,8
22690006895000;18;12;6;45,2
22690006896000;117;56;61;36,8
22690006897000;35;17;18;38,6
22690006898000;7;1;6;19,0
22690006916000;1;1;0;0,0
22690006923000;6;2;4;28,5
22690006973000;2;1;1;0,0
22690006974000;2;1;1;0,0
22690006977000;6;3;3;42,7
22690006978000;6;3;3;42,2
22690006979000;6;4;2;55,0
22690006980000;12;6;6;44,6
22690006983000;23;12;11;37,3
22690006984000;7;5;2;30,1
22690006985000;4;1;3;0,0
22690006986000;2;2;0;0,0
22690006994000;34;22;12;50,4
22690006995000;38;17;21;42,1
22690006996000;1;1;0;0,0
22690007017000;17;9;8;30,8
22690007029000;10;6;4;51,7
22690007030000;2;1;1;0,0
22690007031000;4;2;2;0,0
22690007032000;769;390;379;29,9
22690007033000;2453;1206;1247;33,5
22690007034000;3250;1636;1614;38,2
22690007035000;1214;593;621;39,1
22690007036000;1865;946;919;34,2
22690007037000;1054;555;499;35,1
22690007038000;1967;980;987;36,1
22690007039000;1276;683;593;35,7
22690007040000;1438;752;686;33,6
22690007041000;3660;1902;1758;40,1
22690007042000;147;79;68;33,1
22690007057000;14;5;9;43,1
22690007073000;6;3;3;26,3
22690007097000;2;1;1;0,0
22690007104000;29;13;16;26,8
22690007116000;1;1;0;0,0
22690007118000;13;7;6;46,2
22690007119000;1;1;0;0,0
22690007124000;2;0;2;0,0
22690007125000;8;3;5;51,3
22690007127000;2;1;1;0,0
22690007130000;1;1;0;0,0
22700006550000;19;11;8;54,9
22700006551000;14;9;5;43,5
22700006552000;15;7;8;36,1
22700006553000;11;7;4;57,0
22700006555000;22;13;9;30,5
22700006556000;1;0;1;0,0
22700006568000;152;71;81;39,5
22700006569000;79;43;36;35,0
22700006570000;1189;544;645;44,0
22700006571000;867;418;449;41,4
22700006572000;2010;1054;956;35,4
22700006573000;1803;859;944;39,1
22700006574000;100;52;48;39,3
22700006578000;5;3;2;43,4
22700006579000;21;10;11;32,0
22700006580000;178;92;86;30,8
22700006581000;59;26;33;38,2
22700006582000;57;34;23;42,8
22700006583000;27;17;10;43,9
22700006584000;58;34;24;42,7
22700006585000;2;1;1;0,0
22700006587000;4;2;2;0,0
22700006588000;28;14;14;39,0
22700006589000;11;6;5;37,1
22700006595000;2;2;0;0,0
22700006596000;10;4;6;34,7
22700006600000;43;27;16;32,9
22700006601000;6;4;2;55,7
22700006602000;7;3;4;40,4
22700006603000;2;1;1;0,0
22700006604000;8;5;3;57,4
22700006605000;6;2;4;36,0
22700006608000;12;7;5;38,9
22700006613000;19;11;8;35,3
22700006614000;18;8;10;46,1
22700006615000;38;19;19;42,0
22700006616000;1;1;0;0,0
22700006617000;9;4;5;51,1
22700006618000;31;21;10;46,1
22700006619000;15;10;5;33,9
22700006620000;9;4;5;52,4
22700006621000;27;13;14;38,1
22700006622000;26;13;13;38,7
22700006623000;3;2;1;0,0
22700006624000;18;10;8;41,6
22700006625000;13;7;6;39,1
22700006626000;22;10;12;33,2
22700006627000;16;9;7;36,8
22700006628000;25;15;10;35,9
22700006629000;8;5;3;44,3
22700006630000;15;8;7;30,9
22700006631000;103;52;51;32,6
22700006632000;114;59;55;35,8
22700006633000;149;87;62;38,5
22700006634000;172;81;91;36,8
22700006637000;27;14;13;35,0
22700006638000;96;57;39;40,7
22700006639000;8;6;2;32,4
22700006650000;1234;617;617;33,5
22700006651000;2342;1169;1173;37,7
22700006652000;4700;2383;2317;35,4
22700006653000;2444;1262;1182;34,2
22700006654000;5599;2821;2778;37,3
22700006655000;511;248;263;35,4
22700006660000;4;2;2;0,0
22700006661000;85;48;37;38,2
22700006662000;40;21;19;46,3
22700006663000;720;323;397;48,8
22700006664000;1201;602;599;37,8
22700006665000;378;190;188;36,8
22700006666000;15;7;8;35,9
22700006667000;104;47;57;35,6
22700006668000;1198;602;596;35,9
22700006669000;97;52;45;37,1
22700006670000;108;62;46;37,6
22700006671000;471;244;227;34,5
22700006708000;17;7;10;45,5
22700006728000;13;4;9;45,5
22700006729000;76;37;39;44,6
22700006730000;107;55;52;41,5
22700006731000;52;25;27;43,1
22700006732000;86;40;46;37,4
22700006733000;53;22;31;39,1
22700006734000;45;25;20;45,2
22700006735000;121;72;49;42,2
22700006736000;33;17;16;39,5
22700006737000;12;5;7;55,5
22700006738000;15;6;9;46,6
22700006739000;27;14;13;41,4
22700006740000;12;7;5;43,8
22700006741000;44;24;20;46,1
22700006745000;2;2;0;0,0
22700006746000;18;9;9;54,2
22700006747000;20;11;9;35,5
22700006748000;29;15;14;33,1
22700006749000;1;0;1;0,0
22700006750000;14;6;8;47,8
22700006751000;29;15;14;40,8
22700006752000;157;85;72;41,8
22700006753000;42;20;22;39,9
22700006754000;25;13;12;37,1
22700006755000;280;143;137;37,2
22700006756000;76;43;33;36,5
22700006757000;21;11;10;33,8
22700006758000;60;32;28;46,4
22700006759000;28;14;14;39,2
22700006760000;16;6;10;47,1
22700006761000;22;10;12;44,6
22700006763000;12;7;5;28,3
22700006764000;110;56;54;40,6
22700006765000;55;26;29;44,0
22700006766000;64;36;28;40,6
22700006767000;28;18;10;35,0
22700006768000;11;7;4;36,5
22700006769000;14;6;8;38,4
22700006770000;15;7;8;38,5
22700006771000;21;9;12;32,5
22700006772000;49;24;25;37,4
22700006773000;193;89;104;36,5
22700006774000;25;14;11;33,7
22700006775000;31;15;16;27,8
22700006776000;2;1;1;0,0
22700006780000;18;8;10;34,8
22700006798000;37;21;16;37,5
22700006858000;4;1;3;0,0
22700006892000;2;0;2;0,0
22700006893000;12;7;5;36,7
22700006894000;110;52;58;33,4
22700006895000;17;8;9;59,5
22700006896000;89;45;44;34,3
22700006897000;3;1;2;0,0
22700006904000;1;1;0;0,0
22700006905000;1;0;1;0,0
22700006916000;8;4;4;46,4
22700006974000;7;2;5;35,7
22700006978000;5;3;2;68,8
22700006979000;36;18;18;37,5
22700006980000;63;28;35;36,9
22700006981000;23;11;12;36,1
22700006982000;12;5;7;41,5
22700006983000;7;3;4;40,7
22700006984000;14;6;8;35,6
22700006985000;6;3;3;47,5
22700006986000;20;7;13;30,4
22700006987000;9;4;5;48,4
22700006988000;9;4;5;45,2
22700006990000;10;5;5;43,1
22700006992000;20;10;10;33,9
22700006993000;9;5;4;49,9
22700006994000;34;22;12;41,0
22700007019000;56;31;25;32,5
22700007020000;26;11;15;46,0
22700007021000;23;14;9;30,2
22700007023000;6;2;4;46,2
22700007024000;19;9;10;40,2
22700007025000;27;13;14;32,9
22700007026000;4;2;2;0,0
22700007027000;10;7;3;45,0
22700007028000;60;32;28;34,3
22700007029000;38;18;20;38,8
22700007031000;52;26;26;38,2
22700007032000;29;15;14;34,2
22700007033000;120;61;59;27,3
22700007034000;716;358;358;36,4
22700007035000;728;369;359;36,3
22700007036000;1100;570;530;39,9
22700007037000;1443;774;669;38,1
22700007038000;1529;748;781;40,3
22700007039000;2390;1187;1203;39,2
22700007040000;3056;1633;1423;34,7
22700007041000;3614;1845;1769;40,0
22700007042000;1242;746;496;34,8
22700007057000;12;6;6;49,1
22700007058000;15;3;12;38,8
22700007074000;15;11;4;35,5
22700007075000;21;10;11;34,1
22700007076000;7;3;4;28,3
22700007103000;19;10;9;41,8
22700007104000;4;2;2;0,0
22700007105000;17;8;9;52,2
22700007119000;4;2;2;0,0
22700007125000;2;1;1;0,0
22700007126000;4;3;1;0,0
22700007127000;2;2;0;0,0
22710006549000;18;7;11;45,1
22710006550000;21;13;8;44,8
22710006551000;6;3;3;55,2
22710006552000;20;10;10;44,6
22710006553000;23;15;8;34,2
22710006554000;16;8;8;39,1
22710006555000;7;3;4;52,9
22710006556000;6;3;3;68,8
22710006568000;37;20;17;41,9
22710006569000;83;43;40;41,4
22710006570000;1082;548;534;40,5
22710006571000;416;211;205;43,8
22710006572000;2246;1094;1152;39,3
22710006573000;307;164;143;37,6
22710006574000;1271;617;654;39,1
22710006575000;1101;487;614;45,2
22710006576000;605;305;300;39,2
22710006577000;2;1;1;0,0
22710006578000;3;2;1;0,0
22710006579000;87;43;44;40,8
22710006580000;17;10;7;28,9
22710006581000;20;9;11;44,4
22710006582000;95;51;44;38,1
22710006583000;73;40;33;40,8
22710006584000;28;16;12;44,4
22710006587000;3;2;1;0,0
22710006589000;2;2;0;0,0
22710006593000;8;5;3;42,9
22710006594000;4;2;2;0,0
22710006595000;6;4;2;61,5
22710006596000;4;3;1;0,0
22710006597000;17;10;7;38,1
22710006598000;12;6;6;38,0
22710006599000;13;6;7;42,5
22710006600000;4;2;2;0,0
22710006601000;2;1;1;0,0
22710006602000;3;1;2;0,0
22710006604000;1;0;1;0,0
22710006605000;1;1;0;0,0
22710006614000;2;1;1;0,0
22710006615000;41;20;21;34,8
22710006616000;96;54;42;37,1
22710006617000;25;13;12;33,7
22710006618000;17;9;8;40,0
22710006619000;12;7;5;55,8
22710006620000;298;155;143;32,3
22710006621000;174;85;89;34,3
22710006622000;6;4;2;40,5
22710006623000;24;13;11;27,2
22710006624000;14;13;1;36,3
22710006628000;4;3;1;0,0
22710006629000;52;26;26;40,2
22710006630000;53;29;24;45,3
22710006631000;29;17;12;38,4
22710006632000;78;46;32;36,9
22710006633000;100;46;54;35,0
22710006634000;74;46;28;40,4
22710006636000;36;33;3;42,7
22710006639000;2;1;1;0,0
22710006646000;6;2;4;29,0
22710006648000;20;10;10;32,1
22710006649000;2;1;1;0,0
22710006650000;917;459;458;33,2
22710006651000;3904;1953;1951;38,0
22710006652000;5394;2707;2687;35,3
22710006653000;2959;1509;1450;34,6
22710006654000;1616;831;785;39,2
22710006655000;1974;949;1025;34,6
22710006657000;1401;671;730;35,5
22710006658000;458;206;252;36,0
22710006659000;1;0;1;0,0
22710006660000;472;242;230;30,9
22710006661000;444;238;206;35,5
22710006662000;58;29;29;40,5
22710006663000;25;16;9;36,5
22710006664000;43;24;19;40,7
22710006665000;40;23;17;37,7
22710006666000;69;38;31;37,5
22710006667000;39;21;18;39,7
22710006668000;56;32;24;37,9
22710006669000;86;42;44;37,9
22710006670000;78;44;34;38,9
22710006671000;4;2;2;0,0
22710006708000;26;15;11;40,7
22710006709000;5;2;3;59,2
22710006728000;23;12;11;44,2
22710006729000;69;36;33;52,1
22710006730000;52;28;24;44,6
22710006731000;73;39;34;43,2
22710006732000;69;30;39;41,2
22710006733000;458;194;264;49,3
22710006734000;221;100;121;53,0
22710006735000;158;75;83;46,7
22710006736000;67;34;33;36,3
22710006737000;59;32;27;45,1
22710006738000;49;30;19;27,2
22710006739000;77;44;33;48,3
22710006740000;64;30;34;37,6
22710006741000;18;8;10;41,7
22710006744000;11;6;5;34,5
22710006745000;35;15;20;43,0
22710006746000;17;10;7;49,7
22710006747000;7;5;2;43,4
22710006748000;11;6;5;28,6
22710006749000;55;27;28;37,5
22710006750000;14;8;6;35,9
22710006751000;8;3;5;46,9
22710006752000;53;30;23;38,6
22710006753000;15;7;8;37,1
22710006755000;34;20;14;30,4
22710006756000;5;1;4;72,8
22710006757000;9;4;5;39,2
22710006758000;37;17;20;35,6
22710006761000;24;13;11;36,8
22710006762000;3;1;2;0,0
22710006764000;66;35;31;46,5
22710006765000;10;5;5;32,8
22710006766000;80;50;30;33,9
22710006767000;89;46;43;40,2
22710006768000;3;2;1;0,0
22710006770000;10;6;4;37,4
22710006771000;17;6;11;39,8
22710006772000;27;14;13;40,3
22710006773000;6;3;3;53,7
22710006775000;8;4;4;49,5
22710006780000;4;3;1;0,0
22710006858000;5;2;3;32,6
22710006890000;4;2;2;0,0
22710006891000;30;18;12;38,1
22710006892000;39;21;18;42,7
22710006893000;7;3;4;39,0
22710006894000;92;47;45;34,7
22710006895000;26;15;11;47,6
22710006896000;38;16;22;47,8
22710006897000;6;4;2;49,0
22710006898000;19;11;8;43,2
22710006900000;15;9;6;25,5
22710006901000;18;9;9;30,4
22710006902000;7;3;4;37,3
22710006904000;9;4;5;28,4
22710006905000;10;6;4;28,5
22710006906000;2;1;1;0,0
22710006915000;5;2;3;46,8
22710006916000;4;2;2;0,0
22710006923000;7;4;3;36,1
22710006977000;2;2;0;0,0
22710006978000;8;3;5;49,9
22710006980000;12;7;5;35,8
22710006985000;5;2;3;30,6
22710006987000;10;4;6;44,1
22710006988000;11;8;3;40,6
22710006989000;18;9;9;57,7
22710006990000;4;2;2;0,0
22710006992000;38;22;16;43,1
22710007019000;19;8;11;31,5
22710007021000;10;7;3;38,5
22710007022000;78;40;38;35,3
22710007023000;22;14;8;33,4
22710007024000;48;28;20;44,8
22710007025000;61;31;30;41,0
22710007026000;38;22;16;40,4
22710007027000;243;117;126;31,9
22710007028000;960;484;476;29,6
22710007029000;33;18;15;36,8
22710007030000;27;15;12;36,0
22710007031000;30;16;14;37,1
22710007032000;43;21;22;51,9
22710007033000;36;19;17;35,9
22710007034000;41;23;18;44,6
22710007035000;116;65;51;34,9
22710007036000;845;424;421;36,5
22710007037000;4119;1998;2121;38,0
22710007038000;3585;1722;1863;39,0
22710007039000;3474;1860;1614;31,3
22710007040000;3264;1656;1608;37,4
22710007041000;5429;2794;2635;35,3
22710007042000;5256;2779;2477;35,4
22710007043000;105;49;56;43,9
22710007057000;85;45;40;39,3
22710007058000;24;12;12;40,3
22710007074000;10;4;6;46,3
22710007075000;7;3;4;36,4
22710007076000;3;1;2;0,0
22710007102000;1;1;0;0,0
22710007105000;3;1;2;0,0
22710007131000;13;5;8;48,3
22710007132000;1;1;0;0,0
22720006549000;488;236;252;47,4
22720006550000;287;146;141;43,7
22720006551000;33;17;16;46,0
22720006552000;30;14;16;45,9
22720006553000;32;10;22;41,9
22720006554000;21;10;11;46,9
22720006555000;5;3;2;59,2
22720006556000;15;10;5;42,6
22720006564000;3;1;2;0,0
22720006565000;2;1;1;0,0
22720006566000;24;12;12;43,8
22720006567000;13;7;6;29,7
22720006568000;17;8;9;41,9
22720006569000;8;3;5;49,9
22720006570000;1225;602;623;38,1
22720006571000;594;310;284;36,6
22720006572000;1300;641;659;36,3
22720006573000;888;425;463;42,9
22720006574000;553;297;256;36,0
22720006575000;403;185;218;44,5
22720006576000;1099;553;546;36,8
22720006577000;119;61;58;42,3
22720006578000;46;22;24;41,0
22720006579000;203;110;93;38,4
22720006580000;1;0;1;0,0
22720006581000;56;28;28;41,7
22720006582000;14;6;8;34,1
22720006583000;19;9;10;35,4
22720006584000;8;6;2;35,0
22720006585000;9;5;4;16,2
22720006587000;18;9;9;31,5
22720006593000;9;6;3;29,1
22720006594000;6;4;2;21,5
22720006595000;30;14;16;36,1
22720006598000;2;1;1;0,0
22720006599000;2;1;1;0,0
22720006602000;5;2;3;25,6
22720006603000;3;2;1;0,0
22720006604000;1;0;1;0,0
22720006614000;3;1;2;0,0
22720006615000;9;4;5;45,9
22720006616000;24;10;14;47,3
22720006617000;45;23;22;45,4
22720006618000;18;10;8;55,4
22720006619000;3;2;1;0,0
22720006620000;15;7;8;31,1
22720006621000;3;2;1;0,0
22720006628000;1;1;0;0,0
22720006629000;47;21;26;38,0
22720006630000;3;1;2;0,0
22720006631000;3;1;2;0,0
22720006632000;17;10;7;50,2
22720006633000;44;22;22;37,8
22720006634000;24;14;10;44,2
22720006635000;52;27;25;40,3
22720006648000;1443;728;715;34,9
22720006649000;1846;963;883;38,1
22720006650000;1116;587;529;35,3
22720006651000;3560;1723;1837;35,6
22720006652000;3810;1934;1876;39,1
22720006653000;4236;2102;2134;36,9
22720006654000;8391;4209;4182;36,4
22720006655000;3589;1761;1828;39,1
22720006656000;554;299;255;33,6
22720006657000;486;237;249;41,1
22720006658000;2114;1052;1062;38,0
22720006659000;865;401;464;33,9
22720006660000;162;81;81;30,2
22720006661000;13;6;7;52,8
22720006662000;23;12;11;25,5
22720006663000;7;4;3;69,9
22720006665000;101;51;50;39,7
22720006666000;4;2;2;0,0
22720006667000;3;1;2;0,0
22720006707000;20;14;6;28,2
22720006708000;5;3;2;44,4
22720006728000;10;5;5;52,5
22720006729000;267;136;131;39,3
22720006730000;226;106;120;39,1
22720006731000;35;22;13;35,2
22720006732000;21;11;10;41,8
22720006733000;31;16;15;36,7
22720006734000;221;103;118;41,7
22720006735000;42;18;24;40,7
22720006736000;59;31;28;40,1
22720006737000;30;14;16;35,7
22720006738000;346;167;179;36,5
22720006739000;130;65;65;43,6
22720006740000;25;12;13;34,6
22720006741000;6;3;3;41,2
22720006744000;9;4;5;40,3
22720006745000;36;18;18;32,8
22720006746000;38;23;15;34,0
22720006747000;11;3;8;45,5
22720006748000;61;31;30;40,8
22720006749000;25;12;13;26,6
22720006751000;10;4;6;52,8
22720006752000;33;16;17;37,9
22720006753000;21;8;13;53,7
22720006754000;5;3;2;51,8
22720006755000;37;15;22;34,1
22720006756000;26;15;11;35,3
22720006757000;8;4;4;30,4
22720006758000;62;31;31;38,1
22720006759000;21;12;9;41,2
22720006760000;12;6;6;49,7
22720006761000;17;11;6;50,6
22720006763000;6;3;3;55,7
22720006764000;30;17;13;42,2
22720006765000;2;1;1;0,0
22720006766000;5;2;3;45,4
22720006767000;6;3;3;55,5
22720006768000;32;19;13;43,8
22720006769000;37;23;14;39,5
22720006770000;33;16;17;44,4
22720006771000;40;19;21;42,0
22720006773000;16;10;6;41,9
22720006774000;4;3;1;0,0
22720006776000;5;4;1;19,4
22720006779000;3;2;1;0,0
22720006856000;6;3;3;34,2
22720006890000;51;29;22;36,4
22720006892000;10;6;4;37,9
22720006893000;202;100;102;41,6
22720006894000;339;149;190;46,3
22720006895000;44;18;26;42,6
22720006896000;26;14;12;43,3
22720006897000;5;2;3;42,4
22720006898000;13;7;6;31,7
22720006899000;3;1;2;0,0
22720006900000;7;3;4;53,6
22720006901000;13;6;7;44,5
22720006902000;4;2;2;0,0
22720006903000;31;16;15;41,1
22720006904000;62;29;33;42,8
22720006906000;5;1;4;25,6
22720006915000;10;7;3;44,7
22720006916000;12;5;7;37,1
22720006922000;14;5;9;43,0
22720006923000;2;1;1;0,0
22720006973000;4;3;1;0,0
22720006974000;15;6;9;37,2
22720006975000;13;9;4;29,5
22720006976000;37;20;17;37,3
22720006977000;10;5;5;38,5
22720006989000;5;2;3;32,0
22720006990000;15;7;8;38,6
22720006992000;5;3;2;37,8
22720007021000;2;1;1;0,0
22720007022000;23;10;13;36,6
22720007024000;27;13;14;37,7
22720007025000;15;6;9;34,2
22720007026000;660;343;317;31,1
22720007027000;683;355;328;35,7
22720007028000;27;14;13;46,5
22720007029000;35;20;15;40,9
22720007030000;18;8;10;37,7
22720007031000;26;12;14;32,0
22720007032000;94;48;46;37,9
22720007033000;40;22;18;34,1
22720007034000;26;13;13;41,6
22720007035000;39;23;16;35,6
22720007036000;16;5;11;35,8
22720007037000;799;393;406;37,6
22720007038000;2950;1409;1541;39,6
22720007039000;3554;1930;1624;36,8
22720007040000;2911;1352;1559;43,5
22720007041000;3878;1824;2054;39,2
22720007042000;3972;2029;1943;35,7
22720007043000;2191;1084;1107;38,7
22720007044000;540;266;274;37,1
22720007057000;1;1;0;0,0
22720007058000;27;17;10;35,2
22720007059000;10;5;5;45,0
22720007074000;1;1;0;0,0
22720007097000;4;2;2;0,0
22720007103000;2;1;1;0,0
22720007127000;18;9;9;55,2
22720007128000;27;13;14;52,2
22720007131000;2;0;2;0,0
22720007132000;1;1;0;0,0
22720007137000;5;4;1;64,0
22720007138000;14;11;3;59,1
22730006545000;4;2;2;0,0
22730006546000;21;12;9;48,4
22730006547000;4;2;2;0,0
22730006549000;20;11;9;47,8
22730006550000;26;13;13;51,6
22730006551000;7;3;4;64,0
22730006552000;4;2;2;0,0
22730006553000;8;4;4;45,5
22730006554000;20;8;12;45,8
22730006562000;6;3;3;34,8
22730006563000;27;16;11;30,7
22730006564000;11;6;5;37,6
22730006565000;116;64;52;40,2
22730006566000;45;20;25;39,7
22730006567000;245;111;134;44,1
22730006568000;218;110;108;41,3
22730006569000;9;4;5;62,7
22730006570000;4;1;3;0,0
22730006571000;16;8;8;34,4
22730006572000;165;77;88;32,3
22730006573000;751;375;376;36,6
22730006574000;643;315;328;34,5
22730006575000;205;106;99;35,6
22730006576000;725;376;349;37,4
22730006577000;652;336;316;39,9
22730006578000;90;45;45;42,3
22730006579000;15;8;7;59,9
22730006580000;10;4;6;33,3
22730006581000;69;41;28;42,0
22730006582000;27;15;12;42,7
22730006583000;252;120;132;35,0
22730006586000;8;3;5;31,8
22730006587000;12;6;6;23,7
22730006592000;5;4;1;57,8
22730006593000;133;69;64;38,2
22730006594000;261;118;143;37,5
22730006595000;39;12;27;29,9
22730006596000;4;2;2;0,0
22730006597000;6;3;3;41,0
22730006598000;34;15;19;46,5
22730006599000;9;4;5;49,4
22730006600000;8;2;6;32,3
22730006602000;8;1;7;23,8
22730006604000;4;2;2;0,0
22730006605000;12;6;6;33,6
22730006608000;2;1;1;0,0
22730006609000;7;4;3;24,3
22730006613000;3;2;1;0,0
22730006614000;4;2;2;0,0
22730006615000;25;13;12;32,5
22730006616000;17;9;8;48,1
22730006617000;22;11;11;43,1
22730006618000;49;25;24;38,4
22730006619000;17;11;6;42,9
22730006620000;14;7;7;41,6
22730006621000;13;9;4;42,0
22730006622000;14;8;6;39,1
22730006628000;5;3;2;35,2
22730006629000;3;2;1;0,0
22730006630000;4;2;2;0,0
22730006631000;12;9;3;47,1
22730006632000;8;4;4;26,0
22730006634000;142;76;66;41,6
22730006635000;1;1;0;0,0
22730006638000;1;0;1;0,0
22730006646000;10;6;4;36,7
22730006647000;21;10;11;38,5
22730006648000;1782;963;819;35,1
22730006649000;2784;1350;1434;38,9
22730006650000;2729;1330;1399;44,3
22730006651000;1512;823;689;35,6
22730006652000;1957;1008;949;36,9
22730006653000;1460;722;738;41,7
22730006654000;146;66;80;42,0
22730006655000;879;431;448;37,1
22730006656000;1288;679;609;36,1
22730006657000;116;60;56;42,9
22730006658000;633;320;313;36,0
22730006659000;569;296;273;32,7
22730006660000;26;15;11;44,1
22730006661000;9;4;5;27,0
22730006688000;2;1;1;0,0
22730006707000;14;9;5;44,6
22730006708000;19;11;8;39,2
22730006717000;1;1;0;0,0
22730006728000;16;9;7;34,3
22730006729000;58;32;26;45,0
22730006730000;67;37;30;40,6
22730006731000;13;8;5;33,5
22730006732000;40;18;22;37,5
22730006733000;33;15;18;37,9
22730006734000;166;80;86;45,1
22730006735000;24;13;11;37,1
22730006736000;46;23;23;49,5
22730006737000;256;133;123;35,4
22730006738000;399;173;226;44,0
22730006739000;7;4;3;31,9
22730006740000;5;2;3;39,6
22730006744000;25;14;11;49,6
22730006745000;46;26;20;30,9
22730006746000;55;29;26;39,4
22730006747000;79;34;45;40,1
22730006748000;156;73;83;46,4
22730006749000;77;38;39;34,3
22730006751000;3;1;2;0,0
22730006752000;38;20;18;53,7
22730006753000;20;13;7;58,4
22730006754000;42;21;21;41,3
22730006755000;28;15;13;33,1
22730006756000;13;9;4;41,5
22730006757000;38;21;17;36,7
22730006758000;68;35;33;37,7
22730006759000;8;5;3;36,3
22730006760000;67;34;33;41,3
22730006761000;20;10;10;41,1
22730006763000;8;5;3;51,8
22730006764000;9;5;4;33,6
22730006765000;12;5;7;35,8
22730006767000;4;2;2;0,0
22730006768000;2;2;0;0,0
22730006769000;6;4;2;43,5
22730006770000;31;18;13;40,9
22730006771000;4;3;1;0,0
22730006779000;8;4;4;40,5
22730006891000;9;5;4;39,9
22730006892000;63;27;36;42,5
22730006893000;18;10;8;49,8
22730006896000;3;1;2;0,0
22730006903000;16;8;8;48,3
22730006904000;15;8;7;42,8
22730006905000;11;6;5;31,5
22730006906000;15;6;9;45,3
22730006907000;17;9;8;33,2
22730006908000;14;7;7;45,1
22730006911000;16;9;7;37,6
22730006914000;11;5;6;36,6
22730006915000;12;7;5;40,8
22730006922000;5;4;1;17,2
22730006923000;5;2;3;34,4
22730006973000;28;15;13;45,7
22730006974000;9;5;4;38,9
22730006976000;3;2;1;0,0
22730006989000;2;2;0;0,0
22730006990000;6;2;4;29,2
22730006993000;5;3;2;41,4
22730006994000;3;1;2;0,0
22730006995000;4;2;2;0,0
22730007021000;28;16;12;29,0
22730007025000;56;29;27;38,3
22730007026000;647;311;336;39,6
22730007027000;1115;545;570;34,2
22730007028000;62;39;23;33,4
22730007029000;64;31;33;45,4
22730007030000;32;17;15;37,6
22730007031000;43;20;23;37,9
22730007032000;96;41;55;35,9
22730007033000;19;12;7;39,3
22730007037000;104;54;50;38,6
22730007038000;715;370;345;37,2
22730007039000;3244;1590;1654;39,6
22730007040000;734;359;375;39,7
22730007041000;2737;1364;1373;38,3
22730007042000;934;459;475;38,3
22730007043000;1847;902;945;39,4
22730007044000;438;204;234;44,4
22730007059000;24;14;10;37,9
22730007076000;10;6;4;43,6
22730007097000;13;8;5;47,5
22730007103000;15;5;10;27,9
22730007124000;5;2;3;38,8
22730007132000;102;51;51;46,5
22730007133000;7;3;4;70,6
22730007138000;3;2;1;0,0
22740006547000;18;11;7;38,4
22740006548000;63;34;29;51,0
22740006549000;1;1;0;0,0
22740006552000;13;4;9;55,8
22740006553000;21;12;9;36,5
22740006554000;15;9;6;41,4
22740006555000;3;2;1;0,0
22740006562000;6;2;4;61,8
22740006563000;27;14;13;36,1
22740006564000;21;10;11;39,1
22740006565000;24;13;11;39,2
22740006566000;17;9;8;26,9
22740006567000;294;146;148;34,4
22740006568000;10;4;6;43,9
22740006569000;33;17;16;41,0
22740006570000;407;210;197;37,0
22740006571000;71;39;32;39,5
22740006572000;21;10;11;37,5
22740006573000;10;1;9;42,3
22740006574000;19;9;10;38,5
22740006575000;97;51;46;29,2
22740006576000;1618;800;818;36,1
22740006577000;1660;855;805;36,6
22740006578000;328;160;168;39,1
22740006579000;179;91;88;41,2
22740006580000;57;31;26;46,8
22740006582000;4;2;2;0,0
22740006583000;22;9;13;23,6
22740006585000;8;6;2;31,1
22740006587000;18;10;8;41,0
22740006593000;27;13;14;43,1
22740006594000;22;12;10;44,8
22740006596000;36;16;20;49,8
22740006597000;18;11;7;41,4
22740006598000;8;5;3;31,6
22740006600000;1;1;0;0,0
22740006601000;12;6;6;48,8
22740006602000;12;6;6;44,3
22740006603000;5;3;2;22,4
22740006604000;3;2;1;0,0
22740006605000;6;3;3;39,3
22740006606000;4;2;2;0,0
22740006607000;6;2;4;54,2
22740006608000;3;2;1;0,0
22740006613000;9;5;4;33,2
22740006614000;5;3;2;65,0
22740006615000;14;6;8;40,4
22740006616000;6;4;2;30,2
22740006617000;14;10;4;38,9
22740006618000;42;21;21;31,2
22740006619000;91;50;41;36,9
22740006620000;1195;590;605;37,5
22740006621000;60;31;29;39,3
22740006622000;9;6;3;32,4
22740006628000;21;10;11;39,0
22740006629000;76;44;32;34,7
22740006630000;41;23;18;32,2
22740006632000;64;37;27;36,0
22740006633000;13;8;5;44,2
22740006634000;14;6;8;42,4
22740006645000;1;1;0;0,0
22740006646000;35;18;17;43,1
22740006647000;27;12;15;36,4
22740006648000;3049;1489;1560;37,8
22740006649000;3244;1554;1690;38,7
22740006650000;1447;673;774;44,4
22740006651000;2765;1439;1326;36,3
22740006652000;110;61;49;35,5
22740006655000;117;72;45;38,5
22740006656000;26;15;11;38,6
22740006657000;29;19;10;34,5
22740006658000;21;11;10;36,9
22740006659000;87;41;46;41,7
22740006660000;2;2;0;0,0
22740006681000;8;5;3;48,3
22740006682000;7;5;2;31,0
22740006700000;8;3;5;48,0
22740006709000;1;1;0;0,0
22740006717000;5;2;3;39,0
22740006726000;8;3;5;38,1
22740006727000;57;32;25;40,2
22740006728000;56;25;31;39,4
22740006729000;64;34;30;41,4
22740006730000;1;1;0;0,0
22740006731000;8;7;1;51,5
22740006732000;35;18;17;40,9
22740006733000;46;21;25;45,6
22740006734000;135;68;67;42,8
22740006735000;38;21;17;42,8
22740006736000;56;30;26;45,3
22740006737000;365;182;183;42,1
22740006738000;239;99;140;49,4
22740006744000;4;3;1;0,0
22740006745000;94;53;41;36,5
22740006746000;18;10;8;29,6
22740006747000;67;31;36;42,7
22740006748000;18;12;6;43,6
22740006749000;6;3;3;41,5
22740006750000;2;1;1;0,0
22740006752000;2;1;1;0,0
22740006753000;30;16;14;43,8
22740006755000;20;11;9;43,1
22740006756000;26;12;14;31,5
22740006757000;87;45;42;41,9
22740006758000;86;49;37;36,1
22740006759000;19;8;11;33,3
22740006760000;16;12;4;36,3
22740006761000;24;15;9;48,5
22740006762000;16;8;8;47,6
22740006763000;6;3;3;49,0
22740006764000;5;3;2;26,4
22740006767000;13;6;7;30,4
22740006768000;10;5;5;41,3
22740006769000;3;2;1;0,0
22740006770000;15;7;8;33,2
22740006778000;9;5;4;42,0
22740006779000;2;1;1;0,0
22740006854000;3;1;2;0,0
22740006890000;16;7;9;36,8
22740006891000;42;23;19;44,3
22740006892000;8;4;4;32,5
22740006897000;1;1;0;0,0
22740006904000;6;3;3;32,8
22740006905000;13;5;8;40,4
22740006906000;58;31;27;37,4
22740006907000;3;2;1;0,0
22740006909000;7;4;3;33,1
22740006910000;71;33;38;34,9
22740006911000;102;56;46;36,2
22740006912000;20;12;8;45,5
22740006913000;16;6;10;41,2
22740006914000;2;1;1;0,0
22740006922000;11;5;6;50,1
22740006923000;9;5;4;42,1
22740006973000;14;9;5;29,3
22740006989000;2;1;1;0,0
22740006990000;19;11;8;50,1
22740006991000;3;2;1;0,0
22740006992000;12;8;4;54,5
22740007021000;13;7;6;51,5
22740007022000;165;90;75;32,7
22740007026000;143;79;64;51,5
22740007027000;33;17;16;37,7
22740007028000;26;14;12;40,9
22740007029000;18;10;8;25,4
22740007030000;78;34;44;37,5
22740007031000;12;6;6;36,2
22740007032000;317;144;173;28,0
22740007033000;51;25;26;35,3
22740007034000;20;8;12;36,9
22740007038000;358;190;168;34,5
22740007039000;1468;742;726;36,5
22740007040000;1908;957;951;39,1
22740007041000;433;212;221;37,8
22740007042000;22;11;11;40,8
22740007043000;6;3;3;38,5
22740007059000;5;2;3;52,8
22740007077000;24;13;11;31,8
22740007095000;1;1;0;0,0
22740007096000;6;3;3;41,2
22740007097000;4;3;1;0,0
22740007098000;1;1;0;0,0
22740007102000;21;11;10;36,6
22740007103000;75;48;27;39,3
22740007107000;5;3;2;42,6
22740007124000;20;11;9;35,5
22740007125000;4;2;2;0,0
22740007127000;2;1;1;0,0
22740007133000;43;23;20;42,1
22740007134000;3;2;1;0,0
22750006549000;2;1;1;0,0
22750006553000;6;3;3;46,0
22750006554000;14;7;7;46,6
22750006555000;5;2;3;67,8
22750006564000;7;5;2;30,6
22750006565000;5;4;1;31,4
22750006566000;47;22;25;41,6
22750006567000;199;106;93;41,4
22750006568000;6;4;2;33,0
22750006569000;8;5;3;43,1
22750006570000;213;108;105;35,4
22750006571000;55;26;29;36,2
22750006572000;14;9;5;33,2
22750006573000;4;4;0;0,0
22750006574000;43;20;23;32,3
22750006575000;147;77;70;41,4
22750006576000;1214;615;599;36,6
22750006577000;2027;957;1070;42,8
22750006578000;1461;731;730;39,2
22750006579000;725;350;375;39,0
22750006580000;216;101;115;36,5
22750006583000;4;1;3;0,0
22750006584000;8;5;3;40,8
22750006586000;10;4;6;44,8
22750006587000;4;3;1;0,0
22750006593000;41;22;19;37,5
22750006594000;11;7;4;33,5
22750006595000;6;2;4;17,5
22750006597000;3;1;2;0,0
22750006602000;1;1;0;0,0
22750006604000;5;3;2;56,6
22750006607000;6;5;1;49,7
22750006608000;13;9;4;49,5
22750006609000;4;3;1;0,0
22750006610000;3;1;2;0,0
22750006612000;4;2;2;0,0
22750006613000;7;2;5;37,0
22750006615000;56;30;26;35,0
22750006616000;514;249;265;34,4
22750006617000;40;20;20;35,9
22750006618000;17;11;6;43,3
22750006619000;43;23;20;34,7
22750006620000;106;61;45;39,2
22750006621000;213;106;107;40,8
22750006622000;4;2;2;0,0
22750006627000;6;3;3;45,7
22750006628000;113;51;62;37,9
22750006629000;353;186;167;34,5
22750006630000;160;89;71;39,2
22750006631000;57;33;24;37,2
22750006633000;5;2;3;30,6
22750006635000;2;0;2;0,0
22750006644000;11;4;7;32,4
22750006645000;14;8;6;48,1
22750006646000;18;10;8;38,3
22750006647000;13;6;7;41,9
22750006648000;252;131;121;37,5
22750006649000;322;163;159;39,3
22750006650000;234;124;110;39,2
22750006651000;2321;1207;1114;37,3
22750006652000;1553;792;761;37,3
22750006653000;713;358;355;38,6
22750006654000;60;28;32;45,1
22750006655000;85;45;40;39,3
22750006656000;32;20;12;28,1
22750006657000;9;5;4;48,6
22750006659000;69;37;32;35,8
22750006660000;64;35;29;39,6
22750006680000;72;36;36;32,3
22750006681000;187;100;87;34,0
22750006682000;28;13;15;45,5
22750006699000;19;13;6;38,1
22750006700000;5;4;1;22,8
22750006705000;12;7;5;49,6
22750006706000;3;1;2;0,0
22750006726000;23;19;4;42,7
22750006727000;95;52;43;38,1
22750006728000;151;74;77;41,8
22750006729000;41;22;19;37,4
22750006730000;10;5;5;51,6
22750006731000;21;9;12;39,3
22750006732000;86;44;42;45,6
22750006733000;65;28;37;41,8
22750006734000;42;21;21;35,5
22750006735000;120;59;61;41,9
22750006736000;49;26;23;39,4
22750006737000;379;185;194;40,1
22750006744000;16;8;8;50,6
22750006745000;50;25;25;43,0
22750006746000;99;54;45;34,2
22750006747000;173;95;78;35,1
22750006748000;38;21;17;41,8
22750006749000;24;15;9;43,9
22750006750000;25;14;11;37,0
22750006751000;7;5;2;41,6
22750006753000;29;15;14;34,0
22750006754000;28;17;11;37,6
22750006755000;22;15;7;37,1
22750006756000;25;15;10;45,3
22750006757000;15;8;7;45,9
22750006758000;113;57;56;37,6
22750006759000;32;18;14;44,3
22750006760000;69;33;36;38,9
22750006761000;5;3;2;65,2
22750006762000;16;10;6;37,6
22750006763000;5;1;4;22,4
22750006767000;5;4;1;43,4
22750006770000;9;5;4;50,3
22750006771000;7;4;3;44,6
22750006777000;5;1;4;40,0
22750006778000;10;5;5;41,9
22750006824000;1;1;0;0,0
22750006852000;2;1;1;0,0
22750006853000;1;1;0;0,0
22750006888000;6;2;4;60,7
22750006889000;16;7;9;37,8
22750006890000;18;10;8;32,8
22750006896000;3;2;1;0,0
22750006907000;5;3;2;33,4
22750006908000;1;1;0;0,0
22750006909000;14;7;7;39,5
22750006910000;66;32;34;31,3
22750006911000;28;12;16;44,1
22750006921000;6;3;3;41,0
22750006922000;9;6;3;33,2
22750006923000;21;11;10;27,5
22750006987000;3;1;2;0,0
22750006989000;28;15;13;44,7
22750006990000;46;21;25;43,6
22750006991000;23;10;13;46,6
22750006992000;5;3;2;25,6
22750006993000;2;1;1;0,0
22750006995000;1;0;1;0,0
22750007022000;26;16;10;38,3
22750007023000;27;14;13;33,6
22750007029000;76;36;40;35,5
22750007030000;6;4;2;36,7
22750007031000;22;8;14;32,6
22750007032000;44;23;21;44,1
22750007033000;27;15;12;42,0
22750007034000;81;35;46;37,2
22750007035000;8;4;4;50,8
22750007036000;57;32;25;36,1
22750007037000;56;32;24;36,8
22750007038000;456;236;220;31,4
22750007039000;580;298;282;33,2
22750007040000;2854;1440;1414;36,8
22750007041000;1905;942;963;33,5
22750007042000;633;287;346;37,0
22750007077000;6;3;3;58,8
22750007078000;5;2;3;57,6
22750007095000;27;14;13;38,0
22750007096000;20;11;9;29,4
22750007097000;14;4;10;41,8
22750007102000;42;23;19;40,0
22750007103000;43;23;20;42,1
22750007108000;5;3;2;28,4
22750007124000;32;13;19;46,3
22750007127000;8;4;4;60,0
22750007133000;11;6;5;48,7
22750007134000;13;5;8;53,3
22750007135000;6;3;3;65,2
22760006548000;1;0;1;0,0
22760006549000;4;1;3;0,0
22760006550000;1;1;0;0,0
22760006551000;4;3;1;0,0
22760006564000;12;8;4;31,8
22760006565000;45;22;23;42,9
22760006566000;23;10;13;51,7
22760006567000;3;1;2;0,0
22760006568000;25;15;10;37,9
22760006569000;20;8;12;28,4
22760006570000;435;219;216;36,9
22760006571000;47;22;25;32,8
22760006572000;23;13;10;50,8
22760006573000;22;11;11;49,5
22760006574000;39;24;15;32,8
22760006575000;34;15;19;42,2
22760006576000;681;355;326;36,9
22760006577000;347;166;181;38,8
22760006578000;273;135;138;37,8
22760006579000;217;91;126;55,1
22760006580000;17;8;9;30,9
22760006584000;7;3;4;46,6
22760006585000;45;24;21;41,6
22760006586000;1;0;1;0,0
22760006592000;3;2;1;0,0
22760006593000;23;13;10;31,9
22760006594000;11;3;8;39,1
22760006597000;12;8;4;42,9
22760006602000;1;1;0;0,0
22760006603000;8;5;3;60,3
22760006609000;39;20;19;43,4
22760006610000;28;15;13;40,6
22760006611000;10;5;5;41,5
22760006613000;17;10;7;41,2
22760006614000;20;10;10;28,2
22760006615000;231;117;114;37,3
22760006616000;482;227;255;39,9
22760006617000;1;1;0;0,0
22760006618000;7;4;3;40,0
22760006619000;2;1;1;0,0
22760006620000;8;4;4;44,8
22760006621000;30;18;12;41,3
22760006622000;57;31;26;35,6
22760006623000;25;15;10;37,3
22760006624000;2;0;2;0,0
22760006627000;9;5;4;33,6
22760006628000;674;344;330;38,0
22760006629000;425;209;216;32,7
22760006630000;3;3;0;0,0
22760006648000;5;3;2;65,4
22760006649000;78;40;38;44,3
22760006650000;1062;462;600;34,2
22760006651000;2746;1378;1368;36,0
22760006652000;1678;825;853;41,5
22760006653000;2153;1108;1045;35,1
22760006654000;3259;1586;1673;35,5
22760006655000;829;406;423;35,6
22760006656000;17;10;7;37,8
22760006657000;40;22;18;45,8
22760006658000;42;20;22;36,9
22760006659000;127;66;61;36,3
22760006660000;25;11;14;28,1
22760006667000;145;65;80;31,2
22760006668000;3;1;2;0,0
22760006679000;87;47;40;37,9
22760006680000;34;17;17;38,3
22760006681000;32;18;14;39,4
22760006682000;75;41;34;38,1
22760006683000;2;1;1;0,0
22760006713000;5;2;3;26,8
22760006714000;1;0;1;0,0
22760006727000;45;27;18;42,3
22760006728000;155;75;80;39,3
22760006729000;39;21;18;41,6
22760006730000;9;5;4;54,1
22760006732000;71;35;36;47,1
22760006733000;133;63;70;38,5
22760006734000;51;26;25;39,1
22760006735000;137;69;68;37,2
22760006736000;65;34;31;42,3
22760006743000;8;4;4;52,3
22760006744000;18;10;8;31,8
22760006745000;80;41;39;35,4
22760006746000;21;9;12;44,1
22760006747000;26;12;14;37,8
22760006748000;25;10;15;39,1
22760006749000;71;33;38;43,0
22760006750000;43;25;18;42,7
22760006751000;15;7;8;37,6
22760006752000;16;10;6;31,7
22760006753000;5;2;3;38,0
22760006754000;39;22;17;29,9
22760006755000;17;9;8;41,5
22760006756000;25;13;12;38,5
22760006757000;28;14;14;35,2
22760006758000;170;80;90;33,0
22760006759000;58;25;33;36,6
22760006760000;24;13;11;36,0
22760006761000;75;39;36;40,6
22760006763000;37;15;22;42,4
22760006764000;7;4;3;31,1
22760006765000;11;6;5;26,0
22760006766000;13;6;7;36,0
22760006771000;23;11;12;34,9
22760006852000;3;2;1;0,0
22760006886000;14;7;7;33,5
22760006887000;5;2;3;30,2
22760006910000;9;4;5;45,3
22760006911000;24;11;13;36,0
22760006970000;4;2;2;0,0
22760006987000;7;5;2;27,7
22760006988000;6;3;3;42,8
22760006989000;20;9;11;40,8
22760006993000;2;1;1;0,0
22760007023000;27;15;12;40,4
22760007031000;6;4;2;28,5
22760007033000;2;1;1;0,0
22760007034000;21;10;11;44,1
22760007035000;34;17;17;35,9
22760007036000;2;1;1;0,0
22760007037000;132;77;55;43,7
22760007038000;91;46;45;36,1
22760007039000;717;357;360;31,2
22760007040000;1522;746;776;37,0
22760007041000;1188;627;561;34,8
22760007078000;10;7;3;48,4
22760007087000;3;2;1;0,0
22760007095000;5;3;2;48,6
22760007096000;14;8;6;38,0
22760007103000;87;47;40;35,9
22760007104000;3;1;2;0,0
22760007109000;8;4;4;25,6
22760007126000;6;4;2;63,7
22760007127000;26;12;14;50,8
22760007140000;4;2;2;0,0
22760007142000;2;1;1;0,0
22770006564000;3;2;1;0,0
22770006566000;3;2;1;0,0
22770006567000;42;22;20;39,5
22770006568000;28;17;11;46,8
22770006569000;59;31;28;46,2
22770006570000;61;32;29;34,9
22770006571000;14;8;6;52,6
22770006572000;12;7;5;46,5
22770006573000;25;13;12;31,8
22770006574000;349;180;169;41,0
22770006575000;327;171;156;37,1
22770006576000;843;434;409;36,5
22770006577000;2143;1078;1065;38,3
22770006578000;2367;1153;1214;37,2
22770006579000;1245;604;641;39,8
22770006580000;107;53;54;44,0
22770006582000;8;2;6;37,3
22770006583000;23;11;12;41,0
22770006584000;7;3;4;58,3
22770006586000;15;6;9;45,0
22770006587000;14;8;6;40,7
22770006588000;1;1;0;0,0
22770006592000;3;1;2;0,0
22770006593000;14;7;7;38,0
22770006594000;11;8;3;40,7
22770006595000;3;2;1;0,0
22770006597000;3;3;0;0,0
22770006602000;6;3;3;44,2
22770006603000;4;2;2;0,0
22770006608000;4;3;1;0,0
22770006609000;12;7;5;47,1
22770006610000;7;3;4;39,4
22770006611000;38;23;15;30,8
22770006612000;15;7;8;32,9
22770006613000;5;4;1;23,4
22770006614000;3;2;1;0,0
22770006615000;171;81;90;33,7
22770006616000;6;4;2;47,7
22770006617000;2;0;2;0,0
22770006618000;7;5;2;41,1
22770006619000;16;11;5;39,4
22770006621000;6;3;3;31,5
22770006622000;42;21;21;34,5
22770006623000;25;15;10;43,2
22770006624000;20;11;9;51,1
22770006625000;13;5;8;39,5
22770006626000;2;1;1;0,0
22770006627000;985;491;494;40,5
22770006628000;508;260;248;41,5
22770006629000;9;5;4;39,6
22770006635000;5;2;3;46,8
22770006649000;7;3;4;55,7
22770006650000;1792;898;894;40,1
22770006651000;2882;1442;1440;37,0
22770006652000;4091;1986;2105;40,0
22770006653000;2458;1251;1207;37,8
22770006654000;1254;611;643;38,6
22770006655000;152;74;78;37,8
22770006656000;343;183;160;37,2
22770006657000;604;297;307;34,4
22770006658000;170;70;100;33,7
22770006659000;147;75;72;35,0
22770006665000;41;23;18;41,0
22770006666000;1107;573;534;36,9
22770006667000;922;478;444;31,6
22770006668000;201;103;98;31,5
22770006669000;18;11;7;38,3
22770006670000;22;9;13;30,3
22770006675000;34;15;19;41,3
22770006676000;79;42;37;37,9
22770006677000;381;208;173;34,3
22770006678000;180;94;86;38,3
22770006679000;83;45;38;36,2
22770006681000;5;4;1;37,2
22770006682000;5;3;2;32,2
22770006683000;13;7;6;47,8
22770006684000;18;9;9;44,6
22770006685000;14;10;4;39,9
22770006686000;24;12;12;47,6
22770006687000;67;32;35;38,6
22770006688000;11;7;4;42,8
22770006705000;23;12;11;44,1
22770006712000;9;4;5;33,2
22770006726000;21;14;7;32,9
22770006727000;37;19;18;44,6
22770006728000;38;21;17;44,6
22770006729000;127;70;57;41,8
22770006730000;380;185;195;44,3
22770006731000;326;146;180;46,2
22770006732000;246;130;116;43,4
22770006733000;47;27;20;32,8
22770006734000;19;10;9;34,0
22770006735000;9;4;5;42,0
22770006740000;2;1;1;0,0
22770006742000;5;3;2;29,2
22770006743000;35;15;20;43,9
22770006744000;10;5;5;52,5
22770006745000;34;18;16;33,2
22770006746000;28;17;11;41,9
22770006747000;2;1;1;0,0
22770006748000;39;18;21;46,5
22770006749000;64;33;31;45,5
22770006750000;49;27;22;39,9
22770006751000;12;5;7;28,8
22770006752000;3;2;1;0,0
22770006753000;8;2;6;33,6
22770006754000;10;5;5;57,7
22770006755000;60;25;35;38,4
22770006756000;46;24;22;37,3
22770006757000;139;75;64;37,7
22770006758000;15;8;7;45,1
22770006760000;105;53;52;44,7
22770006761000;87;48;39;28,2
22770006762000;38;20;18;44,9
22770006763000;23;9;14;39,1
22770006764000;14;7;7;38,1
22770006765000;5;4;1;31,2
22770006766000;18;9;9;36,7
22770006767000;21;11;10;37,1
22770006785000;1;1;0;0,0
22770006851000;1;0;1;0,0
22770006852000;4;2;2;0,0
22770006885000;6;2;4;43,2
22770006886000;1;1;0;0,0
22770006910000;3;1;2;0,0
22770006911000;33;16;17;42,6
22770006912000;24;13;11;51,9
22770006913000;7;3;4;30,4
22770006918000;6;4;2;55,2
22770006919000;2;2;0;0,0
22770006967000;3;2;1;0,0
22770006987000;20;9;11;36,8
22770006988000;4;2;2;0,0
22770007023000;3;1;2;0,0
22770007031000;10;5;5;49,9
22770007033000;1;1;0;0,0
22770007034000;24;11;13;33,3
22770007035000;16;8;8;21,8
22770007036000;34;16;18;38,9
22770007037000;38;24;14;40,3
22770007038000;143;64;79;26,1
22770007039000;1465;735;730;31,3
22770007040000;893;458;435;34,2
22770007041000;501;251;250;36,3
22770007062000;1;1;0;0,0
22770007079000;14;7;7;37,4
22770007103000;28;17;11;46,5
22770007104000;4;2;2;0,0
22770007110000;10;6;4;35,8
22770007111000;2;2;0;0,0
22770007112000;3;2;1;0,0
22770007126000;27;13;14;39,3
22770007135000;4;4;0;0,0
22770007136000;2;1;1;0,0
22770007141000;1;1;0;0,0
22780006558000;1;1;0;0,0
22780006561000;2;1;1;0,0
22780006562000;15;7;8;53,9
22780006563000;40;21;19;45,4
22780006564000;13;8;5;33,2
22780006565000;9;5;4;37,0
22780006566000;11;9;2;37,6
22780006568000;2;1;1;0,0
22780006569000;24;11;13;40,1
22780006570000;19;8;11;37,2
22780006573000;8;4;4;63,1
22780006574000;51;28;23;43,2
22780006575000;233;120;113;36,0
22780006576000;2;1;1;0,0
22780006577000;1961;996;965;43,4
22780006578000;3061;1434;1627;49,4
22780006579000;2455;1140;1315;42,0
22780006580000;1233;588;645;41,8
22780006582000;8;3;5;68,9
22780006583000;12;6;6;39,3
22780006584000;10;5;5;47,2
22780006587000;6;4;2;30,0
22780006588000;2;2;0;0,0
22780006589000;1;1;0;0,0
22780006590000;6;3;3;65,8
22780006594000;30;19;11;36,0
22780006595000;25;12;13;44,2
22780006600000;7;4;3;53,9
22780006601000;9;6;3;37,3
22780006602000;34;17;17;40,9
22780006603000;2;1;1;0,0
22780006607000;13;7;6;40,0
22780006608000;21;10;11;40,1
22780006609000;63;39;24;37,5
22780006610000;3;1;2;0,0
22780006611000;32;17;15;37,3
22780006612000;2;1;1;0,0
22780006613000;639;337;302;32,1
22780006614000;487;235;252;37,5
22780006615000;960;444;516;42,9
22780006616000;5;4;1;11,8
22780006617000;6;4;2;36,5
22780006618000;5;2;3;39,2
22780006619000;17;9;8;43,6
22780006620000;7;4;3;45,3
22780006622000;17;8;9;57,4
22780006625000;2;2;0;0,0
22780006626000;43;24;19;29,9
22780006627000;457;213;244;32,1
22780006628000;215;105;110;26,9
22780006629000;13;5;8;46,3
22780006637000;1;1;0;0,0
22780006650000;3177;1556;1621;38,4
22780006651000;804;395;409;44,9
22780006652000;1785;876;909;37,9
22780006653000;2383;1190;1193;38,1
22780006654000;332;168;164;40,7
22780006655000;310;165;145;29,4
22780006656000;1984;993;991;32,7
22780006657000;1799;914;885;30,1
22780006658000;1884;919;965;42,7
22780006659000;1649;834;815;38,0
22780006660000;48;23;25;38,3
22780006661000;7;3;4;48,4
22780006663000;8;5;3;39,9
22780006665000;388;192;196;32,5
22780006666000;473;248;225;33,8
22780006667000;35;18;17;43,5
22780006668000;42;22;20;35,6
22780006669000;101;54;47;34,8
22780006670000;10;7;3;24,1
22780006671000;11;6;5;24,3
22780006672000;251;124;127;26,9
22780006673000;361;180;181;32,3
22780006674000;48;26;22;42,5
22780006675000;65;39;26;41,0
22780006676000;8;3;5;32,9
22780006677000;27;20;7;35,5
22780006678000;13;7;6;34,4
22780006679000;17;10;7;32,8
22780006680000;87;44;43;31,5
22780006681000;69;41;28;36,3
22780006682000;10;6;4;30,4
22780006683000;5;4;1;43,0
22780006684000;32;20;12;38,5
22780006685000;66;32;34;39,5
22780006686000;30;16;14;30,7
22780006687000;88;40;48;36,6
22780006688000;83;48;35;36,2
22780006697000;2;1;1;0,0
22780006698000;8;5;3;37,8
22780006704000;8;3;5;47,8
22780006705000;17;9;8;37,8
22780006707000;19;9;10;32,2
22780006712000;6;4;2;54,7
22780006728000;14;7;7;38,4
22780006729000;70;32;38;43,6
22780006730000;178;74;104;52,3
22780006731000;29;17;12;39,9
22780006732000;46;27;19;35,0
22780006733000;27;13;14;44,3
22780006734000;17;9;8;42,4
22780006740000;30;15;15;42,7
22780006741000;80;44;36;36,3
22780006743000;223;106;117;53,0
22780006744000;103;55;48;35,4
22780006745000;42;25;17;40,0
22780006746000;26;14;12;37,4
22780006747000;13;6;7;35,5
22780006748000;15;9;6;29,9
22780006749000;21;11;10;42,5
22780006750000;40;23;17;33,1
22780006751000;6;3;3;47,8
22780006754000;4;2;2;0,0
22780006756000;61;27;34;41,1
22780006757000;383;193;190;38,8
22780006758000;41;24;17;42,6
22780006759000;34;17;17;42,7
22780006760000;201;108;93;38,5
22780006761000;54;25;29;35,1
22780006762000;55;30;25;32,0
22780006763000;5;2;3;17,0
22780006765000;6;4;2;61,8
22780006785000;2;1;1;0,0
22780006884000;14;7;7;41,5
22780006885000;11;8;3;46,7
22780006909000;24;12;12;41,9
22780006910000;54;29;25;40,2
22780006911000;55;28;27;38,4
22780006912000;26;14;12;31,8
22780006913000;105;63;42;36,3
22780006914000;25;13;12;43,1
22780006915000;38;20;18;34,8
22780006916000;19;9;10;30,7
22780006917000;13;5;8;30,8
22780006983000;1;0;1;0,0
22780006986000;9;5;4;29,7
22780006987000;43;24;19;47,8
22780006988000;12;3;9;29,7
22780007030000;6;5;1;41,8
22780007031000;24;11;13;41,8
22780007036000;26;16;10;35,2
22780007037000;20;10;10;34,6
22780007038000;21;12;9;41,9
22780007039000;423;215;208;35,2
22780007040000;174;92;82;42,0
22780007041000;180;87;93;39,5
22780007062000;11;6;5;58,4
22780007063000;4;2;2;0,0
22780007070000;5;3;2;58,8
22780007103000;15;7;8;45,1
22780007104000;6;5;1;55,7
22780007111000;1;1;0;0,0
22780007123000;6;4;2;39,0
22780007124000;5;3;2;54,8
22780007125000;5;2;3;48,2
22780007135000;6;3;3;60,8
22780007137000;3;2;1;0,0
22790006562000;34;18;16;43,3
22790006563000;23;13;10;45,9
22790006564000;142;76;66;42,6
22790006565000;38;19;19;35,0
22790006566000;1;1;0;0,0
22790006567000;23;13;10;46,7
22790006568000;38;18;20;37,6
22790006569000;29;13;16;39,7
22790006571000;5;2;3;51,8
22790006572000;2;1;1;0,0
22790006573000;14;8;6;54,5
22790006574000;105;55;50;40,2
22790006575000;962;493;469;38,1
22790006576000;214;105;109;36,5
22790006577000;964;484;480;37,2
22790006578000;603;319;284;36,7
22790006579000;807;373;434;41,9
22790006580000;736;383;353;40,1
22790006581000;475;231;244;30,9
22790006582000;14;9;5;36,4
22790006583000;14;9;5;46,8
22790006584000;11;5;6;43,5
22790006585000;6;3;3;41,8
22790006589000;16;10;6;37,5
22790006590000;1;1;0;0,0
22790006592000;4;2;2;0,0
22790006593000;11;6;5;46,0
22790006594000;9;5;4;37,0
22790006595000;44;20;24;41,8
22790006598000;5;2;3;50,4
22790006599000;15;10;5;39,5
22790006600000;47;21;26;38,1
22790006601000;42;23;19;39,0
22790006602000;27;16;11;40,0
22790006603000;1;1;0;0,0
22790006606000;22;13;9;28,0
22790006607000;19;9;10;34,0
22790006608000;44;24;20;39,2
22790006609000;16;9;7;37,5
22790006610000;4;2;2;0,0
22790006611000;18;9;9;45,4
22790006612000;34;26;8;41,4
22790006613000;17;9;8;40,3
22790006614000;312;152;160;42,7
22790006615000;1282;610;672;43,2
22790006616000;21;11;10;37,4
22790006617000;16;7;9;39,9
22790006618000;15;6;9;42,5
22790006619000;8;4;4;19,1
22790006622000;18;10;8;50,3
22790006623000;3;1;2;0,0
22790006625000;12;5;7;42,6
22790006626000;33;15;18;36,9
22790006627000;126;61;65;36,8
22790006628000;12;6;6;51,0
22790006649000;107;55;52;36,8
22790006650000;933;451;482;36,4
22790006651000;1911;961;950;37,3
22790006652000;2047;1001;1046;41,8
22790006653000;4493;2244;2249;43,2
22790006654000;1045;512;533;43,1
22790006655000;558;296;262;36,5
22790006656000;1420;716;704;32,2
22790006657000;156;87;69;37,5
22790006658000;603;318;285;38,3
22790006659000;1906;949;957;38,4
22790006660000;559;273;286;31,3
22790006661000;64;37;27;33,4
22790006662000;15;9;6;41,7
22790006663000;51;26;25;31,6
22790006664000;39;22;17;41,8
22790006665000;751;342;409;43,5
22790006666000;384;207;177;43,6
22790006667000;82;43;39;38,1
22790006668000;52;29;23;39,3
22790006669000;57;29;28;33,6
22790006670000;88;39;49;36,3
22790006671000;43;23;20;39,3
22790006672000;211;103;108;34,3
22790006673000;186;85;101;33,8
22790006674000;21;9;12;37,3
22790006675000;52;28;24;35,7
22790006676000;15;9;6;29,1
22790006677000;29;14;15;41,5
22790006679000;60;33;27;35,7
22790006680000;25;13;12;47,2
22790006681000;45;24;21;44,1
22790006682000;653;305;348;47,8
22790006683000;854;424;430;32,8
22790006684000;88;48;40;42,3
22790006685000;182;94;88;37,7
22790006686000;87;46;41;38,6
22790006687000;75;38;37;38,6
22790006688000;6;4;2;37,0
22790006696000;51;25;26;41,6
22790006697000;77;44;33;44,6
22790006698000;80;42;38;36,3
22790006699000;27;13;14;36,1
22790006705000;3;1;2;0,0
22790006712000;11;5;6;29,7
22790006713000;12;7;5;36,3
22790006728000;3;1;2;0,0
22790006729000;120;65;55;37,5
22790006730000;154;78;76;43,6
22790006731000;26;14;12;39,7
22790006732000;16;11;5;43,5
22790006733000;8;4;4;46,6
22790006739000;49;22;27;38,6
22790006740000;19;12;7;44,7
22790006741000;53;23;30;45,6
22790006742000;52;21;31;64,3
22790006743000;33;18;15;35,0
22790006744000;113;55;58;38,2
22790006745000;31;16;15;46,5
22790006746000;11;8;3;43,7
22790006749000;11;5;6;35,2
22790006753000;3;2;1;0,0
22790006754000;17;10;7;41,4
22790006755000;175;82;93;40,2
22790006756000;597;283;314;43,2
22790006757000;1358;656;702;44,8
22790006758000;859;431;428;41,8
22790006759000;198;106;92;39,0
22790006760000;39;19;20;35,0
22790006761000;32;17;15;39,2
22790006762000;7;4;3;36,9
22790006766000;1;1;0;0,0
22790006835000;1;1;0;0,0
22790006837000;1;1;0;0,0
22790006850000;17;7;10;44,2
22790006851000;75;45;30;48,9
22790006884000;42;23;19;39,0
22790006885000;2;1;1;0,0
22790006910000;6;2;4;26,3
22790006911000;107;46;61;41,0
22790006912000;50;26;24;29,5
22790006913000;48;26;22;42,3
22790006914000;65;27;38;37,9
22790006915000;29;14;15;38,7
22790006916000;5;3;2;31,0
22790006984000;4;2;2;0,0
22790006985000;25;11;14;33,4
22790006986000;68;33;35;41,3
22790007031000;2;1;1;0,0
22790007036000;26;14;12;44,7
22790007037000;15;10;5;38,4
22790007038000;22;13;9;33,5
22790007040000;14;7;7;50,1
22790007041000;685;337;348;38,1
22790007042000;40;23;17;34,1
22790007069000;13;7;6;41,4
22790007080000;2;1;1;0,0
22790007100000;2;1;1;0,0
22790007104000;2;1;1;0,0
22790007123000;4;2;2;0,0
22790007136000;3;1;2;0,0
22790007137000;9;6;3;44,6
22800006562000;7;3;4;41,7
22800006564000;33;18;15;51,3
22800006565000;138;68;70;41,7
22800006566000;111;54;57;35,6
22800006567000;19;8;11;49,6
22800006568000;24;12;12;35,5
22800006569000;60;29;31;45,1
22800006570000;21;8;13;43,4
22800006571000;4;3;1;0,0
22800006572000;36;22;14;35,0
22800006573000;41;23;18;41,6
22800006574000;95;54;41;36,3
22800006575000;508;237;271;46,0
22800006576000;1615;819;796;36,6
22800006577000;303;154;149;40,2
22800006578000;1007;495;512;40,2
22800006579000;1079;534;545;40,1
22800006580000;118;57;61;41,7
22800006581000;10;5;5;47,2
22800006582000;25;16;9;51,1
22800006583000;21;14;7;34,9
22800006584000;40;23;17;33,6
22800006585000;26;16;10;47,8
22800006586000;4;2;2;0,0
22800006588000;9;6;3;19,2
22800006589000;11;5;6;38,2
22800006590000;10;6;4;33,1
22800006592000;6;4;2;17,3
22800006593000;5;2;3;31,8
22800006595000;5;3;2;67,4
22800006596000;14;10;4;41,8
22800006597000;3;2;1;0,0
22800006598000;11;7;4;36,9
22800006599000;7;3;4;38,4
22800006600000;17;8;9;30,8
22800006601000;4;1;3;0,0
22800006602000;3;2;1;0,0
22800006603000;35;17;18;35,5
22800006604000;23;12;11;37,2
22800006605000;16;8;8;33,0
22800006606000;24;14;10;49,1
22800006607000;17;9;8;27,5
22800006608000;3;2;1;0,0
22800006609000;8;4;4;28,6
22800006610000;24;13;11;35,8
22800006611000;229;113;116;33,6
22800006612000;281;147;134;34,9
22800006613000;63;36;27;37,7
22800006614000;32;17;15;36,8
22800006615000;13;8;5;40,7
22800006616000;18;8;10;26,3
22800006617000;20;11;9;29,9
22800006618000;25;14;11;35,8
22800006619000;43;26;17;39,9
22800006620000;33;13;20;42,4
22800006621000;10;6;4;39,3
22800006622000;19;8;11;32,8
22800006625000;26;17;9;36,7
22800006626000;43;19;24;38,3
22800006627000;35;20;15;48,9
22800006628000;5;2;3;38,2
22800006643000;62;33;29;31,8
22800006644000;39;17;22;32,3
22800006648000;111;61;50;36,9
22800006649000;500;267;233;44,4
22800006650000;2128;1084;1044;35,2
22800006651000;38;21;17;49,6
22800006652000;2049;1047;1002;36,5
22800006653000;1931;945;986;40,5
22800006654000;477;244;233;37,2
22800006655000;30;17;13;49,6
22800006656000;33;21;12;33,9
22800006657000;32;21;11;36,8
22800006658000;4;2;2;0,0
22800006659000;120;62;58;34,6
22800006660000;1343;666;677;33,5
22800006661000;341;167;174;25,9
22800006662000;116;89;27;39,3
22800006663000;96;45;51;41,4
22800006664000;4;3;1;0,0
22800006665000;10;5;5;39,8
22800006666000;47;26;21;40,7
22800006668000;21;12;9;46,2
22800006669000;105;55;50;36,8
22800006670000;90;42;48;44,8
22800006671000;6;4;2;19,8
22800006673000;483;243;240;38,8
22800006674000;109;53;56;35,1
22800006675000;25;12;13;43,6
22800006676000;16;7;9;39,8
22800006677000;35;18;17;36,4
22800006678000;19;13;6;45,9
22800006679000;16;10;6;43,8
22800006680000;51;27;24;34,6
22800006681000;17;10;7;35,0
22800006682000;435;219;216;40,1
22800006683000;553;282;271;38,0
22800006685000;276;140;136;30,9
22800006686000;748;365;383;39,2
22800006687000;680;357;323;35,5
22800006688000;14;9;5;31,3
22800006690000;2;1;1;0,0
22800006695000;70;40;30;42,3
22800006696000;75;37;38;46,6
22800006698000;4;2;2;0,0
22800006699000;5;1;4;47,0
22800006700000;16;9;7;47,9
22800006704000;10;7;3;41,0
22800006711000;55;29;26;47,5
22800006712000;86;53;33;40,9
22800006713000;4;1;3;0,0
22800006728000;29;14;15;34,6
22800006729000;131;70;61;39,6
22800006730000;92;44;48;38,0
22800006731000;18;9;9;36,2
22800006738000;13;5;8;33,6
22800006739000;33;17;16;34,7
22800006740000;24;14;10;32,2
22800006741000;38;20;18;45,8
22800006744000;5;3;2;40,6
22800006745000;18;9;9;33,3
22800006746000;2;1;1;0,0
22800006751000;7;4;3;17,6
22800006752000;5;2;3;46,4
22800006753000;22;13;9;46,1
22800006754000;266;129;137;41,6
22800006755000;1461;734;727;40,7
22800006756000;1030;473;557;49,3
22800006757000;750;357;393;45,6
22800006758000;1386;688;698;35,1
22800006759000;151;89;62;33,0
22800006760000;12;7;5;45,3
22800006761000;10;6;4;45,0
22800006762000;4;3;1;0,0
22800006767000;7;5;2;31,9
22800006849000;15;8;7;52,6
22800006850000;11;7;4;46,5
22800006851000;8;3;5;60,5
22800006883000;10;3;7;39,8
22800006884000;6;2;4;36,0
22800006893000;11;7;4;38,5
22800006894000;15;6;9;49,7
22800006895000;31;15;16;33,2
22800006896000;57;31;26;42,8
22800006897000;18;10;8;39,6
22800006898000;11;6;5;34,7
22800006904000;7;3;4;43,1
22800006910000;621;295;326;37,0
22800006911000;277;120;157;44,7
22800006912000;103;39;64;60,8
22800006913000;116;53;63;44,9
22800006914000;12;7;5;36,5
22800006918000;6;3;3;37,8
22800006981000;1;0;1;0,0
22800006984000;7;3;4;43,6
22800006985000;31;16;15;43,9
22800006986000;65;28;37;32,8
22800007035000;6;3;3;26,0
22800007038000;6;3;3;26,0
22800007040000;9;4;5;31,1
22800007041000;1750;885;865;35,7
22800007042000;574;290;284;35,9
22800007063000;8;5;3;62,4
22800007064000;12;8;4;24,3
22800007068000;8;5;3;32,8
22800007069000;9;5;4;57,8
22800007081000;13;7;6;36,6
22800007105000;17;8;9;50,8
22800007106000;10;7;3;46,5
22800007107000;1;1;0;0,0
22800007113000;7;3;4;59,0
22800007114000;5;3;2;48,4
22800007122000;1;1;0;0,0
22800007123000;20;9;11;36,8
22800007138000;4;3;1;0,0
22800007139000;22;12;10;48,4
22800007140000;176;89;87;44,5
22800007141000;48;25;23;39,6
22800007143000;9;4;5;63,3
22810006560000;2;1;1;0,0
22810006561000;3;2;1;0,0
22810006562000;3;2;1;0,0
22810006563000;20;10;10;47,0
22810006564000;3;2;1;0,0
22810006567000;148;73;75;38,4
22810006568000;198;103;95;36,8
22810006569000;44;21;23;32,0
22810006570000;39;23;16;35,9
22810006571000;11;6;5;46,0
22810006572000;5;3;2;43,2
22810006574000;534;261;273;43,8
22810006575000;1462;714;748;41,2
22810006576000;1398;703;695;38,3
22810006577000;11;7;4;31,2
22810006578000;19;7;12;43,9
22810006579000;104;51;53;35,9
22810006580000;203;111;92;40,0
22810006581000;507;256;251;40,1
22810006582000;30;16;14;50,3
22810006583000;33;17;16;30,9
22810006584000;30;19;11;26,5
22810006585000;10;4;6;47,9
22810006586000;36;16;20;37,3
22810006587000;7;3;4;57,1
22810006588000;222;108;114;34,5
22810006589000;6;3;3;40,2
22810006590000;3;2;1;0,0
22810006593000;8;5;3;36,1
22810006594000;7;3;4;22,4
22810006595000;26;14;12;38,9
22810006596000;14;9;5;37,4
22810006597000;61;32;29;36,4
22810006598000;14;7;7;29,2
22810006599000;26;17;9;48,9
22810006600000;11;5;6;36,5
22810006601000;3;1;2;0,0
22810006603000;16;7;9;28,6
22810006604000;31;17;14;38,3
22810006605000;24;16;8;29,6
22810006606000;53;28;25;38,2
22810006607000;7;4;3;33,9
22810006608000;8;6;2;65,4
22810006609000;10;6;4;44,7
22810006610000;48;25;23;32,9
22810006611000;193;109;84;35,7
22810006612000;460;227;233;33,5
22810006613000;360;179;181;33,6
22810006614000;3;2;1;0,0
22810006615000;25;10;15;21,6
22810006616000;10;5;5;39,4
22810006617000;26;12;14;33,7
22810006618000;3;2;1;0,0
22810006619000;15;7;8;41,2
22810006620000;3;1;2;0,0
22810006621000;7;5;2;44,9
22810006622000;1;1;0;0,0
22810006624000;2;1;1;0,0
22810006625000;13;8;5;45,2
22810006626000;15;9;6;39,1
22810006627000;32;16;16;44,7
22810006628000;6;2;4;44,8
22810006629000;1;1;0;0,0
22810006630000;5;3;2;32,4
22810006632000;30;14;16;37,6
22810006633000;2;1;1;0,0
22810006641000;124;64;60;42,9
22810006642000;592;308;284;36,5
22810006643000;304;152;152;35,3
22810006644000;58;31;27;42,8
22810006645000;50;34;16;35,9
22810006646000;169;85;84;37,6
22810006647000;688;341;347;29,1
22810006648000;225;115;110;38,2
22810006649000;15;7;8;46,9
22810006655000;3;1;2;0,0
22810006657000;397;214;183;32,7
22810006658000;101;48;53;31,9
22810006659000;7;3;4;45,7
22810006660000;182;108;74;33,4
22810006661000;862;440;422;28,0
22810006663000;21;11;10;46,4
22810006664000;7;4;3;40,0
22810006665000;9;5;4;44,9
22810006666000;98;55;43;40,4
22810006667000;59;39;20;31,6
22810006668000;19;8;11;46,1
22810006669000;54;23;31;38,3
22810006670000;7;3;4;37,4
22810006671000;20;11;9;47,0
22810006672000;94;53;41;36,9
22810006673000;21;11;10;45,2
22810006674000;15;8;7;35,0
22810006675000;7;4;3;19,6
22810006676000;12;7;5;33,6
22810006678000;34;15;19;43,9
22810006679000;46;23;23;42,0
22810006680000;3;3;0;0,0
22810006682000;2;1;1;0,0
22810006683000;14;7;7;31,8
22810006684000;4;2;2;0,0
22810006685000;36;20;16;34,3
22810006686000;475;213;262;34,1
22810006687000;734;380;354;34,8
22810006688000;2;1;1;0,0
22810006689000;5;3;2;32,6
22810006690000;12;7;5;33,9
22810006691000;10;6;4;32,8
22810006695000;1;1;0;0,0
22810006700000;16;9;7;60,3
22810006701000;28;16;12;44,9
22810006703000;49;22;27;30,7
22810006704000;124;67;57;44,4
22810006706000;1;1;0;0,0
22810006707000;41;21;20;46,4
22810006708000;16;8;8;44,5
22810006709000;12;7;5;39,8
22810006710000;66;36;30;39,8
22810006711000;72;34;38;42,2
22810006712000;39;23;16;55,0
22810006728000;10;6;4;29,5
22810006729000;203;109;94;35,2
22810006730000;73;35;38;46,4
22810006737000;1;1;0;0,0
22810006738000;12;5;7;36,4
22810006739000;11;8;3;37,7
22810006740000;1;0;1;0,0
22810006741000;17;7;10;44,8
22810006742000;13;6;7;28,5
22810006750000;71;36;35;36,2
22810006751000;43;19;24;45,2
22810006752000;49;26;23;38,2
22810006753000;37;19;18;35,7
22810006754000;144;70;74;36,3
22810006755000;355;166;189;38,2
22810006756000;53;40;13;37,0
22810006757000;113;59;54;40,0
22810006758000;354;184;170;36,6
22810006759000;132;66;66;39,4
22810006760000;38;23;15;26,1
22810006761000;10;5;5;39,0
22810006762000;34;18;16;37,8
22810006763000;27;11;16;34,1
22810006764000;46;24;22;32,8
22810006765000;18;10;8;47,8
22810006766000;16;9;7;31,1
22810006767000;1;1;0;0,0
22810006768000;3;3;0;0,0
22810006769000;6;4;2;47,7
22810006838000;3;1;2;0,0
22810006841000;10;7;3;53,9
22810006849000;4;3;1;0,0
22810006850000;2;1;1;0,0
22810006859000;2;1;1;0,0
22810006861000;8;4;4;39,5
22810006882000;2;1;1;0,0
22810006883000;7;2;5;29,7
22810006891000;3;2;1;0,0
22810006892000;25;12;13;34,2
22810006893000;77;41;36;40,6
22810006894000;25;12;13;47,8
22810006895000;31;15;16;40,9
22810006896000;33;17;16;40,7
22810006897000;8;2;6;41,1
22810006910000;259;141;118;32,3
22810006911000;784;377;407;42,0
22810006912000;273;133;140;44,7
22810006913000;73;35;38;36,1
22810006920000;3;2;1;0,0
22810006977000;1;1;0;0,0
22810006980000;9;5;4;51,7
22810006981000;17;8;9;44,7
22810006982000;19;10;9;43,9
22810006983000;10;5;5;37,5
22810006987000;4;2;2;0,0
22810006988000;12;7;5;33,8
22810007030000;4;2;2;0,0
22810007031000;2;2;0;0,0
22810007032000;5;3;2;34,4
22810007035000;11;5;6;42,4
22810007037000;11;5;6;39,7
22810007039000;40;21;19;38,6
22810007040000;16;7;9;40,3
22810007041000;1171;577;594;39,1
22810007042000;17;10;7;33,5
22810007056000;9;4;5;45,0
22810007057000;12;2;10;52,9
22810007066000;16;8;8;35,2
22810007067000;62;35;27;33,5
22810007068000;34;14;20;33,0
22810007069000;49;26;23;42,3
22810007070000;1;1;0;0,0
22810007081000;15;8;7;36,7
22810007082000;1;1;0;0,0
22810007097000;11;5;6;41,0
22810007098000;5;1;4;48,8
22810007106000;8;5;3;52,0
22810007107000;25;10;15;49,8
22810007122000;1;0;1;0,0
22810007138000;7;4;3;39,1
22810007139000;4;2;2;0,0
22810007140000;67;37;30;33,7
22810007141000;19;10;9;41,0
22810007142000;10;4;6;43,1
22810007143000;22;13;9;54,5
22810007144000;8;5;3;49,9
22820006556000;5;2;3;36,0
22820006559000;2;1;1;0,0
22820006561000;40;21;19;44,3
22820006562000;19;9;10;31,7
22820006563000;82;43;39;43,1
22820006564000;8;4;4;24,1
22820006565000;7;3;4;53,3
22820006566000;9;6;3;51,3
22820006567000;207;102;105;42,0
22820006568000;248;127;121;38,4
22820006569000;861;439;422;36,8
22820006570000;175;91;84;36,8
22820006571000;26;13;13;42,7
22820006572000;4;2;2;0,0
22820006573000;453;236;217;42,8
22820006574000;1150;582;568;39,2
22820006575000;1065;508;557;37,0
22820006576000;868;459;409;34,5
22820006577000;109;50;59;37,3
22820006578000;6;2;4;47,5
22820006583000;17;10;7;37,9
22820006584000;148;72;76;39,5
22820006585000;105;51;54;48,0
22820006586000;40;21;19;33,1
22820006587000;9;6;3;53,8
22820006588000;88;45;43;30,8
22820006589000;9;3;6;50,2
22820006591000;22;12;10;50,2
22820006592000;11;5;6;31,5
22820006593000;14;9;5;34,6
22820006594000;27;18;9;35,1
22820006595000;48;27;21;39,2
22820006596000;30;14;16;34,9
22820006597000;48;25;23;38,3
22820006598000;1028;489;539;38,1
22820006599000;517;247;270;40,7
22820006600000;16;9;7;35,4
22820006601000;35;21;14;34,5
22820006602000;13;6;7;52,5
22820006603000;39;19;20;33,7
22820006604000;16;9;7;31,6
22820006605000;55;30;25;39,5
22820006606000;1;1;0;0,0
22820006607000;26;14;12;42,3
22820006608000;49;26;23;33,5
22820006609000;25;14;11;39,0
22820006610000;508;258;250;37,4
22820006611000;1415;714;701;38,3
22820006612000;276;146;130;40,5
22820006613000;13;6;7;49,2
22820006614000;7;5;2;36,0
22820006615000;3;1;2;0,0
22820006617000;52;30;22;35,2
22820006618000;17;8;9;43,2
22820006619000;18;10;8;35,9
22820006620000;14;8;6;36,7
22820006621000;2;2;0;0,0
22820006625000;5;3;2;43,0
22820006626000;17;13;4;36,5
22820006627000;11;6;5;32,7
22820006628000;4;2;2;0,0
22820006630000;15;9;6;33,5
22820006631000;90;47;43;36,3
22820006632000;226;118;108;35,7
22820006633000;3;1;2;0,0
22820006638000;4;3;1;0,0
22820006639000;201;101;100;33,5
22820006640000;20;11;9;37,8
22820006641000;9;5;4;32,1
22820006644000;10;8;2;34,1
22820006645000;26;11;15;26,3
22820006646000;92;51;41;34,7
22820006647000;38;18;20;33,9
22820006651000;280;151;129;35,9
22820006652000;29;18;11;40,4
22820006653000;39;18;21;30,6
22820006654000;15;8;7;25,7
22820006655000;22;12;10;38,0
22820006656000;304;148;156;38,5
22820006657000;438;208;230;37,8
22820006658000;93;52;41;40,5
22820006659000;22;12;10;35,5
22820006660000;726;357;369;40,3
22820006661000;5;4;1;33,6
22820006662000;10;7;3;39,7
22820006665000;45;23;22;40,2
22820006666000;59;30;29;39,0
22820006667000;74;46;28;39,9
22820006668000;85;49;36;36,6
22820006669000;68;43;25;36,0
22820006670000;98;58;40;32,9
22820006671000;15;9;6;28,7
22820006672000;23;11;12;38,3
22820006675000;22;11;11;24,5
22820006676000;9;4;5;55,8
22820006677000;8;5;3;43,0
22820006679000;79;56;23;38,4
22820006680000;15;6;9;38,3
22820006681000;122;70;52;36,4
22820006682000;75;46;29;36,4
22820006683000;78;34;44;41,9
22820006685000;27;15;12;34,5
22820006686000;61;28;33;43,7
22820006687000;39;19;20;32,8
22820006688000;6;4;2;57,3
22820006689000;27;13;14;41,7
22820006693000;16;9;7;41,9
22820006694000;13;8;5;45,5
22820006697000;2;1;1;0,0
22820006699000;3;2;1;0,0
22820006701000;5;1;4;39,8
22820006702000;28;14;14;34,1
22820006703000;58;23;35;40,5
22820006704000;41;19;22;42,7
22820006705000;26;15;11;45,1
22820006706000;26;13;13;56,9
22820006707000;105;55;50;41,1
22820006708000;72;35;37;31,4
22820006709000;13;5;8;49,1
22820006710000;23;12;11;32,4
22820006711000;1;1;0;0,0
22820006728000;13;9;4;39,6
22820006729000;92;43;49;45,6
22820006730000;20;8;12;36,1
22820006738000;7;1;6;27,0
22820006739000;12;7;5;55,9
22820006740000;47;22;25;47,7
22820006741000;32;16;16;49,1
22820006749000;174;92;82;35,2
22820006750000;43;22;21;38,0
22820006751000;40;20;20;32,3
22820006752000;36;15;21;39,3
22820006753000;102;54;48;36,2
22820006754000;26;11;15;32,3
22820006755000;18;8;10;43,5
22820006756000;10;5;5;43,9
22820006757000;14;8;6;36,1
22820006758000;53;26;27;42,0
22820006759000;98;44;54;39,3
22820006760000;39;20;19;33,0
22820006761000;54;25;29;35,4
22820006762000;60;28;32;37,5
22820006763000;59;33;26;37,3
22820006764000;16;9;7;41,4
22820006766000;10;7;3;52,4
22820006767000;12;6;6;33,6
22820006837000;1;1;0;0,0
22820006838000;12;6;6;40,4
22820006839000;9;5;4;33,6
22820006840000;12;7;5;30,7
22820006842000;6;3;3;56,2
22820006843000;2;2;0;0,0
22820006844000;4;3;1;0,0
22820006847000;5;2;3;56,2
22820006848000;1;1;0;0,0
22820006862000;4;2;2;0,0
22820006881000;1;1;0;0,0
22820006889000;7;4;3;24,1
22820006890000;11;6;5;38,2
22820006891000;10;4;6;26,6
22820006892000;14;7;7;45,0
22820006893000;13;7;6;50,2
22820006911000;17;10;7;28,8
22820006912000;120;66;54;38,0
22820006913000;28;17;11;53,9
22820006914000;31;14;17;45,9
22820006919000;3;1;2;0,0
22820006980000;1;1;0;0,0
22820006984000;6;4;2;31,8
22820006987000;26;13;13;40,9
22820006988000;40;21;19;42,1
22820007023000;4;1;3;0,0
22820007024000;24;13;11;34,0
22820007030000;2;1;1;0,0
22820007031000;8;4;4;51,6
22820007036000;38;19;19;31,8
22820007037000;19;10;9;32,8
22820007038000;39;19;20;35,6
22820007039000;27;15;12;39,5
22820007040000;23;13;10;42,1
22820007041000;1908;975;933;36,9
22820007042000;110;73;37;45,0
22820007057000;18;9;9;42,4
22820007058000;12;6;6;30,1
22820007066000;9;3;6;27,0
22820007067000;348;181;167;39,0
22820007068000;76;41;35;47,7
22820007069000;160;80;80;37,3
22820007070000;9;4;5;49,3
22820007071000;8;6;2;47,8
22820007072000;29;16;13;35,6
22820007077000;2;1;1;0,0
22820007082000;11;7;4;44,0
22820007107000;4;2;2;0,0
22820007115000;10;6;4;42,6
22820007116000;14;7;7;41,4
22820007117000;5;2;3;36,4
22820007137000;25;12;13;42,2
22820007138000;25;12;13;44,0
22820007143000;2;2;0;0,0
22820007148000;37;17;20;47,4
22820007149000;18;7;11;44,3
22830006556000;80;38;42;46,4
22830006557000;15;7;8;49,5
22830006558000;11;5;6;27,5
22830006559000;2;1;1;0,0
22830006560000;2;1;1;0,0
22830006561000;11;5;6;52,7
22830006562000;4;2;2;0,0
22830006565000;18;8;10;42,5
22830006566000;10;5;5;51,4
22830006567000;46;32;14;33,3
22830006568000;95;47;48;39,7
22830006569000;127;58;69;35,6
22830006570000;5;3;2;29,2
22830006571000;5;4;1;53,6
22830006572000;22;12;10;42,2
22830006573000;165;90;75;45,4
22830006575000;8;5;3;30,8
22830006576000;305;168;137;31,7
22830006577000;145;72;73;30,1
22830006578000;28;14;14;37,0
22830006579000;14;8;6;33,6
22830006580000;33;16;17;33,0
22830006581000;2;1;1;0,0
22830006582000;12;5;7;37,3
22830006584000;16;7;9;41,5
22830006585000;52;30;22;34,1
22830006586000;4;2;2;0,0
22830006588000;2;1;1;0,0
22830006589000;44;20;24;35,9
22830006590000;25;13;12;34,0
22830006592000;11;5;6;35,1
22830006594000;42;21;21;35,5
22830006595000;40;21;19;42,6
22830006596000;40;17;23;28,9
22830006597000;66;32;34;35,5
22830006598000;110;38;72;58,2
22830006599000;47;25;22;40,8
22830006600000;11;7;4;30,5
22830006601000;4;3;1;0,0
22830006602000;21;12;9;37,8
22830006603000;18;8;10;50,7
22830006604000;29;14;15;35,9
22830006605000;45;25;20;33,1
22830006606000;30;14;16;21,3
22830006607000;100;52;48;35,2
22830006608000;19;13;6;43,1
22830006609000;91;43;48;39,4
22830006610000;1081;507;574;43,3
22830006611000;1655;762;893;47,5
22830006612000;441;218;223;41,9
22830006613000;20;9;11;34,0
22830006614000;24;11;13;30,2
22830006615000;49;22;27;34,3
22830006616000;60;34;26;32,2
22830006617000;41;22;19;36,0
22830006618000;10;5;5;46,4
22830006619000;12;5;7;36,3
22830006620000;37;21;16;38,5
22830006621000;2;1;1;0,0
22830006623000;4;1;3;0,0
22830006624000;6;2;4;33,7
22830006625000;8;4;4;30,8
22830006627000;3;3;0;0,0
22830006628000;19;8;11;41,1
22830006629000;34;14;20;38,8
22830006630000;113;64;49;36,8
22830006631000;290;136;154;46,1
22830006632000;18;9;9;49,4
22830006633000;13;5;8;40,8
22830006638000;810;389;421;30,8
22830006639000;1729;895;834;36,6
22830006640000;5;2;3;50,0
22830006647000;63;36;27;42,6
22830006648000;143;71;72;35,1
22830006649000;154;80;74;41,4
22830006650000;338;161;177;40,0
22830006651000;133;70;63;37,3
22830006652000;88;47;41;43,2
22830006653000;42;24;18;37,4
22830006655000;31;16;15;46,4
22830006656000;156;75;81;34,4
22830006657000;10;4;6;42,7
22830006658000;30;16;14;42,2
22830006659000;29;13;16;42,6
22830006660000;480;245;235;36,6
22830006661000;113;57;56;40,9
22830006662000;140;88;52;38,7
22830006663000;48;30;18;42,8
22830006664000;13;7;6;35,6
22830006665000;19;12;7;36,9
22830006666000;23;11;12;30,3
22830006667000;22;12;10;36,6
22830006668000;2;1;1;0,0
22830006671000;22;13;9;31,6
22830006672000;25;13;12;44,3
22830006673000;37;29;8;41,0
22830006674000;29;14;15;32,7
22830006675000;7;2;5;23,9
22830006676000;21;14;7;43,0
22830006677000;2;1;1;0,0
22830006682000;38;16;22;30,9
22830006683000;12;6;6;42,9
22830006684000;26;16;10;34,1
22830006685000;21;11;10;36,1
22830006686000;18;8;10;51,7
22830006687000;9;5;4;62,4
22830006688000;26;13;13;40,7
22830006689000;49;25;24;35,7
22830006690000;16;11;5;37,5
22830006698000;3;2;1;0,0
22830006699000;3;2;1;0,0
22830006700000;18;10;8;44,6
22830006701000;14;7;7;40,3
22830006702000;5;3;2;51,0
22830006703000;146;71;75;40,4
22830006704000;89;45;44;38,8
22830006705000;102;43;59;56,8
22830006706000;321;156;165;44,0
22830006707000;147;67;80;33,5
22830006708000;25;16;9;32,3
22830006709000;35;15;20;42,1
22830006710000;12;8;4;50,8
22830006712000;10;5;5;33,3
22830006713000;4;0;4;0,0
22830006728000;15;9;6;40,7
22830006729000;56;29;27;42,9
22830006747000;283;133;150;42,3
22830006748000;459;221;238;39,6
22830006749000;70;39;31;44,0
22830006750000;75;36;39;46,3
22830006751000;65;37;28;37,0
22830006752000;41;22;19;42,0
22830006753000;267;134;133;43,4
22830006754000;41;25;16;33,2
22830006755000;91;44;47;40,9
22830006756000;28;14;14;40,5
22830006757000;22;15;7;36,5
22830006758000;11;4;7;35,8
22830006759000;24;13;11;41,1
22830006760000;32;20;12;33,1
22830006761000;45;23;22;32,3
22830006762000;20;11;9;47,1
22830006763000;47;20;27;32,8
22830006764000;16;6;10;42,4
22830006765000;19;11;8;39,6
22830006837000;4;1;3;0,0
22830006838000;2;1;1;0,0
22830006843000;3;2;1;0,0
22830006862000;1;0;1;0,0
22830006863000;14;7;7;38,8
22830006880000;2;0;2;0,0
22830006889000;6;2;4;45,5
22830006890000;4;2;2;0,0
22830006912000;5;2;3;39,0
22830006913000;39;22;17;37,8
22830006914000;14;8;6;59,4
22830006987000;124;64;60;43,7
22830006988000;47;19;28;55,9
22830006989000;5;3;2;52,2
22830007023000;8;4;4;49,8
22830007024000;60;30;30;28,0
22830007025000;5;2;3;29,4
22830007034000;8;3;5;50,3
22830007036000;10;5;5;49,8
22830007037000;21;10;11;37,4
22830007039000;80;43;37;36,4
22830007040000;29;14;15;47,1
22830007041000;340;171;169;38,8
22830007042000;68;37;31;38,5
22830007053000;17;13;4;42,1
22830007054000;3;2;1;0,0
22830007057000;3;2;1;0,0
22830007067000;260;111;149;55,8
22830007068000;242;113;129;40,4
22830007069000;89;42;47;41,8
22830007070000;29;15;14;37,7
22830007071000;21;12;9;38,9
22830007072000;22;10;12;28,2
22830007077000;1;0;1;0,0
22830007082000;2;1;1;0,0
22830007117000;13;7;6;45,6
22830007118000;6;3;3;23,7
22830007119000;14;8;6;32,3
22830007136000;9;4;5;43,1
22830007137000;84;43;41;36,4
22830007138000;88;32;56;64,3
22830007139000;7;4;3;27,3
22830007142000;11;7;4;35,1
22830007149000;21;12;9;21,4
22840006556000;267;131;136;38,5
22840006557000;162;92;70;32,0
22840006558000;17;8;9;33,9
22840006560000;1;1;0;0,0
22840006561000;2;1;1;0,0
22840006562000;48;27;21;47,2
22840006563000;36;21;15;40,2
22840006564000;18;12;6;32,7
22840006565000;23;12;11;33,5
22840006566000;23;11;12;41,6
22840006567000;8;6;2;51,9
22840006568000;13;7;6;41,5
22840006569000;24;12;12;38,0
22840006570000;10;6;4;52,9
22840006571000;6;4;2;53,5
22840006572000;11;6;5;50,3
22840006573000;15;6;9;37,7
22840006574000;13;5;8;38,5
22840006575000;2;1;1;0,0
22840006577000;2;1;1;0,0
22840006578000;46;24;22;44,7
22840006579000;337;180;157;32,5
22840006580000;208;106;102;37,4
22840006581000;24;13;11;31,6
22840006582000;28;14;14;39,4
22840006583000;8;4;4;56,0
22840006584000;5;1;4;30,2
22840006585000;4;1;3;0,0
22840006586000;57;30;27;33,9
22840006587000;3;2;1;0,0
22840006588000;16;10;6;47,9
22840006589000;12;6;6;43,8
22840006590000;5;3;2;31,4
22840006591000;12;4;8;40,2
22840006592000;8;4;4;52,4
22840006593000;2;1;1;0,0
22840006595000;4;2;2;0,0
22840006596000;22;13;9;43,8
22840006597000;25;14;11;42,6
22840006598000;78;42;36;32,3
22840006599000;30;15;15;31,7
22840006600000;27;14;13;40,9
22840006601000;46;22;24;41,9
22840006602000;12;6;6;37,4
22840006603000;60;33;27;36,7
22840006604000;27;9;18;33,8
22840006605000;19;11;8;38,9
22840006606000;13;7;6;34,7
22840006607000;32;19;13;39,7
22840006608000;6;3;3;60,8
22840006609000;239;103;136;38,1
22840006610000;1483;727;756;37,6
22840006611000;2180;1085;1095;39,9
22840006612000;1877;946;931;39,1
22840006613000;235;124;111;38,0
22840006614000;40;28;12;29,0
22840006615000;7;4;3;52,3
22840006616000;5;2;3;36,8
22840006617000;9;4;5;49,0
22840006619000;4;2;2;0,0
22840006620000;30;17;13;33,9
22840006624000;19;12;7;32,3
22840006625000;11;8;3;32,5
22840006626000;4;1;3;0,0
22840006627000;16;7;9;39,2
22840006628000;92;43;49;34,0
22840006629000;5;2;3;47,0
22840006630000;75;36;39;39,0
22840006631000;199;98;101;37,1
22840006632000;18;12;6;48,6
22840006633000;1;1;0;0,0
22840006636000;9;5;4;42,1
22840006637000;19;11;8;44,0
22840006638000;689;363;326;32,3
22840006639000;234;120;114;37,9
22840006648000;283;139;144;38,9
22840006649000;1025;500;525;42,1
22840006650000;597;295;302;37,6
22840006651000;373;187;186;33,7
22840006653000;8;4;4;33,1
22840006655000;15;9;6;39,4
22840006656000;14;8;6;51,1
22840006658000;40;19;21;26,5
22840006659000;31;15;16;37,2
22840006660000;15;7;8;44,3
22840006661000;742;392;350;31,7
22840006662000;67;33;34;38,9
22840006663000;21;13;8;35,2
22840006664000;610;291;319;37,4
22840006665000;1385;691;694;34,0
22840006666000;1459;744;715;37,3
22840006667000;243;119;124;37,0
22840006668000;13;6;7;48,9
22840006669000;7;3;4;61,9
22840006670000;9;5;4;44,2
22840006671000;14;10;4;44,4
22840006672000;13;4;9;46,2
22840006673000;37;16;21;33,0
22840006674000;87;37;50;41,4
22840006675000;442;236;206;35,3
22840006676000;11;5;6;49,5
22840006685000;9;5;4;34,2
22840006686000;9;2;7;41,8
22840006687000;33;18;15;45,3
22840006688000;2;1;1;0,0
22840006695000;4;1;3;0,0
22840006702000;23;12;11;26,4
22840006703000;1;1;0;0,0
22840006704000;33;15;18;39,2
22840006705000;43;21;22;46,5
22840006710000;14;9;5;50,0
22840006716000;1;1;0;0,0
22840006728000;22;9;13;55,7
22840006729000;55;29;26;46,0
22840006746000;676;348;328;40,2
22840006747000;2726;1170;1556;46,8
22840006748000;1777;858;919;43,6
22840006749000;43;20;23;41,6
22840006750000;30;16;14;39,9
22840006751000;52;27;25;32,5
22840006752000;328;163;165;34,3
22840006753000;11;5;6;48,6
22840006754000;83;37;46;32,4
22840006755000;124;68;56;36,8
22840006756000;90;42;48;38,7
22840006757000;30;13;17;28,3
22840006758000;16;10;6;30,3
22840006759000;5;1;4;42,6
22840006760000;33;17;16;44,6
22840006761000;109;59;50;35,4
22840006762000;17;11;6;39,1
22840006763000;4;2;2;0,0
22840006863000;3;1;2;0,0
22840006866000;14;8;6;42,0
22840006868000;1;0;1;0,0
22840006875000;4;2;2;0,0
22840006880000;4;2;2;0,0
22840006911000;7;5;2;43,1
22840006913000;12;8;4;37,1
22840006914000;59;30;29;42,1
22840006915000;5;3;2;32,6
22840006917000;23;15;8;33,1
22840006927000;13;8;5;36,3
22840006928000;28;13;15;39,3
22840006987000;74;36;38;36,2
22840007026000;2;1;1;0,0
22840007036000;1;1;0;0,0
22840007038000;33;20;13;28,6
22840007039000;25;13;12;36,9
22840007040000;99;52;47;35,3
22840007041000;73;37;36;39,9
22840007053000;31;15;16;47,0
22840007054000;54;30;24;35,9
22840007067000;18;10;8;28,4
22840007068000;172;82;90;39,9
22840007069000;117;53;64;41,7
22840007070000;28;17;11;30,0
22840007071000;31;17;14;32,9
22840007072000;60;32;28;42,8
22840007073000;3;2;1;0,0
22840007078000;21;10;11;30,0
22840007079000;9;5;4;56,8
22840007121000;2;2;0;0,0
22840007136000;14;7;7;32,1
22840007137000;20;13;7;38,4
22840007149000;5;1;4;54,4
22850006556000;5;3;2;27,8
22850006557000;17;9;8;49,8
22850006558000;12;6;6;44,1
22850006559000;9;4;5;43,7
22850006560000;13;6;7;49,1
22850006561000;25;15;10;45,4
22850006562000;30;19;11;31,7
22850006563000;46;24;22;46,7
22850006564000;3;3;0;0,0
22850006566000;1;1;0;0,0
22850006567000;2;2;0;0,0
22850006568000;11;5;6;25,6
22850006569000;17;8;9;46,8
22850006570000;18;10;8;41,6
22850006571000;8;3;5;39,6
22850006572000;27;12;15;39,1
22850006573000;12;10;2;34,0
22850006574000;41;21;20;40,0
22850006576000;3;2;1;0,0
22850006578000;6;2;4;44,3
22850006579000;53;26;27;35,7
22850006580000;159;78;81;37,5
22850006581000;27;15;12;37,8
22850006582000;2;1;1;0,0
22850006583000;3;2;1;0,0
22850006584000;1;1;0;0,0
22850006586000;18;9;9;38,0
22850006587000;31;16;15;30,3
22850006588000;69;33;36;38,1
22850006592000;25;13;12;32,2
22850006593000;2;1;1;0,0
22850006594000;19;10;9;36,7
22850006595000;1;1;0;0,0
22850006597000;5;2;3;20,4
22850006598000;15;9;6;38,3
22850006599000;21;10;11;36,4
22850006600000;13;7;6;35,5
22850006601000;14;5;9;30,6
22850006602000;75;49;26;37,6
22850006603000;26;14;12;36,5
22850006604000;7;4;3;47,6
22850006605000;8;4;4;42,5
22850006606000;26;16;10;43,7
22850006607000;11;5;6;31,4
22850006608000;6;4;2;54,0
22850006609000;19;8;11;54,7
22850006610000;32;15;17;35,1
22850006611000;317;165;152;37,8
22850006612000;607;305;302;37,3
22850006613000;43;22;21;40,8
22850006614000;32;16;16;33,8
22850006615000;50;26;24;48,0
22850006616000;11;5;6;40,2
22850006617000;3;2;1;0,0
22850006618000;13;6;7;40,0
22850006619000;6;4;2;43,8
22850006620000;10;6;4;48,6
22850006623000;2;2;0;0,0
22850006624000;15;9;6;46,1
22850006625000;25;11;14;27,3
22850006626000;13;7;6;45,0
22850006627000;4;3;1;0,0
22850006628000;28;16;12;37,7
22850006629000;16;9;7;35,3
22850006630000;52;26;26;36,3
22850006631000;3;2;1;0,0
22850006632000;21;10;11;42,1
22850006633000;42;21;21;41,1
22850006634000;24;14;10;39,3
22850006635000;54;30;24;41,7
22850006636000;41;24;17;51,5
22850006637000;69;35;34;43,8
22850006638000;58;32;26;34,2
22850006646000;8;4;4;19,4
22850006647000;62;37;25;36,2
22850006648000;174;90;84;40,9
22850006649000;728;363;365;46,8
22850006650000;1055;529;526;36,8
22850006651000;475;230;245;34,3
22850006652000;11;5;6;45,2
22850006654000;3;3;0;0,0
22850006655000;21;10;11;40,7
22850006658000;926;467;459;30,4
22850006659000;237;123;114;34,7
22850006660000;2;1;1;0,0
22850006661000;38;19;19;30,5
22850006662000;15;9;6;41,5
22850006663000;46;25;21;38,3
22850006664000;157;81;76;43,0
22850006665000;1794;875;919;36,3
22850006666000;991;487;504;36,9
22850006667000;361;181;180;36,6
22850006668000;42;22;20;37,7
22850006669000;24;13;11;38,1
22850006670000;40;19;21;39,9
22850006672000;3;2;1;0,0
22850006674000;1071;547;524;31,9
22850006675000;540;289;251;34,1
22850006676000;14;10;4;41,1
22850006681000;1;1;0;0,0
22850006683000;14;12;2;42,9
22850006687000;5;3;2;47,4
22850006688000;14;8;6;29,2
22850006689000;6;4;2;27,5
22850006711000;3;1;2;0,0
22850006716000;1;1;0;0,0
22850006727000;4;1;3;0,0
22850006728000;51;24;27;45,8
22850006729000;3;2;1;0,0
22850006746000;2091;997;1094;45,0
22850006747000;2166;1090;1076;38,3
22850006748000;1369;688;681;41,2
22850006749000;550;269;281;39,4
22850006750000;102;49;53;35,7
22850006751000;226;118;108;32,4
22850006752000;109;57;52;31,8
22850006753000;51;23;28;36,7
22850006754000;237;120;117;34,7
22850006755000;145;74;71;32,9
22850006756000;19;11;8;35,3
22850006757000;18;10;8;44,0
22850006758000;9;4;5;48,8
22850006760000;23;15;8;44,1
22850006761000;52;29;23;27,8
22850006762000;18;11;7;43,4
22850006763000;6;3;3;41,3
22850006832000;3;2;1;0,0
22850006833000;3;3;0;0,0
22850006836000;5;3;2;15,0
22850006840000;1;1;0;0,0
22850006877000;1;0;1;0,0
22850006892000;1;1;0;0,0
22850006915000;14;9;5;55,3
22850006916000;2;1;1;0,0
22850006917000;17;9;8;38,1
22850006918000;23;9;14;37,0
22850006925000;3;2;1;0,0
22850006926000;15;6;9;25,1
22850006927000;42;26;16;41,2
22850006928000;12;6;6;43,8
22850006977000;3;2;1;0,0
22850006986000;9;6;3;45,4
22850007038000;19;11;8;42,0
22850007039000;32;18;14;42,7
22850007040000;180;93;87;37,4
22850007041000;131;56;75;37,6
22850007053000;25;11;14;45,5
22850007054000;43;17;26;40,0
22850007055000;55;28;27;33,0
22850007056000;22;10;12;38,1
22850007057000;28;12;16;41,1
22850007068000;39;21;18;40,3
22850007069000;30;20;10;37,9
22850007070000;4;3;1;0,0
22850007071000;12;5;7;39,9
22850007072000;30;15;15;38,7
22850007135000;2;0;2;0,0
22850007136000;8;6;2;36,8
22850007153000;2;1;1;0,0
22860006556000;5;2;3;30,6
22860006557000;24;14;10;45,8
22860006558000;53;26;27;36,5
22860006560000;6;4;2;54,2
22860006561000;45;26;19;37,6
22860006562000;21;10;11;42,0
22860006563000;16;10;6;49,4
22860006564000;12;6;6;42,3
22860006565000;2;1;1;0,0
22860006569000;25;14;11;43,4
22860006570000;4;2;2;0,0
22860006571000;21;11;10;39,3
22860006574000;7;3;4;48,1
22860006575000;6;3;3;30,8
22860006576000;1;1;0;0,0
22860006578000;9;4;5;49,1
22860006580000;6;3;3;40,2
22860006581000;7;6;1;46,6
22860006582000;10;5;5;34,8
22860006585000;4;3;1;0,0
22860006586000;5;2;3;47,4
22860006587000;7;3;4;38,4
22860006588000;14;7;7;52,1
22860006589000;5;1;4;48,2
22860006590000;10;6;4;47,6
22860006591000;6;5;1;22,3
22860006592000;13;6;7;35,2
22860006593000;8;4;4;39,1
22860006594000;23;13;10;39,4
22860006595000;15;7;8;46,4
22860006596000;1;1;0;0,0
22860006597000;16;10;6;30,6
22860006598000;1;0;1;0,0
22860006599000;8;2;6;28,1
22860006600000;32;14;18;37,7
22860006601000;13;8;5;39,8
22860006602000;5;1;4;25,6
22860006603000;5;2;3;34,8
22860006604000;3;2;1;0,0
22860006605000;31;15;16;31,6
22860006606000;20;9;11;47,9
22860006607000;12;9;3;38,5
22860006608000;1;1;0;0,0
22860006609000;23;11;12;31,7
22860006610000;29;14;15;37,3
22860006611000;17;10;7;50,3
22860006612000;2;1;1;0,0
22860006613000;3;2;1;0,0
22860006614000;4;1;3;0,0
22860006615000;37;18;19;47,0
22860006616000;12;7;5;33,0
22860006617000;8;4;4;49,0
22860006618000;12;6;6;41,0
22860006619000;4;1;3;0,0
22860006620000;26;12;14;38,2
22860006621000;4;2;2;0,0
22860006622000;9;7;2;36,9
22860006623000;7;3;4;39,1
22860006624000;18;8;10;43,1
22860006625000;17;8;9;29,2
22860006626000;18;8;10;34,8
22860006627000;11;5;6;40,8
22860006628000;12;6;6;41,3
22860006629000;8;5;3;39,0
22860006630000;29;15;14;35,4
22860006632000;4;3;1;0,0
22860006633000;7;1;6;28,1
22860006634000;28;12;16;47,4
22860006635000;31;18;13;32,6
22860006636000;5;2;3;45,6
22860006637000;5;4;1;35,6
22860006644000;5;3;2;42,2
22860006645000;30;19;11;37,8
22860006646000;54;25;29;34,6
22860006647000;53;31;22;43,3
22860006648000;588;293;295;36,6
22860006649000;379;185;194;38,1
22860006650000;55;29;26;31,5
22860006651000;9;5;4;39,4
22860006652000;18;11;7;36,5
22860006653000;1;1;0;0,0
22860006658000;5;1;4;31,6
22860006659000;137;65;72;38,7
22860006660000;42;23;19;36,1
22860006661000;15;10;5;45,1
22860006662000;5;3;2;30,8
22860006663000;6;3;3;42,7
22860006664000;11;8;3;44,3
22860006665000;98;54;44;38,6
22860006666000;58;31;27;43,7
22860006667000;36;16;20;52,4
22860006668000;38;19;19;25,1
22860006669000;27;13;14;46,4
22860006671000;21;9;12;36,3
22860006672000;218;103;115;34,9
22860006673000;441;190;251;54,5
22860006674000;705;369;336;38,2
22860006678000;9;4;5;53,0
22860006679000;21;8;13;34,2
22860006680000;29;15;14;41,0
22860006681000;15;11;4;37,7
22860006682000;54;30;24;42,8
22860006683000;48;24;24;35,0
22860006689000;2;0;2;0,0
22860006690000;12;6;6;24,2
22860006691000;6;3;3;60,8
22860006712000;1;1;0;0,0
22860006715000;4;2;2;0,0
22860006719000;1;1;0;0,0
22860006727000;29;16;13;36,7
22860006728000;3;2;1;0,0
22860006740000;8;3;5;38,3
22860006741000;1;0;1;0,0
22860006742000;11;5;6;32,4
22860006743000;145;70;75;39,9
22860006744000;70;34;36;38,7
22860006745000;184;71;113;55,5
22860006746000;2365;1186;1179;43,4
22860006747000;2019;956;1063;41,7
22860006748000;650;317;333;43,8
22860006749000;384;193;191;41,5
22860006750000;167;86;81;36,3
22860006751000;36;21;15;36,8
22860006752000;21;11;10;35,3
22860006753000;40;23;17;32,8
22860006754000;76;37;39;41,9
22860006755000;15;7;8;46,3
22860006756000;39;21;18;37,8
22860006762000;1;1;0;0,0
22860006807000;1;1;0;0,0
22860006808000;1;1;0;0,0
22860006821000;4;3;1;0,0
22860006883000;9;5;4;35,1
22860006909000;2;1;1;0,0
22860006917000;18;6;12;27,4
22860006918000;33;21;12;36,0
22860006919000;5;3;2;39,4
22860006925000;1;1;0;0,0
22860006926000;53;24;29;36,5
22860006927000;86;43;43;42,2
22860006928000;5;2;3;46,8
22860006976000;2;1;1;0,0
22860006987000;4;3;1;0,0
22860007039000;10;3;7;36,4
22860007040000;42;20;22;40,1
22860007041000;9;5;4;22,3
22860007054000;8;5;3;74,8
22860007055000;75;39;36;41,8
22860007056000;21;10;11;40,8
22860007057000;42;20;22;43,3
22860007058000;24;16;8;48,6
22860007069000;42;20;22;36,4
22860007070000;15;6;9;42,8
22860007077000;7;3;4;42,9
22860007099000;3;1;2;0,0
22860007111000;2;1;1;0,0
22860007134000;38;23;15;42,8
22860007135000;10;3;7;42,1
22860007136000;7;3;4;31,3
22870006557000;8;4;4;65,1
22870006558000;2;1;1;0,0
22870006559000;41;23;18;41,7
22870006560000;21;9;12;36,4
22870006561000;15;11;4;33,9
22870006562000;12;6;6;51,1
22870006563000;8;4;4;49,0
22870006564000;9;5;4;60,2
22870006565000;15;8;7;38,9
22870006569000;6;4;2;55,7
22870006570000;14;4;10;27,7
22870006575000;5;3;2;60,8
22870006576000;4;2;2;0,0
22870006577000;11;5;6;38,9
22870006578000;12;5;7;40,0
22870006582000;15;8;7;28,3
22870006583000;5;3;2;44,8
22870006584000;20;9;11;38,7
22870006588000;3;2;1;0,0
22870006589000;10;5;5;47,1
22870006592000;1;1;0;0,0
22870006593000;11;6;5;40,4
22870006594000;3;1;2;0,0
22870006595000;30;13;17;38,0
22870006596000;15;9;6;26,6
22870006597000;20;11;9;30,3
22870006598000;48;26;22;37,5
22870006599000;16;9;7;52,1
22870006600000;53;31;22;38,8
22870006601000;5;2;3;41,2
22870006602000;16;7;9;26,3
22870006603000;7;4;3;38,3
22870006604000;14;7;7;49,5
22870006605000;21;13;8;44,3
22870006606000;8;4;4;40,4
22870006607000;7;4;3;48,0
22870006608000;7;5;2;45,3
22870006609000;7;3;4;47,0
22870006610000;29;16;13;39,1
22870006611000;7;4;3;50,4
22870006612000;2;1;1;0,0
22870006613000;24;13;11;30,3
22870006614000;11;5;6;36,0
22870006615000;10;3;7;36,6
22870006616000;44;22;22;38,8
22870006617000;67;36;31;42,3
22870006618000;51;28;23;33,4
22870006619000;3;2;1;0,0
22870006620000;10;5;5;27,1
22870006621000;5;1;4;35,0
22870006626000;1;0;1;0,0
22870006630000;12;5;7;38,4
22870006631000;4;3;1;0,0
22870006635000;3;1;2;0,0
22870006643000;6;4;2;52,8
22870006644000;52;24;28;44,1
22870006645000;60;31;29;44,7
22870006646000;2;1;1;0,0
22870006648000;65;32;33;43,8
22870006649000;654;336;318;30,5
22870006650000;340;183;157;38,0
22870006651000;42;21;21;48,2
22870006652000;13;6;7;36,5
22870006653000;15;9;6;38,7
22870006655000;4;3;1;0,0
22870006658000;25;11;14;44,9
22870006659000;23;12;11;39,7
22870006660000;59;34;25;41,3
22870006661000;29;14;15;34,7
22870006662000;18;11;7;36,7
22870006663000;29;15;14;39,4
22870006664000;4;1;3;0,0
22870006665000;12;8;4;59,6
22870006666000;26;15;11;34,2
22870006667000;11;6;5;44,5
22870006668000;14;8;6;47,2
22870006669000;3;2;1;0,0
22870006672000;1252;630;622;37,2
22870006673000;1963;941;1022;44,7
22870006674000;1812;904;908;36,5
22870006675000;393;202;191;37,9
22870006676000;233;128;105;36,0
22870006677000;24;13;11;37,4
22870006678000;55;33;22;41,7
22870006679000;12;8;4;38,8
22870006680000;24;13;11;49,7
22870006681000;24;13;11;48,3
22870006682000;113;59;54;37,0
22870006683000;604;308;296;31,9
22870006684000;73;35;38;40,4
22870006685000;1;1;0;0,0
22870006688000;623;306;317;29,5
22870006689000;1385;697;688;37,8
22870006690000;277;144;133;44,3
22870006691000;188;96;92;42,3
22870006692000;51;29;22;35,5
22870006702000;3;1;2;0,0
22870006711000;3;1;2;0,0
22870006712000;31;18;13;39,8
22870006713000;3;0;3;0,0
22870006734000;2;1;1;0,0
22870006736000;3;3;0;0,0
22870006737000;3;2;1;0,0
22870006739000;22;10;12;42,2
22870006740000;20;12;8;32,6
22870006741000;8;4;4;41,1
22870006742000;74;36;38;36,2
22870006743000;786;399;387;39,3
22870006744000;432;223;209;37,9
22870006745000;270;125;145;47,8
22870006746000;1770;833;937;41,9
22870006747000;611;285;326;42,3
22870006748000;931;465;466;38,5
22870006749000;174;87;87;38,5
22870006750000;78;40;38;41,3
22870006751000;8;4;4;39,4
22870006752000;14;9;5;35,9
22870006753000;25;16;9;41,0
22870006754000;33;13;20;43,8
22870006755000;42;22;20;40,0
22870006756000;12;6;6;48,4
22870006757000;5;2;3;37,6
22870006820000;2;1;1;0,0
22870006821000;11;4;7;74,7
22870006831000;19;10;9;43,8
22870006832000;28;13;15;43,7
22870006834000;27;13;14;38,7
22870006865000;1;0;1;0,0
22870006882000;6;2;4;44,8
22870006909000;2;0;2;0,0
22870006918000;70;35;35;34,5
22870006919000;21;11;10;34,4
22870006922000;2;1;1;0,0
22870006924000;4;3;1;0,0
22870006926000;31;14;17;32,3
22870006927000;51;29;22;40,6
22870006928000;33;18;15;40,2
22870006929000;4;1;3;0,0
22870006930000;3;1;2;0,0
22870006987000;5;4;1;66,8
22870006988000;2;1;1;0,0
22870007020000;11;8;3;42,6
22870007021000;2;1;1;0,0
22870007028000;7;4;3;32,9
22870007029000;1;0;1;0,0
22870007031000;2;1;1;0,0
22870007033000;1;1;0;0,0
22870007039000;167;94;73;28,3
22870007040000;700;370;330;32,9
22870007055000;15;8;7;36,1
22870007056000;89;46;43;39,9
22870007057000;48;24;24;44,3
22870007058000;120;60;60;32,1
22870007059000;103;48;55;41,2
22870007060000;6;3;3;67,8
22870007069000;6;3;3;41,0
22870007070000;32;19;13;33,9
22870007079000;2;1;1;0,0
22870007085000;6;3;3;45,7
22870007133000;22;13;9;53,1
22870007134000;22;10;12;37,7
22870007153000;4;2;2;0,0
22880006558000;458;247;211;37,4
22880006559000;219;114;105;38,8
22880006561000;11;5;6;24,8
22880006562000;16;9;7;49,4
22880006565000;9;4;5;40,2
22880006566000;6;4;2;49,8
22880006567000;5;2;3;47,8
22880006568000;7;5;2;25,1
22880006569000;23;13;10;42,7
22880006570000;7;4;3;39,4
22880006577000;17;10;7;41,9
22880006579000;3;2;1;0,0
22880006584000;12;8;4;38,7
22880006585000;11;7;4;50,5
22880006586000;24;13;11;35,1
22880006587000;24;12;12;31,2
22880006588000;4;2;2;0,0
22880006590000;7;5;2;41,7
22880006592000;1;1;0;0,0
22880006593000;9;5;4;47,4
22880006594000;6;4;2;47,8
22880006595000;16;7;9;38,5
22880006596000;7;4;3;31,7
22880006597000;5;3;2;53,2
22880006598000;22;12;10;45,8
22880006599000;28;16;12;33,5
22880006600000;28;14;14;42,9
22880006601000;18;10;8;36,6
22880006602000;35;22;13;35,9
22880006603000;32;17;15;43,1
22880006604000;9;5;4;33,2
22880006605000;9;5;4;47,0
22880006606000;21;12;9;38,1
22880006607000;19;10;9;56,3
22880006608000;4;2;2;0,0
22880006609000;21;12;9;30,8
22880006610000;207;115;92;39,3
22880006611000;98;49;49;37,5
22880006612000;42;21;21;33,7
22880006613000;4;3;1;0,0
22880006614000;7;6;1;42,3
22880006615000;4;3;1;0,0
22880006616000;4;2;2;0,0
22880006617000;10;4;6;42,9
22880006620000;2;1;1;0,0
22880006622000;4;1;3;0,0
22880006639000;28;17;11;35,0
22880006640000;41;19;22;48,3
22880006641000;41;19;22;51,5
22880006642000;46;22;24;39,1
22880006643000;97;54;43;38,9
22880006644000;152;78;74;36,9
22880006648000;6;3;3;36,8
22880006649000;71;39;32;39,7
22880006650000;102;58;44;33,7
22880006651000;50;24;26;43,6
22880006652000;19;9;10;38,3
22880006653000;151;87;64;37,6
22880006654000;9;5;4;48,9
22880006655000;4;1;3;0,0
22880006656000;5;2;3;54,2
22880006657000;11;4;7;29,6
22880006658000;26;15;11;45,0
22880006659000;51;26;25;42,9
22880006660000;42;23;19;33,2
22880006661000;12;6;6;43,3
22880006665000;7;2;5;40,0
22880006666000;12;7;5;55,8
22880006667000;35;18;17;37,1
22880006668000;14;8;6;38,9
22880006669000;18;8;10;43,6
22880006670000;2;2;0;0,0
22880006672000;1257;644;613;29,9
22880006673000;1141;557;584;37,6
22880006674000;726;348;378;36,3
22880006675000;1984;975;1009;29,8
22880006678000;6;3;3;39,0
22880006681000;4;3;1;0,0
22880006683000;2;2;0;0,0
22880006684000;145;79;66;38,2
22880006685000;17;8;9;37,6
22880006686000;67;39;28;42,2
22880006687000;1080;541;539;33,7
22880006688000;975;488;487;41,5
22880006689000;481;252;229;40,7
22880006690000;31;13;18;51,8
22880006691000;106;44;62;42,1
22880006692000;45;26;19;35,7
22880006693000;2;1;1;0,0
22880006695000;3;1;2;0,0
22880006710000;17;9;8;37,1
22880006711000;217;114;103;41,8
22880006712000;152;77;75;38,6
22880006713000;15;9;6;42,7
22880006723000;2;1;1;0,0
22880006733000;24;10;14;42,1
22880006734000;21;10;11;40,7
22880006735000;22;11;11;38,4
22880006736000;7;4;3;33,7
22880006737000;39;19;20;42,7
22880006738000;106;54;52;34,8
22880006739000;41;20;21;35,1
22880006740000;43;19;24;35,0
22880006741000;5;3;2;28,4
22880006742000;38;19;19;42,9
22880006743000;695;332;363;41,9
22880006744000;1421;655;766;43,8
22880006745000;436;193;243;46,3
22880006746000;91;49;42;36,9
22880006747000;74;36;38;38,8
22880006748000;60;34;26;36,9
22880006749000;41;24;17;28,5
22880006750000;38;21;17;36,2
22880006751000;5;3;2;41,0
22880006752000;33;20;13;41,9
22880006753000;10;7;3;49,8
22880006754000;54;26;28;32,6
22880006757000;4;2;2;0,0
22880006818000;6;3;3;21,3
22880006819000;3;2;1;0,0
22880006820000;15;7;8;49,7
22880006821000;21;15;6;43,6
22880006823000;1;0;1;0,0
22880006829000;6;3;3;56,2
22880006830000;41;20;21;47,6
22880006831000;42;21;21;49,0
22880006832000;58;31;27;50,7
22880006833000;5;5;0;47,4
22880006834000;6;5;1;34,7
22880006835000;7;2;5;32,3
22880006879000;2;1;1;0,0
22880006920000;15;8;7;37,9
22880006924000;16;8;8;39,3
22880006925000;8;3;5;40,8
22880006926000;5;3;2;46,8
22880006927000;4;1;3;0,0
22880006930000;8;5;3;37,1
22880006931000;11;3;8;25,4
22880006988000;5;2;3;33,6
22880007028000;1;1;0;0,0
22880007031000;15;7;8;42,2
22880007032000;5;3;2;38,4
22880007033000;23;13;10;58,2
22880007034000;31;22;9;38,0
22880007035000;13;7;6;53,0
22880007038000;7;4;3;36,0
22880007039000;594;295;299;30,4
22880007040000;356;181;175;28,5
22880007056000;27;15;12;48,3
22880007057000;56;25;31;38,5
22880007058000;318;132;186;46,4
22880007059000;34;20;14;51,1
22880007060000;27;9;18;40,3
22880007061000;10;5;5;35,2
22880007070000;3;2;1;0,0
22880007085000;12;5;7;33,6
22880007087000;3;2;1;0,0
22880007131000;20;10;10;43,0
22880007132000;17;11;6;35,3
22880007133000;3;2;1;0,0
22880007147000;3;2;1;0,0
22880007149000;2;1;1;0,0
22880007152000;8;4;4;28,9
22880007153000;20;11;9;47,8
22890006558000;44;22;22;34,9
22890006559000;61;30;31;32,4
22890006560000;14;10;4;40,9
22890006561000;6;4;2;51,2
22890006562000;6;3;3;28,3
22890006563000;21;7;14;37,8
22890006564000;9;4;5;43,8
22890006566000;13;8;5;33,8
22890006567000;30;15;15;46,3
22890006568000;12;6;6;32,3
22890006569000;5;1;4;40,2
22890006573000;6;3;3;35,5
22890006575000;9;5;4;51,1
22890006576000;7;5;2;29,7
22890006582000;5;2;3;51,6
22890006585000;4;3;1;0,0
22890006586000;12;7;5;45,5
22890006587000;13;7;6;27,7
22890006588000;23;14;9;40,4
22890006593000;17;7;10;28,6
22890006594000;20;11;9;39,9
22890006595000;18;12;6;37,7
22890006596000;13;6;7;38,1
22890006597000;23;15;8;40,6
22890006598000;20;10;10;33,8
22890006599000;8;5;3;41,3
22890006600000;5;2;3;63,8
22890006601000;20;9;11;34,1
22890006602000;18;10;8;65,6
22890006603000;10;5;5;55,5
22890006604000;28;14;14;27,9
22890006605000;22;12;10;36,8
22890006606000;12;6;6;35,8
22890006609000;10;3;7;23,4
22890006610000;160;74;86;41,6
22890006611000;303;151;152;38,2
22890006612000;27;16;11;38,4
22890006613000;16;7;9;32,3
22890006614000;5;3;2;35,0
22890006615000;1;1;0;0,0
22890006618000;11;7;4;43,5
22890006619000;2;2;0;0,0
22890006620000;5;1;4;58,0
22890006621000;13;7;6;24,4
22890006622000;17;6;11;37,1
22890006623000;21;15;6;40,5
22890006624000;14;9;5;40,1
22890006625000;15;7;8;37,3
22890006626000;5;2;3;18,8
22890006627000;3;2;1;0,0
22890006629000;4;2;2;0,0
22890006630000;9;3;6;36,6
22890006631000;11;7;4;31,6
22890006632000;9;7;2;51,8
22890006633000;12;7;5;44,7
22890006634000;21;11;10;40,6
22890006635000;13;7;6;41,2
22890006638000;15;10;5;34,3
22890006639000;20;9;11;37,0
22890006640000;54;33;21;40,1
22890006641000;125;68;57;40,2
22890006642000;14;8;6;46,7
22890006643000;209;108;101;37,1
22890006644000;257;126;131;29,8
22890006650000;9;6;3;32,3
22890006651000;15;8;7;47,3
22890006653000;15;6;9;49,9
22890006654000;89;42;47;37,6
22890006655000;491;249;242;36,4
22890006656000;168;79;89;29,2
22890006657000;15;8;7;44,1
22890006658000;7;2;5;31,1
22890006659000;608;328;280;38,6
22890006660000;118;57;61;35,2
22890006661000;13;9;4;45,3
22890006662000;9;6;3;41,6
22890006663000;12;5;7;38,5
22890006664000;6;4;2;64,7
22890006665000;32;19;13;40,5
22890006666000;10;5;5;47,9
22890006667000;141;83;58;35,6
22890006668000;818;414;404;32,5
22890006669000;18;10;8;53,1
22890006671000;37;21;16;41,7
22890006672000;1291;642;649;32,2
22890006673000;280;135;145;37,7
22890006674000;7;3;4;33,9
22890006675000;1;1;0;0,0
22890006676000;34;12;22;28,0
22890006677000;10;5;5;33,7
22890006678000;53;29;24;35,0
22890006679000;3;1;2;0,0
22890006681000;4;2;2;0,0
22890006683000;24;9;15;38,4
22890006684000;471;240;231;30,1
22890006685000;761;418;343;35,3
22890006686000;619;315;304;31,7
22890006687000;1658;842;816;37,2
22890006688000;534;255;279;41,9
22890006689000;267;142;125;37,7
22890006690000;224;120;104;38,8
22890006691000;63;33;30;43,3
22890006692000;86;50;36;36,0
22890006693000;280;131;149;40,1
22890006694000;131;64;67;33,5
22890006695000;31;11;20;27,5
22890006696000;6;3;3;32,2
22890006697000;1;1;0;0,0
22890006701000;6;3;3;20,7
22890006702000;11;7;4;38,4
22890006709000;10;7;3;31,8
22890006710000;25;13;12;40,9
22890006711000;11;6;5;41,5
22890006712000;4;1;3;0,0
22890006713000;82;47;35;41,9
22890006714000;22;14;8;36,0
22890006718000;14;8;6;25,4
22890006719000;4;3;1;0,0
22890006722000;3;1;2;0,0
22890006729000;3;2;1;0,0
22890006731000;9;5;4;50,8
22890006732000;7;2;5;58,1
22890006733000;27;16;11;44,8
22890006734000;13;7;6;29,5
22890006735000;26;15;11;37,3
22890006736000;92;45;47;34,1
22890006737000;49;24;25;42,1
22890006738000;26;15;11;43,0
22890006739000;135;65;70;31,7
22890006740000;211;91;120;33,0
22890006741000;17;11;6;46,9
22890006742000;53;29;24;37,0
22890006743000;1540;741;799;38,7
22890006744000;272;134;138;46,2
22890006745000;25;10;15;37,6
22890006746000;792;382;410;40,1
22890006747000;1143;549;594;39,2
22890006748000;69;36;33;39,9
22890006749000;434;218;216;39,2
22890006750000;140;73;67;40,4
22890006751000;34;22;12;39,0
22890006752000;21;10;11;33,2
22890006753000;9;3;6;44,1
22890006754000;48;23;25;39,0
22890006755000;39;20;19;47,1
22890006756000;7;5;2;43,9
22890006816000;22;10;12;45,3
22890006818000;9;3;6;33,1
22890006824000;33;21;12;39,7
22890006825000;6;3;3;42,8
22890006826000;1;1;0;0,0
22890006827000;12;9;3;40,2
22890006828000;31;15;16;35,7
22890006829000;2;1;1;0,0
22890006830000;7;5;2;32,0
22890006831000;34;17;17;37,6
22890006832000;234;126;108;38,7
22890006833000;300;157;143;40,9
22890006834000;63;32;31;42,9
22890006835000;6;3;3;15,5
22890006876000;1;1;0;0,0
22890006917000;5;2;3;32,4
22890006922000;4;3;1;0,0
22890006923000;12;7;5;41,2
22890006924000;6;3;3;53,8
22890006926000;1;0;1;0,0
22890006927000;10;6;4;28,7
22890006942000;4;2;2;0,0
22890007028000;2;1;1;0,0
22890007030000;20;10;10;38,9
22890007032000;71;38;33;37,3
22890007033000;2;1;1;0,0
22890007034000;1;0;1;0,0
22890007035000;7;4;3;61,3
22890007036000;73;38;35;37,0
22890007037000;108;56;52;35,0
22890007038000;314;155;159;45,0
22890007039000;460;230;230;34,1
22890007040000;7;5;2;44,1
22890007047000;5;3;2;34,8
22890007048000;40;23;17;35,5
22890007049000;15;9;6;35,9
22890007050000;43;21;22;34,2
22890007051000;14;5;9;23,1
22890007055000;7;4;3;72,4
22890007056000;60;31;29;34,2
22890007057000;88;51;37;38,3
22890007058000;110;61;49;40,1
22890007059000;32;19;13;42,3
22890007060000;4;2;2;0,0
22890007061000;26;13;13;43,2
22890007062000;13;7;6;46,2
22890007070000;9;5;4;46,3
22890007071000;9;4;5;40,6
22890007072000;6;2;4;31,5
22890007080000;4;2;2;0,0
22890007086000;7;5;2;41,4
22890007130000;29;17;12;44,4
22890007131000;2;1;1;0,0
22890007147000;2;0;2;0,0
22890007148000;1;0;1;0,0
22900006559000;23;14;9;37,7
22900006560000;39;18;21;45,3
22900006561000;52;29;23;35,9
22900006562000;7;4;3;47,9
22900006564000;18;10;8;37,4
22900006565000;30;14;16;37,7
22900006566000;26;15;11;41,2
22900006567000;45;20;25;36,2
22900006568000;12;7;5;35,5
22900006569000;5;1;4;46,2
22900006570000;2;1;1;0,0
22900006572000;1;1;0;0,0
22900006575000;5;3;2;29,4
22900006581000;5;3;2;36,6
22900006584000;2;1;1;0,0
22900006585000;14;9;5;35,1
22900006586000;8;4;4;31,6
22900006587000;20;10;10;38,5
22900006588000;32;18;14;37,9
22900006589000;8;4;4;59,6
22900006590000;9;6;3;40,1
22900006592000;4;3;1;0,0
22900006593000;60;32;28;36,8
22900006594000;22;13;9;39,3
22900006595000;19;11;8;47,6
22900006596000;12;8;4;43,7
22900006597000;3;1;2;0,0
22900006598000;23;14;9;37,8
22900006599000;6;2;4;41,5
22900006600000;11;6;5;44,5
22900006601000;3;2;1;0,0
22900006602000;73;34;39;35,1
22900006603000;95;53;42;35,4
22900006604000;17;7;10;39,9
22900006605000;52;31;21;32,0
22900006606000;57;35;22;36,9
22900006607000;1;0;1;0,0
22900006608000;14;7;7;29,6
22900006609000;98;29;69;78,0
22900006610000;1;1;0;0,0
22900006611000;11;5;6;39,3
22900006612000;8;4;4;32,5
22900006613000;6;2;4;57,5
22900006614000;8;6;2;33,8
22900006615000;25;14;11;28,5
22900006616000;10;5;5;45,2
22900006617000;16;8;8;40,1
22900006618000;10;4;6;44,7
22900006619000;25;12;13;33,7
22900006620000;19;8;11;32,7
22900006621000;6;3;3;33,0
22900006622000;26;14;12;28,7
22900006623000;15;9;6;42,9
22900006624000;13;8;5;31,5
22900006625000;17;10;7;27,1
22900006626000;15;9;6;35,1
22900006627000;9;5;4;44,1
22900006628000;27;16;11;42,1
22900006629000;13;8;5;30,0
22900006630000;7;4;3;48,3
22900006631000;26;15;11;39,5
22900006632000;31;14;17;43,3
22900006633000;43;23;20;42,7
22900006634000;72;36;36;42,1
22900006635000;20;9;11;44,1
22900006637000;2;1;1;0,0
22900006638000;2;1;1;0,0
22900006639000;18;10;8;36,3
22900006640000;13;7;6;46,3
22900006641000;13;7;6;50,8
22900006642000;24;12;12;32,4
22900006643000;80;42;38;34,7
22900006644000;13;9;4;31,8
22900006653000;358;176;182;30,1
22900006654000;1407;685;722;36,3
22900006655000;1399;652;747;42,6
22900006656000;148;70;78;40,4
22900006657000;50;22;28;36,3
22900006658000;49;24;25;40,3
22900006659000;268;130;138;42,6
22900006660000;40;23;17;41,3
22900006661000;19;6;13;50,1
22900006663000;35;21;14;44,7
22900006666000;5;1;4;42,2
22900006667000;28;16;12;34,6
22900006668000;21;11;10;54,0
22900006669000;6;3;3;61,2
22900006670000;18;11;7;35,9
22900006671000;19;9;10;34,5
22900006672000;883;424;459;29,1
22900006673000;359;176;183;36,1
22900006674000;4;2;2;0,0
22900006676000;29;13;16;45,9
22900006677000;79;43;36;42,5
22900006681000;6;3;3;23,7
22900006682000;2;1;1;0,0
22900006683000;29;13;16;39,2
22900006684000;580;283;297;30,1
22900006685000;770;390;380;33,7
22900006686000;99;53;46;36,5
22900006687000;42;22;20;37,4
22900006688000;13;6;7;52,8
22900006689000;34;19;15;46,7
22900006690000;59;28;31;33,3
22900006691000;42;26;16;33,6
22900006692000;41;22;19;39,1
22900006693000;466;235;231;41,3
22900006694000;269;123;146;34,3
22900006695000;40;19;21;39,2
22900006696000;25;12;13;39,3
22900006697000;11;7;4;48,4
22900006698000;38;21;17;46,2
22900006699000;18;10;8;42,2
22900006700000;268;136;132;37,3
22900006701000;98;50;48;41,2
22900006702000;81;46;35;43,0
22900006703000;49;25;24;43,4
22900006705000;1;0;1;0,0
22900006706000;23;11;12;40,6
22900006707000;22;12;10;50,5
22900006708000;33;15;18;36,2
22900006709000;3;2;1;0,0
22900006714000;31;19;12;48,0
22900006715000;28;13;15;46,4
22900006716000;13;6;7;36,8
22900006717000;30;16;14;53,3
22900006718000;15;7;8;32,9
22900006719000;41;19;22;46,2
22900006720000;6;3;3;40,2
22900006726000;1;1;0;0,0
22900006732000;2;0;2;0,0
22900006733000;22;12;10;36,7
22900006734000;20;9;11;39,9
22900006735000;56;28;28;42,4
22900006736000;23;13;10;43,4
22900006737000;18;9;9;40,1
22900006738000;14;6;8;45,0
22900006739000;10;6;4;29,8
22900006740000;8;3;5;32,5
22900006741000;62;34;28;38,1
22900006742000;277;145;132;36,1
22900006743000;72;39;33;47,5
22900006744000;91;46;45;39,8
22900006745000;566;285;281;36,4
22900006746000;319;165;154;41,8
22900006747000;233;130;103;37,4
22900006748000;268;128;140;47,6
22900006749000;177;89;88;43,0
22900006750000;59;29;30;41,1
22900006751000;8;4;4;46,9
22900006752000;30;14;16;46,8
22900006753000;26;14;12;45,4
22900006754000;11;4;7;65,8
22900006755000;59;32;27;38,1
22900006815000;13;5;8;55,0
22900006816000;34;18;16;32,8
22900006817000;1;0;1;0,0
22900006818000;2;1;1;0,0
22900006824000;11;6;5;43,5
22900006825000;7;3;4;32,9
22900006826000;6;3;3;57,2
22900006827000;1;1;0;0,0
22900006828000;2;1;1;0,0
22900006829000;9;4;5;20,7
22900006830000;21;12;9;46,0
22900006831000;10;5;5;29,7
22900006832000;381;177;204;43,8
22900006833000;241;101;140;52,6
22900006835000;4;4;0;0,0
22900006875000;1;1;0;0,0
22900006905000;2;1;1;0,0
22900006921000;5;2;3;32,4
22900006922000;10;6;4;40,2
22900006923000;11;4;7;45,5
22900006926000;15;7;8;39,6
22900006927000;6;5;1;34,2
22900006988000;18;11;7;38,2
22900006989000;7;4;3;33,4
22900007022000;6;2;4;28,8
22900007028000;19;8;11;34,9
22900007029000;89;46;43;37,4
22900007032000;2;1;1;0,0
22900007036000;6;3;3;33,3
22900007037000;552;285;267;40,1
22900007038000;491;242;249;39,7
22900007039000;294;149;145;39,5
22900007040000;17;7;10;54,9
22900007045000;9;5;4;54,9
22900007046000;42;21;21;48,2
22900007047000;53;24;29;42,3
22900007048000;52;26;26;28,9
22900007049000;42;20;22;34,0
22900007050000;53;26;27;34,8
22900007051000;18;9;9;42,4
22900007052000;18;12;6;43,2
22900007056000;5;4;1;43,4
22900007057000;99;53;46;33,2
22900007058000;33;17;16;38,3
22900007059000;6;2;4;64,3
22900007060000;3;2;1;0,0
22900007061000;21;8;13;41,6
22900007062000;21;15;6;36,9
22900007063000;8;3;5;30,0
22900007071000;13;6;7;45,1
22900007072000;4;1;3;0,0
22900007130000;12;7;5;64,8
22900007131000;8;5;3;52,1
22900007144000;1;0;1;0,0
22900007150000;4;2;2;0,0
22900007152000;1;1;0;0,0
22910006558000;139;74;65;40,8
22910006559000;376;181;195;40,1
22910006560000;1079;539;540;41,5
22910006561000;248;123;125;38,8
22910006562000;3;2;1;0,0
22910006563000;12;6;6;32,8
22910006564000;7;3;4;30,1
22910006565000;9;6;3;31,4
22910006566000;22;11;11;32,2
22910006567000;12;7;5;39,4
22910006568000;3;2;1;0,0
22910006570000;13;6;7;34,3
22910006571000;13;6;7;34,4
22910006572000;3;3;0;0,0
22910006573000;6;3;3;37,7
22910006574000;2;1;1;0,0
22910006575000;4;3;1;0,0
22910006576000;13;6;7;38,2
22910006583000;4;2;2;0,0
22910006584000;3;1;2;0,0
22910006585000;7;4;3;45,3
22910006587000;4;1;3;0,0
22910006589000;9;5;4;37,0
22910006590000;23;11;12;40,5
22910006591000;8;3;5;37,1
22910006592000;36;17;19;27,6
22910006593000;218;108;110;31,6
22910006594000;830;424;406;38,0
22910006595000;355;166;189;38,1
22910006596000;21;10;11;36,2
22910006597000;27;17;10;33,0
22910006598000;15;9;6;38,7
22910006599000;4;3;1;0,0
22910006600000;10;6;4;31,6
22910006601000;35;21;14;37,3
22910006602000;94;46;48;30,3
22910006603000;13;3;10;21,2
22910006604000;2;1;1;0,0
22910006605000;28;11;17;40,8
22910006606000;440;213;227;37,8
22910006607000;157;75;82;34,8
22910006608000;141;73;68;42,6
22910006609000;78;41;37;38,4
22910006611000;2;2;0;0,0
22910006612000;17;9;8;37,8
22910006613000;16;6;10;47,9
22910006614000;22;13;9;44,0
22910006615000;25;10;15;31,8
22910006616000;22;13;9;41,7
22910006617000;76;43;33;36,1
22910006618000;23;10;13;43,9
22910006619000;20;11;9;37,3
22910006620000;52;29;23;34,4
22910006621000;48;28;20;34,0
22910006622000;10;4;6;41,2
22910006623000;307;156;151;42,4
22910006624000;350;175;175;40,2
22910006625000;49;24;25;44,8
22910006626000;42;22;20;41,6
22910006627000;26;15;11;50,5
22910006628000;44;25;19;46,4
22910006629000;11;7;4;36,2
22910006630000;60;29;31;40,7
22910006631000;4;2;2;0,0
22910006632000;10;4;6;41,4
22910006633000;3;1;2;0,0
22910006636000;1;0;1;0,0
22910006637000;3;2;1;0,0
22910006642000;30;16;14;40,0
22910006643000;15;8;7;44,1
22910006654000;86;50;36;43,1
22910006655000;269;145;124;44,4
22910006656000;249;134;115;38,7
22910006657000;16;9;7;48,9
22910006658000;5;2;3;31,0
22910006659000;1;1;0;0,0
22910006660000;18;8;10;35,7
22910006661000;7;4;3;36,6
22910006663000;17;8;9;37,8
22910006664000;23;12;11;39,3
22910006666000;5;3;2;58,8
22910006667000;76;40;36;39,5
22910006668000;6;1;5;45,7
22910006669000;10;5;5;47,2
22910006670000;20;9;11;40,1
22910006671000;23;10;13;41,6
22910006672000;21;9;12;36,6
22910006673000;269;128;141;32,2
22910006674000;11;5;6;60,4
22910006677000;29;17;12;36,0
22910006678000;14;8;6;32,8
22910006682000;22;10;12;48,5
22910006684000;2;1;1;0,0
22910006685000;26;15;11;32,5
22910006686000;20;10;10;30,9
22910006687000;101;50;51;38,8
22910006688000;14;8;6;43,9
22910006689000;29;20;9;40,2
22910006690000;2;1;1;0,0
22910006691000;2;1;1;0,0
22910006692000;36;20;16;43,0
22910006693000;173;88;85;40,5
22910006694000;190;103;87;35,9
22910006695000;37;22;15;39,8
22910006696000;21;9;12;49,2
22910006697000;49;25;24;39,6
22910006698000;43;19;24;35,6
22910006699000;19;11;8;37,9
22910006700000;19;10;9;35,1
22910006701000;131;70;61;41,2
22910006717000;3;1;2;0,0
22910006718000;5;2;3;34,6
22910006719000;9;5;4;42,0
22910006725000;7;4;3;45,1
22910006727000;9;6;3;59,8
22910006728000;8;5;3;60,3
22910006729000;19;11;8;37,8
22910006730000;6;2;4;63,8
22910006731000;5;3;2;43,0
22910006733000;1;1;0;0,0
22910006734000;26;14;12;47,9
22910006735000;64;36;28;40,0
22910006736000;164;86;78;43,5
22910006737000;601;242;359;55,1
22910006738000;28;15;13;34,5
22910006739000;45;23;22;30,5
22910006740000;65;35;30;42,4
22910006741000;49;30;19;36,2
22910006742000;9;5;4;39,9
22910006743000;86;44;42;38,6
22910006744000;30;16;14;38,4
22910006745000;8;5;3;42,6
22910006746000;143;81;62;36,5
22910006747000;147;76;71;37,4
22910006748000;109;61;48;44,7
22910006749000;35;20;15;34,2
22910006750000;42;20;22;39,1
22910006751000;21;12;9;60,2
22910006752000;37;17;20;45,8
22910006753000;21;12;9;43,7
22910006754000;36;19;17;41,1
22910006755000;37;20;17;38,1
22910006814000;2;1;1;0,0
22910006815000;13;8;5;48,3
22910006816000;13;5;8;45,8
22910006828000;5;3;2;63,2
22910006832000;15;8;7;38,7
22910006862000;3;2;1;0,0
22910006873000;8;3;5;45,0
22910006900000;2;2;0;0,0
22910006901000;19;12;7;43,9
22910006902000;15;8;7;32,2
22910006923000;15;6;9;31,6
22910006924000;6;4;2;39,3
22910006926000;12;6;6;45,4
22910006927000;21;12;9;37,9
22910006988000;3;1;2;0,0
22910006989000;9;6;3;49,0
22910007029000;14;6;8;42,8
22910007030000;1;1;0;0,0
22910007038000;180;87;93;33,8
22910007039000;415;205;210;37,9
22910007040000;138;70;68;34,4
22910007045000;8;4;4;26,3
22910007046000;18;9;9;44,2
22910007047000;34;19;15;36,3
22910007048000;42;22;20;36,5
22910007049000;438;226;212;33,3
22910007050000;38;21;17;31,8
22910007051000;19;9;10;38,3
22910007052000;19;9;10;42,5
22910007056000;2;1;1;0,0
22910007057000;118;54;64;36,3
22910007058000;1;0;1;0,0
22910007059000;21;11;10;42,5
22910007060000;7;5;2;40,6
22910007061000;29;15;14;37,7
22910007062000;44;22;22;41,8
22910007063000;4;2;2;0,0
22910007071000;7;4;3;45,4
22910007072000;6;3;3;33,8
22910007081000;11;7;4;43,4
22910007086000;2;2;0;0,0
22910007102000;1;1;0;0,0
22910007151000;7;3;4;44,1
22920006557000;50;32;18;42,1
22920006558000;124;52;72;61,5
22920006559000;2034;967;1067;43,0
22920006560000;2400;1117;1283;44,7
22920006561000;625;316;309;40,3
22920006562000;552;282;270;27,1
22920006563000;23;13;10;54,6
22920006564000;19;10;9;38,7
22920006565000;23;11;12;38,1
22920006566000;7;4;3;21,0
22920006573000;8;4;4;42,9
22920006574000;6;3;3;28,8
22920006579000;1;1;0;0,0
22920006584000;8;5;3;33,1
22920006585000;16;7;9;29,7
22920006586000;8;3;5;27,9
22920006589000;2;1;1;0,0
22920006590000;12;7;5;35,8
22920006591000;129;67;62;40,8
22920006592000;344;158;186;43,4
22920006593000;1035;451;584;51,5
22920006594000;237;105;132;35,9
22920006595000;20;11;9;27,1
22920006596000;12;7;5;44,3
22920006597000;16;8;8;41,3
22920006598000;51;26;25;37,9
22920006599000;10;6;4;47,5
22920006600000;9;6;3;30,0
22920006601000;8;6;2;35,0
22920006602000;15;9;6;49,9
22920006603000;7;5;2;44,9
22920006604000;2;1;1;0,0
22920006605000;12;7;5;43,8
22920006606000;173;88;85;40,2
22920006607000;1625;767;858;43,0
22920006608000;1133;554;579;36,9
22920006609000;418;196;222;41,7
22920006610000;15;6;9;46,7
22920006611000;4;2;2;0,0
22920006612000;13;7;6;36,4
22920006613000;16;9;7;46,6
22920006614000;50;25;25;41,2
22920006615000;53;31;22;34,7
22920006616000;484;241;243;44,6
22920006617000;721;325;396;48,6
22920006618000;15;9;6;37,7
22920006619000;22;13;9;44,0
22920006620000;17;7;10;27,6
22920006621000;18;9;9;40,3
22920006622000;15;8;7;33,3
22920006623000;26;15;11;28,0
22920006624000;106;50;56;34,1
22920006625000;19;9;10;32,8
22920006630000;5;4;1;46,4
22920006642000;29;17;12;44,5
22920006643000;4;3;1;0,0
22920006649000;4;2;2;0,0
22920006654000;41;22;19;39,4
22920006655000;71;39;32;35,5
22920006656000;6;3;3;38,5
22920006658000;27;16;11;37,4
22920006659000;6;2;4;48,5
22920006661000;12;6;6;41,5
22920006662000;14;9;5;48,9
22920006664000;17;7;10;32,8
22920006665000;37;20;17;43,4
22920006666000;14;7;7;56,2
22920006667000;9;6;3;50,6
22920006668000;33;17;16;40,4
22920006669000;5;3;2;34,8
22920006670000;5;2;3;45,4
22920006671000;31;15;16;43,6
22920006672000;1;0;1;0,0
22920006673000;295;166;129;34,6
22920006674000;39;20;19;49,5
22920006675000;43;24;19;39,6
22920006676000;143;74;69;37,3
22920006677000;253;124;129;35,8
22920006678000;467;233;234;34,4
22920006679000;12;7;5;39,3
22920006680000;7;6;1;35,3
22920006681000;14;9;5;43,1
22920006682000;6;3;3;26,7
22920006687000;15;9;6;43,1
22920006688000;31;16;15;41,0
22920006689000;80;39;41;42,3
22920006690000;40;25;15;34,2
22920006691000;59;32;27;39,7
22920006692000;29;14;15;36,1
22920006693000;220;109;111;37,6
22920006694000;67;36;31;39,7
22920006695000;13;6;7;48,6
22920006696000;14;7;7;43,9
22920006697000;38;17;21;43,1
22920006698000;10;5;5;36,5
22920006699000;70;38;32;36,1
22920006700000;93;46;47;41,6
22920006701000;48;25;23;34,9
22920006702000;32;13;19;39,4
22920006724000;5;3;2;42,4
22920006725000;1;1;0;0,0
22920006726000;26;12;14;36,5
22920006727000;11;6;5;49,2
22920006728000;12;6;6;47,9
22920006729000;4;1;3;0,0
22920006730000;22;12;10;39,0
22920006731000;19;9;10;44,4
22920006732000;9;5;4;60,8
22920006733000;63;35;28;40,5
22920006734000;28;17;11;34,0
22920006735000;31;19;12;42,6
22920006736000;714;356;358;39,8
22920006737000;770;371;399;41,1
22920006738000;168;87;81;42,8
22920006739000;46;25;21;40,9
22920006740000;26;9;17;34,7
22920006741000;19;9;10;42,2
22920006742000;9;6;3;51,0
22920006743000;27;17;10;42,5
22920006744000;29;17;12;41,9
22920006745000;24;16;8;41,6
22920006746000;28;14;14;36,0
22920006747000;133;66;67;39,5
22920006748000;166;75;91;45,1
22920006749000;63;35;28;40,0
22920006750000;24;13;11;42,6
22920006751000;42;22;20;45,5
22920006752000;52;28;24;38,2
22920006753000;7;3;4;39,3
22920006754000;12;5;7;33,3
22920006755000;168;92;76;34,6
22920006814000;1;1;0;0,0
22920006815000;13;6;7;29,6
22920006832000;2;1;1;0,0
22920006870000;3;2;1;0,0
22920006871000;3;1;2;0,0
22920006872000;25;13;12;30,6
22920006873000;11;8;3;42,7
22920006899000;2;2;0;0,0
22920006900000;33;15;18;36,8
22920006901000;26;15;11;38,9
22920006902000;5;1;4;50,2
22920006924000;5;3;2;38,6
22920006925000;46;23;23;39,6
22920006926000;79;43;36;39,0
22920006927000;55;30;25;38,1
22920006928000;6;4;2;33,0
22920006989000;11;4;7;42,6
22920007008000;1;0;1;0,0
22920007029000;22;12;10;29,4
22920007040000;353;182;171;31,5
22920007044000;7;5;2;31,6
22920007045000;11;7;4;46,2
22920007046000;20;7;13;28,1
22920007047000;48;21;27;40,4
22920007048000;73;39;34;35,8
22920007049000;470;224;246;36,2
22920007051000;93;48;45;29,1
22920007052000;28;15;13;44,5
22920007057000;34;15;19;47,8
22920007058000;11;6;5;32,3
22920007059000;25;13;12;34,3
22920007060000;20;9;11;45,7
22920007061000;54;27;27;36,4
22920007062000;49;25;24;39,1
22920007081000;5;2;3;33,0
22930006553000;3;1;2;0,0
22930006554000;31;16;15;34,8
22930006555000;83;41;42;37,6
22930006556000;106;60;46;37,8
22930006557000;368;194;174;37,9
22930006558000;1319;655;664;41,3
22930006559000;2324;1120;1204;44,9
22930006560000;1987;1005;982;37,9
22930006561000;1850;920;930;38,7
22930006562000;398;201;197;31,7
22930006564000;19;10;9;48,7
22930006565000;30;14;16;32,7
22930006566000;26;14;12;36,2
22930006571000;5;4;1;60,2
22930006573000;2;1;1;0,0
22930006581000;3;2;1;0,0
22930006582000;2;1;1;0,0
22930006583000;8;3;5;39,5
22930006584000;4;1;3;0,0
22930006585000;9;5;4;39,2
22930006586000;8;3;5;24,0
22930006588000;3;3;0;0,0
22930006589000;6;4;2;53,8
22930006590000;13;6;7;45,5
22930006591000;197;92;105;45,6
22930006592000;834;405;429;41,5
22930006593000;74;45;29;36,2
22930006594000;4;2;2;0,0
22930006595000;32;18;14;32,5
22930006596000;14;7;7;41,2
22930006597000;5;2;3;43,4
22930006598000;9;4;5;31,4
22930006599000;7;2;5;43,3
22930006600000;16;7;9;51,5
22930006601000;24;9;15;63,1
22930006602000;156;74;82;34,4
22930006603000;213;106;107;30,1
22930006604000;31;17;14;38,6
22930006605000;20;12;8;51,9
22930006606000;339;164;175;45,8
22930006607000;1240;577;663;41,3
22930006608000;217;111;106;41,0
22930006609000;214;112;102;34,6
22930006610000;10;6;4;33,4
22930006611000;21;11;10;36,1
22930006612000;5;1;4;27,4
22930006614000;17;8;9;40,1
22930006615000;2;1;1;0,0
22930006616000;154;72;82;33,4
22930006617000;543;281;262;37,1
22930006618000;7;4;3;40,9
22930006619000;24;13;11;31,5
22930006620000;8;4;4;47,1
22930006621000;18;8;10;27,7
22930006622000;4;2;2;0,0
22930006623000;8;4;4;39,1
22930006624000;17;10;7;44,6
22930006625000;32;15;17;34,6
22930006626000;20;10;10;40,7
22930006627000;4;2;2;0,0
22930006630000;3;1;2;0,0
22930006641000;11;6;5;39,6
22930006650000;2;1;1;0,0
22930006651000;8;5;3;58,9
22930006654000;8;6;2;37,1
22930006655000;45;19;26;39,4
22930006656000;109;56;53;37,4
22930006657000;229;110;119;48,0
22930006658000;47;27;20;37,8
22930006659000;30;15;15;41,7
22930006661000;1;1;0;0,0
22930006662000;25;10;15;37,1
22930006665000;2;1;1;0,0
22930006666000;1;1;0;0,0
22930006667000;37;22;15;35,7
22930006668000;2;1;1;0,0
22930006669000;27;12;15;37,5
22930006670000;2;1;1;0,0
22930006671000;56;33;23;28,7
22930006672000;30;18;12;41,2
22930006673000;12;5;7;41,3
22930006674000;14;8;6;33,6
22930006675000;17;11;6;30,6
22930006676000;14;7;7;36,6
22930006677000;57;26;31;32,5
22930006678000;212;112;100;35,9
22930006679000;37;21;16;41,5
22930006688000;21;11;10;33,2
22930006691000;55;30;25;36,1
22930006692000;263;135;128;35,4
22930006693000;423;190;233;46,6
22930006694000;666;274;392;52,5
22930006695000;96;49;47;37,5
22930006696000;8;4;4;46,8
22930006697000;4;2;2;0,0
22930006698000;15;8;7;48,9
22930006699000;10;6;4;51,9
22930006700000;9;4;5;46,6
22930006701000;40;23;17;34,5
22930006702000;344;166;178;38,2
22930006703000;18;11;7;39,2
22930006704000;44;20;24;37,8
22930006706000;15;7;8;52,4
22930006708000;9;4;5;40,1
22930006709000;30;16;14;40,8
22930006710000;23;14;9;46,3
22930006711000;1;0;1;0,0
22930006712000;4;2;2;0,0
22930006713000;6;3;3;38,0
22930006714000;12;9;3;37,3
22930006715000;3;1;2;0,0
22930006723000;4;2;2;0,0
22930006724000;3;2;1;0,0
22930006725000;2;1;1;0,0
22930006726000;25;12;13;44,4
22930006727000;48;25;23;42,8
22930006728000;40;14;26;28,7
22930006729000;12;9;3;40,8
22930006730000;16;8;8;46,6
22930006731000;8;5;3;33,8
22930006732000;19;11;8;34,5
22930006733000;4;2;2;0,0
22930006734000;66;37;29;39,1
22930006735000;18;8;10;54,3
22930006736000;189;99;90;39,3
22930006737000;108;54;54;36,3
22930006738000;41;20;21;41,2
22930006739000;8;4;4;38,6
22930006740000;24;11;13;41,5
22930006741000;20;11;9;26,4
22930006742000;54;27;27;35,7
22930006743000;13;6;7;36,2
22930006744000;78;38;40;32,7
22930006745000;20;10;10;40,1
22930006746000;21;11;10;40,3
22930006747000;22;11;11;43,5
22930006748000;70;30;40;38,3
22930006749000;44;23;21;37,5
22930006750000;27;11;16;36,7
22930006751000;353;178;175;39,9
22930006752000;194;98;96;32,7
22930006753000;5;3;2;16,2
22930006754000;9;4;5;44,8
22930006755000;34;16;18;41,1
22930006756000;59;35;24;35,1
22930006813000;4;2;2;0,0
22930006814000;8;5;3;55,3
22930006815000;1;0;1;0,0
22930006831000;3;2;1;0,0
22930006866000;4;3;1;0,0
22930006867000;83;42;41;43,1
22930006868000;108;52;56;51,7
22930006869000;22;11;11;48,6
22930006870000;6;3;3;60,5
22930006871000;9;4;5;43,4
22930006872000;37;21;16;49,7
22930006873000;12;7;5;34,3
22930006888000;5;3;2;17,8
22930006889000;5;2;3;52,6
22930006890000;1;0;1;0,0
22930006891000;18;11;7;35,3
22930006892000;35;16;19;43,5
22930006924000;4;1;3;0,0
22930006925000;123;51;72;49,2
22930006926000;348;184;164;41,0
22930006927000;27;12;15;37,3
22930006935000;5;4;1;21,8
22930006990000;2;1;1;0,0
22930007020000;3;2;1;0,0
22930007029000;8;4;4;33,3
22930007030000;42;24;18;41,6
22930007044000;2;1;1;0,0
22930007045000;38;20;18;41,7
22930007046000;49;27;22;30,3
22930007047000;26;10;16;41,4
22930007048000;57;27;30;38,9
22930007049000;116;61;55;33,2
22930007050000;73;37;36;37,8
22930007051000;77;38;39;34,5
22930007052000;21;13;8;50,3
22930007058000;26;12;14;31,9
22930007059000;22;14;8;50,3
22930007060000;18;11;7;26,1
22930007061000;1;0;1;0,0
22930007062000;62;35;27;34,1
22930007063000;19;8;11;44,5
22930007072000;2;2;0;0,0
22930007086000;7;5;2;36,0
22930007089000;5;2;3;68,8
22930007154000;1;1;0;0,0
22930007156000;42;23;19;52,6
22930007157000;5;2;3;58,8
22940006550000;3;2;1;0,0
22940006552000;20;10;10;40,6
22940006553000;160;88;72;33,2
22940006554000;14;7;7;44,2
22940006555000;21;8;13;46,0
22940006556000;13;7;6;52,1
22940006557000;329;160;169;42,9
22940006558000;424;226;198;38,6
22940006559000;204;103;101;44,5
22940006560000;1273;658;615;37,8
22940006561000;907;422;485;39,9
22940006563000;3;2;1;0,0
22940006566000;3;2;1;0,0
22940006573000;1;1;0;0,0
22940006577000;1;1;0;0,0
22940006579000;10;7;3;24,7
22940006580000;14;9;5;33,8
22940006581000;11;4;7;26,0
22940006582000;10;4;6;44,9
22940006583000;20;8;12;44,6
22940006584000;9;5;4;30,0
22940006585000;52;29;23;35,9
22940006586000;33;21;12;34,3
22940006587000;9;3;6;36,6
22940006588000;22;15;7;41,4
22940006589000;15;8;7;29,6
22940006590000;10;7;3;32,7
22940006591000;33;17;16;36,6
22940006592000;171;81;90;28,2
22940006593000;9;4;5;36,6
22940006594000;18;11;7;41,3
22940006595000;17;10;7;38,5
22940006596000;27;17;10;39,7
22940006597000;23;12;11;46,4
22940006598000;36;21;15;27,9
22940006599000;32;16;16;43,3
22940006600000;25;9;16;45,2
22940006601000;62;29;33;30,8
22940006602000;196;87;109;29,7
22940006603000;11;6;5;34,3
22940006604000;3;2;1;0,0
22940006605000;7;2;5;50,6
22940006606000;68;34;34;40,8
22940006607000;80;48;32;40,4
22940006608000;38;20;18;41,7
22940006609000;5;2;3;14,6
22940006610000;17;9;8;36,8
22940006611000;1;1;0;0,0
22940006613000;2;1;1;0,0
22940006614000;9;5;4;58,8
22940006616000;15;11;4;30,4
22940006617000;15;8;7;26,9
22940006618000;7;3;4;18,6
22940006619000;4;3;1;0,0
22940006620000;15;11;4;41,7
22940006621000;1;1;0;0,0
22940006625000;3;2;1;0,0
22940006626000;2;1;1;0,0
22940006627000;4;3;1;0,0
22940006632000;2;1;1;0,0
22940006641000;4;1;3;0,0
22940006651000;11;5;6;42,5
22940006652000;28;13;15;32,2
22940006653000;40;18;22;45,8
22940006654000;66;30;36;39,0
22940006655000;19;6;13;36,1
22940006656000;69;34;35;39,4
22940006657000;216;119;97;38,8
22940006658000;42;17;25;44,5
22940006659000;3;2;1;0,0
22940006660000;15;8;7;42,8
22940006661000;33;18;15;34,1
22940006662000;6;4;2;57,7
22940006664000;17;11;6;42,1
22940006665000;3;1;2;0,0
22940006668000;2;1;1;0,0
22940006669000;37;19;18;38,9
22940006670000;24;13;11;36,4
22940006671000;22;13;9;41,6
22940006672000;1;1;0;0,0
22940006673000;30;16;14;37,9
22940006675000;16;8;8;40,6
22940006676000;15;9;6;37,3
22940006677000;6;3;3;45,0
22940006678000;32;16;16;39,2
22940006679000;20;8;12;28,4
22940006685000;10;4;6;38,4
22940006687000;16;7;9;42,8
22940006688000;3;2;1;0,0
22940006689000;34;21;13;32,0
22940006690000;20;11;9;42,2
22940006691000;28;12;16;33,4
22940006692000;94;44;50;43,7
22940006693000;477;227;250;36,4
22940006694000;201;101;100;44,3
22940006695000;36;20;16;29,1
22940006696000;32;17;15;37,6
22940006697000;93;47;46;38,0
22940006698000;91;41;50;41,2
22940006699000;86;48;38;35,9
22940006700000;55;26;29;39,6
22940006701000;6;4;2;34,0
22940006702000;4;2;2;0,0
22940006703000;9;5;4;38,9
22940006704000;3;2;1;0,0
22940006705000;5;4;1;39,6
22940006706000;4;2;2;0,0
22940006709000;4;3;1;0,0
22940006713000;58;34;24;41,3
22940006714000;31;19;12;45,5
22940006717000;12;8;4;35,1
22940006718000;22;14;8;39,7
22940006719000;47;20;27;41,4
22940006720000;11;6;5;57,4
22940006722000;3;1;2;0,0
22940006723000;17;9;8;26,5
22940006724000;9;5;4;47,3
22940006725000;24;14;10;42,1
22940006726000;20;11;9;54,5
22940006727000;98;52;46;38,9
22940006728000;15;8;7;36,2
22940006729000;9;4;5;35,9
22940006730000;3;1;2;0,0
22940006731000;7;2;5;30,4
22940006733000;3;1;2;0,0
22940006734000;9;5;4;55,4
22940006735000;6;3;3;47,7
22940006736000;27;14;13;47,2
22940006737000;16;10;6;30,9
22940006738000;73;35;38;37,3
22940006739000;18;8;10;44,1
22940006740000;15;10;5;38,6
22940006741000;29;15;14;41,4
22940006742000;5;2;3;51,8
22940006743000;619;323;296;37,9
22940006744000;52;26;26;35,1
22940006745000;8;4;4;33,8
22940006746000;25;12;13;50,0
22940006747000;18;8;10;48,7
22940006748000;27;16;11;37,3
22940006749000;61;33;28;46,0
22940006750000;35;16;19;46,0
22940006751000;44;23;21;44,0
22940006752000;119;59;60;34,6
22940006753000;120;66;54;30,5
22940006754000;48;24;24;41,0
22940006755000;5;1;4;42,2
22940006756000;3;1;2;0,0
22940006757000;1;1;0;0,0
22940006811000;4;3;1;0,0
22940006812000;7;4;3;52,4
22940006813000;16;7;9;43,6
22940006814000;4;2;2;0,0
22940006864000;2;1;1;0,0
22940006865000;15;8;7;42,7
22940006866000;25;13;12;49,0
22940006867000;39;22;17;48,6
22940006868000;17;6;11;62,6
22940006869000;36;18;18;41,6
22940006870000;19;9;10;34,0
22940006884000;4;2;2;0,0
22940006926000;98;45;53;38,4
22940006927000;17;9;8;46,6
22940006936000;2;2;0;0,0
22940007016000;2;2;0;0,0
22940007020000;40;23;17;42,5
22940007029000;5;2;3;52,0
22940007038000;7;3;4;30,9
22940007039000;2;1;1;0,0
22940007040000;14;6;8;42,9
22940007041000;76;34;42;42,5
22940007045000;44;19;25;36,2
22940007046000;207;111;96;33,0
22940007047000;67;37;30;34,9
22940007048000;70;36;34;36,8
22940007049000;19;9;10;38,8
22940007050000;21;14;7;34,3
22940007051000;16;11;5;36,4
22940007052000;6;3;3;43,7
22940007056000;2;1;1;0,0
22940007058000;8;5;3;34,8
22940007059000;14;5;9;30,2
22940007060000;5;3;2;32,8
22940007061000;8;5;3;45,9
22940007062000;25;15;10;31,7
22940007063000;28;13;15;50,0
22940007072000;4;1;3;0,0
22940007089000;4;1;3;0,0
22940007104000;3;1;2;0,0
22940007155000;7;3;4;69,3
22940007156000;11;6;5;48,5
22950006546000;4;2;2;0,0
22950006547000;28;17;11;35,0
22950006548000;36;20;16;43,3
22950006549000;73;35;38;38,6
22950006550000;42;21;21;42,2
22950006551000;25;12;13;39,2
22950006552000;83;40;43;39,3
22950006553000;16;9;7;49,4
22950006554000;15;10;5;58,0
22950006555000;41;21;20;35,4
22950006556000;43;22;21;49,9
22950006557000;394;201;193;43,8
22950006558000;817;406;411;38,1
22950006559000;244;126;118;35,7
22950006560000;357;156;201;47,0
22950006561000;236;123;113;38,9
22950006562000;11;4;7;25,6
22950006563000;5;4;1;30,0
22950006566000;5;3;2;42,4
22950006567000;6;4;2;19,7
22950006576000;3;1;2;0,0
22950006577000;13;7;6;48,5
22950006578000;21;11;10;37,0
22950006579000;66;36;30;39,1
22950006580000;12;5;7;51,0
22950006581000;19;12;7;37,8
22950006582000;7;4;3;36,7
22950006583000;3;2;1;0,0
22950006584000;1;1;0;0,0
22950006585000;31;16;15;38,2
22950006586000;11;6;5;61,1
22950006587000;19;11;8;57,7
22950006588000;22;11;11;33,8
22950006590000;4;2;2;0,0
22950006591000;12;7;5;51,8
22950006592000;7;4;3;46,9
22950006593000;11;5;6;35,1
22950006594000;30;15;15;31,7
22950006595000;2;1;1;0,0
22950006598000;28;16;12;33,1
22950006599000;28;15;13;29,9
22950006600000;41;18;23;38,9
22950006601000;23;10;13;52,3
22950006602000;20;12;8;50,4
22950006603000;43;24;19;36,2
22950006604000;24;11;13;29,8
22950006605000;11;5;6;46,0
22950006606000;20;10;10;40,1
22950006607000;32;17;15;27,0
22950006608000;25;12;13;42,1
22950006609000;26;16;10;40,4
22950006610000;5;2;3;19,8
22950006611000;3;2;1;0,0
22950006612000;10;6;4;55,6
22950006613000;20;9;11;34,5
22950006614000;19;10;9;45,4
22950006615000;5;4;1;26,8
22950006616000;18;10;8;49,1
22950006617000;35;18;17;35,3
22950006618000;1;0;1;0,0
22950006619000;1;1;0;0,0
22950006620000;18;7;11;53,4
22950006621000;15;8;7;52,2
22950006627000;2;0;2;0,0
22950006629000;2;1;1;0,0
22950006630000;13;6;7;37,1
22950006631000;10;5;5;39,5
22950006635000;14;8;6;42,2
22950006636000;25;12;13;41,2
22950006637000;1;0;1;0,0
22950006638000;1;0;1;0,0
22950006639000;3;2;1;0,0
22950006640000;4;2;2;0,0
22950006648000;3;1;2;0,0
22950006649000;3;1;2;0,0
22950006650000;12;5;7;53,4
22950006651000;34;16;18;45,9
22950006652000;13;6;7;44,2
22950006653000;13;7;6;39,1
22950006654000;3;0;3;0,0
22950006655000;31;12;19;43,7
22950006656000;4;1;3;0,0
22950006657000;70;38;32;42,0
22950006658000;12;6;6;46,3
22950006659000;95;44;51;38,6
22950006660000;326;168;158;37,0
22950006661000;63;35;28;40,7
22950006662000;5;4;1;45,4
22950006663000;18;11;7;38,1
22950006664000;17;10;7;47,8
22950006665000;3;1;2;0,0
22950006670000;3;2;1;0,0
22950006671000;17;9;8;39,7
22950006672000;16;7;9;40,3
22950006673000;24;13;11;38,8
22950006674000;9;5;4;39,7
22950006675000;2;1;1;0,0
22950006676000;37;20;17;37,6
22950006677000;13;8;5;39,1
22950006679000;18;7;11;46,1
22950006681000;1;1;0;0,0
22950006682000;7;5;2;34,3
22950006683000;20;10;10;38,0
22950006684000;27;15;12;42,4
22950006685000;51;25;26;37,4
22950006686000;11;6;5;35,9
22950006687000;16;10;6;28,6
22950006688000;4;1;3;0,0
22950006690000;9;6;3;44,7
22950006691000;137;73;64;39,1
22950006692000;504;252;252;39,4
22950006693000;187;97;90;47,4
22950006694000;480;232;248;43,4
22950006695000;63;32;31;34,6
22950006696000;17;10;7;41,5
22950006697000;5;2;3;27,6
22950006701000;3;2;1;0,0
22950006705000;18;8;10;39,8
22950006708000;9;3;6;30,4
22950006709000;1;1;0;0,0
22950006712000;3;1;2;0,0
22950006718000;37;21;16;44,6
22950006719000;55;26;29;40,3
22950006720000;50;28;22;45,5
22950006721000;74;38;36;49,7
22950006722000;6;4;2;38,8
22950006724000;16;8;8;39,5
22950006725000;348;174;174;44,2
22950006726000;87;42;45;37,1
22950006727000;1;1;0;0,0
22950006736000;9;4;5;40,8
22950006737000;175;90;85;39,9
22950006738000;54;27;27;40,5
22950006739000;33;17;16;29,2
22950006740000;15;8;7;31,0
22950006741000;26;13;13;39,2
22950006742000;18;10;8;45,6
22950006743000;176;85;91;38,5
22950006744000;137;67;70;45,2
22950006745000;18;10;8;40,7
22950006746000;37;18;19;34,8
22950006747000;5;4;1;57,8
22950006748000;2;1;1;0,0
22950006749000;34;22;12;42,4
22950006750000;31;17;14;40,4
22950006751000;32;20;12;43,8
22950006752000;29;16;13;32,3
22950006753000;39;20;19;40,7
22950006754000;109;60;49;46,4
22950006755000;73;37;36;39,2
22950006756000;11;6;5;48,0
22950006757000;16;9;7;45,3
22950006784000;4;2;2;0,0
22950006810000;3;2;1;0,0
22950006811000;7;5;2;24,6
22950006857000;2;1;1;0,0
22950006858000;3;2;1;0,0
22950006859000;1;1;0;0,0
22950006860000;7;3;4;51,6
22950006861000;2;2;0;0,0
22950006862000;2;1;1;0,0
22950006864000;4;2;2;0,0
22950006866000;3;2;1;0,0
22950006867000;33;17;16;48,7
22950006875000;23;13;10;33,0
22950006876000;39;21;18;40,6
22950006877000;16;10;6;52,4
22950006881000;10;4;6;29,9
22950006882000;18;10;8;36,3
22950006883000;1;1;0;0,0
22950006884000;5;3;2;52,2
22950006926000;20;8;12;39,1
22950006937000;1;1;0;0,0
22950006938000;11;5;6;31,5
22950006987000;8;3;5;35,9
22950006989000;3;2;1;0,0
22950007013000;4;1;3;0,0
22950007014000;6;4;2;34,8
22950007015000;2;2;0;0,0
22950007016000;5;3;2;54,8
22950007019000;1;0;1;0,0
22950007020000;59;32;27;47,8
22950007038000;22;10;12;35,4
22950007039000;9;4;5;50,7
22950007040000;158;78;80;28,9
22950007041000;489;251;238;30,0
22950007044000;66;37;29;34,8
22950007045000;340;168;172;33,9
22950007046000;231;121;110;42,1
22950007047000;23;13;10;28,0
22950007048000;22;10;12;41,3
22950007052000;31;17;14;37,3
22950007055000;1;1;0;0,0
22950007056000;3;1;2;0,0
22950007057000;5;4;1;44,8
22950007059000;2;1;1;0,0
22950007060000;8;5;3;38,4
22950007062000;12;5;7;49,4
22950007063000;5;4;1;41,4
22950007064000;16;8;8;35,1
22950007088000;3;2;1;0,0
22950007090000;7;4;3;49,9
22950007106000;2;2;0;0,0
22950007153000;4;3;1;0,0
22950007154000;30;14;16;42,8
22950007155000;4;3;1;0,0
22960006546000;10;4;6;37,5
22960006547000;47;26;21;39,8
22960006548000;16;8;8;35,2
22960006550000;20;12;8;41,0
22960006551000;2;1;1;0,0
22960006552000;39;20;19;32,2
22960006553000;15;10;5;40,9
22960006554000;62;29;33;37,6
22960006555000;12;7;5;39,6
22960006556000;46;24;22;39,4
22960006557000;200;91;109;40,4
22960006558000;307;156;151;39,5
22960006559000;1463;738;725;37,4
22960006560000;920;470;450;41,7
22960006561000;55;28;27;39,9
22960006562000;37;16;21;30,6
22960006568000;22;12;10;32,5
22960006569000;4;2;2;0,0
22960006570000;3;2;1;0,0
22960006572000;4;1;3;0,0
22960006573000;3;2;1;0,0
22960006574000;2;1;1;0,0
22960006575000;2;2;0;0,0
22960006576000;10;5;5;38,7
22960006577000;16;8;8;42,9
22960006578000;11;5;6;56,8
22960006579000;11;4;7;40,0
22960006580000;6;2;4;42,7
22960006581000;13;4;9;43,7
22960006582000;56;29;27;36,1
22960006583000;13;6;7;51,8
22960006584000;85;46;39;32,5
22960006585000;222;104;118;51,2
22960006586000;36;20;16;31,6
22960006587000;12;6;6;36,8
22960006589000;9;6;3;31,7
22960006590000;15;7;8;45,1
22960006591000;29;16;13;52,1
22960006592000;23;10;13;33,4
22960006593000;12;4;8;30,9
22960006595000;7;2;5;27,7
22960006596000;1;1;0;0,0
22960006598000;10;4;6;35,4
22960006599000;18;9;9;42,9
22960006600000;24;13;11;35,3
22960006601000;5;2;3;31,8
22960006602000;34;21;13;46,6
22960006603000;62;31;31;46,3
22960006604000;5;2;3;47,4
22960006605000;27;18;9;39,2
22960006606000;14;8;6;40,7
22960006607000;42;21;21;41,5
22960006608000;32;19;13;36,2
22960006609000;15;9;6;35,1
22960006610000;14;11;3;38,0
22960006611000;42;21;21;32,4
22960006612000;2;1;1;0,0
22960006613000;15;7;8;45,5
22960006614000;18;10;8;42,4
22960006615000;4;1;3;0,0
22960006617000;7;2;5;33,0
22960006620000;25;14;11;47,2
22960006627000;5;4;1;24,2
22960006628000;5;3;2;46,2
22960006629000;21;11;10;38,8
22960006630000;1;1;0;0,0
22960006634000;3;1;2;0,0
22960006635000;42;19;23;42,8
22960006636000;34;22;12;27,6
22960006637000;8;4;4;39,6
22960006638000;17;9;8;31,6
22960006639000;7;3;4;36,3
22960006647000;7;5;2;30,0
22960006648000;10;6;4;25,6
22960006649000;18;8;10;44,6
22960006650000;12;6;6;38,4
22960006651000;34;20;14;44,9
22960006652000;6;3;3;23,3
22960006653000;107;60;47;38,0
22960006654000;347;183;164;35,8
22960006655000;1;1;0;0,0
22960006657000;20;11;9;48,2
22960006658000;4;2;2;0,0
22960006659000;3;2;1;0,0
22960006660000;404;202;202;39,5
22960006661000;8;3;5;38,8
22960006662000;13;5;8;33,8
22960006663000;29;14;15;52,7
22960006664000;16;8;8;54,6
22960006665000;6;2;4;40,0
22960006670000;1598;825;773;28,0
22960006671000;49;23;26;37,3
22960006672000;13;5;8;37,9
22960006673000;13;7;6;42,5
22960006674000;14;9;5;44,4
22960006676000;7;3;4;37,4
22960006677000;10;7;3;25,6
22960006679000;35;16;19;43,1
22960006680000;338;173;165;37,6
22960006681000;49;29;20;45,5
22960006682000;30;16;14;42,9
22960006683000;4;2;2;0,0
22960006685000;4;2;2;0,0
22960006686000;2;2;0;0,0
22960006687000;47;24;23;40,2
22960006688000;15;9;6;45,7
22960006689000;11;7;4;45,4
22960006691000;10;6;4;31,2
22960006692000;8;4;4;46,0
22960006693000;81;40;41;31,6
22960006694000;208;109;99;29,4
22960006700000;6;2;4;32,2
22960006701000;13;8;5;47,1
22960006708000;2;1;1;0,0
22960006720000;27;13;14;55,8
22960006721000;31;17;14;35,5
22960006722000;3;0;3;0,0
22960006723000;57;34;23;39,0
22960006724000;15;8;7;51,0
22960006725000;76;40;36;38,5
22960006726000;53;33;20;39,0
22960006727000;2;1;1;0,0
22960006736000;2;1;1;0,0
22960006737000;114;61;53;40,9
22960006738000;303;162;141;36,6
22960006739000;14;6;8;38,9
22960006740000;36;19;17;41,1
22960006741000;17;8;9;42,5
22960006742000;44;23;21;44,2
22960006743000;29;19;10;32,9
22960006744000;12;3;9;33,8
22960006745000;26;14;12;44,2
22960006746000;18;8;10;47,9
22960006747000;13;4;9;35,6
22960006748000;13;7;6;53,7
22960006749000;24;11;13;36,0
22960006750000;23;11;12;33,3
22960006751000;30;19;11;42,1
22960006752000;20;10;10;37,6
22960006753000;30;15;15;32,6
22960006754000;28;15;13;42,3
22960006755000;10;5;5;30,7
22960006809000;3;2;1;0,0
22960006843000;2;1;1;0,0
22960006854000;11;5;6;53,6
22960006855000;11;7;4;54,6
22960006856000;33;17;16;37,6
22960006857000;62;32;30;51,4
22960006858000;7;4;3;37,4
22960006859000;8;6;2;40,9
22960006876000;8;4;4;44,0
22960006877000;43;26;17;43,8
22960006878000;2;0;2;0,0
22960006926000;2;1;1;0,0
22960006927000;11;6;5;45,3
22960006930000;1;1;0;0,0
22960006938000;3;2;1;0,0
22960006939000;1;1;0;0,0
22960006942000;7;4;3;31,6
22960006943000;7;4;3;35,0
22960006962000;5;4;1;29,4
22960006987000;10;6;4;48,0
22960007004000;3;2;1;0,0
22960007012000;10;6;4;47,1
22960007013000;17;8;9;58,1
22960007014000;84;51;33;39,5
22960007015000;28;13;15;39,2
22960007016000;4;2;2;0,0
22960007019000;33;22;11;46,1
22960007020000;130;64;66;35,9
22960007036000;10;5;5;37,8
22960007037000;16;8;8;41,7
22960007038000;34;15;19;33,7
22960007039000;36;15;21;41,0
22960007040000;412;219;193;33,8
22960007041000;394;189;205;33,7
22960007043000;225;108;117;42,5
22960007044000;1955;952;1003;44,0
22960007045000;1163;575;588;37,5
22960007046000;71;35;36;44,2
22960007047000;26;16;10;41,8
22960007053000;2;1;1;0,0
22960007056000;26;14;12;31,5
22960007058000;9;6;3;57,8
22960007060000;11;5;6;54,9
22960007061000;4;2;2;0,0
22960007062000;1;0;1;0,0
22960007063000;5;2;3;20,2
22960007090000;14;6;8;43,5
22960007091000;2;1;1;0,0
22960007154000;59;28;31;39,0
22960007155000;65;38;27;41,5
22960007156000;11;7;4;28,5
22960007157000;12;6;6;36,9
22970006539000;1;1;0;0,0
22970006545000;1;0;1;0,0
22970006546000;8;4;4;41,9
22970006549000;8;3;5;32,3
22970006550000;3;2;1;0,0
22970006551000;1;0;1;0,0
22970006553000;42;21;21;37,1
22970006554000;59;30;29;35,7
22970006555000;3;2;1;0,0
22970006556000;12;6;6;30,3
22970006557000;3;2;1;0,0
22970006558000;103;58;45;37,4
22970006559000;87;47;40;47,4
22970006560000;25;13;12;52,8
22970006561000;46;23;23;38,2
22970006562000;17;8;9;43,2
22970006568000;4;3;1;0,0
22970006572000;6;3;3;27,8
22970006573000;4;2;2;0,0
22970006574000;14;8;6;40,1
22970006575000;9;5;4;34,7
22970006577000;3;2;1;0,0
22970006579000;8;6;2;44,5
22970006580000;18;10;8;37,6
22970006581000;13;9;4;35,7
22970006582000;3;2;1;0,0
22970006583000;15;9;6;57,7
22970006584000;11;6;5;46,6
22970006585000;14;8;6;46,6
22970006586000;5;2;3;26,8
22970006588000;2;1;1;0,0
22970006589000;12;6;6;42,0
22970006591000;30;13;17;41,1
22970006592000;10;3;7;30,0
22970006593000;13;8;5;23,7
22970006594000;1;1;0;0,0
22970006605000;9;5;4;29,9
22970006606000;27;15;12;41,0
22970006607000;51;23;28;40,4
22970006608000;3;1;2;0,0
22970006610000;15;7;8;30,5
22970006611000;6;2;4;30,8
22970006612000;13;7;6;40,4
22970006613000;114;59;55;40,3
22970006614000;103;52;51;39,0
22970006615000;19;14;5;35,3
22970006616000;10;6;4;40,7
22970006617000;9;4;5;52,8
22970006618000;19;9;10;33,7
22970006619000;17;8;9;42,0
22970006620000;2;1;1;0,0
22970006622000;7;5;2;28,9
22970006623000;28;15;13;37,3
22970006624000;27;16;11;39,7
22970006625000;29;16;13;47,1
22970006626000;24;11;13;44,1
22970006627000;38;21;17;34,4
22970006628000;4;2;2;0,0
22970006629000;12;7;5;32,0
22970006633000;3;2;1;0,0
22970006634000;5;3;2;37,4
22970006635000;235;118;117;41,5
22970006636000;9;6;3;31,2
22970006646000;4;2;2;0,0
22970006647000;47;38;9;34,0
22970006648000;23;11;12;35,0
22970006649000;56;31;25;37,5
22970006650000;15;9;6;37,5
22970006651000;43;21;22;48,8
22970006652000;62;29;33;36,8
22970006653000;65;35;30;39,6
22970006654000;228;108;120;31,5
22970006655000;67;33;34;36,5
22970006656000;43;21;22;52,4
22970006657000;35;19;16;44,4
22970006658000;4;3;1;0,0
22970006659000;113;55;58;30,9
22970006660000;1537;782;755;34,7
22970006661000;327;172;155;37,2
22970006662000;27;13;14;33,1
22970006663000;10;6;4;43,2
22970006664000;26;14;12;41,2
22970006665000;18;13;5;36,9
22970006666000;11;7;4;58,2
22970006667000;15;8;7;39,4
22970006668000;32;17;15;46,0
22970006669000;80;42;38;39,4
22970006670000;31;14;17;41,0
22970006671000;30;16;14;35,3
22970006672000;35;17;18;37,2
22970006673000;30;15;15;43,3
22970006674000;22;10;12;46,0
22970006676000;20;12;8;44,1
22970006677000;11;7;4;44,2
22970006678000;12;6;6;51,7
22970006679000;50;27;23;40,4
22970006680000;98;54;44;38,5
22970006681000;14;9;5;43,6
22970006682000;8;5;3;25,5
22970006683000;5;4;1;47,4
22970006684000;23;13;10;30,0
22970006685000;18;11;7;50,6
22970006686000;28;17;11;30,6
22970006687000;33;15;18;31,8
22970006688000;29;15;14;50,0
22970006689000;9;5;4;32,6
22970006693000;5;2;3;32,4
22970006694000;52;27;25;42,2
22970006695000;35;21;14;35,6
22970006696000;42;20;22;40,5
22970006697000;18;7;11;29,8
22970006710000;2;1;1;0,0
22970006711000;5;3;2;39,0
22970006712000;15;7;8;47,8
22970006713000;4;2;2;0,0
22970006723000;85;42;43;41,6
22970006726000;30;12;18;35,4
22970006727000;4;3;1;0,0
22970006728000;3;1;2;0,0
22970006729000;9;6;3;27,4
22970006730000;19;13;6;40,4
22970006731000;6;4;2;24,8
22970006732000;13;6;7;48,0
22970006733000;11;6;5;44,4
22970006734000;32;16;16;40,5
22970006735000;19;9;10;50,5
22970006736000;31;16;15;39,2
22970006737000;12;7;5;38,6
22970006738000;90;35;55;41,7
22970006739000;112;54;58;36,0
22970006740000;229;117;112;44,1
22970006741000;40;24;16;33,9
22970006742000;70;37;33;47,6
22970006743000;12;4;8;25,5
22970006744000;7;3;4;24,3
22970006745000;43;23;20;38,8
22970006746000;26;14;12;38,2
22970006747000;19;10;9;47,4
22970006748000;30;14;16;26,9
22970006749000;49;28;21;45,2
22970006750000;4;2;2;0,0
22970006753000;5;3;2;39,6
22970006754000;2;1;1;0,0
22970006808000;7;4;3;42,0
22970006810000;1;0;1;0,0
22970006831000;10;6;4;29,4
22970006840000;1;1;0;0,0
22970006841000;2;1;1;0,0
22970006842000;2;2;0;0,0
22970006843000;6;4;2;49,2
22970006844000;2;1;1;0,0
22970006852000;8;4;4;21,5
22970006853000;77;36;41;46,4
22970006854000;12;6;6;33,1
22970006855000;8;4;4;41,8
22970006856000;7;3;4;47,9
22970006857000;8;3;5;70,8
22970006926000;8;3;5;37,1
22970006927000;17;10;7;37,9
22970006938000;26;12;14;33,5
22970006939000;20;11;9;42,2
22970006941000;5;2;3;27,4
22970006942000;11;5;6;39,2
22970006987000;16;7;9;46,3
22970006996000;4;3;1;0,0
22970007013000;3;1;2;0,0
22970007014000;74;40;34;43,0
22970007015000;59;32;27;45,7
22970007016000;48;29;19;32,9
22970007017000;5;3;2;36,2
22970007020000;22;13;9;41,0
22970007021000;13;7;6;62,2
22970007036000;30;17;13;36,0
22970007037000;69;38;31;44,9
22970007038000;14;6;8;35,8
22970007039000;30;13;17;46,6
22970007040000;147;76;71;38,2
22970007041000;66;38;28;37,5
22970007042000;7;2;5;28,0
22970007043000;93;46;47;35,5
22970007044000;2329;1104;1225;45,7
22970007045000;1422;686;736;41,8
22970007046000;263;128;135;37,2
22970007054000;17;8;9;32,2
22970007055000;12;6;6;35,5
22970007056000;14;7;7;47,4
22970007057000;11;4;7;43,4
22970007058000;32;15;17;49,8
22970007059000;4;2;2;0,0
22970007060000;4;1;3;0,0
22970007061000;1;1;0;0,0
22970007064000;2;1;1;0,0
22970007091000;23;14;9;43,3
22970007154000;9;5;4;36,7
22970007155000;9;3;6;40,1
22970007156000;8;5;3;59,5
22970007157000;6;5;1;57,0
22970007158000;1;1;0;0,0
22970007159000;5;3;2;30,6
22980006533000;2;1;1;0,0
22980006535000;6;3;3;34,8
22980006536000;4;2;2;0,0
22980006537000;2;1;1;0,0
22980006541000;3;1;2;0,0
22980006542000;21;13;8;39,0
22980006544000;6;3;3;57,2
22980006545000;18;9;9;38,4
22980006546000;3;2;1;0,0
22980006547000;4;1;3;0,0
22980006550000;8;5;3;39,4
22980006551000;44;22;22;43,9
22980006552000;48;23;25;31,7
22980006558000;14;7;7;25,8
22980006559000;2;1;1;0,0
22980006562000;8;3;5;17,6
22980006563000;6;2;4;43,0
22980006569000;5;3;2;45,4
22980006570000;38;26;12;39,9
22980006571000;13;8;5;27,8
22980006573000;1;1;0;0,0
22980006574000;13;6;7;34,5
22980006575000;18;11;7;38,9
22980006576000;10;5;5;45,0
22980006577000;2;1;1;0,0
22980006578000;5;3;2;38,6
22980006579000;11;7;4;27,7
22980006580000;2;1;1;0,0
22980006581000;7;3;4;40,1
22980006583000;2;1;1;0,0
22980006584000;3;1;2;0,0
22980006585000;12;8;4;28,4
22980006586000;6;3;3;38,7
22980006587000;10;7;3;26,1
22980006588000;9;4;5;25,3
22980006589000;28;16;12;28,6
22980006590000;29;16;13;35,1
22980006591000;8;4;4;24,0
22980006592000;9;5;4;50,7
22980006593000;27;16;11;36,5
22980006594000;13;6;7;27,4
22980006604000;19;10;9;40,1
22980006605000;26;14;12;29,0
22980006606000;28;17;11;27,6
22980006607000;14;7;7;34,2
22980006608000;5;4;1;37,4
22980006611000;5;2;3;36,4
22980006612000;25;14;11;37,2
22980006613000;42;22;20;35,1
22980006614000;9;4;5;33,6
22980006616000;22;11;11;29,5
22980006617000;8;3;5;33,4
22980006618000;15;9;6;55,3
22980006621000;1;1;0;0,0
22980006622000;15;8;7;45,5
22980006623000;23;9;14;36,1
22980006625000;17;8;9;44,9
22980006626000;34;17;17;40,3
22980006627000;18;8;10;47,1
22980006629000;6;4;2;25,8
22980006630000;30;14;16;39,8
22980006631000;12;5;7;38,4
22980006632000;12;5;7;48,3
22980006633000;13;6;7;49,8
22980006634000;40;19;21;37,2
22980006635000;311;161;150;35,6
22980006636000;4;3;1;0,0
22980006637000;4;2;2;0,0
22980006647000;9;5;4;25,6
22980006648000;17;10;7;39,4
22980006649000;74;37;37;31,5
22980006650000;38;17;21;38,6
22980006651000;73;34;39;31,5
22980006652000;9;5;4;33,3
22980006654000;25;10;15;39,4
22980006655000;11;6;5;41,7
22980006656000;10;6;4;43,3
22980006657000;121;62;59;38,8
22980006658000;14;6;8;51,6
22980006659000;13;5;8;35,8
22980006661000;20;12;8;54,0
22980006662000;155;83;72;36,6
22980006663000;151;80;71;40,8
22980006664000;14;9;5;41,1
22980006665000;2;1;1;0,0
22980006666000;3;2;1;0,0
22980006668000;219;106;113;40,6
22980006669000;438;210;228;30,1
22980006670000;9;5;4;35,3
22980006671000;52;30;22;43,6
22980006672000;16;7;9;57,1
22980006673000;1;1;0;0,0
22980006674000;39;22;17;38,4
22980006675000;75;44;31;38,5
22980006676000;14;6;8;49,1
22980006677000;1;1;0;0,0
22980006678000;11;6;5;45,8
22980006679000;7;3;4;31,4
22980006680000;17;7;10;51,8
22980006681000;12;6;6;35,1
22980006682000;21;12;9;37,4
22980006683000;12;7;5;51,6
22980006684000;37;20;17;47,3
22980006693000;1;1;0;0,0
22980006694000;11;5;6;39,4
22980006696000;22;14;8;45,2
22980006697000;49;25;24;37,2
22980006698000;30;14;16;39,5
22980006711000;4;3;1;0,0
22980006712000;1;0;1;0,0
22980006723000;13;6;7;23,2
22980006724000;16;8;8;45,6
22980006725000;3;2;1;0,0
22980006726000;8;5;3;40,9
22980006727000;8;3;5;51,8
22980006728000;4;2;2;0,0
22980006729000;6;2;4;66,7
22980006730000;32;12;20;40,1
22980006731000;6;3;3;53,8
22980006733000;4;2;2;0,0
22980006734000;4;3;1;0,0
22980006735000;9;5;4;56,8
22980006736000;5;4;1;28,0
22980006737000;10;7;3;22,5
22980006738000;135;55;80;40,9
22980006739000;145;69;76;48,1
22980006740000;10;5;5;57,5
22980006741000;45;23;22;38,0
22980006742000;19;5;14;34,9
22980006743000;46;25;21;35,6
22980006744000;29;16;13;45,1
22980006745000;84;39;45;39,9
22980006746000;27;15;12;43,3
22980006747000;16;9;7;39,7
22980006748000;61;33;28;39,8
22980006749000;115;55;60;45,2
22980006750000;13;9;4;57,2
22980006751000;58;26;32;32,6
22980006752000;38;17;21;39,6
22980006753000;15;6;9;54,6
22980006754000;12;4;8;53,2
22980006779000;1;1;0;0,0
22980006806000;1;1;0;0,0
22980006807000;6;4;2;60,5
22980006808000;8;4;4;49,4
22980006844000;3;2;1;0,0
22980006845000;5;3;2;35,8
22980006846000;8;5;3;48,8
22980006847000;17;9;8;33,2
22980006848000;26;14;12;44,7
22980006849000;23;13;10;40,6
22980006850000;4;2;2;0,0
22980006851000;5;4;1;60,4
22980006852000;72;33;39;45,4
22980006853000;158;61;97;53,0
22980006854000;22;12;10;41,5
22980006855000;7;3;4;36,1
22980006938000;15;9;6;40,1
22980006939000;14;8;6;31,1
22980006941000;16;7;9;47,1
22980006942000;10;6;4;27,9
22980006986000;5;3;2;60,6
22980007007000;2;1;1;0,0
22980007014000;18;7;11;30,2
22980007015000;46;25;21;41,3
22980007016000;68;28;40;38,1
22980007021000;39;24;15;39,6
22980007035000;24;12;12;37,0
22980007036000;14;6;8;31,6
22980007037000;22;11;11;34,7
22980007038000;71;39;32;31,6
22980007039000;86;45;41;38,7
22980007040000;37;19;18;43,3
22980007041000;237;122;115;37,0
22980007042000;83;43;40;40,0
22980007043000;288;150;138;38,6
22980007044000;691;347;344;34,8
22980007045000;1369;682;687;36,2
22980007046000;375;194;181;34,5
22980007047000;59;29;30;37,8
22980007053000;3;2;1;0,0
22980007054000;5;2;3;38,4
22980007055000;7;3;4;45,4
22980007056000;12;6;6;36,6
22980007057000;22;12;10;40,4
22980007058000;18;11;7;44,8
22980007059000;17;11;6;33,9
22980007060000;15;10;5;40,1
22980007068000;6;4;2;33,7
22980007074000;1;1;0;0,0
22980007091000;7;3;4;51,3
22980007092000;15;9;6;41,3
22980007102000;6;2;4;49,0
22980007144000;17;11;6;55,9
22980007152000;4;2;2;0,0
22980007155000;3;2;1;0,0
22980007160000;11;4;7;25,0
22980007162000;1;0;1;0,0
22980007186000;1;0;1;0,0
22980007200000;4;2;2;0,0
22990006531000;1;1;0;0,0
22990006532000;5;2;3;54,4
22990006533000;8;4;4;43,3
22990006534000;12;6;6;50,2
22990006535000;38;21;17;45,3
22990006536000;19;11;8;28,8
22990006537000;37;16;21;39,8
22990006538000;10;4;6;39,4
22990006539000;16;8;8;46,4
22990006540000;17;9;8;44,9
22990006541000;10;3;7;44,4
22990006542000;10;5;5;37,3
22990006543000;21;9;12;35,0
22990006546000;11;5;6;52,4
22990006547000;38;19;19;36,9
22990006548000;4;2;2;0,0
22990006549000;2;1;1;0,0
22990006551000;10;4;6;46,2
22990006552000;4;1;3;0,0
22990006564000;2;1;1;0,0
22990006568000;7;4;3;43,6
22990006571000;15;9;6;36,5
22990006572000;7;4;3;44,7
22990006573000;1;1;0;0,0
22990006574000;1;1;0;0,0
22990006576000;4;3;1;0,0
22990006582000;9;4;5;46,6
22990006583000;15;10;5;28,9
22990006584000;8;5;3;29,0
22990006585000;14;9;5;53,1
22990006586000;16;10;6;42,9
22990006587000;64;35;29;38,8
22990006588000;39;24;15;29,1
22990006589000;18;10;8;31,7
22990006590000;5;3;2;40,6
22990006592000;5;2;3;17,4
22990006603000;9;6;3;28,9
22990006604000;9;6;3;28,6
22990006605000;34;19;15;35,8
22990006606000;36;17;19;33,9
22990006607000;57;35;22;43,1
22990006608000;19;12;7;34,9
22990006609000;6;4;2;38,0
22990006610000;7;3;4;60,4
22990006611000;5;2;3;20,8
22990006612000;11;6;5;40,6
22990006613000;13;7;6;32,5
22990006616000;36;16;20;39,9
22990006617000;12;5;7;54,7
22990006618000;4;2;2;0,0
22990006621000;1;1;0;0,0
22990006623000;9;4;5;27,4
22990006624000;11;6;5;38,5
22990006625000;48;24;24;36,7
22990006626000;18;10;8;53,1
22990006627000;10;4;6;44,7
22990006628000;31;14;17;44,1
22990006629000;25;9;16;33,8
22990006630000;9;5;4;46,2
22990006631000;12;8;4;25,3
22990006632000;12;6;6;26,1
22990006635000;31;17;14;45,2
22990006636000;5;3;2;45,0
22990006646000;12;8;4;42,9
22990006647000;17;9;8;59,9
22990006648000;8;4;4;53,1
22990006649000;15;8;7;36,9
22990006650000;43;24;19;41,3
22990006651000;17;7;10;32,6
22990006656000;7;2;5;42,1
22990006657000;37;21;16;48,0
22990006658000;55;32;23;40,1
22990006659000;33;18;15;31,0
22990006660000;17;10;7;50,9
22990006661000;21;9;12;36,2
22990006662000;27;14;13;40,6
22990006663000;363;184;179;37,9
22990006664000;57;28;29;35,8
22990006665000;8;3;5;36,1
22990006666000;7;5;2;45,0
22990006667000;26;13;13;40,7
22990006668000;91;54;37;44,6
22990006669000;21;11;10;32,3
22990006670000;10;6;4;54,6
22990006671000;6;3;3;32,8
22990006672000;44;23;21;41,5
22990006673000;23;10;13;29,5
22990006674000;47;25;22;36,9
22990006675000;9;4;5;40,2
22990006677000;3;2;1;0,0
22990006678000;3;1;2;0,0
22990006679000;11;6;5;42,4
22990006680000;127;62;65;41,1
22990006681000;194;102;92;34,2
22990006682000;101;48;53;39,7
22990006683000;37;22;15;41,7
22990006684000;4;1;3;0,0
22990006696000;50;28;22;45,2
22990006697000;20;10;10;47,8
22990006698000;24;14;10;42,4
22990006699000;6;5;1;40,0
22990006700000;8;3;5;38,4
22990006713000;2;1;1;0,0
22990006724000;10;5;5;57,9
22990006725000;11;5;6;45,5
22990006726000;20;12;8;52,1
22990006727000;22;12;10;43,8
22990006728000;18;11;7;42,2
22990006729000;11;5;6;45,5
22990006730000;14;7;7;42,0
22990006731000;15;7;8;36,3
22990006732000;16;10;6;52,3
22990006733000;4;3;1;0,0
22990006734000;46;23;23;41,3
22990006735000;47;26;21;34,3
22990006736000;8;5;3;46,9
22990006737000;37;19;18;49,3
22990006738000;23;10;13;29,4
22990006739000;5;3;2;63,0
22990006740000;18;8;10;49,8
22990006744000;187;97;90;38,9
22990006745000;173;84;89;41,1
22990006746000;44;18;26;40,7
22990006747000;33;21;12;34,2
22990006748000;96;46;50;39,4
22990006749000;470;238;232;44,6
22990006750000;32;18;14;39,5
22990006751000;24;12;12;45,4
22990006752000;48;19;29;30,0
22990006753000;38;20;18;40,7
22990006754000;45;24;21;42,2
22990006755000;14;9;5;48,9
22990006756000;9;4;5;48,6
22990006763000;1;1;0;0,0
22990006775000;1;1;0;0,0
22990006779000;8;5;3;39,0
22990006783000;10;6;4;36,8
22990006784000;2;1;1;0,0
22990006802000;7;5;2;59,0
22990006803000;8;3;5;44,3
22990006804000;8;5;3;35,1
22990006805000;8;5;3;45,3
22990006806000;17;11;6;38,2
22990006807000;2;1;1;0,0
22990006831000;3;2;1;0,0
22990006837000;1;0;1;0,0
22990006840000;3;2;1;0,0
22990006842000;2;2;0;0,0
22990006843000;12;6;6;50,5
22990006844000;18;9;9;48,7
22990006845000;76;37;39;35,8
22990006846000;46;24;22;53,3
22990006848000;7;3;4;34,6
22990006849000;33;15;18;42,7
22990006850000;22;10;12;55,9
22990006851000;19;7;12;44,4
22990006852000;25;13;12;47,3
22990006853000;15;7;8;42,3
22990006854000;12;4;8;38,9
22990006929000;6;3;3;37,8
22990006930000;2;1;1;0,0
22990006937000;9;5;4;35,4
22990006938000;32;14;18;35,3
22990006939000;107;54;53;39,6
22990006940000;54;31;23;42,2
22990006941000;35;18;17;42,4
22990006942000;2;1;1;0,0
22990006966000;3;2;1;0,0
22990006986000;8;4;4;41,3
22990007014000;10;5;5;45,1
22990007015000;3;2;1;0,0
22990007016000;4;2;2;0,0
22990007021000;23;13;10;42,1
22990007022000;15;8;7;33,4
22990007035000;11;7;4;29,9
22990007038000;1;1;0;0,0
22990007039000;9;5;4;29,0
22990007040000;48;25;23;30,8
22990007041000;92;48;44;34,0
22990007042000;234;121;113;36,8
22990007043000;141;74;67;35,0
22990007044000;93;45;48;34,4
22990007045000;591;307;284;31,7
22990007046000;33;20;13;43,3
22990007047000;30;12;18;30,5
22990007048000;1;1;0;0,0
22990007053000;18;11;7;39,1
22990007056000;16;8;8;31,2
22990007057000;17;9;8;35,5
22990007058000;25;11;14;41,0
22990007059000;44;26;18;45,0
22990007060000;12;7;5;31,8
22990007074000;6;3;3;35,2
22990007075000;1;1;0;0,0
22990007092000;19;9;10;48,5
22990007102000;19;9;10;32,6
22990007141000;4;2;2;0,0
22990007145000;2;1;1;0,0
22990007155000;4;1;3;0,0
22990007158000;7;4;3;39,0
22990007160000;3;1;2;0,0
22990007200000;6;2;4;43,3
23000006531000;2;1;1;0,0
23000006532000;5;2;3;46,0
23000006533000;2;1;1;0,0
23000006534000;5;4;1;53,4
23000006535000;10;5;5;27,9
23000006536000;1;1;0;0,0
23000006537000;5;4;1;49,4
23000006539000;11;4;7;36,3
23000006540000;11;6;5;43,1
23000006541000;7;5;2;27,0
23000006542000;6;4;2;44,3
23000006544000;42;23;19;41,4
23000006545000;15;6;9;36,0
23000006546000;11;6;5;38,4
23000006547000;35;17;18;36,0
23000006548000;3;1;2;0,0
23000006552000;2;1;1;0,0
23000006564000;2;1;1;0,0
23000006565000;15;7;8;37,9
23000006566000;4;2;2;0,0
23000006582000;11;5;6;41,4
23000006583000;4;3;1;0,0
23000006584000;18;9;9;30,6
23000006585000;21;9;12;49,2
23000006586000;10;6;4;44,3
23000006588000;29;17;12;30,3
23000006605000;27;15;12;43,4
23000006606000;34;18;16;41,4
23000006607000;17;10;7;29,9
23000006608000;11;6;5;56,7
23000006609000;14;6;8;36,9
23000006610000;1;1;0;0,0
23000006612000;2;1;1;0,0
23000006616000;11;6;5;27,7
23000006617000;2;1;1;0,0
23000006618000;2;1;1;0,0
23000006619000;8;4;4;27,5
23000006621000;9;4;5;52,9
23000006622000;32;17;15;49,3
23000006623000;8;3;5;43,3
23000006624000;65;33;32;41,4
23000006625000;477;217;260;42,6
23000006626000;7;5;2;54,4
23000006628000;36;17;19;39,1
23000006629000;69;34;35;48,7
23000006630000;37;20;17;37,1
23000006631000;8;5;3;63,6
23000006632000;21;14;7;42,7
23000006633000;4;1;3;0,0
23000006634000;220;120;100;44,9
23000006635000;41;22;19;43,9
23000006636000;10;6;4;45,1
23000006637000;5;3;2;63,6
23000006638000;1;0;1;0,0
23000006646000;2;1;1;0,0
23000006647000;35;19;16;39,5
23000006648000;253;123;130;37,8
23000006649000;50;27;23;33,3
23000006650000;60;32;28;45,4
23000006651000;28;13;15;45,0
23000006652000;6;3;3;41,3
23000006659000;25;12;13;39,8
23000006660000;4;2;2;0,0
23000006661000;4;3;1;0,0
23000006662000;32;15;17;46,0
23000006663000;91;46;45;36,6
23000006664000;20;12;8;38,9
23000006665000;18;8;10;45,0
23000006666000;130;71;59;39,1
23000006667000;17;7;10;28,9
23000006668000;24;12;12;27,1
23000006669000;18;8;10;49,4
23000006670000;17;9;8;43,8
23000006671000;20;10;10;38,6
23000006672000;19;11;8;46,7
23000006673000;139;63;76;44,6
23000006674000;36;17;19;49,8
23000006675000;3;0;3;0,0
23000006676000;7;3;4;44,6
23000006678000;15;6;9;36,7
23000006679000;32;18;14;38,8
23000006680000;184;85;99;37,0
23000006681000;200;91;109;41,6
23000006682000;155;81;74;42,2
23000006683000;36;18;18;46,0
23000006684000;5;3;2;39,8
23000006713000;3;2;1;0,0
23000006725000;6;3;3;50,8
23000006726000;16;5;11;36,1
23000006727000;2;2;0;0,0
23000006728000;17;9;8;38,2
23000006729000;31;18;13;38,0
23000006730000;53;25;28;43,8
23000006731000;75;43;32;41,1
23000006732000;135;75;60;43,3
23000006733000;395;190;205;42,4
23000006734000;16;8;8;41,7
23000006735000;60;24;36;42,0
23000006736000;87;49;38;42,0
23000006737000;43;19;24;35,9
23000006738000;4;2;2;0,0
23000006739000;24;12;12;41,2
23000006740000;35;17;18;36,5
23000006741000;8;3;5;43,3
23000006742000;22;8;14;37,0
23000006743000;30;16;14;40,2
23000006744000;256;134;122;34,8
23000006745000;137;68;69;35,2
23000006746000;37;16;21;36,2
23000006747000;132;62;70;36,0
23000006748000;186;79;107;47,5
23000006749000;40;22;18;38,3
23000006750000;44;23;21;39,0
23000006751000;37;22;15;46,8
23000006752000;23;11;12;37,5
23000006753000;36;18;18;42,9
23000006754000;19;9;10;34,7
23000006755000;65;31;34;42,3
23000006756000;7;3;4;46,9
23000006757000;9;7;2;20,0
23000006777000;1;1;0;0,0
23000006781000;31;21;10;43,5
23000006782000;21;10;11;45,2
23000006783000;20;11;9;42,8
23000006784000;27;12;15;39,3
23000006800000;2;1;1;0,0
23000006801000;13;6;7;40,1
23000006802000;1;1;0;0,0
23000006803000;3;0;3;0,0
23000006804000;16;4;12;53,6
23000006805000;1;0;1;0,0
23000006830000;2;1;1;0,0
23000006836000;3;2;1;0,0
23000006843000;4;2;2;0,0
23000006844000;18;8;10;30,7
23000006845000;10;5;5;40,1
23000006846000;17;10;7;45,2
23000006849000;13;7;6;54,2
23000006850000;21;10;11;48,5
23000006851000;11;6;5;65,0
23000006929000;1;1;0;0,0
23000006930000;6;3;3;36,8
23000006931000;4;2;2;0,0
23000006937000;23;8;15;36,7
23000006938000;33;17;16;42,6
23000006939000;66;26;40;36,1
23000006940000;13;8;5;44,2
23000006941000;1;1;0;0,0
23000006942000;1;1;0;0,0
23000006943000;1;0;1;0,0
23000006985000;30;15;15;48,0
23000007013000;1;0;1;0,0
23000007014000;37;21;16;38,5
23000007015000;27;11;16;54,8
23000007016000;547;241;306;45,6
23000007017000;209;110;99;46,1
23000007018000;5;2;3;57,6
23000007019000;39;22;17;43,6
23000007021000;2;1;1;0,0
23000007022000;53;28;25;36,5
23000007035000;115;57;58;28,6
23000007036000;2;1;1;0,0
23000007040000;50;25;25;35,7
23000007041000;55;34;21;37,5
23000007042000;45;25;20;32,7
23000007043000;11;5;6;36,1
23000007045000;26;13;13;32,3
23000007046000;3;2;1;0,0
23000007048000;20;12;8;29,1
23000007052000;12;7;5;42,0
23000007053000;13;7;6;41,8
23000007055000;6;4;2;42,8
23000007056000;2;1;1;0,0
23000007057000;9;4;5;41,9
23000007058000;143;80;63;36,6
23000007064000;7;3;4;34,1
23000007075000;10;5;5;51,0
23000007076000;5;2;3;61,2
23000007081000;17;8;9;23,8
23000007084000;14;8;6;47,2
23000007089000;6;3;3;33,8
23000007090000;1;0;1;0,0
23000007093000;16;9;7;38,9
23000007094000;15;8;7;40,9
23000007139000;10;6;4;43,4
23000007140000;2;1;1;0,0
23000007141000;15;8;7;56,7
23000007156000;1;0;1;0,0
23000007204000;25;13;12;38,5
23000007205000;9;6;3;13,7
23010006541000;5;1;4;63,8
23010006542000;5;3;2;52,2
23010006543000;50;30;20;35,1
23010006544000;47;25;22;45,0
23010006552000;3;2;1;0,0
23010006561000;6;4;2;49,0
23010006564000;7;4;3;37,9
23010006565000;13;6;7;48,2
23010006566000;7;5;2;69,4
23010006582000;5;3;2;24,8
23010006584000;7;4;3;30,0
23010006585000;11;6;5;45,6
23010006587000;7;4;3;51,9
23010006588000;56;33;23;37,0
23010006589000;12;6;6;38,2
23010006591000;3;1;2;0,0
23010006605000;27;13;14;35,2
23010006606000;23;11;12;39,3
23010006607000;4;2;2;0,0
23010006608000;9;4;5;40,3
23010006616000;21;13;8;35,7
23010006617000;2;1;1;0,0
23010006620000;24;13;11;36,6
23010006621000;7;3;4;48,0
23010006622000;4;3;1;0,0
23010006623000;8;4;4;32,4
23010006624000;3;2;1;0,0
23010006625000;104;57;47;44,3
23010006626000;22;10;12;55,0
23010006627000;7;3;4;56,0
23010006628000;25;15;10;42,4
23010006629000;28;18;10;36,6
23010006630000;52;27;25;30,5
23010006631000;108;60;48;40,0
23010006632000;16;6;10;52,8
23010006633000;242;112;130;43,4
23010006634000;151;69;82;42,3
23010006635000;6;3;3;26,3
23010006636000;26;12;14;50,5
23010006646000;8;4;4;30,0
23010006647000;191;99;92;36,9
23010006648000;1116;537;579;40,2
23010006649000;115;52;63;36,3
23010006650000;55;36;19;37,8
23010006651000;43;18;25;48,2
23010006652000;26;13;13;44,8
23010006663000;30;14;16;41,2
23010006664000;51;31;20;38,1
23010006665000;22;12;10;54,0
23010006666000;60;31;29;35,6
23010006667000;47;24;23;37,1
23010006669000;31;17;14;37,2
23010006670000;62;31;31;43,2
23010006671000;5;2;3;39,8
23010006672000;23;10;13;48,6
23010006673000;47;22;25;40,9
23010006674000;214;101;113;43,6
23010006675000;53;28;25;35,5
23010006676000;31;16;15;44,5
23010006677000;31;15;16;31,8
23010006678000;8;5;3;47,1
23010006679000;92;49;43;44,1
23010006680000;59;31;28;34,9
23010006681000;28;12;16;39,9
23010006682000;2;1;1;0,0
23010006712000;19;12;7;34,3
23010006714000;1;1;0;0,0
23010006727000;4;2;2;0,0
23010006728000;7;4;3;47,9
23010006729000;20;8;12;44,5
23010006730000;17;9;8;47,9
23010006731000;75;36;39;37,4
23010006732000;84;34;50;35,7
23010006733000;44;26;18;35,6
23010006734000;43;18;25;42,2
23010006735000;44;22;22;52,4
23010006736000;41;24;17;42,9
23010006737000;72;38;34;40,8
23010006738000;43;18;25;46,1
23010006739000;117;62;55;40,5
23010006740000;18;10;8;38,8
23010006742000;6;3;3;34,3
23010006743000;32;18;14;37,5
23010006744000;59;28;31;34,8
23010006745000;19;8;11;34,6
23010006746000;164;82;82;34,7
23010006747000;720;363;357;39,4
23010006748000;991;454;537;48,4
23010006749000;543;262;281;39,4
23010006750000;30;15;15;36,3
23010006751000;36;19;17;32,5
23010006752000;29;19;10;37,8
23010006753000;54;26;28;41,8
23010006754000;70;33;37;32,3
23010006755000;9;7;2;38,6
23010006782000;28;14;14;43,3
23010006783000;22;12;10;45,5
23010006784000;17;11;6;37,5
23010006794000;20;12;8;38,6
23010006798000;14;10;4;30,0
23010006799000;17;10;7;44,4
23010006800000;7;2;5;43,0
23010006841000;6;2;4;40,2
23010006844000;9;4;5;37,9
23010006845000;4;2;2;0,0
23010006846000;17;11;6;47,3
23010006847000;1;1;0;0,0
23010006930000;2;1;1;0,0
23010006936000;13;5;8;31,3
23010006937000;38;24;14;39,5
23010006938000;26;14;12;40,2
23010006947000;1;1;0;0,0
23010006949000;4;3;1;0,0
23010006984000;14;8;6;44,6
23010006985000;13;5;8;53,5
23010007004000;7;3;4;35,1
23010007013000;36;23;13;44,7
23010007014000;25;15;10;47,3
23010007015000;57;27;30;47,4
23010007016000;57;25;32;50,0
23010007017000;140;68;72;41,2
23010007018000;36;19;17;47,6
23010007019000;3;1;2;0,0
23010007022000;31;15;16;39,5
23010007023000;21;12;9;38,1
23010007035000;10;5;5;40,6
23010007036000;21;12;9;40,4
23010007039000;6;3;3;33,3
23010007040000;34;17;17;37,0
23010007041000;44;19;25;33,3
23010007042000;43;24;19;35,6
23010007043000;26;12;14;38,2
23010007045000;2;1;1;0,0
23010007048000;12;7;5;40,4
23010007052000;15;9;6;33,5
23010007053000;36;19;17;44,8
23010007056000;10;5;5;32,0
23010007057000;32;15;17;42,9
23010007058000;37;17;20;33,1
23010007059000;14;7;7;39,9
23010007064000;6;2;4;55,5
23010007065000;4;2;2;0,0
23010007069000;4;2;2;0,0
23010007077000;5;3;2;22,2
23010007078000;9;5;4;50,3
23010007081000;6;4;2;30,8
23010007082000;20;8;12;34,5
23010007083000;10;6;4;35,8
23010007084000;9;4;5;54,7
23010007089000;6;4;2;62,7
23010007090000;18;12;6;39,8
23010007091000;1;1;0;0,0
23010007094000;14;8;6;47,7
23010007103000;1;1;0;0,0
23010007158000;13;6;7;32,7
23010007159000;16;6;10;38,0
23010007199000;1;0;1;0,0
23010007201000;2;2;0;0,0
23010007203000;21;10;11;36,1
23020006541000;1;1;0;0,0
23020006551000;3;2;1;0,0
23020006552000;1;1;0;0,0
23020006553000;7;3;4;34,0
23020006561000;14;9;5;37,1
23020006563000;9;4;5;27,3
23020006564000;12;6;6;45,2
23020006584000;8;4;4;39,6
23020006585000;1;1;0;0,0
23020006593000;2;1;1;0,0
23020006605000;23;12;11;57,1
23020006606000;72;35;37;42,1
23020006607000;64;29;35;33,1
23020006615000;10;6;4;33,4
23020006616000;5;3;2;66,6
23020006617000;10;4;6;31,7
23020006618000;4;2;2;0,0
23020006619000;22;13;9;49,6
23020006620000;34;17;17;37,9
23020006621000;4;2;2;0,0
23020006623000;3;1;2;0,0
23020006624000;4;4;0;0,0
23020006625000;29;16;13;39,0
23020006626000;16;8;8;39,3
23020006627000;8;4;4;27,8
23020006628000;17;9;8;35,2
23020006629000;20;10;10;34,2
23020006630000;27;15;12;42,6
23020006631000;29;13;16;32,4
23020006632000;16;8;8;35,1
23020006633000;346;174;172;41,1
23020006634000;140;71;69;44,7
23020006635000;186;97;89;35,0
23020006636000;327;167;160;39,2
23020006637000;23;16;7;25,5
23020006638000;13;7;6;41,5
23020006646000;15;7;8;40,9
23020006647000;54;25;29;42,6
23020006648000;832;422;410;35,9
23020006649000;130;71;59;35,8
23020006651000;24;11;13;28,1
23020006652000;5;3;2;20,4
23020006653000;8;5;3;30,4
23020006664000;4;2;2;0,0
23020006665000;92;47;45;40,0
23020006666000;33;18;15;43,3
23020006667000;25;14;11;32,0
23020006668000;35;16;19;35,2
23020006669000;5;4;1;58,2
23020006670000;137;88;49;44,3
23020006671000;33;17;16;38,8
23020006672000;6;4;2;20,3
23020006673000;3;3;0;0,0
23020006674000;108;54;54;39,9
23020006676000;32;13;19;38,8
23020006677000;28;13;15;36,2
23020006678000;1;1;0;0,0
23020006679000;2;1;1;0,0
23020006680000;34;21;13;38,5
23020006712000;2;1;1;0,0
23020006727000;5;4;1;29,0
23020006729000;26;14;12;49,8
23020006730000;79;39;40;41,0
23020006731000;88;41;47;42,0
23020006732000;26;14;12;55,3
23020006733000;21;8;13;32,1
23020006734000;6;4;2;52,7
23020006735000;77;43;34;39,8
23020006736000;32;19;13;36,0
23020006737000;10;6;4;41,9
23020006738000;57;28;29;42,2
23020006739000;144;72;72;36,3
23020006740000;8;5;3;40,5
23020006741000;9;6;3;29,4
23020006742000;10;6;4;47,3
23020006743000;12;5;7;38,8
23020006745000;29;16;13;46,9
23020006746000;31;17;14;47,4
23020006747000;16;8;8;36,0
23020006748000;38;18;20;38,6
23020006749000;133;62;71;30,5
23020006750000;30;18;12;35,3
23020006751000;74;42;32;38,1
23020006752000;22;10;12;37,5
23020006753000;148;70;78;40,0
23020006754000;65;38;27;32,6
23020006755000;49;24;25;39,0
23020006756000;34;20;14;39,5
23020006775000;12;8;4;44,5
23020006776000;68;37;31;43,3
23020006781000;18;9;9;32,4
23020006783000;61;31;30;37,2
23020006784000;99;53;46;42,1
23020006785000;14;7;7;21,9
23020006786000;1;1;0;0,0
23020006794000;2;1;1;0,0
23020006795000;5;2;3;55,6
23020006796000;36;22;14;39,0
23020006797000;8;5;3;43,6
23020006798000;3;1;2;0,0
23020006822000;7;3;4;30,3
23020006823000;2;1;1;0,0
23020006932000;5;4;1;27,8
23020006933000;7;5;2;55,3
23020006934000;25;11;14;44,6
23020006935000;21;13;8;41,0
23020006936000;32;17;15;49,3
23020006937000;13;6;7;39,1
23020006983000;1;1;0;0,0
23020006984000;28;15;13;35,5
23020007002000;2;1;1;0,0
23020007012000;3;1;2;0,0
23020007013000;35;17;18;40,2
23020007014000;72;42;30;38,5
23020007015000;2;2;0;0,0
23020007017000;3;2;1;0,0
23020007018000;34;16;18;41,7
23020007019000;15;8;7;45,9
23020007020000;3;1;2;0,0
23020007022000;25;14;11;39,3
23020007023000;88;42;46;34,8
23020007024000;30;18;12;44,2
23020007033000;16;8;8;36,4
23020007035000;8;4;4;43,3
23020007040000;27;12;15;31,6
23020007041000;12;7;5;37,9
23020007042000;16;7;9;44,4
23020007043000;33;16;17;42,5
23020007044000;13;6;7;42,6
23020007048000;6;2;4;24,5
23020007057000;33;18;15;51,6
23020007058000;21;13;8;42,3
23020007059000;39;20;19;27,4
23020007061000;10;4;6;30,4
23020007065000;10;3;7;27,5
23020007069000;9;6;3;39,9
23020007070000;20;7;13;31,0
23020007075000;1;0;1;0,0
23020007078000;12;5;7;51,5
23020007079000;8;5;3;45,1
23020007080000;11;6;5;47,9
23020007081000;51;25;26;38,4
23020007082000;70;37;33;42,0
23020007083000;38;21;17;31,0
23020007090000;11;5;6;49,1
23020007091000;9;5;4;41,1
23020007095000;1;0;1;0,0
23020007157000;6;3;3;34,2
23020007158000;23;15;8;46,3
23020007159000;123;60;63;47,7
23020007160000;3;2;1;0,0
23020007203000;7;4;3;36,9
23030006535000;3;2;1;0,0
23030006536000;2;1;1;0,0
23030006540000;10;5;5;31,7
23030006549000;2;1;1;0,0
23030006550000;4;3;1;0,0
23030006551000;5;3;2;55,8
23030006552000;15;8;7;41,1
23030006554000;5;3;2;39,0
23030006561000;3;1;2;0,0
23030006564000;5;3;2;37,6
23030006565000;10;6;4;35,2
23030006568000;1;1;0;0,0
23030006581000;4;2;2;0,0
23030006582000;18;10;8;45,1
23030006583000;11;5;6;31,5
23030006584000;6;4;2;30,3
23030006585000;2;1;1;0,0
23030006586000;7;4;3;33,9
23030006587000;2;1;1;0,0
23030006588000;7;3;4;34,1
23030006589000;8;4;4;38,1
23030006604000;7;3;4;18,7
23030006605000;4;2;2;0,0
23030006606000;67;39;28;40,3
23030006607000;3;2;1;0,0
23030006610000;2;1;1;0,0
23030006611000;5;4;1;61,6
23030006612000;7;4;3;23,1
23030006613000;10;5;5;32,6
23030006614000;14;7;7;46,9
23030006615000;32;19;13;47,9
23030006616000;31;14;17;42,5
23030006619000;2;1;1;0,0
23030006620000;3;2;1;0,0
23030006622000;2;1;1;0,0
23030006623000;6;4;2;45,0
23030006624000;11;5;6;35,3
23030006625000;43;22;21;40,0
23030006630000;11;6;5;37,5
23030006631000;24;10;14;44,9
23030006632000;70;31;39;44,2
23030006633000;6;3;3;32,5
23030006634000;7;3;4;38,0
23030006635000;4;1;3;0,0
23030006636000;120;67;53;37,5
23030006637000;28;11;17;42,7
23030006638000;22;12;10;51,3
23030006639000;28;15;13;36,9
23030006647000;62;31;31;33,5
23030006648000;239;116;123;38,2
23030006649000;12;4;8;31,3
23030006650000;10;7;3;27,2
23030006651000;17;7;10;42,9
23030006652000;2;0;2;0,0
23030006653000;11;7;4;37,9
23030006661000;1;0;1;0,0
23030006666000;823;431;392;37,5
23030006667000;113;66;47;36,5
23030006668000;40;19;21;33,7
23030006669000;288;142;146;47,0
23030006670000;691;302;389;54,6
23030006671000;12;3;9;40,3
23030006672000;9;2;7;41,7
23030006673000;1;1;0;0,0
23030006674000;14;9;5;45,0
23030006675000;9;5;4;51,8
23030006676000;26;13;13;35,3
23030006677000;36;19;17;47,1
23030006678000;39;23;16;39,9
23030006679000;10;4;6;37,0
23030006712000;2;1;1;0,0
23030006725000;4;3;1;0,0
23030006728000;10;5;5;37,4
23030006729000;20;14;6;50,9
23030006730000;2;1;1;0,0
23030006733000;7;3;4;51,1
23030006734000;4;2;2;0,0
23030006735000;20;12;8;47,0
23030006736000;8;3;5;47,5
23030006738000;24;14;10;33,5
23030006739000;49;23;26;38,3
23030006741000;10;3;7;47,1
23030006742000;2;1;1;0,0
23030006743000;6;3;3;22,5
23030006745000;19;7;12;35,6
23030006746000;52;29;23;40,4
23030006747000;40;19;21;46,0
23030006748000;78;47;31;42,3
23030006749000;53;26;27;43,0
23030006750000;41;23;18;40,1
23030006751000;11;5;6;38,5
23030006752000;8;4;4;56,0
23030006753000;48;24;24;52,2
23030006754000;100;47;53;43,0
23030006755000;20;9;11;39,1
23030006756000;20;12;8;49,8
23030006773000;5;1;4;45,6
23030006774000;16;9;7;44,4
23030006775000;13;8;5;44,4
23030006776000;15;7;8;43,7
23030006777000;13;8;5;43,9
23030006778000;8;4;4;35,3
23030006779000;7;4;3;56,0
23030006780000;6;5;1;65,2
23030006781000;59;29;30;29,2
23030006782000;603;296;307;33,5
23030006783000;83;43;40;36,5
23030006784000;102;53;49;43,9
23030006785000;55;31;24;35,7
23030006786000;11;3;8;27,1
23030006787000;4;1;3;0,0
23030006788000;4;3;1;0,0
23030006789000;1;1;0;0,0
23030006792000;13;5;8;35,2
23030006793000;26;15;11;41,8
23030006794000;25;15;10;45,6
23030006795000;23;10;13;43,8
23030006796000;7;4;3;44,4
23030006797000;6;2;4;38,3
23030006820000;1;1;0;0,0
23030006821000;3;2;1;0,0
23030006919000;7;4;3;64,6
23030006920000;53;26;27;37,0
23030006921000;12;7;5;40,1
23030006933000;3;2;1;0,0
23030006934000;15;7;8;46,4
23030006935000;46;26;20;36,3
23030006936000;23;10;13;40,9
23030006957000;1;1;0;0,0
23030006958000;5;2;3;11,2
23030006982000;7;4;3;55,0
23030006983000;33;17;16;47,0
23030007012000;9;5;4;31,9
23030007013000;9;6;3;33,3
23030007014000;72;37;35;39,7
23030007015000;10;6;4;31,1
23030007017000;3;1;2;0,0
23030007018000;86;48;38;38,2
23030007019000;34;18;16;33,6
23030007020000;40;20;20;39,4
23030007021000;23;10;13;39,8
23030007022000;18;7;11;50,2
23030007023000;58;30;28;39,3
23030007024000;5;3;2;56,6
23030007033000;29;15;14;39,0
23030007034000;40;19;21;31,2
23030007035000;77;42;35;35,2
23030007040000;4;3;1;0,0
23030007041000;36;20;16;37,4
23030007042000;41;22;19;35,1
23030007043000;68;31;37;32,2
23030007044000;27;12;15;48,3
23030007045000;33;17;16;41,5
23030007046000;7;4;3;48,4
23030007048000;19;8;11;45,3
23030007049000;3;2;1;0,0
23030007050000;21;12;9;29,1
23030007051000;5;3;2;26,6
23030007057000;2;1;1;0,0
23030007058000;36;13;23;37,2
23030007059000;169;83;86;33,9
23030007066000;7;5;2;32,1
23030007068000;11;6;5;30,8
23030007069000;12;7;5;44,7
23030007070000;26;12;14;40,4
23030007071000;21;11;10;33,2
23030007074000;3;1;2;0,0
23030007075000;11;6;5;51,4
23030007080000;1;0;1;0,0
23030007081000;13;8;5;56,8
23030007082000;129;54;75;47,0
23030007083000;52;29;23;41,0
23030007090000;10;5;5;47,6
23030007096000;1;0;1;0,0
23030007104000;1;1;0;0,0
23030007154000;14;6;8;43,4
23030007155000;15;8;7;38,3
23030007156000;3;2;1;0,0
23030007157000;11;6;5;37,7
23030007158000;97;50;47;39,6
23030007159000;165;80;85;38,6
23030007170000;5;2;3;57,0
23030007200000;16;8;8;40,9
23030007204000;8;5;3;56,3
23030007205000;2;1;1;0,0
23040006538000;3;2;1;0,0
23040006539000;11;6;5;47,9
23040006550000;6;2;4;34,3
23040006551000;6;2;4;45,8
23040006553000;1;1;0;0,0
23040006564000;2;0;2;0,0
23040006580000;4;2;2;0,0
23040006581000;9;6;3;52,2
23040006582000;3;2;1;0,0
23040006589000;2;1;1;0,0
23040006590000;6;2;4;37,0
23040006605000;3;3;0;0,0
23040006610000;6;4;2;45,0
23040006612000;3;3;0;0,0
23040006613000;16;10;6;48,1
23040006614000;4;2;2;0,0
23040006619000;5;5;0;30,2
23040006620000;7;2;5;27,3
23040006622000;16;7;9;46,2
23040006623000;4;2;2;0,0
23040006630000;4;2;2;0,0
23040006631000;35;18;17;28,4
23040006632000;25;10;15;43,7
23040006633000;7;2;5;47,0
23040006634000;20;12;8;45,4
23040006635000;15;8;7;42,5
23040006637000;48;25;23;44,8
23040006638000;13;5;8;44,5
23040006639000;18;8;10;37,2
23040006640000;7;3;4;53,3
23040006641000;13;6;7;51,6
23040006646000;7;5;2;35,9
23040006647000;50;25;25;43,0
23040006648000;56;33;23;36,3
23040006649000;7;5;2;35,6
23040006650000;21;9;12;40,7
23040006651000;15;7;8;38,9
23040006652000;33;16;17;42,5
23040006653000;26;15;11;54,2
23040006654000;3;2;1;0,0
23040006666000;169;80;89;37,7
23040006667000;77;34;43;42,3
23040006668000;128;59;69;39,3
23040006669000;965;456;509;43,1
23040006670000;423;208;215;46,7
23040006671000;847;382;465;40,6
23040006672000;38;21;17;32,4
23040006673000;13;6;7;29,8
23040006674000;7;4;3;46,1
23040006675000;71;38;33;42,3
23040006676000;12;7;5;35,4
23040006677000;11;5;6;27,9
23040006678000;36;17;19;45,7
23040006679000;63;32;31;41,7
23040006703000;22;11;11;43,3
23040006706000;3;2;1;0,0
23040006707000;11;3;8;38,5
23040006729000;2;1;1;0,0
23040006735000;2;1;1;0,0
23040006740000;2;1;1;0,0
23040006742000;3;1;2;0,0
23040006743000;4;1;3;0,0
23040006744000;13;4;9;20,2
23040006745000;16;8;8;41,3
23040006746000;14;8;6;51,5
23040006748000;12;8;4;49,3
23040006749000;23;9;14;40,0
23040006750000;19;12;7;42,2
23040006751000;7;3;4;27,0
23040006752000;6;3;3;39,2
23040006754000;2;1;1;0,0
23040006755000;4;3;1;0,0
23040006770000;5;2;3;55,6
23040006771000;3;2;1;0,0
23040006772000;11;8;3;26,2
23040006773000;9;5;4;26,9
23040006774000;17;8;9;33,2
23040006775000;33;18;15;38,5
23040006776000;48;25;23;43,4
23040006777000;56;31;25;35,6
23040006778000;19;9;10;49,2
23040006779000;5;3;2;39,6
23040006780000;21;12;9;50,7
23040006781000;67;34;33;33,8
23040006782000;358;168;190;51,4
23040006783000;636;318;318;43,5
23040006784000;306;168;138;40,1
23040006785000;24;14;10;41,0
23040006786000;39;19;20;36,9
23040006787000;16;7;9;39,2
23040006788000;5;3;2;32,8
23040006818000;1;1;0;0,0
23040006819000;19;10;9;55,4
23040006820000;3;1;2;0,0
23040006920000;8;3;5;39,4
23040006934000;55;27;28;34,7
23040006935000;73;39;34;41,9
23040006936000;25;14;11;45,8
23040006962000;1;0;1;0,0
23040006963000;2;2;0;0,0
23040006964000;1;1;0;0,0
23040006967000;4;2;2;0,0
23040006982000;7;3;4;46,0
23040006983000;63;31;32;53,1
23040007012000;69;33;36;38,4
23040007013000;30;17;13;34,5
23040007014000;69;34;35;50,8
23040007015000;12;6;6;39,8
23040007017000;2;1;1;0,0
23040007018000;34;13;21;41,4
23040007019000;201;113;88;40,8
23040007020000;60;31;29;38,0
23040007021000;9;5;4;38,8
23040007026000;5;1;4;32,6
23040007033000;35;22;13;27,9
23040007034000;62;33;29;34,2
23040007035000;24;10;14;33,8
23040007041000;14;8;6;34,7
23040007042000;57;33;24;37,3
23040007043000;37;21;16;46,3
23040007044000;39;20;19;31,7
23040007045000;7;3;4;35,0
23040007046000;74;45;29;33,4
23040007047000;44;27;17;36,9
23040007048000;24;11;13;34,8
23040007049000;55;24;31;34,2
23040007050000;19;10;9;35,6
23040007051000;20;10;10;41,4
23040007058000;11;3;8;49,7
23040007059000;422;199;223;43,0
23040007060000;16;9;7;36,0
23040007061000;13;7;6;37,6
23040007062000;25;13;12;38,4
23040007066000;2;1;1;0,0
23040007067000;20;7;13;24,7
23040007068000;39;15;24;35,0
23040007069000;185;92;93;39,8
23040007070000;104;49;55;35,1
23040007074000;7;3;4;34,9
23040007075000;16;8;8;41,9
23040007076000;9;5;4;50,2
23040007083000;36;20;16;43,8
23040007084000;4;2;2;0,0
23040007088000;4;2;2;0,0
23040007089000;37;21;16;49,8
23040007090000;17;8;9;30,2
23040007096000;1;1;0;0,0
23040007097000;17;7;10;38,1
23040007153000;1;1;0;0,0
23040007154000;6;3;3;35,0
23040007158000;21;13;8;59,0
23040007159000;47;26;21;36,3
23040007164000;1;1;0;0,0
23040007168000;3;2;1;0,0
23040007197000;1;1;0;0,0
23040007198000;11;7;4;30,8
23040007199000;3;1;2;0,0
23040007201000;6;3;3;47,0
23040007205000;2;1;1;0,0
23040007206000;7;4;3;54,4
23050006538000;12;7;5;43,5
23050006539000;4;2;2;0,0
23050006543000;5;2;3;24,8
23050006560000;4;2;2;0,0
23050006564000;16;8;8;44,7
23050006565000;5;3;2;60,8
23050006582000;3;1;2;0,0
23050006588000;2;1;1;0,0
23050006605000;1;1;0;0,0
23050006606000;7;4;3;41,0
23050006609000;18;11;7;40,7
23050006610000;20;9;11;56,1
23050006611000;5;2;3;37,0
23050006612000;12;8;4;45,1
23050006613000;16;9;7;50,6
23050006614000;3;2;1;0,0
23050006618000;5;3;2;42,8
23050006619000;7;3;4;57,1
23050006620000;63;28;35;37,7
23050006621000;9;6;3;49,4
23050006622000;6;2;4;35,5
23050006623000;38;18;20;45,4
23050006624000;4;2;2;0,0
23050006625000;1;1;0;0,0
23050006632000;18;10;8;34,6
23050006633000;10;6;4;47,8
23050006635000;16;8;8;39,5
23050006636000;1;1;0;0,0
23050006638000;48;25;23;44,1
23050006640000;55;26;29;45,8
23050006641000;52;29;23;43,1
23050006647000;61;37;24;38,3
23050006648000;12;7;5;46,3
23050006650000;20;7;13;37,5
23050006651000;3;2;1;0,0
23050006653000;10;6;4;45,7
23050006654000;8;4;4;45,5
23050006655000;9;5;4;50,4
23050006666000;6;4;2;53,0
23050006667000;17;10;7;42,9
23050006668000;200;97;103;34,0
23050006669000;230;109;121;40,1
23050006670000;30;14;16;38,7
23050006671000;102;53;49;45,3
23050006672000;28;11;17;36,2
23050006673000;39;21;18;30,2
23050006674000;20;12;8;36,7
23050006675000;30;16;14;43,9
23050006676000;21;13;8;38,9
23050006677000;5;3;2;42,8
23050006678000;31;11;20;30,6
23050006679000;19;10;9;30,6
23050006681000;15;8;7;44,2
23050006682000;19;11;8;37,8
23050006683000;14;6;8;56,9
23050006685000;4;3;1;0,0
23050006687000;5;2;3;26,8
23050006688000;24;12;12;42,1
23050006700000;21;12;9;33,0
23050006701000;7;3;4;45,7
23050006702000;34;18;16;39,1
23050006703000;9;4;5;44,6
23050006705000;38;19;19;52,4
23050006706000;82;40;42;46,4
23050006709000;5;1;4;35,6
23050006723000;1;1;0;0,0
23050006735000;4;1;3;0,0
23050006736000;4;2;2;0,0
23050006737000;1;1;0;0,0
23050006743000;7;2;5;35,9
23050006744000;3;2;1;0,0
23050006745000;43;25;18;41,8
23050006749000;1;1;0;0,0
23050006752000;6;4;2;52,2
23050006753000;3;1;2;0,0
23050006768000;9;4;5;31,8
23050006769000;30;18;12;40,5
23050006770000;8;4;4;46,5
23050006772000;2;1;1;0,0
23050006777000;11;6;5;30,0
23050006778000;13;7;6;35,1
23050006779000;8;5;3;32,6
23050006780000;5;3;2;65,8
23050006781000;19;8;11;31,6
23050006782000;43;19;24;41,6
23050006783000;97;52;45;39,6
23050006784000;37;23;14;29,5
23050006785000;4;2;2;0,0
23050006786000;18;8;10;42,4
23050006810000;2;0;2;0,0
23050006813000;1;0;1;0,0
23050006815000;1;1;0;0,0
23050006816000;12;7;5;48,6
23050006820000;2;1;1;0,0
23050006932000;6;3;3;61,2
23050006933000;4;1;3;0,0
23050006934000;310;156;154;39,8
23050006935000;185;89;96;47,7
23050006936000;9;5;4;53,4
23050006937000;18;11;7;36,1
23050006938000;1;1;0;0,0
23050006962000;1;1;0;0,0
23050006963000;4;2;2;0,0
23050006964000;7;3;4;48,1
23050006965000;24;12;12;43,5
23050006967000;4;3;1;0,0
23050006968000;27;13;14;46,7
23050006969000;11;5;6;36,8
23050006973000;2;1;1;0,0
23050006975000;5;3;2;54,6
23050006976000;13;10;3;42,0
23050006980000;9;4;5;41,1
23050006981000;16;7;9;27,4
23050006982000;140;68;72;43,3
23050006983000;37;14;23;39,8
23050007012000;64;30;34;42,4
23050007013000;54;32;22;47,9
23050007014000;68;37;31;40,8
23050007015000;14;9;5;49,2
23050007020000;16;10;6;43,9
23050007021000;31;18;13;37,5
23050007022000;1;0;1;0,0
23050007034000;13;5;8;33,8
23050007042000;334;177;157;35,7
23050007043000;36;17;19;46,0
23050007044000;7;4;3;44,0
23050007045000;3;2;1;0,0
23050007046000;19;11;8;42,2
23050007047000;28;13;15;37,5
23050007048000;48;20;28;32,5
23050007049000;46;23;23;33,6
23050007050000;9;5;4;39,4
23050007051000;8;4;4;30,1
23050007052000;1;0;1;0,0
23050007058000;4;3;1;0,0
23050007059000;34;16;18;32,4
23050007060000;11;7;4;45,9
23050007061000;38;19;19;41,7
23050007062000;33;19;14;30,7
23050007063000;19;10;9;44,0
23050007066000;43;24;19;38,5
23050007067000;20;11;9;40,7
23050007068000;52;27;25;35,2
23050007069000;1;1;0;0,0
23050007076000;22;7;15;39,9
23050007077000;64;27;37;43,8
23050007078000;37;20;17;39,2
23050007079000;7;5;2;42,7
23050007080000;4;3;1;0,0
23050007083000;6;3;3;67,5
23050007084000;13;7;6;47,2
23050007087000;1;1;0;0,0
23050007088000;19;7;12;41,2
23050007089000;19;12;7;56,3
23050007153000;2;1;1;0,0
23050007155000;3;1;2;0,0
23050007159000;2;1;1;0,0
23050007165000;8;3;5;22,9
23050007168000;3;1;2;0,0
23050007206000;28;14;14;31,4
23060006537000;2;1;1;0,0
23060006538000;2;1;1;0,0
23060006561000;5;3;2;20,4
23060006565000;4;1;3;0,0
23060006603000;3;1;2;0,0
23060006604000;3;1;2;0,0
23060006605000;38;19;19;46,8
23060006606000;7;5;2;37,9
23060006607000;2;1;1;0,0
23060006608000;19;10;9;34,3
23060006610000;12;6;6;39,8
23060006611000;11;4;7;33,1
23060006612000;32;15;17;30,7
23060006613000;21;10;11;49,8
23060006614000;3;2;1;0,0
23060006615000;7;4;3;47,9
23060006618000;26;12;14;49,9
23060006623000;7;3;4;28,4
23060006624000;16;11;5;40,8
23060006625000;5;3;2;59,4
23060006633000;22;10;12;45,8
23060006637000;17;12;5;48,9
23060006638000;17;10;7;38,4
23060006639000;4;3;1;0,0
23060006640000;4;3;1;0,0
23060006641000;57;34;23;39,4
23060006642000;69;40;29;39,7
23060006643000;369;181;188;36,0
23060006644000;73;36;37;26,3
23060006646000;9;5;4;52,2
23060006647000;76;37;39;41,1
23060006648000;135;70;65;35,2
23060006649000;12;7;5;39,0
23060006650000;16;6;10;45,3
23060006651000;15;8;7;33,1
23060006654000;6;3;3;39,0
23060006655000;4;3;1;0,0
23060006656000;7;3;4;22,7
23060006666000;4;1;3;0,0
23060006668000;23;12;11;36,3
23060006669000;6;4;2;60,2
23060006670000;34;22;12;32,6
23060006671000;30;15;15;32,7
23060006672000;10;4;6;40,3
23060006673000;9;6;3;54,0
23060006674000;23;13;10;43,3
23060006675000;37;19;18;34,6
23060006676000;459;224;235;37,0
23060006677000;11;5;6;44,8
23060006679000;1;1;0;0,0
23060006680000;44;24;20;47,8
23060006681000;95;46;49;43,3
23060006682000;50;27;23;34,2
23060006683000;16;10;6;46,6
23060006684000;13;7;6;42,9
23060006685000;73;40;33;36,8
23060006686000;25;12;13;35,2
23060006687000;18;9;9;48,2
23060006700000;12;6;6;52,2
23060006701000;45;22;23;40,5
23060006702000;85;44;41;35,2
23060006704000;11;5;6;32,8
23060006705000;43;19;24;48,1
23060006706000;40;21;19;34,3
23060006707000;3;2;1;0,0
23060006708000;8;5;3;57,3
23060006722000;2;2;0;0,0
23060006724000;2;1;1;0,0
23060006726000;4;2;2;0,0
23060006727000;6;4;2;34,0
23060006738000;5;3;2;41,6
23060006745000;13;6;7;42,8
23060006753000;11;5;6;50,3
23060006767000;8;5;3;33,0
23060006768000;5;3;2;31,6
23060006784000;4;2;2;0,0
23060006809000;7;2;5;44,9
23060006810000;2;2;0;0,0
23060006811000;3;1;2;0,0
23060006934000;26;12;14;48,6
23060006935000;68;31;37;42,4
23060006936000;4;2;2;0,0
23060006969000;12;7;5;56,4
23060006970000;10;3;7;39,3
23060006971000;8;4;4;72,8
23060006973000;6;2;4;34,3
23060006974000;30;18;12;36,4
23060006975000;9;7;2;45,3
23060006980000;8;3;5;60,0
23060006981000;7;4;3;55,7
23060006982000;24;15;9;53,4
23060006983000;2;1;1;0,0
23060007011000;4;2;2;0,0
23060007012000;38;21;17;38,7
23060007013000;48;19;29;35,3
23060007014000;1;0;1;0,0
23060007021000;20;11;9;35,0
23060007035000;8;5;3;48,1
23060007042000;84;34;50;53,7
23060007043000;212;113;99;38,9
23060007044000;269;135;134;30,1
23060007045000;48;21;27;41,0
23060007046000;86;46;40;33,6
23060007047000;37;19;18;44,4
23060007048000;34;15;19;47,4
23060007049000;22;10;12;42,8
23060007050000;2;1;1;0,0
23060007058000;10;5;5;52,7
23060007059000;18;10;8;29,4
23060007060000;21;10;11;30,6
23060007061000;12;6;6;31,2
23060007062000;5;2;3;66,4
23060007063000;12;5;7;40,3
23060007064000;12;8;4;32,4
23060007066000;16;10;6;46,2
23060007067000;17;10;7;32,4
23060007069000;15;10;5;55,3
23060007070000;15;9;6;40,0
23060007076000;15;9;6;36,1
23060007077000;22;10;12;52,1
23060007078000;31;14;17;43,6
23060007079000;27;15;12;39,4
23060007084000;10;5;5;47,8
23060007085000;3;1;2;0,0
23060007086000;2;1;1;0,0
23060007152000;5;3;2;69,6
23060007153000;15;8;7;41,7
23060007159000;2;1;1;0,0
23060007161000;6;4;2;30,2
23060007162000;2;1;1;0,0
23060007169000;32;16;16;44,7
23060007199000;2;0;2;0,0
23060007200000;10;5;5;43,6
23060007203000;7;4;3;36,4
23060007210000;2;1;1;0,0
23060007211000;2;2;0;0,0
23070006538000;40;23;17;41,1
23070006542000;7;3;4;31,4
23070006544000;1;1;0;0,0
23070006560000;2;1;1;0,0
23070006579000;4;2;2;0,0
23070006603000;7;3;4;50,1
23070006604000;24;10;14;37,4
23070006605000;24;9;15;39,0
23070006606000;19;12;7;34,7
23070006607000;22;13;9;32,7
23070006608000;2;1;1;0,0
23070006610000;5;2;3;47,2
23070006611000;2;1;1;0,0
23070006612000;1;1;0;0,0
23070006613000;10;6;4;26,5
23070006614000;2;1;1;0,0
23070006616000;3;1;2;0,0
23070006624000;5;3;2;63,0
23070006625000;1;1;0;0,0
23070006628000;4;2;2;0,0
23070006638000;40;19;21;40,4
23070006639000;34;17;17;42,1
23070006640000;13;7;6;34,9
23070006641000;17;9;8;39,0
23070006642000;311;143;168;42,4
23070006643000;970;472;498;42,8
23070006644000;162;80;82;35,8
23070006645000;54;27;27;37,4
23070006647000;71;46;25;41,6
23070006648000;34;18;16;36,5
23070006649000;16;10;6;56,3
23070006668000;90;49;41;37,1
23070006669000;27;14;13;43,2
23070006670000;74;37;37;34,1
23070006671000;23;13;10;48,6
23070006672000;12;7;5;42,8
23070006673000;28;12;16;35,6
23070006674000;8;5;3;36,4
23070006675000;66;36;30;42,9
23070006676000;63;33;30;40,5
23070006677000;26;12;14;38,8
23070006678000;1;1;0;0,0
23070006679000;34;16;18;33,9
23070006680000;35;17;18;30,9
23070006682000;299;155;144;35,8
23070006683000;3;2;1;0,0
23070006684000;4;2;2;0,0
23070006686000;2;2;0;0,0
23070006700000;46;22;24;40,4
23070006701000;8;4;4;56,3
23070006702000;15;7;8;49,7
23070006703000;16;8;8;41,1
23070006704000;38;21;17;37,0
23070006705000;111;59;52;38,5
23070006706000;71;33;38;47,8
23070006707000;18;10;8;40,1
23070006725000;6;4;2;32,2
23070006726000;2;1;1;0,0
23070006739000;2;2;0;0,0
23070006742000;8;3;5;21,1
23070006744000;6;3;3;25,0
23070006745000;21;14;7;44,8
23070006754000;6;3;3;57,8
23070006766000;20;11;9;43,5
23070006767000;4;3;1;0,0
23070006778000;1;0;1;0,0
23070006784000;6;3;3;32,3
23070006785000;16;8;8;38,8
23070006934000;50;24;26;44,3
23070006935000;49;26;23;43,1
23070006936000;26;14;12;35,8
23070006937000;1;1;0;0,0
23070006939000;2;1;1;0,0
23070006942000;2;1;1;0,0
23070006973000;33;18;15;34,1
23070006974000;43;17;26;39,7
23070006975000;18;10;8;51,7
23070006976000;16;6;10;28,9
23070006983000;6;3;3;40,3
23070007011000;12;6;6;40,3
23070007012000;6;2;4;49,5
23070007013000;1;0;1;0,0
23070007016000;2;1;1;0,0
23070007035000;13;8;5;32,2
23070007042000;8;6;2;34,8
23070007043000;39;20;19;43,1
23070007044000;77;37;40;33,1
23070007045000;3;1;2;0,0
23070007046000;15;7;8;44,6
23070007047000;114;51;63;37,6
23070007048000;91;44;47;30,4
23070007049000;29;15;14;37,9
23070007052000;2;1;1;0,0
23070007057000;16;6;10;41,9
23070007059000;10;4;6;24,9
23070007060000;17;10;7;34,5
23070007061000;18;11;7;34,7
23070007063000;2;1;1;0,0
23070007064000;20;11;9;46,9
23070007065000;72;39;33;34,1
23070007066000;12;6;6;48,4
23070007067000;13;4;9;37,8
23070007068000;4;2;2;0,0
23070007069000;14;7;7;33,9
23070007077000;18;8;10;28,9
23070007078000;16;5;11;26,9
23070007079000;37;17;20;32,2
23070007080000;9;5;4;49,3
23070007084000;1;1;0;0,0
23070007085000;27;14;13;47,6
23070007086000;23;12;11;37,2
23070007087000;6;3;3;15,7
23070007088000;2;2;0;0,0
23070007089000;20;10;10;33,2
23070007090000;11;6;5;39,7
23070007108000;6;4;2;37,0
23070007151000;2;1;1;0,0
23070007159000;1;1;0;0,0
23070007161000;2;1;1;0,0
23070007162000;5;3;2;45,6
23070007167000;1;0;1;0,0
23070007205000;19;7;12;54,9
23070007207000;5;3;2;49,0
23070007211000;20;9;11;33,7
23070007212000;7;3;4;41,0
23080006537000;58;33;25;52,2
23080006538000;3;1;2;0,0
23080006539000;3;2;1;0,0
23080006540000;3;1;2;0,0
23080006541000;13;8;5;35,2
23080006560000;8;3;5;41,8
23080006561000;2;1;1;0,0
23080006562000;25;12;13;38,2
23080006563000;6;3;3;45,7
23080006564000;7;4;3;52,6
23080006565000;17;11;6;38,2
23080006571000;2;2;0;0,0
23080006572000;2;1;1;0,0
23080006573000;13;7;6;52,0
23080006574000;9;5;4;28,8
23080006575000;12;6;6;27,9
23080006576000;12;6;6;38,8
23080006578000;1;1;0;0,0
23080006586000;8;2;6;29,5
23080006587000;2;1;1;0,0
23080006588000;4;2;2;0,0
23080006602000;5;3;2;54,6
23080006603000;2;1;1;0,0
23080006604000;2;1;1;0,0
23080006606000;1;0;1;0,0
23080006608000;18;7;11;31,2
23080006609000;7;4;3;33,4
23080006610000;9;5;4;42,9
23080006611000;6;4;2;61,0
23080006612000;14;8;6;44,0
23080006613000;19;9;10;35,4
23080006615000;24;12;12;44,4
23080006616000;1;1;0;0,0
23080006626000;1;0;1;0,0
23080006639000;11;5;6;52,5
23080006642000;222;107;115;32,4
23080006643000;356;171;185;39,2
23080006646000;13;6;7;35,9
23080006647000;63;39;24;38,3
23080006648000;18;10;8;34,3
23080006649000;12;6;6;38,0
23080006660000;2;1;1;0,0
23080006667000;2;1;1;0,0
23080006668000;28;14;14;41,9
23080006669000;18;11;7;35,0
23080006670000;2;1;1;0,0
23080006673000;19;8;11;40,5
23080006674000;41;21;20;51,6
23080006675000;83;42;41;32,1
23080006676000;31;17;14;50,2
23080006677000;15;10;5;34,5
23080006679000;30;18;12;45,2
23080006680000;24;16;8;41,4
23080006682000;49;24;25;40,5
23080006683000;28;15;13;34,9
23080006684000;16;5;11;30,1
23080006698000;27;16;11;34,8
23080006699000;8;4;4;36,0
23080006700000;143;73;70;41,1
23080006701000;69;36;33;48,9
23080006702000;55;27;28;43,5
23080006703000;34;17;17;52,1
23080006704000;21;11;10;50,9
23080006705000;11;4;7;49,1
23080006717000;2;1;1;0,0
23080006737000;6;3;3;54,5
23080006738000;47;26;21;42,1
23080006739000;3;1;2;0,0
23080006742000;27;14;13;48,5
23080006743000;6;3;3;40,7
23080006744000;15;9;6;45,9
23080006754000;16;9;7;43,9
23080006765000;43;22;21;34,0
23080006766000;28;13;15;43,5
23080006767000;6;3;3;47,7
23080006785000;30;12;18;46,3
23080006804000;5;2;3;64,8
23080006936000;8;5;3;46,1
23080006937000;18;10;8;41,0
23080006940000;6;2;4;58,5
23080006941000;34;22;12;31,9
23080006942000;14;6;8;42,3
23080006973000;24;14;10;48,1
23080006974000;51;30;21;44,2
23080006975000;8;4;4;51,4
23080006998000;1;0;1;0,0
23080007011000;17;8;9;37,1
23080007012000;12;7;5;51,8
23080007023000;1;1;0;0,0
23080007035000;11;7;4;48,8
23080007042000;22;10;12;28,2
23080007043000;19;11;8;47,2
23080007044000;2;2;0;0,0
23080007046000;9;6;3;24,8
23080007047000;16;7;9;23,9
23080007048000;2;2;0;0,0
23080007049000;24;12;12;29,3
23080007059000;13;8;5;23,6
23080007061000;7;4;3;30,0
23080007062000;7;5;2;37,1
23080007064000;16;10;6;34,7
23080007065000;27;16;11;29,6
23080007066000;66;33;33;37,0
23080007067000;27;14;13;30,6
23080007068000;38;18;20;39,6
23080007069000;3;2;1;0,0
23080007070000;1;1;0;0,0
23080007078000;8;4;4;39,8
23080007080000;3;1;2;0,0
23080007084000;5;3;2;26,8
23080007085000;47;25;22;36,2
23080007086000;34;20;14;47,3
23080007088000;2;1;1;0,0
23080007089000;3;3;0;0,0
23080007090000;4;2;2;0,0
23080007100000;8;4;4;36,3
23080007167000;26;15;11;26,5
23080007168000;5;1;4;37,6
23080007200000;19;14;5;38,4
23080007201000;19;7;12;32,3
23080007203000;13;8;5;42,4
23080007204000;2;1;1;0,0
23080007205000;26;16;10;36,2
23080007207000;2;1;1;0,0
23080007208000;3;2;1;0,0
23090006540000;7;5;2;34,3
23090006541000;9;3;6;34,1
23090006542000;8;3;5;49,5
23090006543000;10;5;5;20,1
23090006544000;7;2;5;37,3
23090006561000;1;1;0;0,0
23090006562000;8;5;3;41,6
23090006563000;13;6;7;50,4
23090006564000;27;17;10;46,6
23090006565000;48;25;23;35,8
23090006566000;11;5;6;39,2
23090006570000;1;0;1;0,0
23090006572000;7;4;3;28,6
23090006574000;5;2;3;50,6
23090006575000;5;3;2;62,8
23090006577000;16;9;7;43,4
23090006578000;33;18;15;42,8
23090006579000;2;1;1;0,0
23090006583000;11;6;5;47,8
23090006584000;7;5;2;48,1
23090006586000;6;3;3;39,3
23090006587000;13;7;6;35,9
23090006589000;8;4;4;32,9
23090006590000;9;5;4;34,2
23090006591000;2;1;1;0,0
23090006592000;7;4;3;41,7
23090006593000;4;2;2;0,0
23090006595000;2;1;1;0,0
23090006596000;2;1;1;0,0
23090006597000;2;1;1;0,0
23090006599000;15;10;5;51,1
23090006600000;22;7;15;35,2
23090006601000;12;5;7;39,5
23090006603000;14;7;7;46,1
23090006604000;7;4;3;48,0
23090006605000;42;20;22;39,8
23090006606000;22;12;10;29,9
23090006607000;10;6;4;58,5
23090006610000;6;3;3;35,5
23090006611000;21;9;12;45,4
23090006612000;17;9;8;48,0
23090006613000;6;3;3;46,7
23090006614000;6;2;4;57,0
23090006615000;11;6;5;55,5
23090006625000;4;2;2;0,0
23090006642000;245;115;130;37,7
23090006643000;185;94;91;45,8
23090006644000;22;15;7;37,5
23090006645000;42;29;13;38,0
23090006646000;19;8;11;41,1
23090006647000;40;20;20;48,5
23090006648000;16;6;10;31,4
23090006650000;23;11;12;41,3
23090006651000;3;2;1;0,0
23090006667000;16;8;8;35,9
23090006674000;53;29;24;37,2
23090006675000;45;24;21;50,0
23090006676000;20;11;9;39,9
23090006677000;31;16;15;38,5
23090006678000;42;22;20;45,2
23090006679000;32;18;14;54,1
23090006680000;49;25;24;43,5
23090006681000;33;16;17;37,5
23090006682000;43;21;22;41,1
23090006683000;67;42;25;43,4
23090006684000;16;10;6;38,4
23090006697000;54;31;23;41,4
23090006698000;57;31;26;45,1
23090006699000;186;97;89;45,3
23090006700000;569;266;303;48,1
23090006701000;185;79;106;40,7
23090006738000;29;17;12;44,3
23090006739000;26;15;11;35,4
23090006740000;7;5;2;41,1
23090006742000;5;3;2;55,4
23090006744000;2;1;1;0,0
23090006754000;22;11;11;41,0
23090006761000;6;4;2;42,7
23090006762000;40;22;18;33,2
23090006764000;8;4;4;46,4
23090006765000;9;6;3;49,2
23090006766000;13;5;8;36,6
23090006785000;93;55;38;43,3
23090006796000;2;1;1;0,0
23090006801000;9;4;5;41,2
23090006802000;28;8;20;53,5
23090006803000;7;5;2;68,1
23090006805000;3;2;1;0,0
23090006932000;1;1;0;0,0
23090006937000;9;5;4;50,2
23090006940000;21;8;13;40,0
23090006941000;30;16;14;45,9
23090006942000;62;28;34;32,7
23090006973000;43;24;19;38,3
23090006974000;19;10;9;54,2
23090006985000;2;0;2;0,0
23090006986000;9;5;4;37,4
23090007011000;7;4;3;25,7
23090007015000;2;0;2;0,0
23090007035000;4;2;2;0,0
23090007036000;1;1;0;0,0
23090007041000;11;6;5;33,6
23090007042000;4;1;3;0,0
23090007043000;60;36;24;36,3
23090007044000;18;8;10;38,8
23090007053000;4;3;1;0,0
23090007060000;2;1;1;0,0
23090007062000;1;1;0;0,0
23090007064000;15;8;7;45,7
23090007065000;11;5;6;15,4
23090007066000;25;13;12;42,2
23090007067000;11;6;5;28,3
23090007068000;21;10;11;33,0
23090007069000;11;6;5;35,1
23090007070000;11;5;6;42,3
23090007079000;13;8;5;45,5
23090007080000;15;6;9;35,1
23090007084000;1;1;0;0,0
23090007085000;13;7;6;45,4
23090007086000;22;12;10;48,0
23090007088000;4;3;1;0,0
23090007089000;15;6;9;38,5
23090007090000;11;5;6;29,7
23090007091000;18;7;11;46,4
23090007100000;20;9;11;32,8
23090007101000;336;167;169;45,8
23090007102000;11;6;5;47,0
23090007105000;5;2;3;55,4
23090007108000;14;10;4;45,1
23090007128000;4;3;1;0,0
23090007167000;13;7;6;39,5
23090007204000;12;5;7;42,2
23090007205000;3;1;2;0,0
23090007207000;7;3;4;45,0
23090007208000;4;2;2;0,0
23100006562000;6;3;3;54,5
23100006564000;6;4;2;39,2
23100006565000;11;4;7;48,2
23100006566000;14;7;7;48,3
23100006567000;8;4;4;46,8
23100006568000;12;7;5;44,7
23100006570000;4;2;2;0,0
23100006571000;9;5;4;33,7
23100006572000;26;9;17;33,6
23100006573000;4;0;4;0,0
23100006574000;12;6;6;36,4
23100006575000;4;1;3;0,0
23100006576000;12;7;5;29,3
23100006577000;20;10;10;44,1
23100006578000;22;12;10;46,8
23100006579000;11;4;7;34,5
23100006581000;3;1;2;0,0
23100006587000;11;5;6;36,5
23100006588000;3;2;1;0,0
23100006589000;19;8;11;48,8
23100006590000;7;5;2;40,0
23100006591000;5;3;2;15,4
23100006592000;3;1;2;0,0
23100006593000;3;1;2;0,0
23100006594000;5;3;2;52,0
23100006595000;27;14;13;46,6
23100006596000;195;104;91;39,1
23100006597000;506;242;264;42,0
23100006598000;389;193;196;45,6
23100006599000;29;15;14;35,1
23100006600000;3;2;1;0,0
23100006601000;12;6;6;55,4
23100006602000;5;2;3;49,2
23100006603000;16;9;7;38,5
23100006604000;36;17;19;38,6
23100006605000;9;4;5;49,6
23100006606000;2;1;1;0,0
23100006607000;2;1;1;0,0
23100006624000;1;1;0;0,0
23100006625000;2;1;1;0,0
23100006627000;3;2;1;0,0
23100006646000;34;17;17;39,9
23100006648000;6;1;5;28,2
23100006649000;5;2;3;33,8
23100006650000;1;0;1;0,0
23100006651000;1;0;1;0,0
23100006664000;2;2;0;0,0
23100006666000;5;2;3;43,6
23100006667000;6;4;2;51,8
23100006668000;9;5;4;51,6
23100006675000;48;22;26;39,9
23100006676000;7;3;4;66,4
23100006678000;50;23;27;37,1
23100006679000;7;5;2;47,6
23100006680000;3;0;3;0,0
23100006681000;10;6;4;47,9
23100006682000;19;9;10;43,4
23100006683000;19;10;9;48,4
23100006684000;5;1;4;56,6
23100006697000;17;9;8;49,0
23100006698000;32;14;18;36,9
23100006699000;75;34;41;44,8
23100006700000;19;9;10;42,7
23100006701000;4;1;3;0,0
23100006702000;22;12;10;46,5
23100006705000;12;6;6;27,0
23100006743000;2;2;0;0,0
23100006754000;27;16;11;39,0
23100006755000;30;17;13;30,5
23100006756000;45;26;19;26,5
23100006757000;2;1;1;0,0
23100006758000;7;3;4;49,7
23100006759000;12;5;7;37,9
23100006760000;20;10;10;53,0
23100006761000;33;18;15;34,3
23100006762000;17;8;9;34,7
23100006763000;13;6;7;41,9
23100006764000;9;3;6;24,8
23100006765000;34;19;15;39,6
23100006785000;2;1;1;0,0
23100006786000;3;2;1;0,0
23100006787000;6;2;4;42,5
23100006792000;3;2;1;0,0
23100006794000;4;2;2;0,0
23100006795000;8;6;2;25,9
23100006796000;3;2;1;0,0
23100006800000;37;19;18;41,1
23100006801000;31;15;16;38,5
23100006802000;2;2;0;0,0
23100006843000;4;2;2;0,0
23100006939000;22;14;8;42,2
23100006940000;3;2;1;0,0
23100006942000;23;13;10;28,5
23100006944000;8;3;5;51,0
23100006973000;110;47;63;40,4
23100006974000;60;25;35;37,8
23100006985000;9;3;6;36,6
23100007014000;4;2;2;0,0
23100007023000;6;4;2;37,2
23100007040000;11;6;5;44,3
23100007041000;6;4;2;59,8
23100007042000;17;9;8;47,1
23100007043000;18;10;8;30,8
23100007060000;4;3;1;0,0
23100007061000;10;5;5;45,8
23100007062000;15;8;7;38,5
23100007063000;9;5;4;39,7
23100007064000;8;5;3;46,0
23100007065000;16;9;7;42,9
23100007066000;34;18;16;34,7
23100007067000;41;21;20;50,9
23100007068000;11;6;5;43,2
23100007069000;115;60;55;33,5
23100007070000;13;5;8;34,3
23100007080000;15;8;7;51,1
23100007085000;36;19;17;35,1
23100007086000;40;19;21;43,0
23100007087000;6;4;2;32,5
23100007088000;34;18;16;46,2
23100007091000;16;6;10;52,9
23100007101000;60;33;27;38,8
23100007105000;3;2;1;0,0
23100007107000;4;2;2;0,0
23100007108000;15;9;6;41,0
23100007129000;1;0;1;0,0
23100007130000;9;4;5;33,2
23100007166000;3;3;0;0,0
23100007199000;3;2;1;0,0
23100007204000;7;5;2;44,9
23100007209000;9;5;4;42,1
23110006564000;1;0;1;0,0
23110006565000;1;1;0;0,0
23110006566000;2;1;1;0,0
23110006567000;4;2;2;0,0
23110006568000;83;38;45;36,4
23110006569000;164;72;92;47,8
23110006570000;70;32;38;45,4
23110006571000;76;39;37;40,5
23110006572000;27;13;14;46,3
23110006573000;27;15;12;31,7
23110006575000;10;6;4;46,3
23110006576000;6;3;3;43,7
23110006577000;4;2;2;0,0
23110006580000;8;4;4;35,9
23110006581000;7;5;2;42,9
23110006583000;2;1;1;0,0
23110006585000;10;6;4;54,8
23110006586000;1;1;0;0,0
23110006587000;18;8;10;37,3
23110006588000;2;1;1;0,0
23110006589000;22;13;9;62,6
23110006591000;10;5;5;28,6
23110006592000;7;3;4;22,1
23110006593000;62;36;26;34,4
23110006594000;8;5;3;57,3
23110006595000;4;3;1;0,0
23110006596000;13;6;7;36,4
23110006597000;343;175;168;43,3
23110006598000;421;206;215;47,2
23110006599000;19;9;10;35,8
23110006600000;5;2;3;64,8
23110006601000;43;21;22;39,1
23110006602000;11;5;6;46,5
23110006603000;2;2;0;0,0
23110006604000;12;6;6;45,3
23110006605000;8;3;5;38,6
23110006626000;1;0;1;0,0
23110006627000;12;9;3;44,8
23110006628000;2;1;1;0,0
23110006629000;1;1;0;0,0
23110006630000;4;2;2;0,0
23110006631000;5;3;2;55,0
23110006664000;4;1;3;0,0
23110006665000;3;2;1;0,0
23110006666000;9;5;4;41,2
23110006667000;1;0;1;0,0
23110006669000;10;5;5;45,9
23110006675000;7;2;5;47,3
23110006676000;4;2;2;0,0
23110006678000;2;1;1;0,0
23110006679000;8;4;4;53,0
23110006680000;28;15;13;45,1
23110006681000;65;32;33;40,5
23110006682000;26;10;16;32,6
23110006683000;6;2;4;52,8
23110006684000;32;16;16;42,6
23110006694000;6;3;3;38,0
23110006695000;10;4;6;54,2
23110006696000;7;5;2;35,0
23110006697000;9;5;4;46,9
23110006698000;23;10;13;42,0
23110006699000;27;12;15;37,0
23110006700000;4;2;2;0,0
23110006703000;16;9;7;38,3
23110006704000;51;24;27;41,8
23110006705000;6;3;3;57,8
23110006741000;3;1;2;0,0
23110006742000;7;5;2;28,3
23110006752000;2;1;1;0,0
23110006753000;4;1;3;0,0
23110006754000;9;5;4;48,7
23110006755000;616;324;292;38,3
23110006756000;226;106;120;32,0
23110006757000;31;15;16;40,5
23110006758000;11;4;7;47,5
23110006759000;27;13;14;47,4
23110006760000;64;36;28;35,1
23110006761000;23;10;13;46,1
23110006762000;6;2;4;33,5
23110006764000;14;8;6;34,0
23110006765000;11;6;5;48,5
23110006767000;1;1;0;0,0
23110006786000;3;2;1;0,0
23110006787000;6;2;4;43,8
23110006788000;15;9;6;31,5
23110006789000;20;11;9;38,4
23110006790000;2;0;2;0,0
23110006791000;4;1;3;0,0
23110006794000;2;1;1;0,0
23110006795000;9;6;3;49,0
23110006800000;12;8;4;46,1
23110006801000;4;2;2;0,0
23110006939000;20;10;10;43,1
23110006940000;8;4;4;25,5
23110006943000;15;8;7;36,8
23110006944000;14;6;8;51,4
23110006945000;16;8;8;48,3
23110006946000;24;16;8;40,1
23110006972000;36;17;19;48,1
23110006973000;210;92;118;52,0
23110006984000;5;3;2;20,4
23110006985000;22;10;12;50,8
23110007003000;12;5;7;43,7
23110007039000;3;2;1;0,0
23110007040000;14;6;8;35,6
23110007043000;10;5;5;37,7
23110007044000;18;10;8;27,5
23110007060000;8;4;4;37,1
23110007061000;27;14;13;33,3
23110007062000;3;1;2;0,0
23110007063000;9;4;5;45,9
23110007064000;23;13;10;46,1
23110007065000;19;9;10;41,9
23110007066000;22;15;7;42,1
23110007067000;10;6;4;39,0
23110007068000;97;47;50;34,6
23110007069000;1164;576;588;40,1
23110007070000;433;208;225;39,0
23110007080000;13;6;7;57,7
23110007081000;5;3;2;39,8
23110007085000;14;7;7;15,6
23110007086000;14;7;7;36,8
23110007087000;133;61;72;37,0
23110007088000;29;15;14;31,4
23110007089000;5;3;2;32,6
23110007090000;6;4;2;33,2
23110007091000;8;5;3;36,3
23110007092000;10;5;5;43,3
23110007106000;4;3;1;0,0
23110007108000;15;8;7;39,5
23110007130000;5;3;2;52,2
23110007150000;1;1;0;0,0
23110007155000;4;3;1;0,0
23110007159000;7;3;4;52,9
23110007161000;3;2;1;0,0
23110007162000;9;5;4;43,7
23110007165000;2;1;1;0,0
23110007166000;1;1;0;0,0
23110007173000;12;5;7;26,7
23110007204000;2;2;0;0,0
23120006562000;4;2;2;0,0
23120006563000;2;1;1;0,0
23120006564000;4;2;2;0,0
23120006567000;1;0;1;0,0
23120006568000;27;15;12;47,1
23120006569000;109;53;56;35,8
23120006571000;13;5;8;38,2
23120006572000;12;5;7;42,6
23120006583000;7;3;4;52,9
23120006584000;5;2;3;23,4
23120006585000;4;3;1;0,0
23120006586000;9;6;3;46,0
23120006587000;13;6;7;38,5
23120006589000;34;18;16;38,6
23120006590000;3;1;2;0,0
23120006592000;13;6;7;31,5
23120006593000;7;6;1;29,7
23120006594000;21;12;9;40,4
23120006595000;26;14;12;42,5
23120006596000;12;8;4;37,8
23120006597000;7;4;3;32,0
23120006598000;15;5;10;26,7
23120006599000;21;11;10;45,1
23120006600000;17;6;11;28,2
23120006629000;8;5;3;41,6
23120006635000;7;3;4;61,1
23120006636000;3;2;1;0,0
23120006666000;1;1;0;0,0
23120006670000;6;3;3;56,0
23120006673000;15;8;7;46,2
23120006674000;32;18;14;46,4
23120006675000;10;4;6;45,4
23120006676000;28;16;12;43,7
23120006677000;6;4;2;28,0
23120006678000;9;4;5;53,1
23120006679000;29;14;15;40,6
23120006680000;4;1;3;0,0
23120006681000;66;31;35;37,3
23120006682000;19;9;10;42,1
23120006690000;4;3;1;0,0
23120006693000;18;12;6;30,8
23120006694000;28;15;13;41,9
23120006695000;32;15;17;39,0
23120006696000;10;5;5;61,9
23120006698000;47;26;21;34,3
23120006699000;5;4;1;58,2
23120006700000;5;3;2;49,2
23120006701000;31;15;16;44,0
23120006702000;24;10;14;46,3
23120006703000;43;20;23;35,0
23120006704000;27;12;15;44,9
23120006706000;5;3;2;44,2
23120006739000;3;1;2;0,0
23120006740000;14;8;6;48,0
23120006741000;6;4;2;53,5
23120006752000;52;29;23;38,3
23120006753000;136;76;60;34,7
23120006754000;683;313;370;40,9
23120006755000;358;183;175;37,6
23120006756000;6;3;3;54,2
23120006757000;307;156;151;44,0
23120006758000;67;33;34;34,0
23120006759000;38;18;20;49,5
23120006760000;4;2;2;0,0
23120006780000;16;10;6;31,1
23120006789000;3;2;1;0,0
23120006790000;7;3;4;42,7
23120006795000;1;0;1;0,0
23120006797000;2;2;0;0,0
23120006798000;5;4;1;15,2
23120006904000;12;8;4;41,8
23120006908000;7;5;2;55,4
23120006909000;9;6;3;64,9
23120006910000;1;1;0;0,0
23120006941000;20;12;8;41,5
23120006942000;41;20;21;29,4
23120006943000;12;7;5;58,2
23120006945000;2;1;1;0,0
23120006947000;18;9;9;27,5
23120006949000;6;4;2;48,7
23120006960000;2;1;1;0,0
23120006961000;2;1;1;0,0
23120006962000;1;0;1;0,0
23120006963000;3;2;1;0,0
23120006964000;3;1;2;0,0
23120006966000;3;2;1;0,0
23120006969000;4;2;2;0,0
23120006971000;16;8;8;40,1
23120006972000;121;62;59;37,7
23120006973000;160;78;82;45,3
23120006984000;8;5;3;38,5
23120007002000;1;0;1;0,0
23120007003000;9;5;4;61,6
23120007039000;6;3;3;45,5
23120007040000;24;11;13;29,4
23120007045000;32;19;13;33,8
23120007061000;14;9;5;32,0
23120007062000;5;2;3;26,0
23120007063000;5;2;3;20,4
23120007064000;43;17;26;35,3
23120007065000;15;8;7;48,3
23120007066000;20;9;11;42,1
23120007067000;23;9;14;46,7
23120007068000;104;47;57;35,0
23120007069000;90;48;42;38,0
23120007070000;128;57;71;43,0
23120007071000;21;10;11;33,8
23120007073000;7;3;4;35,9
23120007079000;1;0;1;0,0
23120007080000;30;15;15;38,6
23120007081000;13;4;9;33,6
23120007086000;27;14;13;41,6
23120007087000;87;49;38;39,5
23120007088000;23;13;10;40,0
23120007089000;23;13;10;36,2
23120007090000;35;16;19;44,5
23120007091000;41;23;18;32,1
23120007092000;41;18;23;40,3
23120007102000;3;2;1;0,0
23120007109000;24;12;12;36,8
23120007131000;2;1;1;0,0
23120007173000;21;10;11;53,5
23120007200000;2;1;1;0,0
23120007209000;7;5;2;28,1
23130006560000;38;20;18;39,5
23130006561000;5;3;2;63,8
23130006562000;5;3;2;46,2
23130006564000;6;4;2;40,2
23130006565000;14;7;7;36,8
23130006567000;12;4;8;45,7
23130006568000;1;1;0;0,0
23130006569000;11;6;5;36,9
23130006570000;15;6;9;34,1
23130006573000;5;1;4;20,2
23130006579000;4;1;3;0,0
23130006583000;14;7;7;38,7
23130006586000;3;2;1;0,0
23130006588000;11;5;6;40,0
23130006589000;16;8;8;34,8
23130006590000;20;11;9;37,1
23130006591000;4;2;2;0,0
23130006592000;8;4;4;44,8
23130006593000;4;2;2;0,0
23130006598000;2;2;0;0,0
23130006610000;2;1;1;0,0
23130006631000;6;2;4;38,0
23130006632000;6;3;3;40,7
23130006635000;2;1;1;0,0
23130006638000;3;1;2;0,0
23130006639000;15;6;9;52,1
23130006640000;20;11;9;41,5
23130006641000;3;2;1;0,0
23130006649000;1;1;0;0,0
23130006656000;2;1;1;0,0
23130006663000;3;1;2;0,0
23130006672000;3;1;2;0,0
23130006673000;12;4;8;30,3
23130006674000;15;8;7;30,7
23130006675000;4;1;3;0,0
23130006676000;42;22;20;49,0
23130006677000;33;17;16;43,2
23130006678000;165;84;81;39,0
23130006679000;118;56;62;37,2
23130006680000;50;24;26;39,9
23130006681000;199;98;101;34,4
23130006682000;27;11;16;52,4
23130006683000;40;21;19;34,5
23130006684000;2;1;1;0,0
23130006688000;8;4;4;46,8
23130006689000;14;9;5;50,9
23130006690000;52;22;30;34,5
23130006691000;27;13;14;36,6
23130006692000;16;10;6;46,1
23130006693000;21;8;13;34,2
23130006698000;4;3;1;0,0
23130006699000;13;7;6;46,8
23130006700000;6;2;4;53,3
23130006701000;3;2;1;0,0
23130006703000;12;7;5;39,5
23130006704000;33;19;14;50,7
23130006705000;30;15;15;46,6
23130006706000;40;21;19;43,6
23130006707000;6;4;2;22,3
23130006708000;6;3;3;54,2
23130006709000;30;15;15;58,7
23130006710000;20;8;12;39,1
23130006711000;1;1;0;0,0
23130006738000;3;1;2;0,0
23130006739000;24;11;13;36,3
23130006740000;14;6;8;30,6
23130006750000;9;5;4;45,8
23130006751000;285;139;146;31,4
23130006752000;1169;561;608;37,9
23130006753000;834;358;476;41,3
23130006754000;849;384;465;48,5
23130006755000;1329;612;717;47,7
23130006756000;939;464;475;41,9
23130006757000;1088;534;554;38,6
23130006758000;6;3;3;70,5
23130006759000;5;3;2;16,8
23130006902000;1;0;1;0,0
23130006909000;7;4;3;45,1
23130006910000;5;2;3;14,8
23130006913000;1;1;0;0,0
23130006928000;7;4;3;27,7
23130006929000;8;6;2;41,8
23130006931000;4;1;3;0,0
23130006941000;18;12;6;28,1
23130006942000;506;255;251;35,4
23130006943000;501;246;255;42,0
23130006944000;491;239;252;40,9
23130006945000;258;128;130;38,5
23130006947000;20;12;8;42,1
23130006949000;10;6;4;37,8
23130006958000;1;1;0;0,0
23130006964000;3;2;1;0,0
23130006965000;2;1;1;0,0
23130006966000;8;4;4;41,9
23130006967000;15;5;10;39,5
23130006968000;11;5;6;43,3
23130006969000;20;11;9;40,6
23130006970000;36;22;14;41,4
23130006971000;40;24;16;45,3
23130006972000;45;19;26;47,9
23130006973000;7;5;2;39,6
23130007002000;5;3;2;48,6
23130007003000;17;7;10;45,4
23130007037000;4;2;2;0,0
23130007038000;2;1;1;0,0
23130007039000;30;16;14;37,4
23130007040000;40;23;17;41,6
23130007045000;9;5;4;58,6
23130007059000;6;4;2;39,0
23130007062000;10;4;6;36,3
23130007063000;2;1;1;0,0
23130007064000;102;48;54;36,3
23130007065000;71;41;30;36,5
23130007066000;50;26;24;41,1
23130007067000;9;5;4;46,8
23130007068000;39;19;20;38,1
23130007069000;10;4;6;37,7
23130007070000;92;39;53;36,2
23130007071000;62;31;31;33,6
23130007072000;34;17;17;32,4
23130007073000;16;9;7;35,0
23130007074000;18;11;7;32,7
23130007075000;9;5;4;28,9
23130007080000;6;2;4;55,8
23130007081000;13;7;6;47,1
23130007086000;9;8;1;35,7
23130007087000;18;8;10;50,3
23130007088000;31;16;15;38,8
23130007090000;16;4;12;32,3
23130007091000;10;5;5;48,0
23130007092000;138;72;66;35,7
23130007093000;31;13;18;31,7
23130007102000;4;2;2;0,0
23130007103000;16;7;9;26,3
23130007109000;9;7;2;27,6
23130007110000;2;1;1;0,0
23130007117000;2;1;1;0,0
23130007159000;21;12;9;41,3
23130007173000;12;8;4;53,6
23130007202000;3;2;1;0,0
23130007203000;1;1;0;0,0
23130007208000;7;3;4;43,6
23140006560000;63;36;27;40,3
23140006561000;16;9;7;33,8
23140006570000;8;5;3;26,9
23140006571000;4;3;1;0,0
23140006572000;5;3;2;49,2
23140006573000;14;9;5;37,5
23140006583000;5;3;2;36,6
23140006586000;12;5;7;27,5
23140006587000;10;7;3;34,2
23140006588000;17;11;6;33,6
23140006589000;14;8;6;42,1
23140006592000;26;15;11;38,0
23140006593000;2;1;1;0,0
23140006594000;2;2;0;0,0
23140006632000;2;1;1;0,0
23140006633000;1;1;0;0,0
23140006635000;3;1;2;0,0
23140006638000;3;1;2;0,0
23140006639000;33;17;16;39,9
23140006641000;19;9;10;43,2
23140006653000;10;5;5;37,9
23140006671000;1;1;0;0,0
23140006672000;16;8;8;46,8
23140006673000;14;9;5;42,7
23140006674000;29;15;14;44,8
23140006675000;23;13;10;51,0
23140006676000;35;18;17;37,7
23140006677000;12;6;6;31,6
23140006678000;20;9;11;43,5
23140006679000;32;16;16;41,5
23140006680000;29;18;11;40,3
23140006681000;4;2;2;0,0
23140006682000;27;9;18;40,9
23140006683000;28;16;12;35,8
23140006685000;12;3;9;50,3
23140006686000;25;11;14;40,5
23140006687000;26;11;15;44,3
23140006688000;107;49;58;37,3
23140006689000;89;48;41;38,5
23140006690000;38;17;21;39,6
23140006691000;34;17;17;51,2
23140006692000;17;12;5;32,3
23140006693000;4;2;2;0,0
23140006694000;2;1;1;0,0
23140006695000;2;1;1;0,0
23140006701000;18;8;10;25,9
23140006703000;24;13;11;47,0
23140006704000;73;39;34;35,8
23140006705000;95;53;42;44,5
23140006706000;108;49;59;37,2
23140006707000;66;31;35;41,2
23140006708000;204;112;92;41,6
23140006709000;125;68;57;42,1
23140006710000;42;23;19;45,8
23140006711000;4;1;3;0,0
23140006738000;1;0;1;0,0
23140006747000;67;33;34;46,6
23140006748000;6;3;3;32,0
23140006749000;8;5;3;35,6
23140006750000;71;31;40;42,4
23140006751000;280;142;138;33,7
23140006752000;1645;776;869;36,1
23140006753000;887;439;448;41,8
23140006754000;573;281;292;50,0
23140006755000;622;304;318;37,8
23140006756000;718;323;395;35,4
23140006757000;2;1;1;0,0
23140006789000;7;4;3;40,0
23140006901000;4;3;1;0,0
23140006902000;12;6;6;39,4
23140006926000;3;2;1;0,0
23140006927000;26;14;12;42,7
23140006928000;25;13;12;34,2
23140006929000;10;4;6;39,5
23140006930000;1;1;0;0,0
23140006941000;15;8;7;46,1
23140006942000;273;125;148;40,2
23140006943000;1172;540;632;43,6
23140006944000;388;196;192;46,6
23140006948000;9;4;5;30,7
23140006949000;14;7;7;39,4
23140006950000;9;4;5;43,6
23140006956000;1;1;0;0,0
23140006965000;16;7;9;44,9
23140006966000;5;2;3;55,2
23140006967000;11;7;4;48,6
23140006968000;7;4;3;40,0
23140006969000;30;18;12;38,0
23140006970000;10;5;5;39,1
23140006971000;10;5;5;53,8
23140007003000;18;9;9;48,3
23140007033000;1;1;0;0,0
23140007034000;2;1;1;0,0
23140007036000;4;2;2;0,0
23140007039000;2;1;1;0,0
23140007040000;1;0;1;0,0
23140007042000;13;7;6;23,7
23140007045000;16;9;7;40,2
23140007057000;4;2;2;0,0
23140007058000;14;8;6;39,2
23140007060000;1;1;0;0,0
23140007061000;5;3;2;40,2
23140007062000;40;23;17;35,7
23140007064000;13;4;9;44,5
23140007065000;26;16;10;30,7
23140007066000;55;25;30;35,9
23140007067000;30;15;15;39,9
23140007068000;18;8;10;41,6
23140007069000;50;27;23;33,2
23140007070000;32;14;18;38,2
23140007071000;38;19;19;54,3
23140007072000;21;10;11;31,5
23140007073000;345;168;177;29,5
23140007074000;13;8;5;41,0
23140007075000;37;17;20;38,1
23140007080000;6;2;4;33,2
23140007087000;20;12;8;30,8
23140007088000;35;17;18;38,7
23140007090000;13;5;8;30,4
23140007092000;2;1;1;0,0
23140007093000;77;39;38;35,9
23140007094000;8;4;4;39,1
23140007095000;2;1;1;0,0
23140007103000;32;13;19;33,9
23140007104000;10;4;6;57,1
23140007107000;27;14;13;41,8
23140007108000;8;3;5;36,8
23140007109000;7;3;4;59,3
23140007110000;60;27;33;41,9
23140007130000;9;5;4;46,0
23140007151000;23;12;11;50,3
23140007152000;9;4;5;40,1
23140007157000;55;21;34;35,7
23140007158000;15;6;9;49,5
23140007173000;4;2;2;0,0
23140007199000;5;3;2;63,4
23140007200000;5;3;2;49,4
23140007202000;3;2;1;0,0
23140007203000;1;1;0;0,0
23140007205000;6;4;2;44,0
23140007206000;19;9;10;48,9
23140007208000;14;5;9;36,7
23140007209000;6;4;2;56,8
23150006559000;4;2;2;0,0
23150006560000;6;4;2;45,2
23150006572000;6;5;1;28,8
23150006573000;3;2;1;0,0
23150006585000;6;4;2;26,2
23150006589000;2;1;1;0,0
23150006591000;7;3;4;31,1
23150006598000;1;1;0;0,0
23150006633000;20;11;9;45,8
23150006634000;23;14;9;30,0
23150006635000;17;10;7;31,1
23150006636000;4;2;2;0,0
23150006637000;8;4;4;46,1
23150006638000;25;12;13;39,2
23150006639000;15;6;9;40,4
23150006648000;4;3;1;0,0
23150006656000;6;4;2;64,7
23150006657000;4;2;2;0,0
23150006662000;2;1;1;0,0
23150006672000;3;2;1;0,0
23150006676000;17;8;9;42,5
23150006677000;15;8;7;36,8
23150006678000;19;13;6;53,2
23150006679000;67;34;33;39,9
23150006680000;34;20;14;52,1
23150006681000;16;8;8;46,6
23150006682000;14;9;5;49,9
23150006683000;24;14;10;35,7
23150006684000;424;182;242;49,3
23150006685000;73;31;42;34,5
23150006686000;35;17;18;31,8
23150006687000;26;14;12;45,6
23150006688000;32;18;14;32,1
23150006689000;21;11;10;45,7
23150006690000;20;7;13;39,2
23150006691000;37;17;20;41,2
23150006692000;26;13;13;51,0
23150006693000;8;5;3;64,5
23150006694000;2;1;1;0,0
23150006698000;2;2;0;0,0
23150006700000;21;9;12;38,2
23150006701000;54;27;27;45,1
23150006702000;120;54;66;30,4
23150006703000;188;79;109;55,0
23150006704000;102;52;50;41,2
23150006705000;44;24;20;39,3
23150006706000;24;13;11;37,9
23150006707000;56;27;29;38,7
23150006708000;79;38;41;46,8
23150006709000;52;29;23;44,4
23150006710000;4;2;2;0,0
23150006745000;4;2;2;0,0
23150006746000;23;13;10;45,3
23150006747000;34;17;17;40,4
23150006748000;46;22;24;38,3
23150006749000;39;20;19;40,4
23150006750000;29;17;12;36,9
23150006751000;4;2;2;0,0
23150006755000;40;18;22;39,0
23150006756000;316;149;167;38,4
23150006757000;24;12;12;39,1
23150006758000;8;4;4;34,9
23150006761000;21;10;11;43,6
23150006762000;23;13;10;42,5
23150006763000;2;0;2;0,0
23150006781000;2;1;1;0,0
23150006789000;8;4;4;52,1
23150006901000;4;2;2;0,0
23150006926000;2;1;1;0,0
23150006928000;2;1;1;0,0
23150006940000;12;4;8;36,1
23150006941000;10;6;4;33,2
23150006942000;4;2;2;0,0
23150006943000;108;30;78;77,8
23150006944000;12;2;10;24,8
23150006945000;1;0;1;0,0
23150006946000;1;1;0;0,0
23150006950000;7;4;3;39,6
23150006954000;7;3;4;43,7
23150006955000;12;7;5;35,7
23150006969000;9;6;3;62,6
23150007001000;5;3;2;59,2
23150007002000;10;5;5;47,7
23150007003000;2;1;1;0,0
23150007042000;5;2;3;74,0
23150007044000;15;8;7;36,3
23150007045000;14;8;6;33,0
23150007059000;22;12;10;37,0
23150007060000;14;7;7;41,6
23150007061000;33;16;17;34,1
23150007062000;111;58;53;41,0
23150007070000;44;24;20;36,4
23150007071000;333;181;152;32,3
23150007072000;37;18;19;30,7
23150007073000;341;168;173;39,9
23150007074000;293;134;159;36,8
23150007075000;222;107;115;37,1
23150007087000;68;29;39;46,2
23150007088000;145;71;74;30,5
23150007089000;3;1;2;0,0
23150007090000;2;1;1;0,0
23150007091000;4;2;2;0,0
23150007093000;12;7;5;40,3
23150007094000;12;5;7;39,1
23150007095000;14;5;9;30,4
23150007096000;3;2;1;0,0
23150007104000;9;6;3;41,0
23150007105000;10;5;5;42,3
23150007106000;1;0;1;0,0
23150007107000;5;2;3;67,4
23150007108000;46;24;22;64,0
23150007109000;462;234;228;44,2
23150007110000;483;227;256;46,0
23150007111000;49;21;28;47,8
23150007112000;2;1;1;0,0
23150007113000;9;5;4;19,1
23150007118000;6;3;3;49,3
23150007123000;20;11;9;43,6
23150007124000;8;5;3;44,3
23150007125000;13;8;5;34,5
23150007126000;5;4;1;61,2
23150007127000;12;6;6;37,3
23150007128000;14;8;6;36,5
23150007130000;20;13;7;31,1
23150007131000;11;7;4;40,4
23150007132000;6;3;3;61,8
23150007133000;26;13;13;45,5
23150007134000;15;6;9;47,3
23150007146000;2;1;1;0,0
23150007151000;3;1;2;0,0
23150007152000;12;7;5;47,3
23150007157000;71;33;38;49,7
23150007158000;6;0;6;71,5
23150007171000;9;5;4;53,3
23150007172000;14;7;7;35,6
23150007197000;9;3;6;22,0
23150007198000;19;10;9;41,5
23150007199000;10;5;5;38,6
23150007200000;17;8;9;34,9
23150007201000;5;3;2;56,8
23150007202000;5;3;2;13,0
23150007203000;7;5;2;26,1
23150007205000;3;3;0;0,0
23150007207000;3;2;1;0,0
23150007210000;3;2;1;0,0
23150007211000;11;4;7;55,6
23160006573000;4;3;1;0,0
23160006574000;1;0;1;0,0
23160006576000;3;2;1;0,0
23160006633000;30;19;11;38,4
23160006634000;104;50;54;36,2
23160006635000;56;28;28;43,4
23160006636000;201;96;105;41,4
23160006637000;24;10;14;64,1
23160006638000;28;11;17;35,5
23160006639000;15;10;5;47,9
23160006654000;8;4;4;56,4
23160006662000;2;1;1;0,0
23160006672000;9;5;4;32,1
23160006677000;1;1;0;0,0
23160006679000;10;5;5;38,7
23160006680000;9;4;5;49,2
23160006681000;12;4;8;35,8
23160006682000;611;318;293;40,4
23160006683000;572;277;295;42,1
23160006684000;532;248;284;46,3
23160006685000;99;45;54;40,8
23160006686000;3;3;0;0,0
23160006688000;28;13;15;40,3
23160006689000;14;6;8;31,9
23160006690000;25;13;12;32,0
23160006697000;5;2;3;43,2
23160006698000;22;12;10;44,8
23160006699000;24;14;10;38,9
23160006700000;32;15;17;39,6
23160006701000;26;11;15;50,7
23160006702000;26;15;11;49,2
23160006703000;29;10;19;50,3
23160006704000;14;8;6;47,4
23160006705000;6;3;3;54,2
23160006746000;35;18;17;39,2
23160006747000;58;29;29;38,0
23160006748000;207;107;100;41,2
23160006749000;53;28;25;45,5
23160006750000;2;1;1;0,0
23160006755000;5;1;4;22,4
23160006756000;8;4;4;33,8
23160006757000;154;81;73;36,3
23160006758000;232;121;111;34,6
23160006759000;2;1;1;0,0
23160006760000;10;5;5;61,8
23160006761000;74;38;36;31,7
23160006762000;53;28;25;40,0
23160006763000;2;1;1;0,0
23160006764000;34;19;15;41,4
23160006765000;1;1;0;0,0
23160006776000;7;5;2;42,3
23160006777000;10;4;6;40,3
23160006779000;2;1;1;0,0
23160006780000;3;2;1;0,0
23160006781000;3;2;1;0,0
23160006901000;7;4;3;22,1
23160006902000;22;14;8;60,1
23160006905000;1;1;0;0,0
23160006918000;6;2;4;37,5
23160006939000;9;4;5;49,1
23160006940000;5;3;2;55,6
23160006941000;10;6;4;34,1
23160006945000;10;5;5;34,0
23160006950000;5;3;2;36,6
23160006952000;15;10;5;41,9
23160006953000;7;4;3;57,0
23160006954000;131;57;74;41,7
23160007002000;1;1;0;0,0
23160007015000;1;1;0;0,0
23160007033000;3;1;2;0,0
23160007041000;7;3;4;29,1
23160007042000;2;1;1;0,0
23160007044000;2;0;2;0,0
23160007045000;7;4;3;31,4
23160007046000;2;1;1;0,0
23160007059000;4;3;1;0,0
23160007060000;4;2;2;0,0
23160007061000;17;9;8;32,6
23160007062000;11;6;5;37,1
23160007068000;13;5;8;38,5
23160007069000;11;7;4;34,6
23160007070000;8;5;3;23,3
23160007071000;798;413;385;30,3
23160007072000;448;219;229;35,4
23160007073000;137;53;84;47,0
23160007074000;1465;729;736;41,6
23160007075000;746;355;391;40,3
23160007076000;25;13;12;40,2
23160007087000;61;30;31;43,7
23160007088000;187;101;86;35,0
23160007089000;60;31;29;36,0
23160007090000;14;6;8;42,1
23160007091000;18;11;7;33,8
23160007092000;6;2;4;31,0
23160007094000;25;14;11;47,0
23160007097000;1;0;1;0,0
23160007105000;10;5;5;54,3
23160007106000;11;6;5;43,2
23160007107000;9;4;5;37,3
23160007108000;36;18;18;32,0
23160007109000;29;16;13;31,3
23160007110000;30;18;12;32,9
23160007111000;353;279;74;41,5
23160007112000;144;71;73;44,5
23160007113000;22;12;10;44,2
23160007117000;6;4;2;52,0
23160007118000;21;11;10;33,4
23160007122000;40;22;18;39,8
23160007123000;65;36;29;39,7
23160007124000;4;2;2;0,0
23160007125000;1;1;0;0,0
23160007126000;84;39;45;45,5
23160007127000;225;103;122;52,3
23160007128000;29;16;13;45,6
23160007129000;46;24;22;35,9
23160007130000;13;7;6;49,6
23160007132000;14;9;5;32,1
23160007134000;2;1;1;0,0
23160007135000;19;11;8;47,0
23160007136000;5;3;2;59,0
23160007137000;3;3;0;0,0
23160007148000;18;10;8;21,2
23160007149000;8;5;3;58,8
23160007150000;28;15;13;49,4
23160007151000;1;0;1;0,0
23160007153000;2;1;1;0,0
23160007166000;15;9;6;52,1
23160007197000;10;6;4;28,0
23160007198000;10;7;3;34,9
23160007199000;18;10;8;29,1
23160007203000;1;1;0;0,0
23160007204000;6;4;2;58,8
23160007205000;3;2;1;0,0
23160007211000;2;1;1;0,0
23170006573000;6;3;3;50,7
23170006574000;3;2;1;0,0
23170006586000;2;1;1;0,0
23170006626000;2;1;1;0,0
23170006648000;2;2;0;0,0
23170006649000;5;3;2;56,4
23170006654000;11;7;4;66,4
23170006655000;2;1;1;0,0
23170006660000;6;3;3;29,2
23170006661000;3;1;2;0,0
23170006667000;1;1;0;0,0
23170006679000;2;1;1;0,0
23170006682000;27;15;12;41,0
23170006683000;75;42;33;42,6
23170006684000;121;61;60;39,3
23170006685000;19;10;9;54,5
23170006686000;21;9;12;39,2
23170006689000;4;3;1;0,0
23170006690000;11;5;6;44,8
23170006697000;26;14;12;54,0
23170006698000;126;65;61;42,9
23170006699000;39;21;18;40,4
23170006700000;15;7;8;41,5
23170006701000;9;4;5;37,6
23170006703000;2;1;1;0,0
23170006745000;2;2;0;0,0
23170006746000;10;6;4;37,6
23170006747000;204;102;102;43,4
23170006748000;110;56;54;39,7
23170006749000;25;13;12;35,1
23170006758000;73;38;35;39,7
23170006759000;46;23;23;47,3
23170006760000;40;15;25;46,5
23170006761000;3;2;1;0,0
23170006763000;10;5;5;50,3
23170006774000;1;1;0;0,0
23170006780000;1;0;1;0,0
23170006901000;4;2;2;0,0
23170006902000;8;4;4;54,0
23170006917000;13;7;6;32,2
23170006918000;6;3;3;50,5
23170006919000;1;1;0;0,0
23170006938000;8;2;6;37,9
23170006950000;5;3;2;38,4
23170006953000;17;9;8;42,2
23170006954000;91;48;43;41,6
23170006994000;7;3;4;41,1
23170007033000;2;1;1;0,0
23170007041000;15;8;7;41,9
23170007042000;7;4;3;55,0
23170007044000;5;3;2;64,4
23170007045000;9;5;4;29,6
23170007046000;2;1;1;0,0
23170007060000;9;6;3;26,7
23170007061000;25;11;14;25,4
23170007062000;2;1;1;0,0
23170007069000;7;4;3;37,1
23170007070000;32;19;13;39,8
23170007071000;129;57;72;36,7
23170007072000;115;62;53;39,7
23170007073000;1894;938;956;40,8
23170007074000;900;401;499;51,2
23170007087000;240;112;128;50,3
23170007088000;326;144;182;38,5
23170007089000;42;21;21;45,7
23170007090000;33;19;14;27,6
23170007092000;45;19;26;44,8
23170007093000;33;17;16;41,6
23170007094000;19;9;10;38,8
23170007096000;7;2;5;34,6
23170007097000;15;6;9;25,9
23170007098000;1;0;1;0,0
23170007105000;2;1;1;0,0
23170007108000;2;1;1;0,0
23170007109000;12;6;6;44,0
23170007110000;1;1;0;0,0
23170007111000;12;6;6;48,1
23170007112000;27;13;14;33,7
23170007113000;17;10;7;26,3
23170007117000;34;17;17;26,3
23170007118000;11;8;3;40,9
23170007120000;4;1;3;0,0
23170007121000;11;6;5;43,0
23170007122000;40;22;18;32,9
23170007123000;19;11;8;41,9
23170007124000;27;14;13;44,0
23170007125000;5;1;4;36,4
23170007126000;62;34;28;38,0
23170007127000;42;23;19;41,1
23170007128000;1;1;0;0,0
23170007129000;21;13;8;26,5
23170007130000;2;1;1;0,0
23170007136000;104;55;49;37,8
23170007137000;11;7;4;39,5
23170007138000;8;6;2;32,5
23170007149000;3;1;2;0,0
23170007150000;5;3;2;60,6
23170007166000;15;10;5;26,1
23170007167000;9;4;5;45,3
23170007173000;18;10;8;34,7
23170007183000;58;26;32;39,6
23170007197000;6;2;4;56,0
23170007198000;1;0;1;0,0
23170007203000;8;4;4;31,5
23170007205000;2;1;1;0,0
23180006573000;5;3;2;54,8
23180006625000;4;2;2;0,0
23180006626000;22;12;10;38,1
23180006627000;1;0;1;0,0
23180006630000;2;1;1;0,0
23180006640000;1;1;0;0,0
23180006649000;8;3;5;37,6
23180006650000;6;2;4;36,7
23180006652000;4;2;2;0,0
23180006655000;2;1;1;0,0
23180006657000;2;1;1;0,0
23180006667000;8;4;4;48,8
23180006681000;6;4;2;55,8
23180006682000;77;39;38;49,5
23180006683000;19;11;8;49,0
23180006684000;13;6;7;52,7
23180006685000;30;15;15;39,6
23180006689000;4;3;1;0,0
23180006693000;16;9;7;29,4
23180006694000;35;20;15;56,8
23180006695000;6;4;2;38,0
23180006696000;4;2;2;0,0
23180006697000;20;11;9;43,8
23180006698000;31;15;16;50,1
23180006699000;3;3;0;0,0
23180006745000;25;11;14;50,8
23180006746000;57;30;27;39,2
23180006747000;23;12;11;36,4
23180006748000;63;27;36;34,7
23180006749000;59;34;25;41,6
23180006750000;7;3;4;33,0
23180006753000;3;1;2;0,0
23180006758000;46;26;20;40,4
23180006759000;36;20;16;37,6
23180006760000;34;21;13;37,0
23180006761000;51;28;23;41,2
23180006762000;5;2;3;21,4
23180006763000;13;5;8;49,1
23180006764000;33;17;16;46,9
23180006765000;6;4;2;41,7
23180006874000;1;1;0;0,0
23180006937000;1;1;0;0,0
23180006945000;4;1;3;0,0
23180006948000;2;1;1;0,0
23180006954000;18;9;9;43,4
23180006999000;5;3;2;27,0
23180007041000;48;24;24;35,0
23180007042000;20;10;10;40,1
23180007044000;9;6;3;26,7
23180007045000;19;11;8;40,9
23180007046000;56;31;25;33,3
23180007059000;13;5;8;41,4
23180007060000;4;3;1;0,0
23180007069000;11;6;5;31,3
23180007070000;12;6;6;33,7
23180007071000;27;18;9;38,3
23180007072000;94;48;46;44,2
23180007073000;856;416;440;37,4
23180007074000;493;233;260;34,0
23180007075000;1;1;0;0,0
23180007084000;3;1;2;0,0
23180007085000;12;6;6;39,2
23180007086000;47;25;22;34,0
23180007087000;238;118;120;41,3
23180007088000;302;132;170;51,0
23180007089000;108;54;54;44,9
23180007090000;32;17;15;31,8
23180007091000;10;7;3;55,0
23180007092000;6;3;3;47,3
23180007093000;32;18;14;31,8
23180007094000;15;8;7;38,9
23180007095000;15;10;5;37,2
23180007096000;6;3;3;27,8
23180007097000;13;9;4;40,2
23180007098000;58;29;29;31,4
23180007099000;8;4;4;35,9
23180007106000;11;7;4;61,9
23180007109000;3;2;1;0,0
23180007110000;8;5;3;34,0
23180007111000;5;2;3;35,2
23180007113000;17;9;8;37,6
23180007117000;12;8;4;48,7
23180007118000;20;10;10;35,7
23180007119000;7;5;2;36,9
23180007120000;29;12;17;28,5
23180007121000;25;13;12;28,6
23180007122000;11;5;6;24,9
23180007123000;8;3;5;62,1
23180007124000;30;12;18;40,3
23180007129000;14;8;6;37,9
23180007130000;12;6;6;52,3
23180007138000;5;3;2;56,6
23180007142000;5;3;2;20,6
23180007143000;12;6;6;15,1
23180007155000;2;1;1;0,0
23180007156000;1;1;0;0,0
23180007159000;14;7;7;56,0
23180007165000;2;0;2;0,0
23180007167000;2;2;0;0,0
23180007168000;2;1;1;0,0
23180007174000;17;10;7;34,5
23180007175000;3;1;2;0,0
23180007176000;1;0;1;0,0
23180007177000;10;5;5;30,7
23180007183000;73;33;40;38,7
23180007184000;18;11;7;31,8
23180007196000;16;8;8;47,5
23180007197000;23;10;13;40,1
23180007202000;2;1;1;0,0
23180007203000;2;1;1;0,0
23180007205000;24;14;10;39,1
23180007206000;6;2;4;32,0
23180007207000;2;1;1;0,0
23180007208000;7;5;2;58,9
23180007211000;1;1;0;0,0
23190006620000;3;1;2;0,0
23190006623000;7;5;2;33,6
23190006624000;77;44;33;42,0
23190006625000;21;12;9;37,0
23190006631000;3;2;1;0,0
23190006636000;1;1;0;0,0
23190006640000;2;1;1;0,0
23190006651000;3;1;2;0,0
23190006655000;2;1;1;0,0
23190006658000;2;1;1;0,0
23190006667000;23;14;9;42,3
23190006668000;8;3;5;29,3
23190006681000;21;13;8;51,8
23190006682000;20;8;12;44,9
23190006683000;13;6;7;39,6
23190006688000;26;10;16;39,6
23190006689000;5;4;1;42,6
23190006690000;8;4;4;37,1
23190006691000;22;13;9;42,0
23190006692000;47;27;20;45,4
23190006693000;13;8;5;39,4
23190006694000;13;8;5;48,0
23190006695000;24;15;9;50,6
23190006744000;20;12;8;42,4
23190006745000;8;4;4;61,4
23190006746000;31;17;14;34,6
23190006747000;4;3;1;0,0
23190006748000;28;14;14;41,0
23190006749000;53;25;28;49,3
23190006753000;1;0;1;0,0
23190006754000;6;3;3;43,7
23190006755000;16;9;7;41,6
23190006758000;33;13;20;33,7
23190006759000;65;35;30;45,0
23190006760000;69;38;31;38,2
23190006761000;76;38;38;36,0
23190006762000;2;1;1;0,0
23190006763000;65;33;32;38,9
23190006764000;9;2;7;32,4
23190006773000;6;3;3;36,3
23190006810000;3;2;1;0,0
23190006812000;3;2;1;0,0
23190006936000;9;5;4;51,4
23190006945000;3;1;2;0,0
23190006946000;1;1;0;0,0
23190006956000;4;2;2;0,0
23190006999000;15;9;6;41,7
23190007041000;10;6;4;41,8
23190007042000;23;11;12;40,5
23190007045000;36;19;17;33,4
23190007046000;1;1;0;0,0
23190007047000;13;7;6;24,8
23190007048000;5;4;1;45,0
23190007058000;2;2;0;0,0
23190007059000;8;3;5;37,4
23190007060000;2;2;0;0,0
23190007069000;14;7;7;34,3
23190007070000;15;10;5;32,5
23190007071000;16;9;7;34,8
23190007072000;37;20;17;42,9
23190007073000;38;19;19;35,4
23190007074000;107;55;52;32,0
23190007075000;30;17;13;35,0
23190007076000;14;9;5;48,5
23190007084000;25;14;11;39,8
23190007085000;7;2;5;48,3
23190007086000;24;15;9;44,0
23190007090000;7;5;2;42,0
23190007091000;24;13;11;48,9
23190007092000;17;7;10;24,1
23190007093000;24;11;13;33,3
23190007094000;17;8;9;33,4
23190007095000;19;10;9;52,5
23190007096000;20;8;12;44,3
23190007097000;117;57;60;32,9
23190007098000;226;113;113;36,4
23190007106000;14;8;6;43,9
23190007108000;4;2;2;0,0
23190007109000;7;4;3;32,4
23190007110000;25;12;13;30,4
23190007111000;7;6;1;50,3
23190007113000;13;9;4;28,8
23190007115000;16;5;11;29,9
23190007116000;6;2;4;24,0
23190007117000;39;22;17;45,8
23190007118000;16;10;6;45,8
23190007119000;11;6;5;47,1
23190007120000;10;5;5;51,7
23190007124000;4;3;1;0,0
23190007130000;11;5;6;41,6
23190007139000;5;2;3;30,4
23190007140000;5;4;1;61,0
23190007159000;21;8;13;40,3
23190007166000;16;8;8;43,7
23190007167000;3;2;1;0,0
23190007168000;22;12;10;45,4
23190007172000;6;2;4;34,5
23190007173000;6;2;4;47,5
23190007175000;13;7;6;55,7
23190007176000;10;6;4;19,5
23190007183000;2;1;1;0,0
23190007184000;2;1;1;0,0
23190007196000;19;12;7;30,9
23190007197000;9;5;4;34,6
23190007198000;15;6;9;27,4
23190007204000;10;7;3;45,6
23190007205000;17;8;9;40,1
23190007206000;1;1;0;0,0
23200006622000;1;1;0;0,0
23200006623000;11;6;5;50,7
23200006624000;15;8;7;52,5
23200006625000;14;6;8;43,8
23200006626000;28;14;14;34,5
23200006627000;176;80;96;44,5
23200006628000;5;2;3;69,2
23200006629000;3;2;1;0,0
23200006631000;1;1;0;0,0
23200006641000;9;5;4;35,6
23200006643000;1;1;0;0,0
23200006654000;4;2;2;0,0
23200006658000;3;2;1;0,0
23200006668000;12;6;6;52,5
23200006669000;16;7;9;47,9
23200006679000;2;1;1;0,0
23200006680000;18;9;9;37,4
23200006681000;38;19;19;43,7
23200006682000;30;17;13;37,2
23200006683000;15;6;9;66,2
23200006684000;22;12;10;42,5
23200006685000;20;8;12;40,3
23200006686000;14;7;7;31,9
23200006687000;11;6;5;47,7
23200006688000;4;1;3;0,0
23200006689000;30;15;15;47,4
23200006690000;21;10;11;45,9
23200006691000;8;5;3;47,6
23200006692000;3;1;2;0,0
23200006694000;4;1;3;0,0
23200006695000;3;2;1;0,0
23200006698000;6;4;2;41,0
23200006723000;1;1;0;0,0
23200006740000;25;10;15;29,8
23200006741000;11;6;5;30,1
23200006742000;13;7;6;30,1
23200006743000;34;17;17;36,3
23200006744000;13;7;6;48,1
23200006745000;100;47;53;34,3
23200006746000;58;29;29;39,0
23200006747000;10;5;5;32,2
23200006755000;9;3;6;50,2
23200006758000;6;4;2;39,0
23200006759000;21;12;9;32,0
23200006761000;4;3;1;0,0
23200006762000;37;17;20;42,8
23200006763000;6;4;2;25,0
23200006764000;19;9;10;39,7
23200006765000;27;12;15;43,2
23200006766000;11;7;4;43,4
23200006769000;2;1;1;0,0
23200006771000;1;0;1;0,0
23200006793000;1;1;0;0,0
23200006807000;1;1;0;0,0
23200006808000;6;2;4;39,3
23200006809000;1;0;1;0,0
23200006945000;4;2;2;0,0
23200006946000;25;14;11;44,2
23200006953000;8;5;3;70,4
23200006955000;1;1;0;0,0
23200006956000;4;1;3;0,0
23200006996000;3;2;1;0,0
23200006997000;47;25;22;31,7
23200007041000;20;9;11;32,1
23200007042000;9;4;5;37,3
23200007045000;8;5;3;39,4
23200007048000;3;2;1;0,0
23200007069000;5;3;2;17,6
23200007070000;26;14;12;46,6
23200007071000;45;23;22;31,6
23200007072000;43;26;17;33,6
23200007073000;24;14;10;23,3
23200007074000;23;12;11;34,6
23200007075000;72;38;34;42,0
23200007076000;33;15;18;28,2
23200007084000;14;7;7;33,3
23200007085000;10;6;4;36,0
23200007090000;4;3;1;0,0
23200007093000;10;6;4;47,6
23200007094000;15;9;6;38,9
23200007095000;17;9;8;44,0
23200007096000;71;35;36;33,7
23200007097000;211;104;107;42,1
23200007098000;15;6;9;38,7
23200007106000;97;54;43;36,8
23200007108000;6;2;4;34,5
23200007109000;18;10;8;45,9
23200007110000;23;10;13;45,1
23200007111000;16;10;6;29,4
23200007112000;6;2;4;48,3
23200007114000;11;5;6;29,9
23200007115000;50;26;24;37,9
23200007116000;38;20;18;43,7
23200007117000;6;5;1;24,2
23200007130000;6;3;3;37,7
23200007140000;22;13;9;50,5
23200007159000;22;12;10;52,8
23200007160000;9;3;6;46,9
23200007162000;11;4;7;52,1
23200007163000;33;17;16;32,9
23200007164000;1;1;0;0,0
23200007166000;5;2;3;30,6
23200007167000;14;7;7;42,2
23200007168000;7;3;4;57,4
23200007169000;8;6;2;26,6
23200007173000;19;9;10;39,9
23200007175000;3;2;1;0,0
23200007185000;18;9;9;40,4
23200007194000;3;1;2;0,0
23200007195000;16;5;11;34,8
23200007196000;7;2;5;40,7
23200007197000;214;91;123;29,8
23200007198000;417;224;193;30,8
23200007204000;10;3;7;38,8
23210006624000;1;0;1;0,0
23210006625000;8;5;3;27,5
23210006626000;15;8;7;38,9
23210006627000;95;53;42;40,2
23210006628000;92;47;45;47,5
23210006629000;28;16;12;47,1
23210006630000;20;13;7;51,0
23210006631000;6;3;3;39,3
23210006639000;6;3;3;55,5
23210006641000;2;1;1;0,0
23210006648000;4;3;1;0,0
23210006649000;4;3;1;0,0
23210006655000;11;5;6;50,1
23210006658000;2;1;1;0,0
23210006663000;7;6;1;36,0
23210006664000;1;1;0;0,0
23210006668000;2;1;1;0,0
23210006679000;13;8;5;54,5
23210006680000;37;15;22;39,5
23210006681000;26;11;15;46,5
23210006682000;20;10;10;42,7
23210006683000;17;7;10;43,3
23210006684000;7;3;4;38,6
23210006685000;5;2;3;39,8
23210006686000;189;93;96;33,8
23210006687000;39;21;18;46,8
23210006688000;36;16;20;48,5
23210006690000;4;2;2;0,0
23210006698000;2;1;1;0,0
23210006737000;8;6;2;29,3
23210006738000;7;5;2;36,6
23210006739000;3;1;2;0,0
23210006742000;5;2;3;59,4
23210006743000;10;6;4;32,1
23210006744000;2;1;1;0,0
23210006745000;98;48;50;38,1
23210006746000;52;28;24;37,6
23210006747000;70;37;33;38,6
23210006748000;60;30;30;38,8
23210006749000;21;12;9;37,5
23210006750000;5;2;3;54,2
23210006759000;30;17;13;36,4
23210006760000;8;4;4;57,9
23210006761000;11;4;7;40,5
23210006763000;7;4;3;25,4
23210006764000;4;2;2;0,0
23210006766000;23;14;9;45,1
23210006767000;49;26;23;34,7
23210006768000;22;10;12;43,1
23210006769000;7;4;3;30,0
23210006771000;6;2;4;55,3
23210006806000;3;2;1;0,0
23210006807000;1;1;0;0,0
23210006899000;3;2;1;0,0
23210006929000;2;1;1;0,0
23210006944000;4;2;2;0,0
23210006945000;6;4;2;62,8
23210006952000;1;1;0;0,0
23210006953000;13;7;6;36,8
23210006955000;10;4;6;35,9
23210006996000;45;18;27;50,0
23210006997000;20;7;13;47,2
23210007041000;35;20;15;38,7
23210007043000;11;7;4;33,5
23210007044000;4;3;1;0,0
23210007045000;2;0;2;0,0
23210007046000;3;1;2;0,0
23210007068000;14;9;5;38,1
23210007069000;5;2;3;33,0
23210007070000;13;7;6;42,0
23210007071000;44;22;22;44,9
23210007072000;42;23;19;34,7
23210007073000;11;4;7;32,4
23210007074000;174;94;80;40,0
23210007075000;32;20;12;42,6
23210007076000;6;3;3;39,8
23210007084000;41;21;20;41,6
23210007085000;11;8;3;31,3
23210007086000;1;0;1;0,0
23210007087000;27;16;11;38,9
23210007088000;11;5;6;37,8
23210007090000;13;7;6;51,5
23210007091000;8;6;2;49,3
23210007092000;10;3;7;48,6
23210007095000;5;2;3;29,0
23210007096000;39;21;18;41,4
23210007098000;23;13;10;55,3
23210007099000;31;16;15;36,7
23210007106000;33;17;16;34,5
23210007107000;17;8;9;36,2
23210007110000;16;10;6;34,5
23210007111000;21;11;10;28,9
23210007112000;7;3;4;30,9
23210007114000;17;7;10;34,3
23210007115000;4;2;2;0,0
23210007116000;30;15;15;32,6
23210007130000;13;9;4;27,7
23210007142000;9;5;4;54,1
23210007153000;2;1;1;0,0
23210007158000;2;2;0;0,0
23210007159000;48;22;26;57,9
23210007160000;23;11;12;49,3
23210007161000;15;7;8;28,1
23210007162000;45;25;20;38,5
23210007163000;10;4;6;35,7
23210007164000;20;11;9;43,0
23210007165000;2;1;1;0,0
23210007166000;4;3;1;0,0
23210007167000;11;8;3;38,5
23210007168000;18;11;7;28,7
23210007171000;1;0;1;0,0
23210007172000;16;7;9;39,8
23210007173000;10;5;5;57,9
23210007174000;36;19;17;29,0
23210007175000;92;39;53;49,9
23210007193000;2;1;1;0,0
23210007196000;8;6;2;34,6
23210007197000;162;81;81;35,7
23210007198000;1304;651;653;42,1
23210007199000;505;258;247;35,8
23210007200000;12;6;6;47,1
23210007204000;8;5;3;43,9
23210007205000;9;6;3;30,9
23210007206000;3;2;1;0,0
23220006616000;3;2;1;0,0
23220006617000;1;1;0;0,0
23220006624000;4;2;2;0,0
23220006643000;3;2;1;0,0
23220006644000;2;1;1;0,0
23220006649000;1;1;0;0,0
23220006667000;2;1;1;0,0
23220006668000;19;8;11;57,2
23220006677000;1;1;0;0,0
23220006678000;1;1;0;0,0
23220006679000;4;4;0;0,0
23220006680000;274;144;130;35,7
23220006681000;44;21;23;32,2
23220006682000;54;30;24;37,1
23220006683000;10;4;6;37,3
23220006685000;3;3;0;0,0
23220006686000;36;18;18;41,1
23220006687000;5;2;3;54,2
23220006688000;19;11;8;42,3
23220006689000;1;1;0;0,0
23220006690000;1;1;0;0,0
23220006708000;1;1;0;0,0
23220006734000;14;8;6;48,7
23220006735000;11;4;7;38,5
23220006736000;13;7;6;55,7
23220006737000;10;7;3;56,5
23220006738000;17;6;11;45,4
23220006739000;4;2;2;0,0
23220006740000;3;1;2;0,0
23220006744000;15;7;8;41,8
23220006745000;21;10;11;50,0
23220006746000;12;7;5;29,6
23220006747000;5;4;1;25,8
23220006748000;7;5;2;34,3
23220006749000;8;6;2;34,1
23220006750000;1;0;1;0,0
23220006758000;4;2;2;0,0
23220006759000;36;16;20;42,9
23220006760000;82;31;51;57,3
23220006761000;60;35;25;48,4
23220006762000;3;1;2;0,0
23220006763000;3;1;2;0,0
23220006764000;17;8;9;30,6
23220006767000;5;3;2;54,8
23220006768000;2;1;1;0,0
23220006770000;4;2;2;0,0
23220006772000;3;2;1;0,0
23220006773000;5;2;3;60,0
23220006774000;3;2;1;0,0
23220006794000;2;1;1;0,0
23220006805000;2;1;1;0,0
23220006806000;12;7;5;53,4
23220006915000;7;4;3;50,7
23220006916000;5;2;3;18,6
23220006917000;1;0;1;0,0
23220006935000;18;11;7;50,9
23220006941000;1;1;0;0,0
23220006945000;2;1;1;0,0
23220006946000;5;1;4;41,6
23220006951000;5;2;3;46,0
23220006952000;14;6;8;36,6
23220006953000;12;5;7;35,3
23220006954000;2;1;1;0,0
23220006955000;4;2;2;0,0
23220007041000;8;3;5;28,6
23220007045000;8;4;4;34,6
23220007046000;12;6;6;42,4
23220007047000;2;2;0;0,0
23220007063000;1;0;1;0,0
23220007068000;9;6;3;48,2
23220007071000;4;2;2;0,0
23220007072000;12;6;6;39,0
23220007073000;44;21;23;34,4
23220007074000;135;67;68;39,3
23220007075000;107;58;49;35,4
23220007076000;71;39;32;37,5
23220007077000;6;5;1;32,0
23220007084000;375;196;179;37,7
23220007085000;59;26;33;37,2
23220007086000;118;51;67;31,7
23220007087000;45;24;21;34,5
23220007088000;19;9;10;46,2
23220007089000;10;5;5;43,4
23220007090000;6;3;3;60,8
23220007092000;29;17;12;29,1
23220007093000;26;15;11;37,8
23220007094000;22;13;9;43,0
23220007095000;6;3;3;60,5
23220007096000;24;11;13;33,2
23220007097000;12;5;7;39,8
23220007098000;30;16;14;47,0
23220007099000;29;19;10;41,6
23220007105000;15;6;9;46,3
23220007106000;23;11;12;37,0
23220007110000;7;3;4;37,6
23220007111000;21;9;12;44,2
23220007112000;35;19;16;41,8
23220007114000;33;17;16;44,6
23220007120000;4;3;1;0,0
23220007142000;22;12;10;40,6
23220007143000;2;1;1;0,0
23220007157000;18;7;11;42,9
23220007158000;2;0;2;0,0
23220007159000;35;17;18;39,5
23220007160000;26;13;13;32,0
23220007161000;22;11;11;40,9
23220007162000;19;9;10;38,3
23220007166000;2;1;1;0,0
23220007171000;6;3;3;33,5
23220007172000;29;14;15;29,9
23220007173000;9;6;3;40,6
23220007175000;10;5;5;51,2
23220007185000;17;12;5;33,2
23220007186000;1;0;1;0,0
23220007193000;7;4;3;44,9
23220007194000;10;8;2;38,5
23220007196000;14;6;8;40,6
23220007197000;9;6;3;23,9
23220007198000;351;161;190;42,0
23220007199000;141;74;67;41,6
23220007200000;9;4;5;30,7
23220007201000;19;10;9;37,2
23220007202000;48;24;24;38,1
23220007203000;33;17;16;38,6
23220007204000;23;9;14;42,2
23230006616000;5;2;3;34,0
23230006617000;12;6;6;51,8
23230006622000;5;3;2;37,6
23230006642000;1;1;0;0,0
23230006668000;6;3;3;35,7
23230006676000;1;1;0;0,0
23230006677000;4;3;1;0,0
23230006678000;6;2;4;26,3
23230006680000;70;35;35;38,2
23230006681000;69;33;36;48,7
23230006682000;38;19;19;42,4
23230006683000;15;8;7;34,5
23230006684000;23;15;8;48,2
23230006685000;2;1;1;0,0
23230006730000;6;2;4;47,2
23230006731000;11;8;3;51,3
23230006732000;9;5;4;47,2
23230006733000;3;1;2;0,0
23230006734000;67;31;36;43,6
23230006735000;72;39;33;43,4
23230006736000;8;7;1;48,3
23230006737000;28;14;14;47,5
23230006738000;15;8;7;38,1
23230006739000;14;9;5;35,6
23230006754000;5;4;1;50,2
23230006755000;4;2;2;0,0
23230006758000;3;1;2;0,0
23230006760000;36;13;23;40,3
23230006764000;2;1;1;0,0
23230006765000;3;2;1;0,0
23230006766000;18;10;8;34,2
23230006768000;8;6;2;34,1
23230006769000;5;3;2;50,8
23230006770000;21;11;10;37,4
23230006771000;5;3;2;67,4
23230006794000;2;1;1;0,0
23230006795000;3;1;2;0,0
23230006805000;2;2;0;0,0
23230006815000;5;3;2;64,8
23230006816000;5;2;3;35,6
23230006817000;8;4;4;67,0
23230006822000;1;1;0;0,0
23230006894000;7;5;2;45,7
23230006896000;9;5;4;35,3
23230006935000;15;8;7;40,7
23230006946000;12;6;6;36,6
23230006947000;2;2;0;0,0
23230006951000;7;2;5;44,1
23230006953000;11;5;6;32,9
23230006954000;12;8;4;42,2
23230007042000;2;1;1;0,0
23230007045000;7;4;3;44,3
23230007070000;11;8;3;28,5
23230007071000;39;23;16;30,6
23230007072000;16;10;6;50,2
23230007073000;27;12;15;33,5
23230007074000;33;20;13;43,0
23230007075000;86;42;44;33,8
23230007076000;11;7;4;38,6
23230007081000;109;59;50;33,7
23230007082000;301;145;156;36,9
23230007083000;1;1;0;0,0
23230007084000;1;0;1;0,0
23230007085000;199;95;104;39,5
23230007086000;159;80;79;36,2
23230007087000;70;38;32;38,1
23230007088000;17;9;8;38,6
23230007089000;22;10;12;38,8
23230007090000;6;3;3;36,0
23230007092000;25;11;14;40,0
23230007093000;21;12;9;46,2
23230007094000;7;4;3;30,4
23230007095000;7;2;5;42,6
23230007096000;21;12;9;30,1
23230007097000;29;14;15;38,3
23230007098000;7;3;4;45,4
23230007099000;26;12;14;34,5
23230007104000;14;8;6;37,1
23230007105000;81;40;41;32,4
23230007106000;22;10;12;39,2
23230007111000;30;18;12;34,7
23230007112000;18;14;4;40,1
23230007113000;13;7;6;31,0
23230007114000;167;84;83;36,8
23230007115000;7;2;5;45,0
23230007128000;20;10;10;34,7
23230007129000;2;1;1;0,0
23230007148000;1;0;1;0,0
23230007156000;2;1;1;0,0
23230007160000;8;3;5;32,8
23230007161000;62;29;33;33,0
23230007162000;3;2;1;0,0
23230007169000;15;8;7;49,9
23230007170000;5;2;3;26,6
23230007173000;6;4;2;36,8
23230007177000;11;4;7;52,2
23230007178000;21;10;11;49,2
23230007185000;17;11;6;45,6
23230007186000;14;6;8;43,3
23230007189000;5;3;2;24,2
23230007190000;8;3;5;52,6
23230007191000;23;9;14;39,3
23230007192000;1;1;0;0,0
23230007194000;4;1;3;0,0
23230007195000;9;5;4;35,0
23230007196000;14;7;7;42,5
23230007197000;71;35;36;35,6
23230007198000;1;1;0;0,0
23230007199000;42;18;24;35,2
23230007200000;126;66;60;35,1
23230007201000;11;5;6;42,7
23230007202000;11;6;5;25,2
23240006642000;1;1;0;0,0
23240006643000;2;1;1;0,0
23240006644000;4;3;1;0,0
23240006645000;1;1;0;0,0
23240006646000;1;1;0;0,0
23240006676000;9;3;6;52,1
23240006677000;39;23;16;33,6
23240006678000;7;3;4;28,1
23240006680000;87;45;42;40,0
23240006681000;24;14;10;37,8
23240006682000;37;20;17;45,4
23240006683000;23;13;10;44,6
23240006684000;1;1;0;0,0
23240006685000;6;2;4;44,7
23240006686000;4;2;2;0,0
23240006728000;3;2;1;0,0
23240006729000;14;8;6;31,9
23240006730000;14;5;9;58,4
23240006731000;32;16;16;50,1
23240006732000;7;3;4;46,4
23240006733000;2;1;1;0,0
23240006734000;20;9;11;43,9
23240006735000;16;8;8;57,1
23240006736000;13;5;8;36,9
23240006737000;5;2;3;69,2
23240006738000;5;1;4;35,0
23240006755000;36;21;15;46,3
23240006757000;2;1;1;0,0
23240006758000;13;7;6;44,2
23240006760000;5;4;1;32,2
23240006761000;30;18;12;43,7
23240006762000;2;1;1;0,0
23240006764000;4;2;2;0,0
23240006765000;10;6;4;42,8
23240006766000;1;0;1;0,0
23240006768000;1;1;0;0,0
23240006769000;2;1;1;0,0
23240006795000;6;4;2;42,2
23240006800000;2;1;1;0,0
23240006801000;8;5;3;64,1
23240006802000;2;1;1;0,0
23240006803000;6;3;3;15,2
23240006814000;10;5;5;42,0
23240006916000;1;1;0;0,0
23240006933000;3;2;1;0,0
23240006934000;5;2;3;30,6
23240006944000;3;1;2;0,0
23240006947000;3;2;1;0,0
23240006949000;10;6;4;39,4
23240006950000;6;2;4;43,5
23240006954000;5;2;3;32,8
23240007068000;6;4;2;43,8
23240007069000;8;5;3;52,9
23240007070000;3;3;0;0,0
23240007071000;94;43;51;33,3
23240007072000;25;13;12;37,0
23240007074000;29;15;14;34,8
23240007075000;56;27;29;33,4
23240007081000;42;18;24;38,4
23240007082000;66;33;33;27,1
23240007083000;47;23;24;38,7
23240007085000;7;4;3;44,6
23240007088000;13;8;5;42,7
23240007089000;24;11;13;36,1
23240007090000;25;12;13;31,8
23240007091000;9;4;5;44,0
23240007092000;46;25;21;40,4
23240007093000;88;41;47;52,8
23240007094000;143;74;69;36,3
23240007095000;156;83;73;37,9
23240007096000;23;16;7;35,8
23240007097000;19;9;10;40,9
23240007098000;41;19;22;44,2
23240007099000;15;9;6;43,7
23240007104000;3;2;1;0,0
23240007106000;19;8;11;43,3
23240007111000;12;7;5;34,8
23240007112000;16;11;5;34,6
23240007113000;37;24;13;41,2
23240007114000;197;91;106;44,3
23240007115000;115;53;62;37,3
23240007142000;5;4;1;42,6
23240007143000;17;7;10;45,5
23240007146000;2;1;1;0,0
23240007156000;7;4;3;43,0
23240007170000;19;11;8;46,2
23240007171000;19;9;10;50,3
23240007172000;16;9;7;52,0
23240007173000;4;2;2;0,0
23240007177000;1;1;0;0,0
23240007178000;13;7;6;54,2
23240007186000;8;4;4;34,8
23240007190000;19;11;8;39,5
23240007193000;7;4;3;49,6
23240007195000;7;3;4;47,0
23240007196000;16;11;5;41,4
23240007197000;101;54;47;39,4
23240007198000;65;34;31;40,6
23240007199000;13;8;5;46,7
23240007200000;4;1;3;0,0
23240007202000;12;7;5;35,3
23240007203000;21;8;13;31,5
23240007204000;7;4;3;53,4
23250006661000;1;1;0;0,0
23250006675000;1;1;0;0,0
23250006676000;27;14;13;37,9
23250006677000;20;10;10;51,5
23250006678000;11;6;5;66,5
23250006679000;20;11;9;42,2
23250006680000;24;11;13;48,0
23250006681000;71;38;33;34,8
23250006682000;25;12;13;39,7
23250006683000;27;14;13;46,9
23250006684000;3;2;1;0,0
23250006685000;1;1;0;0,0
23250006726000;8;3;5;55,4
23250006727000;30;17;13;44,8
23250006728000;30;14;16;33,5
23250006729000;6;5;1;53,7
23250006730000;46;23;23;44,8
23250006731000;19;13;6;27,7
23250006732000;8;3;5;56,5
23250006733000;17;10;7;37,1
23250006734000;8;4;4;56,1
23250006735000;8;3;5;36,4
23250006736000;199;103;96;42,4
23250006737000;43;21;22;33,9
23250006754000;7;2;5;43,6
23250006755000;7;3;4;49,6
23250006757000;31;16;15;34,6
23250006758000;44;26;18;31,2
23250006759000;35;20;15;52,6
23250006760000;83;37;46;50,0
23250006761000;46;23;23;47,1
23250006764000;1;0;1;0,0
23250006766000;1;1;0;0,0
23250006767000;1;1;0;0,0
23250006768000;2;2;0;0,0
23250006794000;5;3;2;51,8
23250006795000;4;2;2;0,0
23250006798000;3;2;1;0,0
23250006799000;6;2;4;25,8
23250006800000;6;3;3;37,2
23250006801000;19;9;10;31,2
23250006813000;6;3;3;56,5
23250006888000;27;15;12;44,1
23250006889000;1;0;1;0,0
23250006897000;4;1;3;0,0
23250006914000;8;4;4;28,5
23250006915000;2;1;1;0,0
23250006933000;4;2;2;0,0
23250006947000;3;2;1;0,0
23250006954000;9;6;3;51,1
23250006955000;5;4;1;61,0
23250006996000;5;2;3;41,4
23250007042000;9;4;5;39,4
23250007067000;13;8;5;34,8
23250007069000;20;10;10;31,6
23250007070000;22;10;12;34,4
23250007072000;5;4;1;35,2
23250007073000;3;2;1;0,0
23250007074000;25;12;13;43,4
23250007075000;72;39;33;37,1
23250007076000;82;46;36;39,8
23250007077000;44;33;11;38,2
23250007078000;1026;519;507;38,2
23250007079000;412;193;219;34,3
23250007080000;184;88;96;41,3
23250007081000;76;38;38;29,5
23250007082000;151;80;71;40,3
23250007083000;17;8;9;32,5
23250007085000;2;1;1;0,0
23250007086000;8;5;3;41,3
23250007088000;20;10;10;39,0
23250007089000;11;7;4;42,0
23250007090000;30;12;18;34,3
23250007091000;57;27;30;35,5
23250007092000;263;122;141;38,5
23250007093000;257;112;145;42,7
23250007094000;80;42;38;42,9
23250007095000;157;75;82;40,2
23250007096000;31;16;15;40,2
23250007097000;17;7;10;38,8
23250007099000;25;12;13;46,2
23250007100000;23;14;9;52,2
23250007105000;25;13;12;30,2
23250007107000;2;1;1;0,0
23250007111000;13;6;7;35,5
23250007112000;13;7;6;27,5
23250007113000;15;9;6;38,3
23250007114000;33;15;18;31,7
23250007115000;23;10;13;33,8
23250007116000;27;13;14;30,1
23250007127000;6;4;2;45,8
23250007143000;1;1;0;0,0
23250007144000;4;1;3;0,0
23250007145000;22;13;9;49,2
23250007146000;101;56;45;38,7
23250007155000;2;1;1;0,0
23250007166000;4;2;2;0,0
23250007168000;2;1;1;0,0
23250007171000;2;1;1;0,0
23250007172000;17;8;9;26,8
23250007173000;17;8;9;50,8
23250007174000;17;7;10;42,8
23250007175000;7;4;3;55,0
23250007185000;3;2;1;0,0
23250007190000;2;1;1;0,0
23250007192000;6;3;3;60,5
23250007193000;65;36;29;29,0
23250007194000;21;11;10;26,0
23250007195000;5;2;3;65,2
23250007196000;4;3;1;0,0
23250007197000;7;3;4;75,7
23250007198000;6;3;3;29,0
23250007203000;12;5;7;38,6
23250007204000;82;47;35;35,9
23260006648000;13;7;6;62,2
23260006649000;8;6;2;35,5
23260006674000;2;2;0;0,0
23260006675000;40;21;19;42,9
23260006676000;135;72;63;33,7
23260006677000;25;13;12;46,7
23260006678000;11;7;4;52,0
23260006679000;24;12;12;40,7
23260006680000;12;5;7;48,3
23260006681000;3;2;1;0,0
23260006682000;18;9;9;41,4
23260006683000;16;9;7;40,1
23260006695000;1;1;0;0,0
23260006726000;28;14;14;45,6
23260006727000;52;29;23;53,1
23260006728000;24;12;12;37,5
23260006729000;78;34;44;56,3
23260006730000;175;92;83;39,7
23260006731000;47;19;28;52,0
23260006732000;22;12;10;39,4
23260006733000;12;7;5;28,9
23260006734000;2;2;0;0,0
23260006735000;50;23;27;41,0
23260006736000;130;67;63;46,5
23260006737000;88;44;44;50,6
23260006738000;27;13;14;50,8
23260006739000;10;6;4;58,0
23260006740000;1;0;1;0,0
23260006755000;5;2;3;75,4
23260006756000;6;4;2;46,0
23260006757000;13;7;6;47,4
23260006758000;8;6;2;35,6
23260006759000;19;11;8;48,2
23260006760000;73;38;35;43,8
23260006761000;24;10;14;47,1
23260006762000;15;8;7;50,7
23260006763000;1;0;1;0,0
23260006765000;3;2;1;0,0
23260006766000;55;30;25;49,0
23260006767000;51;24;27;44,1
23260006768000;20;10;10;42,7
23260006769000;19;9;10;33,4
23260006770000;8;6;2;43,1
23260006771000;6;1;5;32,8
23260006794000;4;2;2;0,0
23260006800000;89;46;43;54,1
23260006801000;17;9;8;55,1
23260006807000;3;2;1;0,0
23260006808000;1;1;0;0,0
23260006812000;1;0;1;0,0
23260006813000;10;5;5;62,3
23260006844000;2;1;1;0,0
23260006845000;9;6;3;44,4
23260006856000;8;2;6;54,1
23260006857000;16;6;10;49,9
23260006887000;6;4;2;63,2
23260006890000;2;1;1;0,0
23260006932000;3;2;1;0,0
23260006944000;10;5;5;46,5
23260006945000;7;3;4;36,3
23260006946000;4;1;3;0,0
23260006947000;9;5;4;43,3
23260006955000;1;1;0;0,0
23260006996000;36;20;16;49,6
23260007069000;5;3;2;17,6
23260007070000;10;5;5;34,4
23260007071000;31;17;14;30,5
23260007072000;27;12;15;34,1
23260007073000;19;10;9;36,1
23260007074000;25;12;13;41,9
23260007075000;236;119;117;35,6
23260007076000;1067;548;519;38,4
23260007077000;441;234;207;38,9
23260007078000;1527;692;835;48,1
23260007079000;1054;529;525;36,7
23260007080000;329;157;172;39,7
23260007081000;16;9;7;38,2
23260007082000;31;17;14;35,8
23260007083000;8;6;2;42,0
23260007086000;6;2;4;51,8
23260007087000;6;3;3;41,5
23260007089000;7;5;2;39,6
23260007090000;3;0;3;0,0
23260007091000;42;25;17;46,9
23260007092000;11;6;5;39,1
23260007093000;50;22;28;44,9
23260007094000;42;22;20;34,8
23260007095000;10;4;6;41,2
23260007096000;6;4;2;20,3
23260007097000;35;18;17;43,3
23260007098000;47;23;24;37,6
23260007099000;8;4;4;38,8
23260007100000;137;65;72;34,1
23260007101000;15;7;8;48,9
23260007103000;702;327;375;45,9
23260007104000;376;191;185;33,8
23260007105000;38;20;18;36,7
23260007106000;10;6;4;31,0
23260007107000;2;1;1;0,0
23260007111000;7;4;3;40,6
23260007112000;74;37;37;36,3
23260007113000;26;14;12;33,7
23260007114000;32;20;12;33,2
23260007115000;9;5;4;22,0
23260007116000;36;21;15;28,5
23260007142000;8;4;4;22,1
23260007143000;11;5;6;33,4
23260007144000;190;100;90;38,4
23260007145000;464;231;233;39,4
23260007146000;201;105;96;31,2
23260007150000;4;1;3;0,0
23260007156000;11;5;6;47,5
23260007164000;7;3;4;46,3
23260007167000;8;3;5;28,9
23260007168000;10;6;4;49,1
23260007170000;3;1;2;0,0
23260007171000;12;7;5;50,1
23260007185000;4;3;1;0,0
23260007191000;7;4;3;36,6
23260007192000;53;25;28;34,7
23260007193000;9;5;4;35,1
23260007194000;9;6;3;20,9
23260007195000;9;5;4;43,1
23260007196000;8;4;4;59,9
23260007197000;1;1;0;0,0
23260007198000;2;1;1;0,0
23260007200000;3;2;1;0,0
23260007201000;12;8;4;52,1
23260007205000;31;18;13;28,5
23270006641000;3;2;1;0,0
23270006643000;3;2;1;0,0
23270006647000;1;0;1;0,0
23270006648000;12;7;5;48,3
23270006655000;3;2;1;0,0
23270006673000;5;4;1;61,4
23270006674000;2;1;1;0,0
23270006675000;47;22;25;37,7
23270006676000;122;63;59;41,8
23270006677000;65;32;33;36,4
23270006678000;35;15;20;35,9
23270006679000;21;11;10;41,0
23270006680000;5;3;2;50,2
23270006682000;7;5;2;51,1
23270006683000;10;5;5;43,2
23270006694000;3;2;1;0,0
23270006716000;1;1;0;0,0
23270006725000;11;7;4;55,3
23270006726000;21;11;10;39,7
23270006727000;7;2;5;59,3
23270006728000;51;20;31;41,7
23270006729000;203;78;125;58,4
23270006730000;549;255;294;46,5
23270006731000;172;90;82;45,1
23270006733000;6;3;3;48,2
23270006734000;11;3;8;43,5
23270006735000;34;17;17;41,4
23270006736000;48;26;22;35,9
23270006737000;65;31;34;42,0
23270006738000;10;5;5;43,3
23270006755000;7;3;4;27,3
23270006756000;5;3;2;44,6
23270006757000;15;7;8;54,1
23270006759000;7;3;4;32,4
23270006760000;21;10;11;38,3
23270006761000;30;16;14;44,8
23270006762000;4;2;2;0,0
23270006763000;5;2;3;41,2
23270006767000;4;2;2;0,0
23270006768000;20;13;7;43,1
23270006769000;15;9;6;28,7
23270006770000;8;5;3;50,8
23270006793000;1;0;1;0,0
23270006794000;2;1;1;0,0
23270006800000;11;5;6;42,1
23270006801000;27;11;16;47,9
23270006805000;8;4;4;66,8
23270006806000;9;5;4;41,4
23270006807000;2;1;1;0,0
23270006811000;4;2;2;0,0
23270006844000;10;5;5;30,7
23270006845000;2;1;1;0,0
23270006857000;2;2;0;0,0
23270006859000;10;4;6;65,0
23270006860000;6;2;4;39,7
23270006884000;13;7;6;40,2
23270006892000;3;1;2;0,0
23270006944000;2;1;1;0,0
23270006945000;6;4;2;37,7
23270006946000;5;2;3;44,2
23270006951000;6;3;3;65,0
23270006995000;15;7;8;53,2
23270006996000;6;1;5;17,8
23270007069000;6;3;3;43,0
23270007070000;43;17;26;41,0
23270007071000;2;1;1;0,0
23270007072000;27;13;14;40,8
23270007074000;14;9;5;44,8
23270007075000;35;16;19;39,9
23270007076000;243;122;121;38,7
23270007077000;141;80;61;35,2
23270007078000;481;218;263;54,2
23270007079000;583;291;292;41,9
23270007080000;45;24;21;40,5
23270007081000;28;12;16;40,7
23270007082000;41;24;17;34,6
23270007083000;9;5;4;48,4
23270007093000;27;17;10;36,0
23270007094000;8;5;3;42,1
23270007097000;19;11;8;31,8
23270007098000;7;3;4;38,7
23270007099000;6;4;2;22,3
23270007100000;6;4;2;36,5
23270007101000;809;392;417;40,7
23270007103000;463;242;221;39,7
23270007104000;320;158;162;43,0
23270007105000;156;77;79;41,2
23270007108000;6;5;1;53,5
23270007110000;10;6;4;45,3
23270007111000;5;3;2;52,0
23270007112000;14;7;7;49,4
23270007113000;20;10;10;35,7
23270007114000;36;17;19;33,0
23270007116000;8;3;5;21,5
23270007130000;3;1;2;0,0
23270007142000;6;4;2;41,2
23270007143000;5;3;2;38,8
23270007146000;4;2;2;0,0
23270007149000;25;12;13;38,1
23270007150000;20;9;11;41,8
23270007156000;21;10;11;30,5
23270007168000;3;1;2;0,0
23270007169000;10;7;3;56,7
23270007187000;13;7;6;40,3
23270007188000;9;4;5;45,2
23270007191000;9;3;6;56,1
23270007192000;20;11;9;46,2
23270007194000;10;7;3;28,8
23270007195000;6;4;2;37,5
23270007196000;25;14;11;39,2
23270007197000;26;17;9;27,5
23270007198000;13;7;6;31,2
23270007201000;12;5;7;50,2
23270007202000;6;3;3;40,5
23270007205000;4;1;3;0,0
23280006643000;2;2;0;0,0
23280006652000;3;2;1;0,0
23280006675000;3;2;1;0,0
23280006676000;35;16;19;40,3
23280006677000;47;21;26;42,0
23280006678000;6;2;4;68,8
23280006680000;7;4;3;46,4
23280006681000;55;29;26;36,7
23280006682000;12;6;6;39,1
23280006694000;6;3;3;40,5
23280006697000;7;3;4;41,9
23280006714000;4;3;1;0,0
23280006715000;37;18;19;43,5
23280006716000;4;3;1;0,0
23280006723000;6;4;2;37,2
23280006724000;6;4;2;39,8
23280006725000;25;13;12;47,4
23280006726000;11;5;6;36,4
23280006727000;20;11;9;35,7
23280006728000;62;32;30;36,1
23280006733000;6;3;3;48,0
23280006734000;13;5;8;40,8
23280006735000;8;3;5;53,4
23280006736000;2;1;1;0,0
23280006737000;51;25;26;38,4
23280006738000;38;20;18;44,7
23280006739000;2;1;1;0,0
23280006747000;1;0;1;0,0
23280006756000;2;1;1;0,0
23280006760000;1;1;0;0,0
23280006761000;34;15;19;29,8
23280006762000;17;6;11;47,1
23280006763000;9;6;3;46,9
23280006768000;2;1;1;0,0
23280006791000;1;1;0;0,0
23280006793000;2;2;0;0,0
23280006794000;3;1;2;0,0
23280006799000;3;2;1;0,0
23280006800000;14;7;7;46,8
23280006802000;13;5;8;47,5
23280006803000;13;6;7;39,9
23280006804000;6;2;4;70,0
23280006805000;1;1;0;0,0
23280006844000;2;1;1;0,0
23280006850000;18;9;9;56,3
23280006860000;10;7;3;43,8
23280006882000;4;2;2;0,0
23280006892000;16;10;6;32,7
23280006912000;4;1;3;0,0
23280006913000;1;1;0;0,0
23280006940000;2;2;0;0,0
23280006941000;2;1;1;0,0
23280006946000;21;14;7;52,5
23280006950000;3;2;1;0,0
23280006954000;10;4;6;33,4
23280006994000;1;1;0;0,0
23280006995000;15;8;7;69,1
23280007068000;2;1;1;0,0
23280007070000;7;4;3;43,7
23280007072000;8;4;4;27,8
23280007074000;16;10;6;38,3
23280007075000;34;20;14;39,3
23280007076000;53;27;26;36,5
23280007077000;13;8;5;31,3
23280007078000;296;146;150;34,0
23280007079000;60;30;30;44,2
23280007080000;46;22;24;38,2
23280007081000;12;6;6;35,3
23280007082000;42;25;17;25,8
23280007091000;14;8;6;44,2
23280007092000;10;4;6;42,9
23280007093000;27;16;11;42,2
23280007094000;41;22;19;32,5
23280007095000;7;4;3;26,1
23280007096000;16;6;10;41,6
23280007097000;15;6;9;31,2
23280007098000;7;4;3;61,1
23280007099000;24;12;12;36,3
23280007100000;252;127;125;41,8
23280007101000;519;265;254;35,3
23280007102000;429;194;235;60,0
23280007103000;1587;696;891;52,6
23280007104000;1277;607;670;41,4
23280007105000;790;396;394;38,3
23280007106000;175;92;83;30,4
23280007107000;14;7;7;47,7
23280007108000;39;20;19;37,0
23280007109000;7;3;4;36,0
23280007110000;8;4;4;41,3
23280007112000;20;11;9;36,7
23280007113000;9;4;5;41,6
23280007114000;12;7;5;35,4
23280007116000;10;5;5;50,2
23280007146000;3;2;1;0,0
23280007147000;2;1;1;0,0
23280007149000;8;5;3;43,1
23280007154000;92;53;39;28,2
23280007155000;8;5;3;40,3
23280007157000;3;1;2;0,0
23280007163000;10;4;6;53,9
23280007186000;3;2;1;0,0
23280007188000;10;5;5;31,3
23280007189000;5;4;1;30,0
23280007191000;30;17;13;32,4
23280007192000;4;3;1;0,0
23280007193000;6;5;1;27,7
23280007194000;16;8;8;34,2
23280007195000;9;5;4;21,0
23280007196000;8;4;4;64,3
23290006649000;3;2;1;0,0
23290006650000;3;1;2;0,0
23290006651000;4;3;1;0,0
23290006652000;4;2;2;0,0
23290006653000;1;1;0;0,0
23290006677000;5;3;2;64,2
23290006678000;18;11;7;51,7
23290006679000;30;15;15;50,8
23290006680000;13;6;7;40,9
23290006681000;3;2;1;0,0
23290006693000;4;2;2;0,0
23290006714000;1;1;0;0,0
23290006715000;21;11;10;49,0
23290006716000;4;3;1;0,0
23290006717000;3;2;1;0,0
23290006718000;1;1;0;0,0
23290006721000;33;13;20;39,9
23290006722000;12;6;6;26,3
23290006723000;9;5;4;70,0
23290006725000;1;1;0;0,0
23290006726000;8;4;4;26,6
23290006731000;2;2;0;0,0
23290006732000;2;1;1;0,0
23290006733000;13;7;6;40,4
23290006734000;23;12;11;40,5
23290006735000;8;4;4;49,6
23290006736000;13;6;7;39,9
23290006737000;51;28;23;35,9
23290006738000;42;25;17;43,4
23290006739000;13;8;5;40,0
23290006760000;4;2;2;0,0
23290006761000;39;22;17;41,8
23290006762000;19;10;9;46,9
23290006769000;8;4;4;33,1
23290006791000;4;1;3;0,0
23290006792000;10;4;6;49,3
23290006793000;6;3;3;58,3
23290006797000;3;3;0;0,0
23290006798000;1;1;0;0,0
23290006799000;5;3;2;42,8
23290006841000;12;6;6;54,3
23290006842000;2;1;1;0,0
23290006843000;2;1;1;0,0
23290006850000;4;2;2;0,0
23290006860000;1;1;0;0,0
23290006865000;1;1;0;0,0
23290006866000;12;5;7;45,6
23290006909000;3;2;1;0,0
23290006912000;7;3;4;40,3
23290006940000;5;3;2;50,0
23290006945000;8;5;3;48,6
23290006952000;1;1;0;0,0
23290006954000;6;4;2;36,3
23290006994000;43;21;22;33,5
23290006995000;28;12;16;51,3
23290007070000;34;19;15;38,3
23290007071000;10;6;4;39,6
23290007075000;15;8;7;36,1
23290007076000;9;5;4;61,8
23290007077000;8;1;7;30,5
23290007078000;43;17;26;39,0
23290007079000;58;32;26;36,7
23290007080000;246;129;117;25,3
23290007081000;18;10;8;51,9
23290007082000;9;4;5;48,1
23290007089000;2;1;1;0,0
23290007090000;13;8;5;31,9
23290007091000;8;5;3;30,5
23290007092000;3;2;1;0,0
23290007093000;18;7;11;24,7
23290007094000;5;3;2;50,0
23290007095000;15;9;6;28,1
23290007097000;19;6;13;34,2
23290007098000;12;5;7;46,8
23290007100000;51;24;27;36,2
23290007101000;21;12;9;42,8
23290007102000;888;449;439;45,0
23290007103000;1739;816;923;39,5
23290007104000;320;159;161;33,5
23290007105000;56;31;25;34,1
23290007108000;38;20;18;43,5
23290007109000;35;17;18;42,4
23290007110000;22;10;12;23,0
23290007112000;7;4;3;28,7
23290007113000;11;8;3;35,1
23290007117000;19;10;9;27,3
23290007154000;616;316;300;29,7
23290007155000;4;2;2;0,0
23290007156000;6;4;2;43,5
23290007157000;20;12;8;49,9
23290007158000;7;3;4;28,9
23290007162000;12;4;8;49,2
23290007168000;5;2;3;59,4
23290007169000;2;1;1;0,0
23290007170000;2;2;0;0,0
23290007178000;4;1;3;0,0
23290007179000;2;1;1;0,0
23290007180000;4;2;2;0,0
23290007187000;3;2;1;0,0
23290007188000;8;4;4;32,4
23290007189000;34;18;16;27,8
23290007190000;20;9;11;46,9
23290007191000;17;6;11;32,5
23290007193000;13;8;5;41,9
23290007194000;3;2;1;0,0
23290007195000;2;1;1;0,0
23290007196000;7;4;3;23,1
23290007198000;4;1;3;0,0
23290007203000;3;2;1;0,0
23300006646000;2;1;1;0,0
23300006647000;5;4;1;60,2
23300006650000;6;3;3;35,7
23300006651000;5;2;3;38,4
23300006652000;3;1;2;0,0
23300006653000;7;5;2;63,9
23300006675000;9;4;5;43,7
23300006677000;4;3;1;0,0
23300006678000;1;0;1;0,0
23300006679000;15;7;8;35,7
23300006680000;3;2;1;0,0
23300006681000;2;1;1;0,0
23300006693000;1;1;0;0,0
23300006694000;12;7;5;47,7
23300006713000;3;2;1;0,0
23300006714000;12;4;8;29,3
23300006715000;43;25;18;45,1
23300006716000;38;20;18;44,9
23300006717000;31;17;14;38,8
23300006718000;7;3;4;20,4
23300006719000;8;5;3;42,3
23300006720000;7;2;5;60,3
23300006721000;25;15;10;37,6
23300006722000;21;12;9;45,7
23300006724000;2;1;1;0,0
23300006731000;13;3;10;33,8
23300006732000;12;6;6;30,1
23300006733000;29;17;12;41,8
23300006734000;30;16;14;40,2
23300006735000;10;4;6;63,6
23300006736000;44;25;19;40,0
23300006737000;12;8;4;39,0
23300006738000;12;6;6;41,1
23300006739000;16;7;9;38,8
23300006759000;4;2;2;0,0
23300006760000;22;10;12;47,7
23300006761000;6;4;2;61,0
23300006762000;5;3;2;19,4
23300006769000;9;5;4;41,0
23300006770000;4;2;2;0,0
23300006790000;3;2;1;0,0
23300006791000;10;4;6;51,1
23300006800000;4;2;2;0,0
23300006841000;2;1;1;0,0
23300006859000;5;1;4;52,4
23300006860000;2;1;1;0,0
23300006908000;4;2;2;0,0
23300006909000;13;9;4;53,5
23300006910000;19;7;12;45,3
23300006911000;6;3;3;39,8
23300006912000;20;10;10;43,7
23300006913000;6;3;3;54,7
23300006940000;4;2;2;0,0
23300006944000;3;2;1;0,0
23300006945000;5;4;1;36,4
23300006952000;6;4;2;58,8
23300006954000;10;5;5;33,8
23300006955000;5;2;3;23,8
23300006994000;44;20;24;48,2
23300006995000;28;13;15;41,9
23300007039000;19;10;9;65,3
23300007040000;2;1;1;0,0
23300007075000;67;35;32;34,7
23300007076000;9;4;5;38,1
23300007077000;25;15;10;39,0
23300007078000;109;53;56;35,3
23300007079000;21;9;12;49,0
23300007080000;533;278;255;32,7
23300007081000;6;4;2;43,8
23300007082000;3;1;2;0,0
23300007090000;1;1;0;0,0
23300007091000;22;10;12;35,4
23300007092000;4;2;2;0,0
23300007093000;15;10;5;33,6
23300007094000;14;8;6;40,4
23300007095000;32;19;13;37,0
23300007096000;10;5;5;41,4
23300007098000;36;18;18;44,2
23300007099000;9;3;6;52,6
23300007101000;18;11;7;33,4
23300007102000;14;7;7;45,2
23300007103000;317;160;157;40,5
23300007104000;28;18;10;31,9
23300007105000;13;9;4;31,7
23300007109000;18;9;9;45,5
23300007110000;15;7;8;39,9
23300007111000;10;6;4;50,8
23300007113000;14;6;8;58,3
23300007117000;8;4;4;23,1
23300007118000;6;1;5;18,8
23300007146000;24;12;12;35,7
23300007147000;98;49;49;33,3
23300007148000;72;35;37;36,7
23300007149000;55;30;25;31,9
23300007150000;17;10;7;43,9
23300007152000;18;10;8;32,2
23300007153000;909;412;497;44,9
23300007154000;1007;522;485;35,7
23300007155000;13;6;7;50,8
23300007156000;32;17;15;29,0
23300007157000;11;5;6;44,5
23300007158000;16;7;9;24,3
23300007159000;25;10;15;35,0
23300007162000;5;3;2;47,8
23300007165000;5;1;4;38,2
23300007178000;33;22;11;41,3
23300007179000;22;13;9;40,7
23300007180000;33;15;18;36,3
23300007190000;24;15;9;53,5
23300007191000;8;4;4;22,1
23300007192000;10;4;6;31,3
23300007195000;2;1;1;0,0
23300007196000;3;3;0;0,0
23300007197000;11;8;3;34,2
23300007198000;4;2;2;0,0
23300007199000;8;3;5;42,0
23300007200000;3;2;1;0,0
23310006644000;11;7;4;33,2
23310006645000;32;23;9;39,0
23310006646000;21;9;12;46,2
23310006647000;136;67;69;36,7
23310006648000;19;7;12;41,9
23310006649000;23;13;10;35,0
23310006650000;10;6;4;31,4
23310006651000;5;3;2;70,2
23310006653000;3;1;2;0,0
23310006672000;2;1;1;0,0
23310006675000;3;1;2;0,0
23310006676000;94;52;42;26,0
23310006677000;26;15;11;52,1
23310006678000;41;22;19;44,0
23310006679000;13;6;7;37,9
23310006693000;9;5;4;42,3
23310006694000;43;21;22;43,0
23310006695000;7;4;3;57,0
23310006696000;7;5;2;39,1
23310006697000;5;2;3;48,8
23310006705000;3;1;2;0,0
23310006709000;6;4;2;38,5
23310006710000;4;3;1;0,0
23310006711000;11;5;6;51,4
23310006712000;22;11;11;41,4
23310006713000;13;8;5;30,8
23310006714000;4;3;1;0,0
23310006715000;10;4;6;56,7
23310006716000;46;26;20;44,0
23310006717000;3;2;1;0,0
23310006719000;42;21;21;31,0
23310006720000;20;11;9;42,6
23310006721000;16;8;8;58,9
23310006722000;15;8;7;32,3
23310006723000;6;3;3;57,3
23310006724000;3;2;1;0,0
23310006725000;2;1;1;0,0
23310006727000;18;7;11;39,5
23310006728000;1;0;1;0,0
23310006730000;12;9;3;31,0
23310006731000;10;5;5;42,6
23310006732000;13;8;5;34,8
23310006733000;41;22;19;41,7
23310006734000;32;16;16;43,2
23310006735000;65;39;26;47,0
23310006736000;15;7;8;44,1
23310006752000;1;1;0;0,0
23310006759000;9;4;5;63,0
23310006760000;8;4;4;42,9
23310006767000;2;1;1;0,0
23310006772000;5;4;1;33,6
23310006786000;2;1;1;0,0
23310006787000;20;12;8;33,9
23310006788000;1;1;0;0,0
23310006794000;6;3;3;40,8
23310006795000;1;0;1;0,0
23310006800000;1;1;0;0,0
23310006802000;2;0;2;0,0
23310006840000;3;1;2;0,0
23310006868000;1;0;1;0,0
23310006905000;12;7;5;47,3
23310006908000;1;1;0;0,0
23310006909000;4;2;2;0,0
23310006910000;3;2;1;0,0
23310006911000;8;2;6;45,5
23310006993000;9;4;5;55,9
23310006994000;85;44;41;46,4
23310006995000;135;69;66;43,2
23310007039000;37;21;16;42,2
23310007074000;31;17;14;34,6
23310007075000;28;16;12;40,2
23310007076000;35;14;21;37,7
23310007077000;23;10;13;33,0
23310007078000;33;14;19;32,2
23310007079000;79;37;42;43,6
23310007080000;120;64;56;36,7
23310007082000;14;8;6;38,6
23310007083000;1;1;0;0,0
23310007090000;8;6;2;40,5
23310007091000;10;7;3;49,0
23310007092000;53;28;25;39,7
23310007093000;6;4;2;27,2
23310007094000;10;5;5;34,2
23310007095000;2;1;1;0,0
23310007097000;15;9;6;25,8
23310007098000;3;2;1;0,0
23310007102000;6;3;3;61,5
23310007103000;82;46;36;35,0
23310007104000;359;176;183;36,0
23310007105000;371;194;177;36,6
23310007106000;44;21;23;31,5
23310007112000;25;12;13;35,1
23310007113000;57;28;29;36,3
23310007114000;27;12;15;35,4
23310007118000;14;7;7;34,6
23310007144000;23;11;12;36,1
23310007145000;12;8;4;48,3
23310007147000;2;1;1;0,0
23310007148000;36;20;16;41,8
23310007149000;27;15;12;53,1
23310007150000;143;76;67;43,1
23310007151000;117;63;54;43,3
23310007153000;976;448;528;47,7
23310007154000;881;414;467;37,3
23310007156000;17;11;6;46,8
23310007158000;28;13;15;30,0
23310007159000;35;19;16;32,6
23310007179000;2;1;1;0,0
23310007189000;3;0;3;0,0
23310007190000;1;0;1;0,0
23310007191000;36;18;18;51,7
23310007192000;26;11;15;43,5
23310007193000;5;1;4;26,8
23310007196000;10;7;3;21,6
23310007197000;3;3;0;0,0
23310007199000;1;0;1;0,0
23310007204000;11;8;3;16,2
23310007205000;11;7;4;43,1
23310007206000;4;1;3;0,0
23310007207000;3;2;1;0,0
23320006646000;5;2;3;37,0
23320006647000;35;19;16;42,8
23320006648000;54;27;27;43,0
23320006649000;13;3;10;30,7
23320006650000;11;4;7;37,0
23320006651000;2;1;1;0,0
23320006652000;7;3;4;48,0
23320006653000;2;1;1;0,0
23320006665000;4;3;1;0,0
23320006669000;2;1;1;0,0
23320006675000;485;215;270;37,6
23320006676000;651;309;342;36,7
23320006677000;806;362;444;45,5
23320006678000;868;405;463;39,4
23320006682000;6;3;3;56,2
23320006688000;5;3;2;26,0
23320006693000;46;25;21;43,9
23320006694000;36;22;14;49,6
23320006695000;9;5;4;46,8
23320006705000;6;2;4;66,2
23320006706000;17;9;8;40,8
23320006707000;6;3;3;40,7
23320006708000;14;6;8;55,4
23320006709000;33;19;14;44,7
23320006710000;10;6;4;41,6
23320006711000;14;8;6;41,6
23320006712000;1;1;0;0,0
23320006713000;1;0;1;0,0
23320006714000;1;1;0;0,0
23320006715000;1;1;0;0,0
23320006716000;8;5;3;50,4
23320006717000;2;1;1;0,0
23320006719000;13;10;3;20,5
23320006720000;22;12;10;49,6
23320006721000;6;3;3;54,5
23320006722000;5;3;2;15,2
23320006723000;9;4;5;36,2
23320006724000;13;6;7;46,5
23320006725000;14;7;7;57,2
23320006726000;1;1;0;0,0
23320006727000;5;4;1;47,4
23320006728000;1;1;0;0,0
23320006729000;14;7;7;44,8
23320006730000;6;4;2;53,2
23320006731000;18;13;5;51,0
23320006732000;26;16;10;33,5
23320006733000;28;16;12;29,6
23320006734000;48;23;25;45,3
23320006735000;11;8;3;42,6
23320006757000;4;2;2;0,0
23320006758000;5;4;1;27,0
23320006759000;6;3;3;22,8
23320006771000;1;1;0;0,0
23320006772000;5;3;2;32,8
23320006784000;5;2;3;38,8
23320006785000;3;3;0;0,0
23320006788000;18;10;8;44,2
23320006791000;3;1;2;0,0
23320006792000;7;5;2;62,7
23320006793000;4;2;2;0,0
23320006804000;6;2;4;69,5
23320006839000;1;0;1;0,0
23320006861000;1;1;0;0,0
23320006895000;6;3;3;36,7
23320006903000;2;1;1;0,0
23320006904000;3;1;2;0,0
23320006944000;3;2;1;0,0
23320006945000;11;6;5;54,6
23320006949000;1;1;0;0,0
23320006954000;1;0;1;0,0
23320006955000;2;1;1;0,0
23320006989000;16;10;6;50,5
23320006990000;7;3;4;43,0
23320006992000;6;3;3;37,2
23320006993000;52;26;26;33,4
23320006994000;75;37;38;44,3
23320006995000;13;7;6;32,5
23320007039000;19;10;9;57,2
23320007074000;49;26;23;37,7
23320007076000;34;20;14;47,9
23320007077000;95;41;54;38,6
23320007078000;19;10;9;38,0
23320007079000;40;20;20;38,5
23320007080000;5;3;2;33,8
23320007084000;31;17;14;35,2
23320007085000;2;1;1;0,0
23320007088000;14;8;6;35,1
23320007091000;6;3;3;29,8
23320007092000;32;20;12;45,3
23320007093000;12;7;5;38,3
23320007095000;30;15;15;32,4
23320007096000;6;3;3;28,2
23320007097000;30;15;15;30,9
23320007101000;15;8;7;37,8
23320007102000;5;2;3;64,0
23320007103000;14;9;5;32,5
23320007104000;15;9;6;30,1
23320007106000;28;14;14;43,7
23320007107000;1;1;0;0,0
23320007112000;5;2;3;31,0
23320007113000;46;21;25;39,3
23320007114000;12;7;5;23,5
23320007118000;3;1;2;0,0
23320007139000;9;4;5;41,2
23320007140000;39;20;19;43,2
23320007141000;42;22;20;39,4
23320007144000;2;1;1;0,0
23320007145000;3;1;2;0,0
23320007148000;21;9;12;39,5
23320007150000;321;166;155;35,1
23320007151000;241;123;118;36,5
23320007152000;15;9;6;43,8
23320007153000;636;285;351;41,8
23320007154000;1230;574;656;38,2
23320007155000;24;11;13;36,0
23320007158000;31;16;15;28,5
23320007159000;56;31;25;32,6
23320007160000;12;6;6;33,6
23320007161000;8;3;5;26,5
23320007191000;31;17;14;38,4
23320007192000;9;5;4;32,2
23320007205000;48;27;21;48,3
23320007207000;14;7;7;42,0
23320007208000;3;1;2;0,0
23330006645000;6;3;3;16,2
23330006646000;9;4;5;51,2
23330006647000;16;9;7;44,1
23330006648000;4;2;2;0,0
23330006649000;23;11;12;39,4
23330006652000;2;1;1;0,0
23330006662000;9;4;5;45,9
23330006663000;3;2;1;0,0
23330006669000;6;2;4;47,0
23330006674000;3;2;1;0,0
23330006675000;1069;540;529;41,8
23330006676000;898;431;467;45,7
23330006677000;1496;682;814;47,6
23330006678000;1;0;1;0,0
23330006681000;4;2;2;0,0
23330006682000;13;7;6;34,5
23330006684000;7;4;3;60,7
23330006685000;6;3;3;30,7
23330006686000;14;7;7;52,4
23330006687000;7;3;4;35,0
23330006688000;25;13;12;44,8
23330006689000;4;2;2;0,0
23330006690000;16;12;4;35,9
23330006691000;7;4;3;44,0
23330006692000;20;8;12;35,0
23330006693000;54;28;26;38,9
23330006694000;25;14;11;37,8
23330006697000;2;1;1;0,0
23330006698000;7;4;3;41,6
23330006704000;2;0;2;0,0
23330006705000;25;15;10;48,0
23330006706000;26;12;14;51,8
23330006707000;8;4;4;56,4
23330006708000;11;5;6;43,1
23330006709000;6;4;2;56,0
23330006710000;32;17;15;26,3
23330006713000;31;16;15;40,1
23330006714000;18;10;8;52,5
23330006715000;11;5;6;34,4
23330006717000;25;12;13;36,5
23330006719000;4;3;1;0,0
23330006720000;34;15;19;40,0
23330006721000;21;9;12;53,8
23330006722000;12;6;6;46,2
23330006723000;3;2;1;0,0
23330006724000;16;8;8;35,4
23330006725000;3;1;2;0,0
23330006729000;13;6;7;38,6
23330006730000;10;5;5;51,0
23330006731000;4;2;2;0,0
23330006732000;43;30;13;48,3
23330006733000;17;6;11;44,1
23330006734000;2;1;1;0,0
23330006757000;4;2;2;0,0
23330006758000;2;1;1;0,0
23330006771000;2;1;1;0,0
23330006772000;2;1;1;0,0
23330006783000;2;1;1;0,0
23330006786000;1;1;0;0,0
23330006787000;4;2;2;0,0
23330006791000;1;1;0;0,0
23330006792000;2;1;1;0,0
23330006794000;2;1;1;0,0
23330006812000;4;2;2;0,0
23330006860000;3;2;1;0,0
23330006861000;4;2;2;0,0
23330006870000;5;3;2;56,0
23330006903000;13;6;7;33,3
23330006930000;17;8;9;38,2
23330006945000;9;6;3;44,0
23330006946000;4;2;2;0,0
23330006947000;3;2;1;0,0
23330006948000;1;1;0;0,0
23330006954000;31;9;22;34,5
23330006955000;10;4;6;34,4
23330006956000;13;5;8;49,4
23330006957000;3;1;2;0,0
23330007038000;5;2;3;59,0
23330007039000;29;15;14;41,4
23330007074000;252;138;114;38,3
23330007075000;39;21;18;39,9
23330007076000;15;7;8;40,9
23330007077000;33;17;16;34,7
23330007078000;34;16;18;51,6
23330007079000;23;12;11;54,6
23330007080000;8;3;5;25,0
23330007081000;3;1;2;0,0
23330007086000;16;5;11;29,3
23330007087000;4;3;1;0,0
23330007088000;2;1;1;0,0
23330007089000;15;10;5;29,5
23330007090000;7;3;4;58,0
23330007091000;13;7;6;41,4
23330007092000;33;22;11;40,1
23330007093000;8;4;4;49,8
23330007094000;12;6;6;49,5
23330007095000;30;17;13;39,2
23330007096000;49;24;25;32,8
23330007097000;28;16;12;40,2
23330007100000;13;5;8;37,3
23330007101000;16;9;7;46,5
23330007102000;4;2;2;0,0
23330007103000;5;4;1;47,8
23330007105000;6;2;4;36,2
23330007106000;19;11;8;37,1
23330007107000;16;9;7;52,6
23330007112000;22;12;10;33,4
23330007113000;29;12;17;27,4
23330007114000;42;37;5;35,6
23330007115000;13;7;6;32,2
23330007118000;4;3;1;0,0
23330007119000;2;1;1;0,0
23330007138000;26;14;12;33,5
23330007139000;47;25;22;32,1
23330007140000;25;14;11;30,6
23330007151000;115;57;58;42,7
23330007152000;268;147;121;38,5
23330007153000;97;43;54;37,7
23330007154000;1049;547;502;36,5
23330007155000;452;219;233;38,0
23330007159000;29;14;15;41,1
23330007160000;35;15;20;32,2
23330007162000;14;8;6;23,3
23330007163000;5;3;2;67,8
23330007191000;13;5;8;31,5
23330007192000;8;5;3;41,6
23330007193000;6;3;3;40,8
23330007195000;1;1;0;0,0
23330007196000;11;6;5;48,6
23330007204000;2;1;1;0,0
23330007205000;17;5;12;27,1
23330007206000;45;24;21;48,2
23340006645000;8;4;4;57,0
23340006646000;2;1;1;0,0
23340006650000;27;14;13;44,8
23340006652000;17;10;7;38,6
23340006653000;7;2;5;34,6
23340006658000;9;4;5;59,4
23340006662000;4;0;4;0,0
23340006664000;15;7;8;31,3
23340006666000;11;7;4;40,0
23340006668000;4;2;2;0,0
23340006669000;18;10;8;35,7
23340006670000;10;5;5;52,6
23340006671000;1;0;1;0,0
23340006672000;6;4;2;34,2
23340006673000;24;14;10;52,7
23340006674000;388;200;188;38,5
23340006675000;1105;518;587;45,0
23340006676000;702;337;365;41,1
23340006677000;676;323;353;40,1
23340006678000;62;29;33;39,0
23340006679000;14;8;6;39,9
23340006682000;15;8;7;47,1
23340006684000;5;3;2;58,4
23340006685000;18;12;6;29,8
23340006686000;37;19;18;47,2
23340006687000;10;5;5;51,3
23340006688000;24;10;14;43,2
23340006689000;31;11;20;36,2
23340006690000;44;25;19;43,1
23340006691000;27;10;17;48,5
23340006692000;15;9;6;42,3
23340006693000;29;13;16;42,9
23340006694000;10;4;6;53,2
23340006695000;8;4;4;35,3
23340006696000;1;0;1;0,0
23340006697000;3;2;1;0,0
23340006698000;32;15;17;45,4
23340006699000;11;8;3;35,4
23340006700000;7;3;4;29,6
23340006701000;11;5;6;52,5
23340006702000;16;6;10;49,9
23340006703000;8;4;4;38,1
23340006704000;1;1;0;0,0
23340006705000;2;1;1;0,0
23340006706000;5;2;3;55,2
23340006707000;13;4;9;49,8
23340006708000;14;7;7;57,9
23340006709000;42;22;20;43,4
23340006712000;5;3;2;53,0
23340006713000;26;15;11;43,5
23340006714000;52;23;29;43,6
23340006715000;25;14;11;43,3
23340006716000;41;21;20;49,3
23340006717000;69;34;35;49,4
23340006718000;12;6;6;55,3
23340006719000;31;13;18;45,2
23340006720000;49;25;24;38,7
23340006721000;73;40;33;43,5
23340006722000;49;24;25;46,9
23340006723000;33;17;16;47,9
23340006724000;17;8;9;45,1
23340006729000;8;5;3;32,6
23340006730000;15;11;4;47,7
23340006732000;34;17;17;52,2
23340006733000;4;1;3;0,0
23340006756000;4;3;1;0,0
23340006757000;2;2;0;0,0
23340006769000;1;1;0;0,0
23340006772000;9;4;5;57,1
23340006785000;4;2;2;0,0
23340006786000;2;1;1;0,0
23340006791000;2;1;1;0,0
23340006792000;3;2;1;0,0
23340006793000;1;1;0;0,0
23340006808000;7;4;3;40,3
23340006812000;7;3;4;30,0
23340006860000;3;1;2;0,0
23340006943000;3;1;2;0,0
23340006947000;9;5;4;50,4
23340006952000;8;4;4;42,6
23340006954000;19;12;7;30,3
23340006955000;14;9;5;36,4
23340007038000;49;25;24;45,3
23340007039000;32;18;14;36,8
23340007070000;7;4;3;34,0
23340007074000;29;13;16;39,1
23340007075000;9;6;3;33,4
23340007076000;20;13;7;42,1
23340007077000;15;10;5;31,3
23340007078000;29;17;12;43,9
23340007080000;18;12;6;34,3
23340007081000;46;22;24;40,2
23340007082000;17;10;7;40,5
23340007083000;14;7;7;32,6
23340007084000;10;6;4;36,6
23340007085000;11;6;5;55,1
23340007086000;13;7;6;31,2
23340007087000;6;4;2;49,8
23340007090000;1;1;0;0,0
23340007091000;6;4;2;45,3
23340007092000;6;4;2;59,3
23340007093000;20;11;9;37,4
23340007094000;15;9;6;31,1
23340007095000;16;9;7;38,9
23340007096000;50;23;27;38,1
23340007097000;14;7;7;43,3
23340007098000;9;3;6;38,6
23340007099000;14;5;9;39,9
23340007100000;5;4;1;27,2
23340007101000;16;12;4;31,5
23340007103000;4;3;1;0,0
23340007104000;5;3;2;35,0
23340007106000;11;4;7;38,6
23340007107000;12;8;4;40,9
23340007108000;4;2;2;0,0
23340007109000;12;5;7;34,1
23340007111000;9;5;4;42,4
23340007114000;23;11;12;33,3
23340007115000;33;19;14;33,9
23340007151000;17;9;8;40,0
23340007152000;144;70;74;36,0
23340007153000;74;38;36;39,7
23340007154000;89;44;45;32,9
23340007155000;167;81;86;32,9
23340007158000;25;15;10;26,4
23340007159000;25;14;11;31,4
23340007160000;47;23;24;33,8
23340007161000;7;4;3;48,9
23340007162000;17;8;9;34,5
23340007182000;6;3;3;27,2
23340007183000;12;7;5;52,3
23340007190000;2;1;1;0,0
23340007191000;11;5;6;38,3
23340007192000;18;9;9;51,2
23340007193000;21;10;11;45,0
23340007195000;14;8;6;34,6
23340007196000;22;12;10;41,0
23340007203000;3;2;1;0,0
23340007204000;4;2;2;0,0
23340007205000;23;11;12;37,8
23340007206000;5;3;2;48,4
23340007207000;2;2;0;0,0
23350006647000;5;1;4;27,6
23350006648000;2;2;0;0,0
23350006649000;18;8;10;36,8
23350006650000;45;21;24;34,8
23350006651000;38;16;22;50,6
23350006652000;44;24;20;50,1
23350006653000;8;4;4;44,6
23350006654000;28;17;11;48,2
23350006655000;17;9;8;30,9
23350006656000;10;4;6;41,3
23350006657000;25;13;12;37,4
23350006658000;2;1;1;0,0
23350006659000;1;0;1;0,0
23350006660000;2;1;1;0,0
23350006666000;2;1;1;0,0
23350006667000;5;2;3;43,2
23350006668000;13;6;7;44,6
23350006669000;11;4;7;43,4
23350006671000;14;6;8;30,1
23350006673000;331;157;174;36,4
23350006674000;1073;490;583;39,3
23350006675000;898;424;474;38,7
23350006676000;8;3;5;39,6
23350006677000;14;7;7;83,9
23350006678000;3;1;2;0,0
23350006679000;9;5;4;31,2
23350006680000;23;12;11;45,4
23350006681000;15;10;5;41,6
23350006682000;38;22;16;46,3
23350006683000;7;3;4;43,9
23350006684000;13;6;7;32,1
23350006685000;33;18;15;38,0
23350006686000;29;16;13;56,3
23350006687000;2;1;1;0,0
23350006689000;3;1;2;0,0
23350006690000;205;100;105;37,7
23350006691000;13;6;7;35,1
23350006692000;14;9;5;34,4
23350006693000;24;13;11;45,0
23350006694000;9;6;3;46,0
23350006695000;31;16;15;38,1
23350006696000;9;5;4;52,9
23350006697000;13;8;5;34,6
23350006698000;11;6;5;63,1
23350006699000;15;9;6;45,5
23350006700000;4;2;2;0,0
23350006701000;34;18;16;40,1
23350006702000;26;14;12;43,1
23350006703000;3;2;1;0,0
23350006704000;11;6;5;58,8
23350006705000;8;5;3;61,0
23350006706000;15;8;7;39,1
23350006707000;113;52;61;41,4
23350006708000;17;11;6;48,2
23350006709000;13;7;6;57,9
23350006710000;1;1;0;0,0
23350006712000;8;4;4;49,4
23350006713000;13;6;7;37,4
23350006714000;63;29;34;49,6
23350006715000;9;5;4;44,7
23350006716000;31;17;14;49,6
23350006717000;11;5;6;48,5
23350006718000;34;17;17;38,2
23350006719000;8;3;5;48,8
23350006720000;41;22;19;47,5
23350006721000;27;14;13;45,1
23350006722000;5;3;2;34,0
23350006723000;88;44;44;38,0
23350006724000;22;13;9;42,2
23350006730000;6;4;2;53,5
23350006732000;41;21;20;56,1
23350006743000;2;1;1;0,0
23350006753000;2;1;1;0,0
23350006756000;13;7;6;31,9
23350006773000;2;1;1;0,0
23350006780000;9;5;4;33,7
23350006781000;8;4;4;35,6
23350006782000;2;1;1;0,0
23350006783000;10;5;5;42,1
23350006784000;7;3;4;54,4
23350006785000;8;5;3;48,8
23350006790000;3;1;2;0,0
23350006791000;2;1;1;0,0
23350006792000;1;1;0;0,0
23350006808000;4;2;2;0,0
23350006809000;7;2;5;25,6
23350006812000;3;2;1;0,0
23350006814000;2;1;1;0,0
23350006820000;1;1;0;0,0
23350006821000;3;2;1;0,0
23350006870000;1;0;1;0,0
23350006944000;2;1;1;0,0
23350006948000;10;6;4;34,0
23350006953000;1;1;0;0,0
23350006985000;1;0;1;0,0
23350006986000;1;0;1;0,0
23350007031000;8;5;3;32,3
23350007032000;13;6;7;45,5
23350007033000;15;8;7;37,9
23350007034000;5;1;4;26,2
23350007035000;7;2;5;35,7
23350007037000;13;6;7;40,5
23350007038000;140;71;69;41,7
23350007039000;19;10;9;56,8
23350007072000;2;1;1;0,0
23350007074000;19;7;12;29,4
23350007076000;29;15;14;37,0
23350007077000;68;34;34;41,1
23350007078000;22;13;9;42,3
23350007079000;24;13;11;29,7
23350007080000;60;33;27;35,9
23350007081000;41;22;19;36,8
23350007082000;24;12;12;36,4
23350007083000;115;64;51;35,7
23350007084000;61;32;29;36,8
23350007085000;2;1;1;0,0
23350007095000;19;10;9;47,1
23350007096000;5;3;2;42,4
23350007098000;19;10;9;33,9
23350007099000;8;4;4;44,8
23350007101000;17;9;8;31,7
23350007102000;15;7;8;31,8
23350007103000;20;10;10;37,7
23350007104000;36;24;12;35,2
23350007106000;5;3;2;58,4
23350007107000;12;7;5;36,2
23350007109000;6;3;3;52,2
23350007110000;89;48;41;33,3
23350007111000;2;1;1;0,0
23350007115000;29;18;11;44,9
23350007119000;5;2;3;37,4
23350007153000;19;10;9;45,3
23350007154000;24;12;12;41,9
23350007157000;9;4;5;33,1
23350007161000;29;13;16;37,8
23350007162000;10;4;6;48,4
23350007185000;5;3;2;70,8
23350007191000;7;5;2;48,9
23350007192000;15;7;8;44,1
23350007193000;3;2;1;0,0
23350007195000;4;1;3;0,0
23350007196000;21;9;12;38,7
23350007197000;14;9;5;36,9
23350007200000;4;1;3;0,0
23350007202000;3;1;2;0,0
23350007203000;5;3;2;65,6
23350007204000;12;7;5;41,3
23360006646000;2;1;1;0,0
23360006647000;6;4;2;26,8
23360006648000;6;2;4;35,3
23360006649000;11;6;5;46,1
23360006650000;12;6;6;47,3
23360006651000;32;19;13;43,8
23360006652000;108;55;53;38,1
23360006653000;152;80;72;38,8
23360006654000;12;5;7;42,6
23360006655000;10;3;7;41,5
23360006656000;5;4;1;36,4
23360006662000;3;2;1;0,0
23360006664000;5;3;2;50,0
23360006666000;8;5;3;54,1
23360006667000;18;10;8;40,9
23360006668000;10;6;4;36,6
23360006669000;10;5;5;39,9
23360006670000;28;15;13;34,2
23360006671000;79;43;36;36,7
23360006672000;21;9;12;47,4
23360006675000;1;1;0;0,0
23360006676000;13;7;6;48,3
23360006677000;45;26;19;35,2
23360006678000;38;20;18;39,4
23360006679000;6;3;3;42,2
23360006681000;6;3;3;57,8
23360006682000;417;207;210;38,1
23360006683000;146;69;77;49,8
23360006684000;17;9;8;44,9
23360006685000;8;5;3;47,9
23360006686000;31;17;14;32,3
23360006687000;5;3;2;44,0
23360006688000;14;8;6;29,1
23360006690000;6;3;3;32,7
23360006692000;5;3;2;50,2
23360006693000;11;6;5;52,7
23360006696000;6;4;2;70,8
23360006697000;9;5;4;37,0
23360006698000;10;5;5;42,6
23360006699000;3;1;2;0,0
23360006700000;37;18;19;43,1
23360006701000;50;26;24;46,7
23360006702000;5;2;3;52,6
23360006703000;9;6;3;37,8
23360006704000;17;10;7;47,8
23360006705000;17;7;10;45,3
23360006706000;34;17;17;34,9
23360006707000;9;5;4;50,2
23360006708000;7;4;3;70,1
23360006709000;16;7;9;49,8
23360006713000;26;15;11;45,0
23360006714000;28;16;12;43,2
23360006715000;8;6;2;62,1
23360006716000;99;49;50;41,0
23360006717000;76;23;53;63,9
23360006718000;18;10;8;41,7
23360006720000;13;5;8;51,5
23360006721000;42;25;17;33,8
23360006722000;458;228;230;44,9
23360006723000;590;255;335;57,4
23360006724000;336;166;170;40,5
23360006725000;37;18;19;38,8
23360006728000;8;3;5;57,1
23360006729000;18;10;8;45,9
23360006731000;13;9;4;37,8
23360006732000;39;22;17;40,4
23360006733000;2;2;0;0,0
23360006753000;8;3;5;69,6
23360006755000;5;3;2;81,8
23360006756000;1;1;0;0,0
23360006775000;2;1;1;0,0
23360006778000;3;1;2;0,0
23360006779000;2;1;1;0,0
23360006780000;18;7;11;47,7
23360006781000;4;3;1;0,0
23360006782000;7;2;5;46,6
23360006783000;2;1;1;0,0
23360006804000;6;4;2;21,2
23360006806000;8;4;4;41,3
23360006807000;3;0;3;0,0
23360006808000;1;1;0;0,0
23360006811000;2;1;1;0,0
23360006812000;1;0;1;0,0
23360006819000;5;2;3;25,2
23360006820000;18;6;12;49,1
23360006821000;3;2;1;0,0
23360006870000;2;2;0;0,0
23360006942000;3;2;1;0,0
23360006943000;7;3;4;50,1
23360006944000;1;1;0;0,0
23360006951000;6;3;3;65,0
23360006953000;15;10;5;41,1
23360006958000;2;2;0;0,0
23360006982000;1;1;0;0,0
23360006984000;2;2;0;0,0
23360007032000;9;4;5;42,2
23360007033000;9;6;3;46,3
23360007034000;124;58;66;40,8
23360007035000;59;26;33;41,1
23360007036000;41;22;19;36,1
23360007037000;101;45;56;44,0
23360007038000;9;3;6;45,8
23360007072000;4;3;1;0,0
23360007073000;5;2;3;62,2
23360007074000;19;10;9;35,1
23360007075000;21;7;14;36,5
23360007076000;50;29;21;37,5
23360007077000;24;12;12;33,0
23360007078000;43;21;22;36,5
23360007079000;38;18;20;31,4
23360007080000;27;17;10;36,6
23360007081000;24;13;11;40,2
23360007082000;11;5;6;23,8
23360007083000;15;9;6;43,5
23360007084000;6;4;2;61,5
23360007097000;14;8;6;40,4
23360007098000;5;2;3;16,8
23360007099000;16;9;7;30,6
23360007100000;11;6;5;49,3
23360007101000;15;7;8;52,3
23360007103000;4;2;2;0,0
23360007104000;119;61;58;35,6
23360007105000;21;12;9;35,3
23360007106000;9;5;4;37,1
23360007107000;6;4;2;39,7
23360007108000;9;6;3;38,1
23360007109000;1;1;0;0,0
23360007110000;155;85;70;39,5
23360007111000;4;2;2;0,0
23360007112000;14;9;5;34,8
23360007115000;33;21;12;27,7
23360007116000;10;5;5;39,4
23360007133000;1;1;0;0,0
23360007153000;15;8;7;33,3
23360007154000;4;3;1;0,0
23360007157000;2;1;1;0,0
23360007162000;4;2;2;0,0
23360007184000;5;2;3;50,6
23360007192000;23;12;11;36,4
23360007193000;2;1;1;0,0
23360007196000;12;6;6;53,1
23360007197000;25;10;15;36,0
23360007202000;3;2;1;0,0
23360007204000;7;4;3;35,3
23370006643000;2;2;0;0,0
23370006645000;2;2;0;0,0
23370006646000;7;4;3;46,1
23370006647000;13;5;8;37,8
23370006648000;2;1;1;0,0
23370006652000;73;34;39;34,6
23370006653000;45;24;21;43,6
23370006654000;29;14;15;36,9
23370006655000;61;35;26;42,6
23370006656000;23;9;14;39,5
23370006657000;8;3;5;48,6
23370006658000;11;7;4;36,4
23370006659000;15;7;8;36,6
23370006661000;1;0;1;0,0
23370006663000;4;2;2;0,0
23370006664000;3;2;1;0,0
23370006665000;9;4;5;44,6
23370006669000;58;28;30;43,2
23370006670000;36;20;16;40,3
23370006671000;5;1;4;53,6
23370006672000;10;5;5;41,6
23370006673000;27;13;14;41,5
23370006674000;9;6;3;39,2
23370006675000;13;6;7;43,8
23370006676000;12;8;4;45,3
23370006678000;5;2;3;56,8
23370006680000;2;1;1;0,0
23370006682000;31;15;16;32,7
23370006683000;206;109;97;41,1
23370006684000;36;18;18;38,0
23370006685000;16;9;7;45,6
23370006686000;3;2;1;0,0
23370006688000;9;5;4;30,6
23370006689000;13;7;6;52,5
23370006690000;8;3;5;65,9
23370006693000;38;21;17;46,2
23370006694000;39;19;20;37,7
23370006695000;15;7;8;38,1
23370006696000;8;3;5;33,3
23370006697000;2;1;1;0,0
23370006698000;13;6;7;40,8
23370006699000;86;48;38;41,2
23370006700000;156;74;82;35,9
23370006701000;4;2;2;0,0
23370006702000;33;18;15;44,4
23370006703000;12;7;5;41,3
23370006704000;23;13;10;42,5
23370006705000;58;29;29;43,4
23370006706000;112;50;62;42,4
23370006707000;24;12;12;50,2
23370006708000;4;1;3;0,0
23370006709000;26;16;10;41,2
23370006710000;1;0;1;0,0
23370006711000;5;3;2;58,6
23370006712000;10;5;5;40,9
23370006714000;7;3;4;41,7
23370006716000;9;4;5;40,1
23370006717000;12;9;3;36,3
23370006718000;15;8;7;31,4
23370006719000;83;40;43;39,5
23370006721000;20;10;10;35,2
23370006722000;22;8;14;42,9
23370006723000;176;89;87;43,0
23370006724000;67;29;38;43,1
23370006725000;61;30;31;43,8
23370006726000;149;74;75;48,2
23370006727000;141;68;73;41,0
23370006728000;76;34;42;44,1
23370006729000;11;5;6;41,8
23370006730000;25;14;11;40,7
23370006731000;18;10;8;44,1
23370006733000;3;2;1;0,0
23370006753000;4;3;1;0,0
23370006755000;1;1;0;0,0
23370006756000;2;1;1;0,0
23370006758000;1;1;0;0,0
23370006776000;3;2;1;0,0
23370006778000;44;25;19;54,3
23370006779000;8;4;4;64,3
23370006780000;25;12;13;47,2
23370006781000;10;7;3;58,6
23370006788000;2;2;0;0,0
23370006804000;7;2;5;38,7
23370006806000;10;5;5;43,3
23370006807000;21;8;13;47,7
23370006808000;55;27;28;36,0
23370006812000;11;6;5;33,2
23370006813000;1;1;0;0,0
23370006819000;4;2;2;0,0
23370006820000;5;1;4;17,8
23370006833000;2;1;1;0,0
23370006854000;6;4;2;54,0
23370006855000;5;3;2;56,6
23370006856000;13;4;9;40,2
23370006857000;13;7;6;42,1
23370006858000;5;2;3;48,8
23370006869000;2;1;1;0,0
23370006903000;8;5;3;49,6
23370006926000;11;6;5;39,9
23370006941000;37;19;18;41,6
23370006942000;4;2;2;0,0
23370006945000;6;4;2;24,5
23370006950000;5;3;2;49,8
23370006951000;1;1;0;0,0
23370006953000;1;0;1;0,0
23370006981000;4;3;1;0,0
23370007034000;86;45;41;41,9
23370007035000;278;128;150;49,7
23370007036000;419;204;215;37,7
23370007037000;63;32;31;40,8
23370007038000;18;10;8;41,9
23370007073000;29;15;14;36,0
23370007074000;2;2;0;0,0
23370007075000;31;17;14;37,1
23370007076000;16;6;10;30,3
23370007077000;3;3;0;0,0
23370007083000;7;5;2;52,1
23370007084000;9;4;5;47,0
23370007100000;31;16;15;40,8
23370007102000;20;10;10;44,9
23370007103000;10;4;6;44,3
23370007104000;106;57;49;33,9
23370007105000;13;5;8;39,6
23370007107000;6;4;2;48,3
23370007108000;11;5;6;56,6
23370007109000;30;14;16;40,2
23370007110000;12;7;5;30,8
23370007111000;16;6;10;48,1
23370007112000;11;7;4;38,1
23370007113000;8;4;4;43,6
23370007115000;14;5;9;46,3
23370007116000;12;7;5;53,5
23370007117000;4;3;1;0,0
23370007119000;10;5;5;36,1
23370007156000;7;4;3;37,3
23370007165000;1;1;0;0,0
23370007166000;4;1;3;0,0
23370007186000;12;7;5;38,4
23370007193000;46;24;22;34,2
23370007196000;11;6;5;40,9
23370007197000;9;5;4;35,3
23370007198000;9;4;5;43,9
23370007200000;7;3;4;30,1
23370007202000;1;1;0;0,0
23370007204000;10;5;5;39,6
23370007218000;3;2;1;0,0
23370007219000;2;1;1;0,0
23370007221000;2;1;1;0,0
23380006643000;4;2;2;0,0
23380006650000;1;1;0;0,0
23380006651000;16;7;9;27,3
23380006652000;118;61;57;39,5
23380006653000;25;14;11;41,8
23380006654000;40;21;19;26,1
23380006655000;22;14;8;46,2
23380006656000;34;19;15;34,9
23380006657000;28;12;16;30,2
23380006658000;1;1;0;0,0
23380006662000;2;1;1;0,0
23380006663000;2;0;2;0,0
23380006667000;10;7;3;42,7
23380006668000;20;11;9;24,9
23380006669000;94;43;51;39,9
23380006670000;38;21;17;41,1
23380006674000;7;5;2;68,1
23380006675000;1;1;0;0,0
23380006676000;3;1;2;0,0
23380006678000;7;3;4;68,3
23380006679000;5;3;2;62,4
23380006680000;19;10;9;44,7
23380006681000;30;13;17;35,7
23380006682000;25;12;13;39,8
23380006683000;74;41;33;39,4
23380006684000;22;11;11;33,9
23380006685000;10;5;5;45,2
23380006686000;10;7;3;54,1
23380006687000;8;2;6;49,9
23380006688000;21;9;12;39,1
23380006689000;5;3;2;74,8
23380006690000;5;3;2;55,2
23380006691000;7;4;3;48,7
23380006692000;24;10;14;38,8
23380006693000;3;3;0;0,0
23380006698000;32;15;17;58,6
23380006699000;7;4;3;57,9
23380006700000;13;7;6;75,3
23380006702000;33;19;14;37,9
23380006703000;12;7;5;50,3
23380006704000;379;178;201;43,1
23380006705000;375;168;207;43,9
23380006706000;303;146;157;43,3
23380006707000;53;25;28;52,3
23380006708000;1;0;1;0,0
23380006710000;17;7;10;45,1
23380006711000;18;9;9;36,2
23380006712000;29;19;10;48,1
23380006713000;31;15;16;42,5
23380006714000;24;11;13;37,3
23380006715000;29;11;18;47,2
23380006716000;6;4;2;29,8
23380006717000;24;14;10;43,5
23380006718000;72;34;38;42,6
23380006719000;116;51;65;39,7
23380006720000;27;13;14;46,1
23380006721000;35;18;17;33,5
23380006722000;79;44;35;45,1
23380006723000;173;87;86;33,6
23380006724000;21;14;7;34,2
23380006725000;67;36;31;38,0
23380006726000;82;42;40;39,3
23380006727000;169;77;92;42,3
23380006728000;116;58;58;41,4
23380006729000;39;16;23;50,0
23380006730000;5;2;3;49,0
23380006748000;4;2;2;0,0
23380006774000;2;1;1;0,0
23380006778000;1;1;0;0,0
23380006794000;14;7;7;41,9
23380006807000;11;5;6;51,5
23380006808000;3;1;2;0,0
23380006811000;5;1;4;29,0
23380006851000;2;0;2;0,0
23380006852000;14;10;4;48,2
23380006869000;9;5;4;56,6
23380006924000;1;1;0;0,0
23380006941000;11;5;6;38,8
23380006945000;2;1;1;0,0
23380006949000;3;1;2;0,0
23380006950000;24;12;12;33,5
23380006953000;3;2;1;0,0
23380007034000;45;21;24;44,1
23380007035000;49;26;23;48,4
23380007036000;215;108;107;40,7
23380007037000;72;34;38;46,2
23380007072000;17;9;8;37,2
23380007073000;36;17;19;38,7
23380007074000;3;1;2;0,0
23380007075000;44;22;22;28,8
23380007076000;42;29;13;34,0
23380007077000;2;1;1;0,0
23380007082000;2;1;1;0,0
23380007083000;14;8;6;44,0
23380007084000;10;6;4;25,2
23380007100000;1;0;1;0,0
23380007103000;3;2;1;0,0
23380007105000;9;6;3;41,2
23380007107000;18;10;8;32,0
23380007108000;7;5;2;23,7
23380007109000;21;13;8;33,1
23380007110000;25;15;10;34,8
23380007111000;2;1;1;0,0
23380007112000;10;6;4;54,5
23380007113000;12;7;5;35,7
23380007114000;5;4;1;27,6
23380007115000;5;3;2;57,8
23380007116000;34;17;17;28,9
23380007117000;11;7;4;32,5
23380007155000;3;2;1;0,0
23380007166000;26;14;12;42,8
23380007167000;11;6;5;44,9
23380007186000;32;15;17;44,4
23380007193000;12;8;4;58,3
23380007196000;118;57;61;32,1
23380007197000;502;260;242;41,0
23380007198000;103;42;61;29,3
23380007200000;2;1;1;0,0
23380007202000;4;4;0;0,0
23380007203000;1;1;0;0,0
23380007218000;5;4;1;46,2
23380007219000;25;13;12;57,9
23380007221000;4;2;2;0,0
23390006644000;1;1;0;0,0
23390006649000;4;2;2;0,0
23390006650000;53;31;22;39,4
23390006651000;42;22;20;41,6
23390006652000;166;81;85;44,3
23390006653000;608;230;378;54,9
23390006654000;48;21;27;36,6
23390006655000;58;26;32;38,5
23390006656000;32;19;13;36,4
23390006657000;110;50;60;37,3
23390006658000;63;25;38;36,6
23390006659000;9;2;7;54,2
23390006660000;16;8;8;33,2
23390006661000;24;15;9;33,7
23390006662000;23;13;10;41,7
23390006663000;8;6;2;55,5
23390006664000;3;2;1;0,0
23390006665000;3;1;2;0,0
23390006666000;21;13;8;35,4
23390006667000;84;47;37;43,4
23390006668000;40;20;20;55,0
23390006669000;15;6;9;37,3
23390006674000;15;9;6;31,6
23390006675000;16;9;7;46,9
23390006676000;10;4;6;52,5
23390006677000;9;6;3;63,9
23390006678000;19;10;9;49,1
23390006679000;13;5;8;35,1
23390006680000;9;6;3;50,7
23390006681000;18;10;8;51,8
23390006682000;45;25;20;40,8
23390006683000;5;2;3;58,0
23390006685000;39;23;16;41,8
23390006686000;16;9;7;39,9
23390006689000;11;5;6;39,2
23390006690000;4;2;2;0,0
23390006698000;24;13;11;48,6
23390006699000;19;11;8;49,6
23390006700000;39;20;19;40,3
23390006701000;31;16;15;41,2
23390006702000;18;11;7;42,8
23390006704000;135;44;91;77,6
23390006705000;25;10;15;44,5
23390006706000;8;3;5;36,5
23390006707000;28;14;14;54,8
23390006708000;54;29;25;35,8
23390006709000;119;57;62;47,4
23390006710000;191;89;102;41,3
23390006711000;78;38;40;45,1
23390006712000;8;4;4;61,1
23390006713000;15;8;7;50,6
23390006714000;20;12;8;34,3
23390006715000;49;25;24;35,9
23390006716000;85;42;43;43,8
23390006717000;55;26;29;40,6
23390006718000;27;13;14;44,4
23390006719000;28;21;7;41,9
23390006720000;27;16;11;40,2
23390006721000;10;4;6;44,2
23390006722000;5;2;3;55,8
23390006723000;6;4;2;38,8
23390006724000;2;2;0;0,0
23390006725000;33;13;20;39,4
23390006726000;41;17;24;40,8
23390006727000;11;4;7;58,2
23390006728000;129;49;80;52,8
23390006729000;7;4;3;31,6
23390006748000;2;1;1;0,0
23390006751000;6;4;2;49,8
23390006752000;7;3;4;51,6
23390006793000;3;1;2;0,0
23390006794000;3;2;1;0,0
23390006795000;11;6;5;34,9
23390006802000;1;1;0;0,0
23390006803000;2;2;0;0,0
23390006808000;1;0;1;0,0
23390006809000;7;4;3;44,9
23390006847000;3;0;3;0,0
23390006849000;4;2;2;0,0
23390006850000;76;36;40;43,7
23390006851000;76;38;38;41,3
23390006859000;6;3;3;66,3
23390006860000;8;3;5;41,9
23390006874000;22;14;8;44,4
23390006875000;6;3;3;41,2
23390006949000;2;1;1;0,0
23390006950000;109;56;53;47,2
23390006951000;12;9;3;49,7
23390006952000;11;5;6;59,5
23390006953000;3;2;1;0,0
23390006982000;6;3;3;53,0
23390007019000;1;1;0;0,0
23390007020000;7;4;3;45,7
23390007021000;4;2;2;0,0
23390007032000;16;8;8;49,8
23390007033000;79;42;37;45,8
23390007034000;34;19;15;42,3
23390007037000;4;2;2;0,0
23390007038000;3;1;2;0,0
23390007070000;11;6;5;38,4
23390007071000;30;13;17;46,0
23390007072000;50;25;25;34,9
23390007074000;4;2;2;0,0
23390007075000;31;15;16;44,4
23390007076000;147;73;74;45,9
23390007077000;5;3;2;21,0
23390007103000;9;5;4;42,4
23390007104000;1;1;0;0,0
23390007105000;16;9;7;42,9
23390007108000;2;1;1;0,0
23390007109000;12;7;5;20,3
23390007110000;71;45;26;33,9
23390007111000;149;74;75;48,2
23390007113000;5;2;3;41,8
23390007116000;41;21;20;38,0
23390007117000;27;14;13;39,4
23390007118000;8;4;4;23,6
23390007119000;3;1;2;0,0
23390007120000;1;1;0;0,0
23390007152000;15;7;8;40,3
23390007154000;21;12;9;48,0
23390007155000;48;27;21;35,8
23390007156000;6;4;2;45,2
23390007166000;6;3;3;60,3
23390007184000;1;1;0;0,0
23390007186000;10;7;3;36,7
23390007191000;6;4;2;41,5
23390007192000;5;2;3;42,6
23390007193000;29;13;16;37,2
23390007196000;57;26;31;31,0
23390007197000;761;336;425;45,2
23390007198000;84;47;37;38,4
23390007203000;13;5;8;22,5
23390007204000;2;1;1;0,0
23390007218000;2;1;1;0,0
23390007221000;11;6;5;36,3
23390007222000;4;1;3;0,0
23390007223000;12;6;6;37,7
23400006647000;9;3;6;37,9
23400006648000;28;16;12;38,8
23400006649000;6;3;3;34,7
23400006650000;48;31;17;41,3
23400006651000;28;15;13;35,1
23400006652000;483;225;258;42,6
23400006653000;72;39;33;42,5
23400006654000;10;5;5;33,5
23400006655000;14;6;8;31,0
23400006656000;37;22;15;33,2
23400006657000;16;9;7;44,0
23400006658000;25;14;11;57,8
23400006659000;41;20;21;36,7
23400006660000;4;2;2;0,0
23400006661000;17;10;7;31,3
23400006663000;6;3;3;38,3
23400006664000;5;2;3;35,6
23400006665000;2;1;1;0,0
23400006666000;19;9;10;32,4
23400006667000;7;6;1;39,9
23400006679000;5;2;3;41,2
23400006681000;4;2;2;0,0
23400006682000;1;0;1;0,0
23400006683000;7;6;1;28,0
23400006684000;81;39;42;45,1
23400006685000;85;38;47;44,0
23400006686000;114;53;61;43,2
23400006687000;43;21;22;36,2
23400006699000;3;2;1;0,0
23400006701000;10;7;3;53,9
23400006702000;15;8;7;41,0
23400006703000;104;53;51;42,1
23400006704000;72;35;37;40,6
23400006705000;206;109;97;42,2
23400006706000;3;2;1;0,0
23400006708000;1;1;0;0,0
23400006709000;11;4;7;53,1
23400006710000;73;40;33;37,8
23400006711000;11;5;6;74,1
23400006712000;11;5;6;36,0
23400006713000;16;9;7;30,4
23400006714000;17;8;9;42,7
23400006715000;19;10;9;35,2
23400006716000;36;20;16;53,1
23400006717000;4;3;1;0,0
23400006719000;8;6;2;37,0
23400006720000;49;24;25;44,3
23400006721000;67;33;34;46,3
23400006725000;3;2;1;0,0
23400006726000;6;1;5;35,0
23400006727000;23;12;11;45,4
23400006728000;166;87;79;42,5
23400006729000;45;23;22;46,7
23400006746000;1;1;0;0,0
23400006748000;15;7;8;59,1
23400006749000;1;1;0;0,0
23400006750000;4;3;1;0,0
23400006751000;5;4;1;53,0
23400006783000;2;1;1;0,0
23400006792000;8;4;4;59,5
23400006793000;9;5;4;61,8
23400006794000;45;24;21;36,6
23400006809000;2;0;2;0,0
23400006819000;1;1;0;0,0
23400006843000;4;2;2;0,0
23400006844000;10;5;5;45,0
23400006845000;1;1;0;0,0
23400006847000;3;1;2;0,0
23400006848000;14;5;9;42,4
23400006849000;14;7;7;49,6
23400006854000;1;0;1;0,0
23400006874000;3;1;2;0,0
23400006875000;1;0;1;0,0
23400006895000;13;6;7;65,5
23400006896000;25;11;14;45,5
23400006912000;2;1;1;0,0
23400006949000;14;8;6;46,1
23400006950000;46;26;20;38,9
23400006951000;2;1;1;0,0
23400006952000;4;2;2;0,0
23400006955000;6;4;2;38,3
23400006977000;7;4;3;39,4
23400006981000;1;0;1;0,0
23400006982000;1;0;1;0,0
23400007022000;2;1;1;0,0
23400007030000;2;1;1;0,0
23400007032000;13;6;7;34,8
23400007033000;42;25;17;46,9
23400007034000;5;3;2;52,0
23400007070000;9;5;4;37,1
23400007071000;64;36;28;33,8
23400007072000;56;29;27;41,3
23400007074000;11;6;5;28,4
23400007075000;15;8;7;40,3
23400007076000;37;22;15;39,8
23400007077000;17;8;9;39,6
23400007079000;3;2;1;0,0
23400007101000;2;1;1;0,0
23400007102000;24;14;10;37,6
23400007106000;9;5;4;46,4
23400007108000;17;6;11;35,6
23400007109000;14;11;3;46,9
23400007110000;24;15;9;33,0
23400007111000;6;2;4;17,8
23400007112000;53;23;30;40,9
23400007113000;24;11;13;29,9
23400007114000;44;19;25;29,7
23400007116000;24;13;11;41,0
23400007120000;3;2;1;0,0
23400007152000;4;3;1;0,0
23400007153000;1;1;0;0,0
23400007155000;16;9;7;42,2
23400007165000;1;1;0;0,0
23400007166000;5;2;3;20,6
23400007187000;3;2;1;0,0
23400007192000;9;7;2;42,2
23400007196000;4;2;2;0,0
23400007197000;11;7;4;44,1
23400007199000;8;5;3;40,0
23400007205000;27;15;12;32,4
23400007210000;6;3;3;52,5
23400007211000;12;8;4;39,5
23400007217000;6;4;2;48,3
23400007218000;31;16;15;57,6
23400007219000;8;5;3;54,5
23400007223000;1;1;0;0,0
23410006643000;2;1;1;0,0
23410006645000;7;5;2;65,3
23410006646000;4;3;1;0,0
23410006647000;35;19;16;45,3
23410006648000;40;20;20;42,2
23410006649000;2;1;1;0,0
23410006650000;22;9;13;43,9
23410006651000;28;12;16;54,4
23410006652000;31;16;15;44,2
23410006653000;23;12;11;49,6
23410006660000;19;10;9;35,0
23410006661000;20;10;10;32,6
23410006662000;11;5;6;41,3
23410006663000;5;2;3;41,0
23410006664000;12;7;5;46,9
23410006665000;5;3;2;73,6
23410006666000;19;12;7;43,7
23410006668000;2;1;1;0,0
23410006673000;13;9;4;38,5
23410006676000;4;2;2;0,0
23410006680000;4;2;2;0,0
23410006683000;30;16;14;34,6
23410006684000;36;19;17;45,5
23410006685000;43;20;23;40,8
23410006686000;24;12;12;33,5
23410006702000;27;13;14;50,5
23410006703000;23;14;9;54,0
23410006704000;6;3;3;57,3
23410006710000;30;15;15;54,3
23410006711000;8;3;5;65,4
23410006712000;8;5;3;46,4
23410006714000;3;2;1;0,0
23410006716000;12;9;3;44,6
23410006721000;13;8;5;57,4
23410006725000;5;3;2;43,4
23410006726000;13;7;6;49,0
23410006727000;15;6;9;30,9
23410006728000;11;6;5;45,8
23410006729000;73;39;34;50,6
23410006730000;42;19;23;46,0
23410006731000;29;16;13;40,5
23410006732000;22;13;9;42,7
23410006745000;2;1;1;0,0
23410006772000;3;1;2;0,0
23410006779000;17;8;9;52,6
23410006783000;1;1;0;0,0
23410006789000;1;1;0;0,0
23410006791000;23;14;9;47,9
23410006792000;5;1;4;18,4
23410006793000;10;5;5;36,2
23410006794000;42;22;20;40,7
23410006810000;7;4;3;48,6
23410006812000;4;2;2;0,0
23410006813000;1;1;0;0,0
23410006815000;2;1;1;0,0
23410006817000;16;8;8;52,6
23410006840000;3;1;2;0,0
23410006841000;73;38;35;38,8
23410006842000;6;4;2;47,8
23410006860000;7;3;4;42,9
23410006874000;3;1;2;0,0
23410006896000;19;12;7;35,4
23410006977000;10;6;4;43,6
23410006978000;10;5;5;44,2
23410006979000;5;2;3;37,0
23410006980000;6;4;2;59,0
23410007022000;14;5;9;40,6
23410007023000;2;2;0;0,0
23410007024000;3;2;1;0,0
23410007025000;5;4;1;47,0
23410007033000;14;8;6;51,3
23410007034000;18;8;10;43,9
23410007070000;38;25;13;29,3
23410007071000;9;4;5;32,0
23410007072000;3;2;1;0,0
23410007074000;14;8;6;24,1
23410007075000;10;6;4;25,8
23410007076000;11;6;5;41,2
23410007102000;15;7;8;50,0
23410007106000;5;4;1;24,0
23410007107000;22;12;10;49,0
23410007108000;5;1;4;41,8
23410007109000;1;1;0;0,0
23410007110000;13;9;4;30,1
23410007111000;35;19;16;27,9
23410007112000;14;7;7;41,9
23410007113000;36;16;20;35,8
23410007114000;3;1;2;0,0
23410007115000;8;5;3;32,8
23410007116000;63;28;35;61,0
23410007117000;6;4;2;41,0
23410007152000;4;2;2;0,0
23410007153000;4;2;2;0,0
23410007154000;2;1;1;0,0
23410007155000;14;7;7;44,1
23410007156000;4;2;2;0,0
23410007167000;4;1;3;0,0
23410007196000;2;2;0;0,0
23410007197000;1;1;0;0,0
23410007198000;7;3;4;38,3
23410007199000;4;3;1;0,0
23410007204000;8;3;5;33,6
23410007205000;3;2;1;0,0
23410007219000;14;7;7;26,8
23410007224000;1;0;1;0,0
23420006646000;8;4;4;47,9
23420006647000;20;9;11;39,7
23420006648000;86;39;47;40,0
23420006649000;77;38;39;35,4
23420006650000;13;5;8;35,8
23420006651000;16;9;7;36,2
23420006652000;25;12;13;42,7
23420006653000;23;12;11;44,6
23420006654000;8;4;4;51,6
23420006662000;3;1;2;0,0
23420006663000;15;7;8;36,4
23420006664000;1;0;1;0,0
23420006670000;7;4;3;34,1
23420006671000;3;3;0;0,0
23420006683000;2;2;0;0,0
23420006685000;17;11;6;38,1
23420006686000;5;2;3;31,2
23420006710000;40;22;18;45,8
23420006721000;2;1;1;0,0
23420006726000;3;2;1;0,0
23420006727000;14;8;6;50,4
23420006730000;8;5;3;39,6
23420006778000;1;1;0;0,0
23420006779000;22;12;10;37,4
23420006780000;28;18;10;35,6
23420006781000;4;2;2;0,0
23420006782000;14;5;9;36,8
23420006783000;3;1;2;0,0
23420006809000;7;3;4;32,3
23420006811000;5;3;2;68,2
23420006812000;11;6;5;40,0
23420006814000;8;4;4;35,1
23420006815000;4;2;2;0,0
23420006817000;15;9;6;37,4
23420006832000;5;2;3;15,2
23420006834000;2;1;1;0,0
23420006835000;9;4;5;42,9
23420006836000;25;13;12;43,3
23420006837000;56;28;28;41,8
23420006838000;10;6;4;43,3
23420006839000;2;1;1;0,0
23420006859000;1;1;0;0,0
23420006860000;38;20;18;42,8
23420006861000;3;1;2;0,0
23420006866000;41;21;20;39,7
23420006911000;2;1;1;0,0
23420006977000;8;5;3;24,5
23420006978000;12;5;7;56,5
23420006979000;18;8;10;51,3
23420006980000;7;2;5;34,3
23420007022000;14;6;8;26,6
23420007024000;10;6;4;25,2
23420007032000;5;3;2;35,2
23420007033000;140;64;76;40,5
23420007070000;6;4;2;51,8
23420007074000;15;8;7;46,1
23420007075000;6;3;3;33,0
23420007076000;18;10;8;38,5
23420007077000;39;20;19;32,7
23420007078000;8;4;4;35,3
23420007079000;10;6;4;35,1
23420007103000;18;8;10;43,3
23420007110000;3;2;1;0,0
23420007111000;5;4;1;46,8
23420007112000;13;8;5;33,4
23420007113000;5;3;2;44,8
23420007114000;29;13;16;32,5
23420007117000;33;17;16;38,4
23420007118000;6;4;2;52,8
23420007121000;6;3;3;38,0
23420007152000;1;1;0;0,0
23420007154000;2;2;0;0,0
23420007197000;2;1;1;0,0
23420007199000;3;1;2;0,0
23420007201000;2;1;1;0,0
23420007205000;2;2;0;0,0
23420007207000;9;4;5;61,2
23420007208000;3;2;1;0,0
23420007212000;11;5;6;27,5
23420007213000;2;0;2;0,0
23420007217000;1;1;0;0,0
23420007218000;2;1;1;0,0
23420007224000;1;0;1;0,0
23430006646000;4;3;1;0,0
23430006647000;49;22;27;45,4
23430006648000;341;161;180;46,5
23430006649000;372;178;194;44,8
23430006650000;33;17;16;49,4
23430006651000;10;6;4;31,1
23430006653000;12;7;5;41,5
23430006655000;2;1;1;0,0
23430006664000;1;0;1;0,0
23430006672000;4;2;2;0,0
23430006686000;10;5;5;47,0
23430006729000;1;1;0;0,0
23430006730000;31;17;14;55,9
23430006776000;14;8;6;46,9
23430006777000;9;5;4;56,6
23430006778000;2;1;1;0,0
23430006780000;19;7;12;52,1
23430006781000;61;26;35;44,5
23430006782000;27;14;13;43,5
23430006793000;2;1;1;0,0
23430006809000;2;1;1;0,0
23430006810000;3;1;2;0,0
23430006811000;21;13;8;46,7
23430006812000;20;12;8;55,6
23430006814000;4;2;2;0,0
23430006815000;5;3;2;33,0
23430006830000;4;2;2;0,0
23430006834000;8;6;2;19,3
23430006860000;21;12;9;41,6
23430006861000;27;13;14;33,9
23430006863000;15;7;8;50,9
23430006864000;87;38;49;49,7
23430006865000;61;33;28;41,6
23430006866000;16;8;8;45,5
23430007034000;1;0;1;0,0
23430007077000;24;14;10;29,7
23430007078000;61;30;31;41,1
23430007079000;17;10;7;39,0
23430007113000;5;3;2;43,6
23430007114000;5;4;1;66,8
23430007115000;3;2;1;0,0
23430007117000;3;1;2;0,0
23430007118000;13;6;7;40,4
23430007119000;3;2;1;0,0
23430007120000;5;2;3;21,4
23430007121000;2;1;1;0,0
23430007151000;2;1;1;0,0
23430007152000;27;15;12;33,9
23430007153000;243;110;133;35,1
23430007154000;20;12;8;40,9
23430007160000;3;2;1;0,0
23430007166000;2;1;1;0,0
23430007191000;10;5;5;44,3
23430007197000;1;1;0;0,0
23430007212000;12;7;5;34,3
23430007218000;1;0;1;0,0
23430007219000;7;4;3;40,0
23430007220000;28;17;11;39,3
23430007221000;6;3;3;32,7
23430007224000;2;1;1;0,0
23440006646000;31;16;15;38,8
23440006647000;35;19;16;36,2
23440006648000;2;1;1;0,0
23440006649000;100;49;51;44,5
23440006650000;33;17;16;36,4
23440006651000;35;16;19;33,4
23440006652000;4;2;2;0,0
23440006653000;2;1;1;0,0
23440006654000;14;5;9;42,0
23440006655000;12;8;4;45,6
23440006666000;3;2;1;0,0
23440006669000;1;0;1;0,0
23440006673000;1;0;1;0,0
23440006688000;6;3;3;36,5
23440006718000;1;1;0;0,0
23440006729000;17;10;7;55,9
23440006730000;26;15;11;48,1
23440006776000;3;1;2;0,0
23440006780000;2;1;1;0,0
23440006781000;76;36;40;45,8
23440006782000;13;8;5;43,1
23440006811000;13;10;3;28,4
23440006812000;1;1;0;0,0
23440006813000;15;8;7;41,2
23440006824000;10;5;5;48,5
23440006825000;2;2;0;0,0
23440006826000;13;6;7;42,1
23440006827000;20;13;7;34,6
23440006829000;3;1;2;0,0
23440006864000;42;23;19;31,6
23440006865000;30;13;17;44,1
23440006866000;45;23;22;34,6
23440006902000;5;3;2;41,6
23440006948000;4;2;2;0,0
23440007021000;11;7;4;34,2
23440007022000;3;1;2;0,0
23440007023000;3;1;2;0,0
23440007034000;3;1;2;0,0
23440007069000;2;1;1;0,0
23440007078000;18;9;9;35,1
23440007079000;30;16;14;37,4
23440007100000;1;1;0;0,0
23440007101000;8;5;3;30,1
23440007103000;5;3;2;55,4
23440007104000;7;2;5;32,3
23440007110000;2;2;0;0,0
23440007113000;1;1;0;0,0
23440007115000;5;4;1;22,4
23440007119000;7;3;4;31,0
23440007150000;8;5;3;50,8
23440007151000;9;5;4;45,8
23440007152000;222;116;106;41,2
23440007153000;232;118;114;34,8
23440007191000;1;0;1;0,0
23440007199000;3;2;1;0,0
23440007201000;3;2;1;0,0
23440007202000;3;2;1;0,0
23440007203000;7;6;1;32,3
23440007207000;2;1;1;0,0
23440007210000;12;7;5;40,1
23440007212000;3;2;1;0,0
23440007219000;17;9;8;50,8
23440007220000;1;0;1;0,0
23440007221000;36;15;21;47,5
23440007222000;1;0;1;0,0
23440007223000;20;10;10;37,7
23440007224000;7;2;5;46,7
23450006647000;2;1;1;0,0
23450006648000;9;4;5;46,1
23450006649000;9;4;5;60,4
23450006650000;21;10;11;42,4
23450006651000;22;12;10;43,3
23450006652000;16;8;8;35,7
23450006653000;15;10;5;41,9
23450006654000;32;15;17;45,0
23450006655000;4;1;3;0,0
23450006662000;2;1;1;0,0
23450006666000;42;26;16;36,3
23450006667000;18;9;9;47,0
23450006668000;13;4;9;39,8
23450006669000;3;2;1;0,0
23450006672000;5;2;3;30,2
23450006687000;1;0;1;0,0
23450006688000;5;3;2;58,2
23450006689000;1;1;0;0,0
23450006699000;2;1;1;0,0
23450006700000;7;3;4;24,6
23450006702000;2;1;1;0,0
23450006711000;3;1;2;0,0
23450006718000;14;8;6;34,2
23450006729000;37;19;18;52,0
23450006779000;7;4;3;32,0
23450006781000;1;0;1;0,0
23450006811000;9;5;4;34,8
23450006812000;2;2;0;0,0
23450006813000;20;13;7;38,4
23450006823000;6;2;4;54,2
23450006824000;15;9;6;27,7
23450006864000;16;9;7;52,2
23450007078000;10;6;4;47,7
23450007079000;16;8;8;41,8
23450007080000;20;10;10;42,1
23450007099000;4;1;3;0,0
23450007100000;11;6;5;41,2
23450007101000;19;10;9;35,0
23450007102000;11;4;7;38,4
23450007103000;18;12;6;40,9
23450007104000;8;3;5;29,3
23450007113000;2;1;1;0,0
23450007119000;6;4;2;39,7
23450007120000;11;6;5;48,2
23450007121000;5;3;2;42,0
23450007149000;6;4;2;56,0
23450007150000;4;1;3;0,0
23450007151000;7;5;2;37,1
23450007152000;37;21;16;43,3
23450007153000;7;4;3;39,3
23450007166000;1;1;0;0,0
23450007191000;2;1;1;0,0
23450007203000;5;3;2;26,4
23450007204000;5;1;4;40,4
23450007207000;2;1;1;0,0
23450007208000;4;2;2;0,0
23450007210000;2;1;1;0,0
23450007211000;13;8;5;31,5
23450007212000;42;24;18;43,0
23450007213000;14;6;8;55,2
23450007221000;6;2;4;78,3
23450007222000;84;35;49;46,1
23450007223000;74;41;33;43,9
23450007224000;19;10;9;30,3
23460006647000;5;4;1;50,6
23460006649000;3;2;1;0,0
23460006651000;5;2;3;46,6
23460006652000;1;0;1;0,0
23460006653000;4;3;1;0,0
23460006662000;17;11;6;50,6
23460006668000;2;1;1;0,0
23460006669000;14;9;5;56,4
23460006670000;3;2;1;0,0
23460006671000;6;3;3;49,5
23460006672000;9;6;3;25,6
23460006679000;2;1;1;0,0
23460006680000;2;1;1;0,0
23460006682000;1;1;0;0,0
23460006686000;3;1;2;0,0
23460006687000;1;1;0;0,0
23460006698000;1;1;0;0,0
23460006699000;10;5;5;52,3
23460006700000;11;7;4;72,5
23460006729000;59;28;31;50,9
23460006782000;2;2;0;0,0
23460006784000;2;1;1;0,0
23460006785000;23;14;9;54,3
23460006812000;18;11;7;45,8
23460006815000;8;3;5;42,8
23460006820000;16;7;9;53,8
23460006821000;21;13;8;51,4
23460006863000;6;3;3;49,8
23460006882000;5;2;3;32,4
23460006887000;3;1;2;0,0
23460006958000;1;0;1;0,0
23460007051000;3;2;1;0,0
23460007079000;11;7;4;37,7
23460007080000;19;5;14;30,0
23460007082000;3;2;1;0,0
23460007098000;2;1;1;0,0
23460007099000;12;7;5;30,8
23460007100000;60;30;30;34,5
23460007101000;17;10;7;51,0
23460007102000;17;8;9;32,6
23460007120000;3;1;2;0,0
23460007149000;6;4;2;47,7
23460007150000;68;32;36;34,9
23460007151000;1;0;1;0,0
23460007152000;12;6;6;50,3
23460007153000;1;1;0;0,0
23460007154000;37;19;18;42,4
23460007155000;24;12;12;41,3
23460007156000;10;7;3;48,3
23460007157000;9;4;5;56,9
23460007204000;10;4;6;46,5
23460007210000;3;2;1;0,0
23460007212000;6;2;4;27,5
23460007222000;22;12;10;44,5
23460007223000;29;13;16;42,1
23470006655000;6;3;3;31,0
23470006658000;4;1;3;0,0
23470006661000;3;2;1;0,0
23470006669000;5;3;2;55,6
23470006670000;3;2;1;0,0
23470006680000;1;0;1;0,0
23470006687000;19;9;10;52,8
23470006691000;2;1;1;0,0
23470006692000;7;3;4;38,7
23470006698000;5;2;3;35,0
23470006717000;1;0;1;0,0
23470006727000;8;4;4;30,9
23470006728000;25;14;11;48,1
23470006729000;85;43;42;47,3
23470006731000;7;3;4;20,7
23470006784000;2;2;0;0,0
23470006785000;9;4;5;56,6
23470006802000;1;1;0;0,0
23470006809000;8;4;4;42,3
23470006811000;6;3;3;63,3
23470006812000;76;38;38;35,3
23470006813000;131;64;67;46,5
23470006814000;1;1;0;0,0
23470006815000;12;7;5;50,2
23470006816000;2;1;1;0,0
23470006818000;1;0;1;0,0
23470006819000;29;12;17;38,7
23470006820000;2;1;1;0,0
23470006886000;6;2;4;35,3
23470006887000;7;4;3;26,3
23470006948000;3;1;2;0,0
23470006949000;4;1;3;0,0
23470007079000;7;4;3;43,0
23470007080000;16;9;7;43,3
23470007081000;21;14;7;31,2
23470007082000;3;1;2;0,0
23470007098000;15;8;7;38,6
23470007099000;8;4;4;36,1
23470007100000;4;4;0;0,0
23470007101000;6;4;2;49,5
23470007102000;1;1;0;0,0
23470007120000;20;11;9;44,5
23470007121000;25;12;13;39,4
23470007122000;1;1;0;0,0
23470007149000;19;10;9;38,6
23470007150000;47;23;24;36,7
23470007152000;25;14;11;34,6
23470007153000;18;9;9;35,3
23470007154000;19;9;10;32,7
23470007155000;7;4;3;39,4
23470007190000;7;2;5;32,0
23470007205000;9;4;5;25,1
23470007206000;8;4;4;34,6
23470007207000;3;1;2;0,0
23470007210000;17;10;7;49,2
23470007211000;10;6;4;59,8
23470007213000;1;1;0;0,0
23470007216000;1;1;0;0,0
23470007222000;6;2;4;31,8
23470007223000;1;1;0;0,0
23480006658000;8;5;3;45,1
23480006659000;11;7;4;30,3
23480006661000;19;9;10;44,5
23480006667000;2;2;0;0,0
23480006669000;4;2;2;0,0
23480006670000;2;1;1;0,0
23480006672000;2;2;0;0,0
23480006673000;4;2;2;0,0
23480006677000;6;5;1;55,8
23480006685000;3;2;1;0,0
23480006687000;7;3;4;52,0
23480006688000;25;12;13;33,0
23480006689000;5;2;3;61,0
23480006699000;2;1;1;0,0
23480006702000;4;3;1;0,0
23480006704000;2;1;1;0,0
23480006717000;13;7;6;40,1
23480006718000;3;1;2;0,0
23480006725000;1;1;0;0,0
23480006726000;15;9;6;38,9
23480006727000;5;4;1;19,8
23480006728000;12;9;3;62,7
23480006729000;6;2;4;65,8
23480006752000;10;5;5;69,0
23480006802000;1;0;1;0,0
23480006803000;2;1;1;0,0
23480006809000;1;0;1;0,0
23480006810000;36;15;21;47,2
23480006811000;14;8;6;48,1
23480006812000;5;3;2;50,4
23480006813000;11;5;6;34,2
23480006814000;14;5;9;39,9
23480006886000;1;0;1;0,0
23480007050000;4;2;2;0,0
23480007051000;6;2;4;38,5
23480007079000;5;4;1;17,0
23480007080000;30;14;16;41,7
23480007081000;6;4;2;66,7
23480007082000;24;13;11;42,7
23480007097000;7;4;3;35,1
23480007098000;2;1;1;0,0
23480007101000;14;8;6;47,1
23480007115000;9;3;6;43,0
23480007120000;13;6;7;53,2
23480007121000;3;1;2;0,0
23480007150000;18;10;8;53,8
23480007151000;8;4;4;66,5
23480007152000;7;5;2;35,6
23480007153000;27;10;17;43,3
23480007154000;8;4;4;57,9
23480007155000;6;3;3;30,5
23480007156000;4;2;2;0,0
23480007202000;16;11;5;34,8
23480007207000;9;4;5;36,6
23480007208000;8;5;3;38,3
23480007214000;2;1;1;0,0
23490006654000;6;3;3;36,2
23490006655000;17;10;7;42,9
23490006657000;4;1;3;0,0
23490006661000;12;6;6;39,2
23490006662000;3;1;2;0,0
23490006663000;1;0;1;0,0
23490006664000;4;3;1;0,0
23490006666000;4;2;2;0,0
23490006670000;4;2;2;0,0
23490006671000;6;5;1;18,5
23490006674000;2;1;1;0,0
23490006676000;2;1;1;0,0
23490006678000;1;1;0;0,0
23490006687000;63;30;33;41,3
23490006689000;6;2;4;71,8
23490006690000;11;5;6;52,5
23490006695000;1;1;0;0,0
23490006702000;9;5;4;52,2
23490006703000;3;2;1;0,0
23490006712000;3;3;0;0,0
23490006718000;22;11;11;44,4
23490006719000;6;3;3;71,0
23490006722000;8;5;3;39,0
23490006725000;14;7;7;46,1
23490006726000;22;14;8;41,0
23490006727000;10;5;5;50,7
23490006752000;2;2;0;0,0
23490006753000;6;3;3;73,0
23490006786000;3;2;1;0,0
23490006787000;9;5;4;41,9
23490006791000;5;3;2;35,6
23490006792000;2;1;1;0,0
23490006805000;13;9;4;42,5
23490006807000;3;2;1;0,0
23490006809000;3;2;1;0,0
23490006810000;5;3;2;18,2
23490006863000;12;4;8;42,3
23490006886000;15;8;7;41,1
23490007030000;9;4;5;58,7
23490007065000;6;4;2;40,7
23490007079000;15;9;6;50,7
23490007080000;7;5;2;42,0
23490007081000;3;1;2;0,0
23490007082000;6;3;3;30,3
23490007097000;6;4;2;17,8
23490007098000;22;11;11;28,4
23490007115000;8;5;3;37,8
23490007116000;1;1;0;0,0
23490007121000;44;25;19;43,0
23490007122000;2;1;1;0,0
23490007150000;3;1;2;0,0
23490007151000;5;3;2;38,8
23490007153000;15;8;7;38,5
23490007154000;40;22;18;43,7
23490007155000;11;5;6;37,5
23490007189000;34;15;19;56,6
23490007190000;38;20;18;63,7
23490007202000;7;4;3;25,9
23490007208000;3;2;1;0,0
23490007212000;6;4;2;31,8
23490007220000;2;1;1;0,0
23500006653000;3;1;2;0,0
23500006654000;26;13;13;58,7
23500006663000;4;2;2;0,0
23500006664000;34;17;17;56,6
23500006665000;158;79;79;48,3
23500006666000;17;8;9;51,5
23500006667000;16;8;8;46,0
23500006668000;12;7;5;45,8
23500006670000;1;0;1;0,0
23500006671000;12;6;6;42,7
23500006675000;12;7;5;39,0
23500006676000;5;1;4;42,8
23500006687000;17;10;7;41,7
23500006689000;3;3;0;0,0
23500006690000;1;0;1;0,0
23500006691000;11;5;6;55,5
23500006692000;10;5;5;47,7
23500006693000;6;3;3;64,0
23500006719000;3;1;2;0,0
23500006722000;4;2;2;0,0
23500006723000;2;0;2;0,0
23500006724000;6;3;3;63,2
23500006725000;25;14;11;49,2
23500006726000;12;4;8;35,0
23500006729000;2;1;1;0,0
23500006752000;17;9;8;56,8
23500006753000;9;6;3;49,9
23500006774000;7;2;5;25,4
23500006790000;6;3;3;34,0
23500006791000;16;8;8;51,8
23500006797000;2;1;1;0,0
23500006798000;1;0;1;0,0
23500006863000;18;12;6;46,6
23500006864000;2;1;1;0,0
23500007029000;3;1;2;0,0
23500007079000;15;7;8;28,7
23500007080000;15;9;6;43,6
23500007116000;6;3;3;49,3
23500007120000;16;10;6;38,4
23500007121000;5;2;3;65,6
23500007149000;10;3;7;37,3
23500007150000;14;5;9;38,4
23500007151000;13;7;6;24,8
23500007152000;35;17;18;42,1
23500007153000;46;24;22;39,8
23500007154000;12;8;4;49,6
23500007155000;8;4;4;37,8
23500007156000;5;2;3;30,8
23500007189000;44;23;21;51,9
23500007190000;11;6;5;55,6
23500007202000;5;3;2;43,0
23500007208000;5;2;3;42,6
23500007209000;10;6;4;35,1
23500007210000;8;4;4;26,0
23500007214000;2;1;1;0,0
23500007221000;12;5;7;63,6
23510006650000;4;2;2;0,0
23510006651000;16;11;5;40,3
23510006652000;21;8;13;49,0
23510006653000;19;12;7;45,2
23510006661000;3;2;1;0,0
23510006662000;7;4;3;41,9
23510006663000;6;3;3;41,3
23510006664000;15;8;7;38,9
23510006665000;76;37;39;51,1
23510006666000;34;17;17;40,1
23510006667000;7;4;3;26,4
23510006668000;4;1;3;0,0
23510006669000;4;2;2;0,0
23510006670000;7;3;4;57,6
23510006671000;9;6;3;48,4
23510006672000;17;9;8;42,6
23510006673000;1;0;1;0,0
23510006674000;15;7;8;32,9
23510006675000;11;3;8;44,7
23510006687000;11;6;5;48,4
23510006700000;2;1;1;0,0
23510006701000;4;3;1;0,0
23510006712000;1;1;0;0,0
23510006721000;4;2;2;0,0
23510006722000;4;2;2;0,0
23510006723000;5;3;2;65,6
23510006724000;1;1;0;0,0
23510006725000;7;2;5;55,9
23510006726000;17;11;6;38,6
23510006729000;4;2;2;0,0
23510006774000;14;7;7;40,7
23510006790000;39;24;15;43,4
23510006791000;16;7;9;31,8
23510006797000;2;1;1;0,0
23510006798000;1;1;0;0,0
23510006799000;1;1;0;0,0
23510006802000;17;10;7;25,6
23510006803000;37;19;18;37,0
23510006804000;22;10;12;53,1
23510006805000;4;3;1;0,0
23510006806000;7;4;3;43,0
23510006823000;3;2;1;0,0
23510006863000;7;4;3;32,9
23510007026000;4;2;2;0,0
23510007027000;8;5;3;55,1
23510007029000;1;1;0;0,0
23510007062000;3;1;2;0,0
23510007063000;13;10;3;54,5
23510007080000;8;4;4;39,4
23510007081000;8;3;5;36,1
23510007117000;3;2;1;0,0
23510007120000;5;2;3;50,2
23510007121000;7;5;2;43,4
23510007122000;2;1;1;0,0
23510007149000;27;15;12;44,6
23510007150000;27;13;14;41,3
23510007151000;12;5;7;33,6
23510007152000;55;28;27;45,5
23510007153000;41;17;24;42,0
23510007154000;10;4;6;29,7
23510007155000;11;4;7;42,5
23510007156000;6;1;5;28,7
23510007189000;49;31;18;29,2
23510007190000;11;6;5;66,2
23510007191000;3;2;1;0,0
23510007203000;8;4;4;42,4
23510007214000;5;3;2;47,2
23510007215000;2;1;1;0,0
23510007216000;5;3;2;49,8
23510007221000;18;7;11;61,4
23510007222000;8;4;4;57,5
23520006652000;3;1;2;0,0
23520006653000;2;1;1;0,0
23520006654000;2;2;0;0,0
23520006657000;2;1;1;0,0
23520006658000;17;10;7;16,9
23520006659000;1;0;1;0,0
23520006660000;8;4;4;30,3
23520006661000;3;2;1;0,0
23520006662000;13;6;7;56,5
23520006663000;12;7;5;38,7
23520006665000;3;2;1;0,0
23520006667000;4;3;1;0,0
23520006670000;4;2;2;0,0
23520006672000;2;2;0;0,0
23520006686000;10;5;5;21,1
23520006687000;14;9;5;34,2
23520006688000;16;8;8;36,7
23520006689000;7;3;4;33,9
23520006693000;9;5;4;43,6
23520006694000;6;4;2;57,2
23520006705000;3;1;2;0,0
23520006707000;1;1;0;0,0
23520006719000;5;3;2;47,0
23520006723000;5;1;4;31,6
23520006725000;2;1;1;0,0
23520006726000;13;5;8;34,2
23520006727000;13;5;8;34,5
23520006729000;3;2;1;0,0
23520006733000;3;2;1;0,0
23520006749000;6;3;3;38,5
23520006753000;2;1;1;0,0
23520006754000;1;1;0;0,0
23520006774000;18;10;8;45,8
23520006791000;9;4;5;64,1
23520006792000;5;3;2;54,8
23520006799000;176;89;87;33,8
23520006800000;313;157;156;39,4
23520006801000;167;85;82;39,5
23520006802000;65;34;31;43,0
23520006803000;11;5;6;38,7
23520006804000;13;7;6;42,2
23520006805000;96;47;49;28,9
23520006806000;38;23;15;46,0
23520006819000;4;2;2;0,0
23520006820000;2;0;2;0,0
23520006822000;5;4;1;46,4
23520006823000;2;1;1;0,0
23520006885000;5;1;4;59,8
23520007026000;2;2;0;0,0
23520007062000;5;3;2;51,6
23520007063000;15;9;6;35,0
23520007064000;5;2;3;31,4
23520007081000;10;5;5;41,5
23520007082000;19;9;10;47,8
23520007122000;9;5;4;38,4
23520007151000;3;1;2;0,0
23520007152000;3;2;1;0,0
23520007153000;15;5;10;42,9
23520007154000;16;9;7;37,9
23520007155000;66;28;38;31,2
23520007156000;20;7;13;25,7
23520007157000;35;20;15;33,9
23520007183000;1;1;0;0,0
23520007190000;2;1;1;0,0
23520007191000;4;2;2;0,0
23520007203000;18;11;7;46,8
23520007204000;1;0;1;0,0
23520007215000;11;6;5;36,3
23520007217000;1;0;1;0,0
23520007222000;19;9;10;43,9
23520007223000;2;1;1;0,0
23520007224000;2;1;1;0,0
23520007280000;10;5;5;36,5
23530006653000;6;2;4;51,5
23530006654000;23;15;8;52,2
23530006655000;15;9;6;34,6
23530006656000;2;1;1;0,0
23530006657000;2;1;1;0,0
23530006658000;60;32;28;38,6
23530006659000;30;15;15;44,2
23530006660000;22;9;13;46,1
23530006661000;15;9;6;32,8
23530006676000;17;8;9;42,0
23530006682000;1;0;1;0,0
23530006694000;22;12;10;39,0
23530006695000;8;6;2;37,3
23530006702000;1;0;1;0,0
23530006707000;3;2;1;0,0
23530006719000;7;5;2;43,6
23530006731000;5;3;2;61,2
23530006733000;3;2;1;0,0
23530006735000;4;2;2;0,0
23530006736000;10;4;6;44,4
23530006737000;8;5;3;28,9
23530006749000;2;1;1;0,0
23530006754000;9;4;5;13,9
23530006792000;1;1;0;0,0
23530006799000;203;98;105;34,3
23530006800000;516;228;288;54,9
23530006801000;655;318;337;42,7
23530006802000;78;36;42;43,0
23530006817000;8;5;3;50,9
23530006818000;7;3;4;49,3
23530006820000;3;2;1;0,0
23530006822000;4;1;3;0,0
23530007081000;3;1;2;0,0
23530007082000;26;13;13;39,8
23530007083000;4;3;1;0,0
23530007118000;1;1;0;0,0
23530007122000;6;2;4;58,5
23530007150000;8;5;3;42,9
23530007154000;30;16;14;33,2
23530007155000;331;157;174;49,4
23530007156000;158;80;78;37,0
23530007157000;138;79;59;41,0
23530007158000;30;17;13;32,4
23530007203000;15;8;7;36,9
23530007204000;6;4;2;60,7
23530007216000;7;6;1;37,1
23530007217000;5;2;3;41,2
23530007225000;6;2;4;42,5
23530007287000;6;4;2;54,5
23540006657000;10;4;6;42,3
23540006658000;14;6;8;37,8
23540006659000;5;2;3;46,0
23540006667000;7;3;4;26,7
23540006693000;8;5;3;54,6
23540006694000;15;8;7;48,5
23540006695000;3;2;1;0,0
23540006697000;3;2;1;0,0
23540006698000;2;1;1;0,0
23540006718000;7;4;3;30,6
23540006719000;10;5;5;33,3
23540006720000;2;1;1;0,0
23540006724000;1;1;0;0,0
23540006731000;3;2;1;0,0
23540006732000;2;1;1;0,0
23540006733000;5;3;2;41,6
23540006734000;2;1;1;0,0
23540006797000;22;12;10;45,5
23540006798000;81;40;41;40,9
23540006799000;227;113;114;37,9
23540006800000;96;52;44;43,2
23540006801000;29;16;13;39,3
23540006802000;31;21;10;37,7
23540006803000;2;1;1;0,0
23540006805000;3;1;2;0,0
23540006817000;4;2;2;0,0
23540006824000;9;4;5;36,3
23540006826000;8;3;5;48,1
23540006885000;1;1;0;0,0
23540007062000;2;2;0;0,0
23540007081000;2;1;1;0,0
23540007082000;1;0;1;0,0
23540007119000;4;2;2;0,0
23540007154000;8;4;4;69,4
23540007155000;71;32;39;37,0
23540007156000;59;33;26;39,9
23540007157000;2;1;1;0,0
23540007158000;15;9;6;44,3
23540007159000;17;10;7;30,7
23540007204000;2;1;1;0,0
23540007205000;10;5;5;48,8
23540007225000;2;1;1;0,0
23540007280000;30;18;12;39,9
23540007288000;1;0;1;0,0
23540007289000;7;3;4;27,1
23550006660000;1;0;1;0,0
23550006665000;4;2;2;0,0
23550006666000;12;5;7;31,9
23550006667000;6;5;1;38,3
23550006674000;7;2;5;37,6
23550006692000;4;4;0;0,0
23550006693000;3;2;1;0,0
23550006705000;2;1;1;0,0
23550006706000;3;1;2;0,0
23550006707000;5;2;3;19,8
23550006708000;5;3;2;41,2
23550006718000;1;1;0;0,0
23550006723000;8;3;5;54,8
23550006728000;1;1;0;0,0
23550006731000;2;1;1;0,0
23550006732000;37;19;18;38,4
23550006794000;5;3;2;41,2
23550006795000;27;18;9;36,3
23550006796000;58;33;25;39,6
23550006797000;5;2;3;36,8
23550006805000;10;6;4;48,4
23550006806000;20;8;12;40,0
23550006807000;4;2;2;0,0
23550006808000;3;2;1;0,0
23550006818000;3;2;1;0,0
23550006819000;5;4;1;50,4
23550007123000;1;1;0;0,0
23550007154000;7;4;3;27,0
23550007156000;53;27;26;33,1
23550007157000;28;17;11;33,6
23550007158000;19;11;8;28,8
23550007159000;2;1;1;0,0
23550007206000;11;4;7;39,2
23550007219000;2;1;1;0,0
23550007279000;3;1;2;0,0
23550007280000;1;0;1;0,0
23550007287000;9;6;3;40,9
23550007288000;22;10;12;39,3
23550007289000;2;1;1;0,0
23550007290000;15;9;6;66,5
23560006662000;4;2;2;0,0
23560006666000;15;8;7;48,7
23560006667000;10;6;4;40,0
23560006668000;2;2;0;0,0
23560006674000;1;1;0;0,0
23560006678000;12;7;5;40,8
23560006699000;2;1;1;0,0
23560006700000;50;23;27;46,2
23560006701000;35;13;22;42,9
23560006705000;4;1;3;0,0
23560006708000;1;0;1;0,0
23560006710000;1;1;0;0,0
23560006723000;1;0;1;0,0
23560006731000;12;8;4;51,8
23560006732000;5;3;2;69,4
23560006733000;4;2;2;0,0
23560006794000;263;130;133;39,6
23560006795000;106;53;53;41,9
23560006806000;4;2;2;0,0
23560006807000;8;5;3;51,4
23560006819000;5;3;2;35,2
23560006895000;6;2;4;67,8
23560007123000;10;5;5;45,6
23560007124000;4;2;2;0,0
23560007151000;9;3;6;45,4
23560007152000;3;1;2;0,0
23560007153000;10;4;6;29,8
23560007154000;34;21;13;28,9
23560007156000;27;15;12;58,1
23560007157000;187;97;90;34,0
23560007158000;13;5;8;31,5
23560007205000;11;3;8;54,6
23560007206000;19;9;10;48,6
23560007219000;9;4;5;38,9
23560007220000;19;9;10;51,7
23560007223000;5;4;1;31,4
23560007280000;15;9;6;33,5
23560007285000;1;1;0;0,0
23560007288000;26;13;13;46,1
23560007289000;23;13;10;44,7
23560007290000;5;2;3;39,8
23570006657000;4;2;2;0,0
23570006667000;10;6;4;50,0
23570006668000;6;5;1;40,2
23570006676000;3;2;1;0,0
23570006682000;6;3;3;43,0
23570006698000;1;1;0;0,0
23570006699000;8;4;4;37,4
23570006700000;81;40;41;49,6
23570006701000;23;10;13;68,8
23570006710000;2;1;1;0,0
23570006730000;4;2;2;0,0
23570006732000;8;4;4;56,9
23570006735000;6;3;3;42,2
23570006791000;2;2;0;0,0
23570006792000;23;11;12;39,5
23570006793000;28;13;15;44,0
23570006794000;21;12;9;41,3
23570006795000;11;5;6;28,0
23570006814000;2;0;2;0,0
23570007080000;4;1;3;0,0
23570007097000;4;3;1;0,0
23570007101000;1;1;0;0,0
23570007124000;7;3;4;38,0
23570007150000;8;5;3;40,9
23570007151000;13;6;7;46,6
23570007152000;22;10;12;32,6
23570007153000;6;3;3;49,5
23570007154000;19;14;5;42,5
23570007155000;16;7;9;44,8
23570007156000;31;16;15;37,3
23570007157000;38;21;17;38,8
23570007158000;8;4;4;38,4
23570007159000;7;3;4;43,9
23570007205000;4;2;2;0,0
23570007219000;3;2;1;0,0
23570007220000;7;4;3;48,9
23570007221000;6;3;3;39,8
23570007223000;9;4;5;49,3
23570007278000;1;1;0;0,0
23570007280000;16;8;8;42,5
23570007281000;23;12;11;42,0
23570007284000;10;4;6;44,3
23570007285000;23;14;9;33,5
23570007286000;11;3;8;20,1
23580006663000;1;1;0;0,0
23580006666000;2;1;1;0,0
23580006667000;6;4;2;44,7
23580006670000;5;2;3;53,2
23580006671000;5;2;3;63,8
23580006674000;1;0;1;0,0
23580006676000;2;1;1;0,0
23580006681000;6;4;2;31,7
23580006682000;2;1;1;0,0
23580006689000;1;1;0;0,0
23580006691000;2;1;1;0,0
23580006695000;1;1;0;0,0
23580006696000;2;0;2;0,0
23580006697000;9;4;5;66,1
23580006698000;3;1;2;0,0
23580006700000;7;4;3;73,6
23580006701000;2;1;1;0,0
23580006728000;6;2;4;70,3
23580006730000;16;10;6;37,3
23580006731000;7;4;3;58,9
23580006732000;2;1;1;0,0
23580006790000;1;0;1;0,0
23580006791000;5;4;1;36,8
23580006792000;3;2;1;0,0
23580006794000;5;3;2;58,4
23580007079000;1;1;0;0,0
23580007095000;5;3;2;31,6
23580007097000;4;2;2;0,0
23580007098000;5;3;2;66,0
23580007119000;7;4;3;39,0
23580007151000;116;59;57;37,0
23580007152000;41;23;18;29,7
23580007158000;8;4;4;39,0
23580007206000;15;9;6;36,2
23580007219000;2;1;1;0,0
23580007220000;8;5;3;57,3
23580007221000;12;4;8;37,0
23580007223000;23;11;12;39,4
23580007224000;29;15;14;47,9
23580007235000;1;1;0;0,0
23580007284000;2;2;0;0,0
23580007285000;19;8;11;35,9
23580007286000;16;11;5;33,6
23580007288000;14;8;6;31,2
23580007289000;31;13;18;33,0
23580007290000;100;54;46;40,8
23580007291000;6;2;4;36,3
23590006665000;2;1;1;0,0
23590006679000;1;1;0;0,0
23590006681000;8;5;3;41,0
23590006682000;16;8;8;50,2
23590006683000;11;7;4;30,6
23590006697000;3;2;1;0,0
23590006700000;2;1;1;0,0
23590006701000;1;1;0;0,0
23590006702000;4;3;1;0,0
23590006723000;2;1;1;0,0
23590006724000;2;1;1;0,0
23590006725000;3;2;1;0,0
23590006726000;9;6;3;63,0
23590006728000;3;2;1;0,0
23590006729000;6;4;2;57,3
23590006783000;5;3;2;46,8
23590006789000;8;4;4;56,5
23590006790000;10;5;5;44,5
23590006795000;3;2;1;0,0
23590006813000;1;0;1;0,0
23590006824000;5;4;1;57,0
23590006826000;2;1;1;0,0
23590006830000;3;3;0;0,0
23590007078000;7;4;3;47,3
23590007079000;8;4;4;46,8
23590007119000;6;3;3;32,8
23590007124000;1;1;0;0,0
23590007151000;44;26;18;34,4
23590007158000;27;13;14;36,1
23590007159000;4;2;2;0,0
23590007207000;16;8;8;69,7
23590007221000;10;5;5;46,4
23590007222000;5;2;3;50,2
23590007223000;16;5;11;44,4
23590007224000;5;3;2;69,0
23590007225000;2;1;1;0,0
23590007226000;3;2;1;0,0
23590007282000;3;1;2;0,0
23590007283000;32;19;13;44,2
23590007284000;1;1;0;0,0
23590007285000;3;2;1;0,0
23590007287000;52;24;28;40,2
23590007288000;14;8;6;52,1
23590007289000;7;3;4;68,4
23590007290000;90;45;45;41,2
23600006663000;1;0;1;0,0
23600006664000;3;2;1;0,0
23600006665000;1;0;1;0,0
23600006681000;3;3;0;0,0
23600006687000;1;1;0;0,0
23600006688000;1;1;0;0,0
23600006692000;2;1;1;0,0
23600006700000;1;1;0;0,0
23600006703000;3;2;1;0,0
23600006723000;5;2;3;55,6
23600006724000;1;1;0;0,0
23600006725000;3;2;1;0,0
23600006729000;1;1;0;0,0
23600006730000;3;2;1;0,0
23600006782000;1;0;1;0,0
23600006784000;3;1;2;0,0
23600006788000;5;2;3;39,0
23600006789000;3;2;1;0,0
23600006795000;24;13;11;51,2
23600006812000;7;4;3;52,9
23600007078000;6;3;3;41,8
23600007119000;8;3;5;15,3
23600007150000;2;1;1;0,0
23600007151000;25;11;14;42,4
23600007152000;5;2;3;53,8
23600007157000;5;3;2;49,4
23600007158000;27;14;13;29,1
23600007159000;2;2;0;0,0
23600007164000;2;1;1;0,0
23600007208000;5;3;2;34,8
23600007221000;18;11;7;36,8
23600007226000;4;2;2;0,0
23600007227000;19;12;7;24,1
23600007228000;4;2;2;0,0
23600007229000;6;4;2;58,2
23600007236000;6;3;3;32,2
23600007237000;9;5;4;59,2
23600007238000;4;3;1;0,0
23600007281000;19;10;9;35,2
23600007284000;1;0;1;0,0
23600007285000;1;1;0;0,0
23600007286000;5;4;1;28,0
23600007287000;247;117;130;42,2
23600007288000;23;13;10;40,0
23610006680000;1;0;1;0,0
23610006685000;1;1;0;0,0
23610006687000;6;3;3;66,0
23610006721000;3;2;1;0,0
23610006730000;3;1;2;0,0
23610006787000;2;1;1;0,0
23610006788000;4;2;2;0,0
23610006794000;2;1;1;0,0
23610006795000;5;4;1;33,4
23610006817000;2;1;1;0,0
23610007119000;2;1;1;0,0
23610007120000;2;1;1;0,0
23610007126000;4;3;1;0,0
23610007151000;2;2;0;0,0
23610007152000;12;5;7;44,0
23610007157000;2;1;1;0,0
23610007161000;10;5;5;38,7
23610007207000;3;2;1;0,0
23610007208000;17;9;8;45,7
23610007218000;2;1;1;0,0
23610007235000;22;12;10;39,4
23610007236000;9;2;7;54,8
23610007282000;12;5;7;44,4
23610007284000;12;5;7;35,2
23610007285000;11;6;5;42,6
23610007286000;5;3;2;46,8
23610007287000;5;1;4;47,6
23610007289000;5;3;2;67,2
23620006678000;5;2;3;18,6
23620006680000;9;4;5;48,1
23620006683000;1;1;0;0,0
23620006699000;3;1;2;0,0
23620006703000;5;3;2;50,0
23620006773000;7;3;4;25,9
23620006774000;3;2;1;0,0
23620006775000;2;1;1;0,0
23620006783000;1;1;0;0,0
23620006784000;1;0;1;0,0
23620006786000;1;0;1;0,0
23620006793000;1;0;1;0,0
23620006795000;4;2;2;0,0
23620007061000;7;4;3;32,0
23620007122000;9;4;5;28,1
23620007126000;3;2;1;0,0
23620007152000;47;26;21;41,3
23620007153000;5;1;4;38,2
23620007159000;11;6;5;39,6
23620007160000;5;3;2;37,2
23620007162000;9;5;4;40,9
23620007207000;10;5;5;32,9
23620007208000;15;6;9;40,1
23620007220000;18;12;6;39,9
23620007223000;3;1;2;0,0
23620007235000;4;3;1;0,0
23620007284000;18;9;9;47,1
23620007287000;5;3;2;40,8
23620007288000;9;5;4;54,6
23620007289000;17;11;6;53,8
23620007290000;1;1;0;0,0
23620007310000;2;1;1;0,0
23620007311000;7;4;3;56,6
23630006698000;1;1;0;0,0
23630006704000;1;0;1;0,0
23630006722000;3;2;1;0,0
23630006772000;3;2;1;0,0
23630006781000;4;3;1;0,0
23630006788000;3;0;3;0,0
23630006797000;3;2;1;0,0
23630007061000;1;1;0;0,0
23630007121000;6;3;3;39,0
23630007122000;4;3;1;0,0
23630007127000;5;3;2;28,0
23630007151000;12;4;8;26,8
23630007152000;40;19;21;42,7
23630007153000;10;5;5;56,4
23630007162000;4;2;2;0,0
23630007215000;1;1;0;0,0
23630007216000;2;1;1;0,0
23630007224000;7;4;3;57,7
23630007237000;2;1;1;0,0
23630007256000;1;0;1;0,0
23630007286000;8;3;5;28,0
23630007288000;9;4;5;59,2
23630007289000;7;4;3;44,3
23630007290000;11;4;7;33,3
23630007311000;12;6;6;61,9
23640006697000;5;3;2;55,4
23640006705000;3;2;1;0,0
23640006711000;4;2;2;0,0
23640006712000;1;0;1;0,0
23640006780000;7;4;3;40,7
23640006781000;1;1;0;0,0
23640006786000;58;31;27;46,0
23640006787000;3;2;1;0,0
23640006793000;1;1;0;0,0
23640006794000;5;3;2;56,0
23640006795000;17;8;9;54,8
23640006797000;6;3;3;36,0
23640006798000;1;1;0;0,0
23640006799000;2;1;1;0,0
23640006801000;2;2;0;0,0
23640007122000;11;5;6;41,7
23640007128000;5;2;3;40,8
23640007150000;24;11;13;33,1
23640007151000;5;3;2;43,2
23640007152000;12;7;5;39,7
23640007153000;12;6;6;45,5
23640007161000;15;7;8;44,6
23640007162000;14;8;6;47,7
23640007226000;1;1;0;0,0
23640007231000;2;1;1;0,0
23640007237000;8;3;5;58,5
23640007238000;25;17;8;32,9
23640007239000;5;4;1;54,2
23640007257000;21;12;9;37,0
23640007258000;27;17;10;43,9
23640007259000;24;11;13;40,9
23640007286000;4;3;1;0,0
23640007329000;1;0;1;0,0
23650006697000;5;3;2;49,0
23650006705000;5;3;2;75,2
23650006779000;3;2;1;0,0
23650006780000;20;13;7;47,9
23650006786000;4;3;1;0,0
23650006791000;6;3;3;45,7
23650006793000;8;3;5;19,8
23650006794000;3;1;2;0,0
23650006796000;1;0;1;0,0
23650006801000;6;2;4;67,2
23650007122000;35;17;18;41,6
23650007123000;38;18;20;34,7
23650007150000;14;10;4;25,3
23650007151000;29;14;15;48,1
23650007152000;78;39;39;46,3
23650007153000;7;5;2;36,6
23650007161000;20;11;9;37,4
23650007162000;8;4;4;28,0
23650007164000;9;5;4;38,7
23650007216000;3;2;1;0,0
23650007217000;3;1;2;0,0
23650007225000;5;2;3;38,0
23650007227000;1;1;0;0,0
23650007229000;4;2;2;0,0
23650007231000;30;17;13;28,3
23650007232000;16;11;5;34,8
23650007237000;12;6;6;42,0
23650007238000;12;8;4;35,9
23650007239000;7;5;2;45,0
23650007241000;9;4;5;13,0
23650007243000;7;5;2;46,4
23650007245000;6;4;2;52,5
23650007255000;9;4;5;24,9
23650007256000;2;2;0;0,0
23650007257000;39;20;19;43,6
23650007258000;34;17;17;40,8
23650007259000;5;3;2;36,2
23650007264000;1;1;0;0,0
23650007265000;1;1;0;0,0
23650007295000;1;1;0;0,0
23660006696000;7;4;3;45,3
23660006704000;9;4;5;59,9
23660006708000;5;3;2;29,6
23660006716000;2;1;1;0,0
23660006779000;5;3;2;19,2
23660006783000;3;2;1;0,0
23660006784000;16;8;8;37,7
23660006785000;17;9;8;48,8
23660006787000;2;0;2;0,0
23660006791000;2;1;1;0,0
23660006792000;8;6;2;51,8
23660006793000;21;11;10;52,2
23660006794000;4;2;2;0,0
23660006821000;1;1;0;0,0
23660006827000;3;2;1;0,0
23660007121000;4;1;3;0,0
23660007122000;91;50;41;43,6
23660007123000;14;7;7;44,4
23660007124000;12;7;5;32,3
23660007128000;4;2;2;0,0
23660007150000;13;7;6;52,5
23660007151000;20;9;11;55,7
23660007152000;153;81;72;36,1
23660007164000;5;3;2;43,0
23660007165000;25;14;11;35,5
23660007166000;5;4;1;32,4
23660007205000;1;1;0;0,0
23660007206000;9;6;3;56,7
23660007207000;118;63;55;39,4
23660007216000;9;4;5;70,0
23660007225000;1;0;1;0,0
23660007232000;20;10;10;46,2
23660007240000;9;3;6;34,7
23660007241000;29;14;15;34,1
23660007242000;35;17;18;42,3
23660007243000;36;15;21;38,9
23660007244000;1;1;0;0,0
23660007245000;16;10;6;52,6
23660007246000;22;7;15;40,5
23660007247000;4;2;2;0,0
23660007248000;5;4;1;62,8
23660007257000;6;2;4;40,7
23660007258000;17;9;8;39,4
23660007259000;33;15;18;25,8
23660007260000;2;1;1;0,0
23660007266000;7;4;3;42,0
23660007286000;12;5;7;41,7
23660007331000;1;1;0;0,0
23660007480000;1;0;1;0,0
23670006776000;6;4;2;44,5
23670006777000;14;6;8;49,4
23670006781000;1;0;1;0,0
23670006782000;7;5;2;65,0
23670006783000;10;7;3;48,6
23670006786000;2;1;1;0,0
23670006793000;181;92;89;46,7
23670006794000;17;12;5;36,6
23670006821000;12;5;7;63,9
23670006822000;6;4;2;55,5
23670006823000;10;5;5;62,8
23670006824000;3;1;2;0,0
23670006825000;5;3;2;30,2
23670006826000;4;2;2;0,0
23670006827000;12;6;6;37,8
23670007078000;3;2;1;0,0
23670007119000;2;1;1;0,0
23670007121000;41;23;18;34,6
23670007122000;31;19;12;43,2
23670007124000;10;5;5;39,9
23670007129000;12;5;7;41,1
23670007150000;8;3;5;33,6
23670007151000;9;5;4;41,7
23670007152000;10;6;4;35,8
23670007166000;2;1;1;0,0
23670007167000;22;11;11;53,9
23670007203000;4;2;2;0,0
23670007205000;1;1;0;0,0
23670007206000;14;10;4;34,5
23670007207000;12;8;4;52,4
23670007209000;2;1;1;0,0
23670007211000;2;1;1;0,0
23670007213000;2;1;1;0,0
23670007225000;6;2;4;48,3
23670007226000;4;2;2;0,0
23670007231000;1;0;1;0,0
23670007232000;15;8;7;51,2
23670007237000;9;3;6;27,0
23670007238000;9;4;5;41,3
23670007239000;3;1;2;0,0
23670007241000;12;6;6;28,3
23670007242000;17;9;8;46,6
23670007243000;18;8;10;34,7
23670007244000;46;22;24;42,8
23670007245000;129;64;65;39,0
23670007246000;81;41;40;34,4
23670007258000;11;5;6;37,4
23670007261000;23;13;10;30,0
23670007262000;25;13;12;42,2
23670007263000;227;125;102;35,2
23670007287000;33;16;17;48,7
23670007288000;12;4;8;43,7
23680006710000;26;12;14;42,3
23680006773000;5;1;4;23,8
23680006775000;3;1;2;0,0
23680006776000;2;2;0;0,0
23680006781000;3;2;1;0,0
23680006782000;8;3;5;48,3
23680006783000;5;2;3;41,8
23680006784000;1;1;0;0,0
23680006785000;13;6;7;42,2
23680006793000;9;5;4;42,9
23680006794000;3;2;1;0,0
23680006802000;1;1;0;0,0
23680006803000;4;3;1;0,0
23680006818000;5;3;2;59,4
23680007076000;1;0;1;0,0
23680007119000;7;4;3;26,6
23680007121000;16;8;8;46,6
23680007122000;5;1;4;42,6
23680007123000;16;9;7;34,6
23680007124000;1;1;0;0,0
23680007125000;13;7;6;45,5
23680007129000;10;5;5;43,7
23680007130000;4;3;1;0,0
23680007150000;40;21;19;35,9
23680007151000;2;1;1;0,0
23680007152000;1;1;0;0,0
23680007163000;9;5;4;31,4
23680007167000;68;30;38;37,8
23680007168000;15;8;7;31,1
23680007205000;5;4;1;30,0
23680007206000;8;4;4;39,5
23680007218000;3;2;1;0,0
23680007224000;4;2;2;0,0
23680007225000;24;11;13;41,1
23680007243000;1;1;0;0,0
23680007244000;7;3;4;70,1
23680007245000;117;43;74;56,5
23680007246000;119;62;57;41,5
23680007247000;15;8;7;36,8
23680007248000;5;1;4;28,6
23680007250000;1;1;0;0,0
23680007251000;12;5;7;34,3
23680007252000;24;12;12;47,0
23680007254000;85;45;40;33,4
23680007262000;13;6;7;53,4
23680007263000;243;114;129;32,1
23680007264000;31;12;19;34,7
23680007278000;1;1;0;0,0
23680007287000;14;7;7;57,5
23680007312000;9;5;4;57,1
23680007313000;27;17;10;50,9
23680007379000;1;1;0;0,0
23690006772000;2;1;1;0,0
23690006774000;11;4;7;40,3
23690006783000;3;1;2;0,0
23690006795000;4;2;2;0,0
23690006801000;2;1;1;0,0
23690006816000;6;3;3;55,0
23690006817000;5;2;3;54,8
23690006818000;12;8;4;28,5
23690007077000;3;2;1;0,0
23690007120000;31;17;14;41,5
23690007121000;1;0;1;0,0
23690007123000;16;8;8;31,1
23690007124000;4;2;2;0,0
23690007125000;26;13;13;43,5
23690007129000;16;7;9;25,9
23690007130000;6;2;4;50,8
23690007149000;13;6;7;40,1
23690007150000;33;18;15;44,5
23690007151000;21;10;11;44,8
23690007167000;16;8;8;52,6
23690007168000;48;27;21;41,3
23690007169000;16;8;8;45,4
23690007204000;5;2;3;53,8
23690007205000;12;6;6;45,4
23690007206000;5;3;2;59,6
23690007217000;2;1;1;0,0
23690007225000;66;28;38;52,2
23690007226000;36;17;19;48,3
23690007234000;1;1;0;0,0
23690007245000;4;3;1;0,0
23690007246000;14;7;7;45,3
23690007248000;4;2;2;0,0
23690007249000;48;24;24;36,4
23690007250000;12;8;4;39,7
23690007251000;52;26;26;38,3
23690007252000;368;180;188;41,0
23690007253000;45;25;20;38,5
23690007254000;11;5;6;35,5
23690007261000;158;87;71;36,8
23690007262000;55;29;26;42,0
23690007263000;225;117;108;35,4
23690007264000;93;48;45;34,1
23690007281000;1;0;1;0,0
23690007282000;22;12;10;65,2
23690007312000;1;1;0;0,0
23690007313000;15;8;7;62,5
23700006770000;4;2;2;0,0
23700006771000;25;16;9;42,0
23700006772000;14;6;8;61,6
23700006792000;8;3;5;38,3
23700006799000;1;0;1;0,0
23700006815000;2;1;1;0,0
23700006816000;4;2;2;0,0
23700007075000;7;3;4;47,4
23700007120000;20;8;12;41,5
23700007121000;14;6;8;40,7
23700007122000;8;5;3;41,3
23700007125000;13;6;7;42,9
23700007126000;31;15;16;40,7
23700007143000;1;0;1;0,0
23700007151000;268;123;145;56,5
23700007152000;38;23;15;37,6
23700007167000;4;3;1;0,0
23700007168000;59;26;33;34,3
23700007169000;305;151;154;41,3
23700007170000;84;42;42;39,3
23700007171000;8;4;4;38,5
23700007205000;1;1;0;0,0
23700007217000;2;1;1;0,0
23700007223000;3;2;1;0,0
23700007224000;34;18;16;47,0
23700007225000;131;74;57;40,2
23700007226000;5;2;3;55,0
23700007229000;1;1;0;0,0
23700007230000;1;1;0;0,0
23700007233000;13;7;6;57,1
23700007244000;5;4;1;37,0
23700007245000;9;5;4;25,4
23700007247000;23;12;11;39,9
23700007248000;23;11;12;29,3
23700007249000;44;22;22;36,6
23700007250000;7;3;4;52,7
23700007251000;61;27;34;43,9
23700007252000;66;36;30;40,4
23700007253000;28;18;10;46,5
23700007256000;1;1;0;0,0
23700007257000;19;11;8;37,8
23700007262000;395;188;207;46,0
23700007263000;923;427;496;42,0
23700007264000;139;65;74;40,7
23700007282000;6;2;4;33,2
23700007312000;26;11;15;54,3
23700007313000;5;2;3;71,4
23700007378000;287;150;137;35,6
23700007379000;88;43;45;33,5
23710006773000;2;1;1;0,0
23710006791000;3;2;1;0,0
23710006798000;1;1;0;0,0
23710006799000;6;2;4;51,7
23710006800000;1;1;0;0,0
23710007077000;5;4;1;47,6
23710007120000;1;1;0;0,0
23710007122000;25;10;15;38,8
23710007124000;8;3;5;37,6
23710007125000;11;6;5;42,6
23710007126000;112;49;63;44,5
23710007127000;8;4;4;53,9
23710007129000;32;18;14;46,5
23710007136000;4;1;3;0,0
23710007144000;21;13;8;43,7
23710007147000;11;6;5;54,0
23710007148000;19;10;9;37,0
23710007149000;82;48;34;39,9
23710007150000;327;158;169;34,8
23710007151000;257;127;130;40,3
23710007152000;1;1;0;0,0
23710007153000;3;2;1;0,0
23710007154000;2;1;1;0,0
23710007169000;35;18;17;45,3
23710007170000;29;15;14;53,9
23710007171000;47;23;24;38,3
23710007172000;6;2;4;37,2
23710007181000;10;5;5;44,9
23710007203000;11;6;5;49,1
23710007205000;4;2;2;0,0
23710007225000;23;10;13;38,5
23710007226000;1;1;0;0,0
23710007231000;8;5;3;47,3
23710007232000;2;1;1;0,0
23710007233000;10;4;6;47,5
23710007241000;4;2;2;0,0
23710007242000;4;2;2;0,0
23710007244000;6;3;3;20,0
23710007247000;2;2;0;0,0
23710007248000;6;3;3;61,3
23710007249000;17;8;9;31,0
23710007250000;26;15;11;37,7
23710007251000;7;3;4;52,4
23710007252000;7;3;4;54,1
23710007254000;20;9;11;47,8
23710007258000;3;1;2;0,0
23710007263000;202;92;110;41,6
23710007264000;974;443;531;43,9
23710007265000;609;289;320;39,0
23710007266000;3;1;2;0,0
23710007312000;8;2;6;54,6
23710007313000;22;12;10;42,5
23710007378000;34;19;15;37,1
23710007379000;15;8;7;62,5
23720006772000;1;1;0;0,0
23720006773000;5;3;2;51,0
23720006774000;1;0;1;0,0
23720006791000;18;9;9;56,9
23720006799000;1;1;0;0,0
23720006811000;5;1;4;28,6
23720006813000;4;2;2;0,0
23720007125000;4;3;1;0,0
23720007126000;138;65;73;57,5
23720007127000;300;150;150;44,6
23720007128000;11;5;6;48,7
23720007129000;20;10;10;48,8
23720007143000;1;1;0;0,0
23720007144000;11;4;7;40,3
23720007145000;6;3;3;30,7
23720007148000;2;1;1;0,0
23720007149000;136;72;64;38,7
23720007150000;31;13;18;33,3
23720007153000;7;4;3;37,1
23720007154000;6;3;3;50,7
23720007156000;1;1;0;0,0
23720007168000;2;1;1;0,0
23720007169000;16;7;9;33,1
23720007170000;18;10;8;56,5
23720007171000;4;2;2;0,0
23720007172000;4;3;1;0,0
23720007173000;2;1;1;0,0
23720007174000;16;8;8;38,2
23720007176000;6;2;4;35,5
23720007177000;10;7;3;19,4
23720007178000;5;4;1;27,4
23720007179000;5;3;2;45,0
23720007180000;4;3;1;0,0
23720007181000;4;2;2;0,0
23720007183000;8;5;3;45,1
23720007184000;5;1;4;47,4
23720007205000;5;4;1;30,8
23720007218000;1;1;0;0,0
23720007229000;4;2;2;0,0
23720007231000;13;8;5;39,1
23720007242000;15;9;6;47,0
23720007243000;2;0;2;0,0
23720007249000;5;3;2;42,6
23720007250000;27;13;14;41,0
23720007251000;4;1;3;0,0
23720007253000;17;11;6;37,2
23720007254000;1;1;0;0,0
23720007255000;2;1;1;0,0
23720007259000;9;3;6;33,3
23720007263000;3;1;2;0,0
23720007264000;7;1;6;18,6
23720007265000;587;290;297;30,2
23720007266000;563;276;287;35,6
23720007267000;33;16;17;30,6
23720007268000;2;1;1;0,0
23720007314000;5;1;4;32,0
23720007323000;2;1;1;0,0
23720007488000;1;0;1;0,0
23730006788000;11;6;5;30,9
23730006790000;1;1;0;0,0
23730006791000;18;6;12;64,4
23730006809000;1;1;0;0,0
23730006810000;1;1;0;0,0
23730007124000;10;5;5;31,9
23730007125000;7;3;4;51,4
23730007126000;73;37;36;43,6
23730007127000;91;53;38;39,5
23730007128000;5;4;1;28,4
23730007129000;18;8;10;44,3
23730007157000;1;1;0;0,0
23730007171000;11;7;4;45,7
23730007176000;28;17;11;40,8
23730007181000;3;1;2;0,0
23730007182000;16;8;8;28,6
23730007183000;4;2;2;0,0
23730007184000;10;3;7;32,1
23730007187000;8;3;5;31,9
23730007204000;9;5;4;54,2
23730007236000;1;1;0;0,0
23730007238000;3;2;1;0,0
23730007239000;5;3;2;48,8
23730007247000;8;4;4;37,3
23730007251000;10;6;4;47,8
23730007253000;12;7;5;35,8
23730007254000;31;19;12;30,4
23730007255000;23;13;10;34,7
23730007257000;14;9;5;27,6
23730007259000;5;2;3;56,4
23730007265000;19;13;6;46,2
23730007266000;111;55;56;34,6
23730007267000;27;13;14;30,1
23730007269000;22;14;8;37,9
23730007270000;9;4;5;40,0
23730007271000;20;11;9;47,9
23730007272000;8;4;4;60,3
23730007304000;11;6;5;61,7
23730007305000;17;10;7;43,1
23730007318000;4;2;2;0,0
23730007323000;20;13;7;32,4
23730007324000;9;5;4;44,0
23730007381000;1;0;1;0,0
23740006773000;1;1;0;0,0
23740006790000;4;3;1;0,0
23740006809000;14;11;3;44,6
23740007124000;47;25;22;32,6
23740007125000;6;4;2;35,5
23740007126000;52;27;25;32,8
23740007127000;13;7;6;30,6
23740007130000;2;1;1;0,0
23740007158000;21;11;10;37,6
23740007159000;17;8;9;46,3
23740007180000;13;6;7;40,6
23740007182000;7;4;3;43,9
23740007183000;5;2;3;37,6
23740007189000;10;6;4;37,4
23740007222000;1;1;0;0,0
23740007239000;9;5;4;39,7
23740007247000;3;2;1;0,0
23740007252000;1;1;0;0,0
23740007253000;4;2;2;0,0
23740007254000;6;3;3;52,2
23740007255000;20;11;9;25,8
23740007256000;5;2;3;25,4
23740007259000;7;4;3;31,1
23740007260000;26;16;10;39,1
23740007263000;3;1;2;0,0
23740007264000;5;4;1;16,8
23740007265000;8;5;3;29,6
23740007269000;13;9;4;58,8
23740007272000;9;5;4;39,9
23740007276000;3;1;2;0,0
23740007305000;23;12;11;41,5
23740007306000;15;7;8;45,2
23740007317000;19;8;11;38,6
23740007318000;5;3;2;68,4
23740007319000;22;14;8;28,2
23740007321000;40;18;22;36,5
23740007322000;52;25;27;39,0
23740007323000;28;16;12;41,7
23740007325000;99;52;47;41,1
23740007326000;5;2;3;49,0
23740007490000;11;4;7;32,0
23740007491000;22;12;10;48,8
23750006806000;5;4;1;43,8
23750006807000;2;1;1;0,0
23750006808000;55;26;29;48,5
23750006809000;15;10;5;37,1
23750007116000;1;1;0;0,0
23750007117000;3;2;1;0,0
23750007124000;10;5;5;26,2
23750007125000;5;3;2;41,2
23750007126000;18;8;10;41,8
23750007127000;25;13;12;36,0
23750007130000;8;4;4;44,0
23750007157000;6;3;3;61,8
23750007158000;46;22;24;39,5
23750007159000;10;6;4;47,5
23750007165000;6;2;4;38,3
23750007189000;4;3;1;0,0
23750007190000;8;3;5;36,9
23750007219000;16;9;7;33,4
23750007220000;204;103;101;38,2
23750007231000;1;1;0;0,0
23750007247000;1;0;1;0,0
23750007253000;5;3;2;55,8
23750007254000;11;6;5;30,1
23750007256000;3;2;1;0,0
23750007260000;9;5;4;33,1
23750007261000;6;2;4;34,0
23750007263000;9;5;4;43,6
23750007264000;31;17;14;37,9
23750007265000;25;15;10;34,7
23750007266000;31;13;18;31,8
23750007267000;3;1;2;0,0
23750007268000;10;5;5;28,5
23750007273000;7;4;3;63,1
23750007274000;17;9;8;36,4
23750007275000;18;11;7;47,8
23750007309000;7;3;4;35,9
23750007317000;27;12;15;62,9
23750007318000;41;22;19;39,0
23750007320000;4;3;1;0,0
23750007321000;64;33;31;45,2
23750007325000;33;17;16;59,0
23750007326000;5;3;2;34,2
23750007490000;18;13;5;38,9
23750007491000;51;29;22;43,8
23760006807000;75;34;41;50,4
23760006808000;14;7;7;63,5
23760007117000;12;8;4;46,3
23760007125000;5;4;1;52,2
23760007126000;14;6;8;38,6
23760007127000;48;24;24;38,9
23760007128000;15;10;5;39,7
23760007148000;6;3;3;45,2
23760007156000;11;6;5;39,9
23760007157000;10;5;5;53,6
23760007158000;4;3;1;0,0
23760007201000;3;2;1;0,0
23760007220000;272;128;144;51,7
23760007221000;11;5;6;46,5
23760007224000;5;3;2;28,0
23760007225000;1;1;0;0,0
23760007236000;7;4;3;38,4
23760007247000;2;2;0;0,0
23760007248000;4;3;1;0,0
23760007253000;9;5;4;34,1
23760007254000;7;3;4;21,7
23760007260000;15;8;7;36,1
23760007261000;18;11;7;29,3
23760007262000;4;2;2;0,0
23760007263000;23;15;8;26,5
23760007264000;73;38;35;36,8
23760007265000;22;12;10;41,6
23760007266000;29;13;16;35,0
23760007267000;22;10;12;28,1
23760007268000;8;5;3;42,3
23760007273000;5;3;2;53,4
23760007275000;3;2;1;0,0
23760007285000;4;3;1;0,0
23760007309000;14;8;6;41,1
23760007317000;9;5;4;27,8
23760007318000;22;8;14;47,4
23760007319000;165;90;75;34,6
23760007320000;326;168;158;40,5
23760007321000;134;69;65;35,7
23760007322000;1;0;1;0,0
23760007325000;2;1;1;0,0
23760007326000;2;0;2;0,0
23760007491000;204;102;102;40,3
23760007492000;36;17;19;38,7
23770006806000;10;5;5;39,0
23770006807000;19;10;9;42,4
23770007117000;5;3;2;35,2
23770007125000;14;7;7;39,0
23770007126000;26;11;15;33,8
23770007128000;15;7;8;27,2
23770007130000;6;4;2;39,7
23770007157000;10;4;6;34,5
23770007160000;1;1;0;0,0
23770007194000;13;7;6;47,1
23770007195000;7;4;3;53,1
23770007199000;1;0;1;0,0
23770007220000;9;4;5;73,3
23770007221000;46;21;25;42,4
23770007225000;2;1;1;0,0
23770007239000;1;1;0;0,0
23770007247000;7;3;4;58,0
23770007249000;2;1;1;0,0
23770007262000;26;15;11;41,7
23770007263000;69;37;32;29,3
23770007264000;10;5;5;49,7
23770007265000;56;24;32;32,9
23770007266000;30;18;12;41,1
23770007267000;2;1;1;0,0
23770007268000;2;1;1;0,0
23770007319000;5;3;2;28,6
23770007320000;87;39;48;46,4
23770007321000;117;59;58;36,0
23770007322000;78;46;32;39,8
23770007325000;3;2;1;0,0
23770007326000;2;1;1;0,0
23770007337000;1;1;0;0,0
23770007387000;46;26;20;48,9
23770007388000;17;11;6;52,7
23770007491000;54;29;25;45,9
23770007492000;173;85;88;37,5
23770007493000;12;7;5;54,2
23780006784000;9;6;3;71,0
23780006805000;13;4;9;46,8
23780006806000;11;8;3;45,8
23780007117000;5;1;4;24,8
23780007125000;8;4;4;44,0
23780007126000;24;11;13;51,3
23780007128000;6;3;3;40,8
23780007129000;9;5;4;57,4
23780007135000;1;1;0;0,0
23780007147000;2;1;1;0,0
23780007160000;16;10;6;44,3
23780007161000;27;13;14;31,9
23780007194000;9;2;7;32,8
23780007195000;16;7;9;32,9
23780007196000;35;20;15;46,2
23780007197000;20;13;7;41,6
23780007221000;15;7;8;39,2
23780007224000;2;1;1;0,0
23780007263000;12;6;6;21,6
23780007264000;11;7;4;40,0
23780007267000;1;1;0;0,0
23780007268000;2;1;1;0,0
23780007278000;5;3;2;58,4
23780007281000;13;8;5;27,8
23780007282000;3;3;0;0,0
23780007287000;7;6;1;42,3
23780007313000;15;10;5;40,5
23780007314000;7;3;4;66,9
23780007321000;4;2;2;0,0
23780007322000;62;33;29;38,1
23780007323000;21;12;9;37,1
23780007336000;2;1;1;0,0
23780007338000;11;6;5;39,8
23780007492000;1;1;0;0,0
23780007493000;5;3;2;29,2
23790006784000;6;2;4;34,0
23790006791000;5;2;3;71,0
23790007126000;9;5;4;37,9
23790007127000;2;1;1;0,0
23790007129000;41;23;18;38,6
23790007130000;11;6;5;33,3
23790007148000;5;2;3;56,0
23790007161000;50;28;22;43,0
23790007162000;93;46;47;44,1
23790007197000;6;2;4;46,2
23790007198000;5;2;3;34,4
23790007241000;11;7;4;44,4
23790007266000;6;3;3;15,7
23790007281000;2;0;2;0,0
23790007282000;14;8;6;42,8
23790007283000;11;8;3;45,8
23790007287000;1;0;1;0,0
23790007288000;1;1;0;0,0
23790007313000;2;1;1;0,0
23790007314000;25;12;13;51,6
23790007315000;33;16;17;40,3
23790007321000;2;1;1;0,0
23790007322000;8;5;3;54,3
23790007323000;7;5;2;54,3
23790007338000;3;1;2;0,0
23790007341000;5;2;3;49,8
23800006791000;2;1;1;0,0
23800006798000;1;1;0;0,0
23800007127000;6;2;4;42,0
23800007130000;55;31;24;38,4
23800007162000;46;23;23;52,3
23800007163000;5;4;1;20,4
23800007168000;4;3;1;0,0
23800007198000;2;1;1;0,0
23800007217000;1;0;1;0,0
23800007218000;6;2;4;19,8
23800007219000;4;2;2;0,0
23800007258000;3;2;1;0,0
23800007259000;17;9;8;58,1
23800007265000;8;3;5;31,8
23800007266000;1;0;1;0,0
23800007267000;2;1;1;0,0
23800007284000;3;2;1;0,0
23800007285000;10;5;5;30,4
23800007286000;5;2;3;44,6
23800007287000;10;5;5;60,1
23800007288000;2;1;1;0,0
23800007314000;6;3;3;47,2
23800007323000;19;13;6;45,6
23800007325000;9;6;3;29,8
23800007331000;23;8;15;50,2
23800007332000;14;7;7;54,0
23800007339000;2;0;2;0,0
23800007340000;2;1;1;0,0
23800007341000;9;5;4;62,6
23810006795000;6;4;2;37,5
23810007127000;2;1;1;0,0
23810007128000;22;12;10;45,1
23810007129000;6;2;4;38,5
23810007130000;6;4;2;53,7
23810007131000;8;5;3;38,5
23810007134000;1;1;0;0,0
23810007162000;4;3;1;0,0
23810007163000;12;4;8;49,3
23810007217000;9;5;4;56,4
23810007252000;2;1;1;0,0
23810007254000;2;2;0;0,0
23810007257000;2;1;1;0,0
23810007258000;10;6;4;53,8
23810007259000;14;6;8;61,6
23810007264000;7;5;2;54,1
23810007265000;8;4;4;43,9
23810007286000;10;6;4;56,1
23810007287000;51;25;26;37,2
23810007288000;20;10;10;34,7
23810007289000;7;5;2;49,0
23810007295000;5;4;1;54,2
23810007296000;7;4;3;45,7
23810007302000;8;5;3;66,4
23810007310000;7;3;4;39,3
23810007311000;9;5;4;52,7
23810007331000;5;2;3;25,0
23810007332000;5;2;3;31,4
23810007362000;33;18;15;25,6
23810007363000;288;150;138;31,0
23810007364000;2;1;1;0,0
23820006793000;21;12;9;47,3
23820006794000;2;1;1;0,0
23820007128000;19;7;12;46,9
23820007130000;8;5;3;61,6
23820007131000;2;1;1;0,0
23820007132000;8;2;6;41,0
23820007133000;1;1;0;0,0
23820007163000;35;16;19;33,9
23820007216000;6;3;3;31,7
23820007217000;3;2;1;0,0
23820007223000;43;22;21;40,8
23820007248000;2;1;1;0,0
23820007256000;4;2;2;0,0
23820007287000;7;2;5;38,3
23820007288000;108;44;64;47,1
23820007289000;32;15;17;35,1
23820007291000;9;6;3;29,6
23820007296000;12;5;7;41,4
23820007301000;10;2;8;23,2
23820007302000;203;107;96;45,7
23820007311000;2;1;1;0,0
23820007312000;9;5;4;39,4
23820007313000;14;8;6;47,7
23820007329000;3;2;1;0,0
23820007339000;1;1;0;0,0
23820007362000;4;3;1;0,0
23820007363000;94;49;45;34,8
23830006793000;4;2;2;0,0
23830007130000;13;8;5;30,8
23830007136000;6;2;4;34,5
23830007149000;8;5;3;42,1
23830007162000;3;2;1;0,0
23830007164000;20;10;10;36,4
23830007165000;2;1;1;0,0
23830007216000;10;6;4;46,2
23830007217000;5;3;2;43,8
23830007223000;15;8;7;35,0
23830007224000;13;8;5;40,0
23830007248000;17;8;9;19,2
23830007254000;2;1;1;0,0
23830007255000;5;3;2;29,0
23830007258000;4;2;2;0,0
23830007261000;2;1;1;0,0
23830007289000;13;6;7;50,8
23830007290000;27;14;13;38,7
23830007296000;3;2;1;0,0
23830007298000;9;4;5;59,7
23830007299000;3;1;2;0,0
23830007303000;6;4;2;52,8
23830007307000;5;2;3;66,2
23830007313000;182;87;95;37,6
23830007314000;6;3;3;26,2
23830007326000;1;1;0;0,0
23840007162000;1;1;0;0,0
23840007167000;13;6;7;45,2
23840007168000;18;10;8;40,1
23840007214000;20;8;12;39,4
23840007215000;22;10;12;42,8
23840007217000;15;9;6;27,1
23840007224000;4;2;2;0,0
23840007249000;2;1;1;0,0
23840007250000;8;4;4;42,5
23840007255000;2;2;0;0,0
23840007258000;4;2;2;0,0
23840007290000;13;8;5;41,6
23840007291000;9;6;3;34,7
23840007296000;2;1;1;0,0
23840007297000;13;5;8;42,4
23840007298000;15;7;8;39,8
23840007304000;2;1;1;0,0
23840007307000;24;10;14;50,6
23840007308000;8;3;5;37,4
23840007310000;2;1;1;0,0
23840007313000;17;13;4;18,9
23840007314000;33;19;14;47,7
23840007315000;33;19;14;40,3
23840007316000;42;24;18;43,5
23840007317000;3;1;2;0,0
23840007326000;11;7;4;49,3
23840007330000;2;1;1;0,0
23840007331000;8;5;3;32,6
23840007332000;19;9;10;32,1
23850007149000;1;0;1;0,0
23850007167000;3;2;1;0,0
23850007168000;3;0;3;0,0
23850007169000;3;2;1;0,0
23850007170000;2;1;1;0,0
23850007251000;2;2;0;0,0
23850007254000;1;0;1;0,0
23850007255000;6;4;2;55,3
23850007256000;45;18;27;34,9
23850007260000;2;1;1;0,0
23850007291000;5;3;2;48,2
23850007292000;12;5;7;29,4
23850007298000;3;2;1;0,0
23850007305000;3;1;2;0,0
23850007307000;7;5;2;47,3
23850007308000;10;4;6;38,4
23850007311000;8;6;2;50,8
23850007314000;36;17;19;34,5
23850007315000;5;2;3;61,0
23850007316000;4;2;2;0,0
23850007317000;4;3;1;0,0
23850007318000;8;3;5;35,5
23850007331000;2;2;0;0,0
23850007332000;4;1;3;0,0
23850007333000;15;6;9;39,4
23850007334000;29;16;13;41,0
23860007101000;2;1;1;0,0
23860007149000;1;1;0;0,0
23860007254000;6;3;3;50,0
23860007255000;149;67;82;45,1
23860007256000;125;58;67;39,9
23860007257000;8;5;3;29,0
23860007259000;3;2;1;0,0
23860007260000;3;2;1;0,0
23860007292000;2;1;1;0,0
23860007298000;2;1;1;0,0
23860007299000;6;2;4;46,3
23860007306000;2;2;0;0,0
23860007308000;4;2;2;0,0
23860007309000;2;1;1;0,0
23860007311000;3;1;2;0,0
23860007315000;5;2;3;48,4
23860007316000;19;9;10;34,4
23860007317000;15;6;9;32,0
23860007318000;3;1;2;0,0
23860007319000;2;1;1;0,0
23860007320000;6;4;2;46,5
23860007327000;9;6;3;40,7
23860007333000;16;8;8;45,3
23860007334000;179;86;93;35,8
23860007335000;8;4;4;29,8
23860007336000;1;0;1;0,0
23860007343000;3;2;1;0,0
23870007172000;4;2;2;0,0
23870007245000;3;2;1;0,0
23870007255000;3;2;1;0,0
23870007258000;2;1;1;0,0
23870007259000;26;15;11;40,4
23870007267000;1;1;0;0,0
23870007294000;1;1;0;0,0
23870007299000;12;5;7;47,8
23870007300000;4;1;3;0,0
23870007301000;1;0;1;0,0
23870007310000;4;3;1;0,0
23870007311000;4;2;2;0,0
23870007317000;7;4;3;57,3
23870007318000;23;12;11;43,2
23870007319000;39;18;21;43,4
23870007320000;10;6;4;41,6
23870007321000;4;2;2;0,0
23870007327000;2;1;1;0,0
23870007328000;6;4;2;62,7
23870007333000;17;9;8;42,8
23870007334000;30;13;17;33,8
23870007335000;4;2;2;0,0
23870007336000;1;0;1;0,0
23870007337000;27;15;12;34,9
23870007342000;9;6;3;41,9
23880007163000;2;1;1;0,0
23880007173000;6;3;3;32,8
23880007239000;1;1;0;0,0
23880007254000;22;13;9;47,0
23880007259000;31;17;14;44,5
23880007269000;1;1;0;0,0
23880007294000;2;1;1;0,0
23880007295000;20;9;11;45,7
23880007299000;1;1;0;0,0
23880007311000;17;12;5;32,0
23880007319000;3;2;1;0,0
23880007320000;18;9;9;35,4
23880007321000;198;90;108;30,0
23880007322000;182;93;89;33,7
23880007328000;2;0;2;0,0
23880007333000;7;3;4;34,9
23880007337000;11;6;5;47,5
23880007341000;5;4;1;18,0
23880007344000;1;1;0;0,0
23880007406000;9;6;3;32,4
23890007173000;1;1;0;0,0
23890007242000;2;1;1;0,0
23890007245000;3;1;2;0,0
23890007253000;3;2;1;0,0
23890007254000;5;2;3;44,0
23890007256000;3;2;1;0,0
23890007257000;5;3;2;45,2
23890007288000;7;4;3;63,7
23890007291000;34;22;12;40,8
23890007294000;2;1;1;0,0
23890007295000;1;0;1;0,0
23890007296000;3;2;1;0,0
23890007319000;23;12;11;47,5
23890007320000;14;7;7;58,3
23890007321000;53;25;28;32,1
23890007322000;751;380;371;37,2
23890007323000;17;6;11;41,2
23890007329000;5;2;3;62,0
23890007333000;1;1;0;0,0
23890007334000;2;2;0;0,0
23890007336000;16;8;8;33,6
23890007337000;32;16;16;49,6
23890007340000;34;14;20;50,7
23890007341000;63;30;33;42,9
23890007342000;4;2;2;0,0
23890007344000;3;2;1;0,0
23890007345000;1;1;0;0,0
23890007407000;11;7;4;61,3
23900007184000;6;3;3;36,7
23900007185000;4;3;1;0,0
23900007239000;2;1;1;0,0
23900007241000;3;2;1;0,0
23900007243000;11;5;6;40,2
23900007244000;2;1;1;0,0
23900007245000;16;11;5;32,5
23900007246000;29;14;15;41,0
23900007250000;1;1;0;0,0
23900007251000;2;1;1;0,0
23900007291000;7;3;4;39,0
23900007319000;2;1;1;0,0
23900007320000;16;10;6;39,8
23900007321000;46;21;25;33,4
23900007322000;278;128;150;41,7
23900007323000;904;456;448;42,3
23900007329000;3;1;2;0,0
23900007330000;10;6;4;38,6
23900007331000;101;53;48;35,3
23900007332000;3;1;2;0,0
23900007334000;1;1;0;0,0
23900007338000;9;5;4;52,3
23900007340000;16;5;11;57,3
23900007341000;91;46;45;34,3
23900007345000;28;17;11;41,3
23900007346000;1;1;0;0,0
23900007361000;4;1;3;0,0
23900007364000;1;1;0;0,0
23910007175000;8;3;5;51,3
23910007176000;3;3;0;0,0
23910007240000;6;3;3;51,3
23910007241000;6;4;2;46,2
23910007246000;25;11;14;28,6
23910007248000;21;10;11;26,0
23910007249000;2;2;0;0,0
23910007251000;11;5;6;28,0
23910007252000;4;2;2;0,0
23910007306000;5;3;2;68,8
23910007307000;1;1;0;0,0
23910007319000;5;2;3;18,2
23910007320000;4;2;2;0,0
23910007321000;14;7;7;43,4
23910007322000;149;75;74;39,1
23910007323000;1057;498;559;40,7
23910007324000;237;115;122;40,1
23910007331000;6;4;2;53,5
23910007332000;30;20;10;33,6
23910007334000;7;3;4;26,6
23910007336000;5;3;2;37,8
23910007338000;3;2;1;0,0
23910007343000;3;1;2;0,0
23910007344000;28;15;13;26,7
23910007345000;21;9;12;46,9
23910007346000;17;8;9;56,2
23910007361000;6;3;3;36,2
23910007362000;99;42;57;43,2
23920007238000;2;1;1;0,0
23920007243000;10;5;5;39,7
23920007246000;1;1;0;0,0
23920007248000;10;3;7;62,7
23920007249000;6;3;3;68,0
23920007252000;4;3;1;0,0
23920007320000;3;2;1;0,0
23920007321000;10;6;4;33,2
23920007322000;166;93;73;36,0
23920007323000;948;493;455;37,0
23920007324000;715;340;375;43,0
23920007332000;6;3;3;41,8
23920007335000;4;2;2;0,0
23920007336000;13;8;5;45,9
23920007337000;2;2;0;0,0
23920007339000;76;32;44;49,9
23920007340000;7;4;3;52,9
23920007341000;12;6;6;43,8
23920007342000;3;2;1;0,0
23920007343000;31;19;12;41,5
23920007344000;10;6;4;22,6
23920007345000;21;11;10;59,2
23920007346000;2;0;2;0,0
23920007362000;153;73;80;44,7
23920007363000;23;12;11;47,9
23930007176000;14;7;7;51,4
23930007239000;2;1;1;0,0
23930007248000;3;2;1;0,0
23930007302000;1;1;0;0,0
23930007303000;1;1;0;0,0
23930007323000;309;167;142;35,4
23930007324000;54;29;25;44,5
23930007342000;1;1;0;0,0
23930007343000;2;1;1;0,0
23930007362000;52;27;25;48,4
23930007363000;1;1;0;0,0
23940007177000;2;1;1;0,0
23940007178000;14;9;5;40,8
23940007179000;4;1;3;0,0
23940007239000;3;1;2;0,0
23940007304000;1;1;0;0,0
23940007305000;1;0;1;0,0
23940007324000;12;6;6;42,5
23940007325000;2;1;1;0,0
23940007326000;1;1;0;0,0
23940007328000;6;2;4;22,0
23940007360000;2;2;0;0,0
23940007362000;2;2;0;0,0
23940007363000;5;3;2;56,2
23940007385000;8;3;5;37,9
23940007386000;11;5;6;40,8
23950007175000;3;2;1;0,0
23950007176000;4;1;3;0,0
23950007179000;6;4;2;44,2
23950007180000;2;1;1;0,0
23950007314000;4;3;1;0,0
23950007326000;80;39;41;34,7
23950007327000;13;7;6;47,5
23950007328000;51;26;25;47,9
23950007329000;12;6;6;30,8
23950007383000;3;1;2;0,0
23950007385000;18;11;7;47,3
23950007387000;40;22;18;34,1
23950007388000;12;7;5;38,0
23960007174000;8;2;6;54,0
23960007180000;10;6;4;34,0
23960007238000;11;5;6;54,0
23960007239000;1;0;1;0,0
23960007280000;1;1;0;0,0
23960007282000;4;3;1;0,0
23960007314000;2;1;1;0,0
23960007326000;17;10;7;39,1
23960007327000;56;30;26;42,4
23960007328000;16;8;8;25,1
23960007329000;3;1;2;0,0
23960007330000;7;4;3;35,7
23960007331000;1;1;0;0,0
23960007337000;6;3;3;30,2
23960007338000;6;4;2;48,8
23960007339000;8;3;5;53,9
23960007341000;6;4;2;36,0
23960007385000;1;1;0;0,0
23960007387000;16;8;8;48,4
23960007388000;2;1;1;0,0
23970007176000;2;2;0;0,0
23970007181000;58;29;29;56,2
23970007182000;48;22;26;42,3
23970007239000;2;1;1;0,0
23970007310000;4;2;2;0,0
23970007311000;2;1;1;0,0
23970007312000;3;1;2;0,0
23970007327000;13;8;5;28,2
23970007328000;7;5;2;42,6
23970007329000;4;2;2;0,0
23970007330000;7;2;5;26,7
23970007331000;7;3;4;53,7
23970007337000;5;2;3;26,2
23970007338000;39;21;18;35,1
23970007340000;5;2;3;66,4
23970007341000;21;14;7;45,0
23970007342000;4;3;1;0,0
23970007350000;1;1;0;0,0
23970007351000;6;3;3;63,0
23970007385000;5;2;3;49,0
23970007386000;5;4;1;64,8
23980007182000;8;4;4;60,4
23980007184000;4;2;2;0,0
23980007318000;1;0;1;0,0
23980007327000;27;14;13;41,9
23980007328000;65;33;32;39,8
23980007338000;2;1;1;0,0
23990007185000;4;3;1;0,0
23990007195000;13;8;5;28,7
23990007310000;1;1;0;0,0
23990007319000;26;14;12;48,5
23990007327000;22;10;12;48,4
23990007328000;21;12;9;38,2
23990007329000;7;5;2;39,7
23990007333000;10;6;4;40,7
23990007339000;22;10;12;29,8
23990007346000;46;23;23;37,6
23990007349000;5;1;4;43,6
24000007310000;6;3;3;52,0
24000007317000;3;2;1;0,0
24000007319000;10;6;4;44,9
24000007327000;3;2;1;0,0
24000007328000;7;4;3;52,3
24000007329000;24;14;10;51,7
24000007338000;7;2;5;55,9
24000007339000;18;7;11;41,9
24000007346000;11;5;6;30,7
24000007347000;1;0;1;0,0
24000007508000;5;3;2;30,6
24010007184000;1;1;0;0,0
24010007187000;2;2;0;0,0
24010007320000;1;0;1;0,0
24010007327000;11;5;6;50,0
24010007328000;4;1;3;0,0
24010007329000;7;3;4;56,6
24010007334000;4;3;1;0,0
24010007345000;2;1;1;0,0
24010007346000;3;2;1;0,0
24010007354000;2;1;1;0,0
24010007506000;42;18;24;39,9
24010007507000;92;39;53;46,9
24010007508000;48;26;22;37,3
24010007510000;2;0;2;0,0
24020007172000;5;3;2;18,8
24020007173000;4;2;2;0,0
24020007245000;3;2;1;0,0
24020007317000;2;1;1;0,0
24020007318000;2;1;1;0,0
24020007320000;14;8;6;42,1
24020007327000;7;5;2;58,6
24020007329000;49;28;21;36,1
24020007335000;9;5;4;70,9
24020007346000;2;1;1;0,0
24020007347000;1;0;1;0,0
24020007365000;8;4;4;26,3
24020007505000;18;7;11;33,8
24020007506000;122;58;64;40,9
24020007507000;220;111;109;41,7
24020007508000;1;0;1;0,0
24020007510000;23;13;10;46,6
24030007246000;3;2;1;0,0
24030007328000;10;3;7;13,4
24030007329000;37;23;14;35,6
24030007340000;4;3;1;0,0
24030007348000;8;4;4;72,0
24030007354000;1;1;0;0,0
24030007365000;103;54;49;46,2
24030007367000;10;4;6;32,2
24030007368000;39;17;22;36,1
24030007370000;4;2;2;0,0
24030007371000;5;2;3;31,4
24030007379000;2;1;1;0,0
24030007380000;5;3;2;57,0
24030007382000;2;1;1;0,0
24030007383000;1;1;0;0,0
24030007506000;146;69;77;37,5
24030007510000;12;6;6;52,8
24040007246000;9;5;4;56,7
24040007311000;5;2;3;34,2
24040007319000;1;1;0;0,0
24040007321000;4;2;2;0,0
24040007323000;20;10;10;47,6
24040007327000;1;1;0;0,0
24040007328000;2;1;1;0,0
24040007329000;30;16;14;50,1
24040007330000;1;1;0;0,0
24040007341000;2;1;1;0,0
24040007349000;2;1;1;0,0
24040007350000;1;1;0;0,0
24040007365000;61;29;32;39,7
24040007366000;103;54;49;43,7
24040007367000;26;16;10;41,7
24040007368000;7;3;4;38,0
24040007379000;1;1;0;0,0
24040007382000;24;13;11;32,8
24040007383000;4;3;1;0,0
24040007384000;2;0;2;0,0
24050007192000;101;49;52;38,8
24050007246000;12;6;6;54,8
24050007311000;5;3;2;59,8
24050007312000;1;1;0;0,0
24050007322000;7;4;3;55,7
24050007323000;19;9;10;49,8
24050007327000;7;4;3;36,7
24050007328000;12;8;4;53,1
24050007329000;22;11;11;33,0
24050007330000;23;14;9;36,2
24050007351000;1;1;0;0,0
24050007366000;39;19;20;46,1
24050007380000;1;0;1;0,0
24050007382000;1;0;1;0,0
24050007383000;3;1;2;0,0
24060007110000;3;2;1;0,0
24060007192000;13;5;8;38,9
24060007193000;14;7;7;38,6
24060007313000;4;1;3;0,0
24060007317000;1;1;0;0,0
24060007322000;4;2;2;0,0
24060007323000;2;1;1;0,0
24060007324000;5;1;4;61,4
24060007328000;313;153;160;42,2
24060007329000;137;68;69;36,6
24060007330000;14;5;9;32,7
24060007340000;4;2;2;0,0
24060007346000;3;2;1;0,0
24060007347000;2;1;1;0,0
24070007192000;2;2;0;0,0
24070007313000;1;1;0;0,0
24070007322000;9;4;5;54,0
24070007323000;12;5;7;29,1
24070007324000;35;18;17;32,2
24070007325000;24;14;10;42,6
24070007328000;188;89;99;38,0
24070007329000;2;1;1;0,0
24070007341000;25;14;11;48,1
24070007342000;26;11;15;46,3
24070007343000;2;1;1;0,0
24070007346000;1;1;0;0,0
24070007347000;9;5;4;36,0
24080007190000;6;3;3;37,3
24080007192000;9;5;4;31,2
24080007193000;5;3;2;55,4
24080007195000;2;1;1;0,0
24080007196000;5;3;2;58,6
24080007199000;11;4;7;36,9
24080007200000;6;2;4;26,0
24080007323000;4;3;1;0,0
24080007324000;6;3;3;25,3
24080007325000;18;12;6;25,4
24080007326000;13;10;3;26,6
24080007328000;1;0;1;0,0
24080007329000;19;11;8;40,2
24080007341000;1;0;1;0,0
24080007342000;6;1;5;32,8
24080007343000;2;1;1;0,0
24080007344000;8;3;5;40,5
24080007349000;5;2;3;58,0
24080007366000;1;1;0;0,0
24080007372000;1;1;0;0,0
24080007386000;3;2;1;0,0
24080007387000;3;2;1;0,0
24090007169000;11;5;6;37,8
24090007170000;19;10;9;44,5
24090007199000;9;4;5;47,3
24090007200000;7;5;2;37,6
24090007326000;32;20;12;36,2
24090007327000;25;12;13;51,6
24090007329000;20;11;9;48,5
24090007338000;7;5;2;42,3
24090007347000;3;2;1;0,0
24090007351000;2;1;1;0,0
24090007375000;43;23;20;42,7
24090007376000;30;12;18;27,5
24100007169000;5;3;2;65,8
24100007170000;2;1;1;0,0
24100007194000;2;1;1;0,0
24100007195000;5;3;2;13,0
24100007201000;2;1;1;0,0
24100007327000;5;3;2;51,4
24100007329000;27;12;15;52,8
24100007330000;15;8;7;32,8
24100007342000;76;40;36;36,9
24100007343000;551;265;286;42,0
24100007347000;3;2;1;0,0
24100007351000;7;4;3;43,0
24100007358000;18;8;10;39,3
24100007385000;10;6;4;45,8
24110007195000;2;1;1;0,0
24110007196000;14;5;9;48,1
24110007315000;1;1;0;0,0
24110007328000;2;1;1;0,0
24110007329000;22;12;10;41,6
24110007330000;18;9;9;49,9
24110007331000;4;2;2;0,0
24110007341000;9;4;5;48,1
24110007342000;208;108;100;33,6
24110007343000;526;255;271;36,3
24110007348000;4;2;2;0,0
24110007358000;27;14;13;45,6
24110007359000;5;2;3;62,6
24110007378000;69;37;32;48,0
24110007379000;2;1;1;0,0
24110007380000;4;2;2;0,0
24110007384000;20;10;10;39,9
24110007385000;8;4;4;30,0
24110007389000;25;13;12;30,2
24110007390000;20;10;10;36,9
24120007171000;13;7;6;32,1
24120007172000;4;2;2;0,0
24120007197000;10;3;7;57,0
24120007198000;12;8;4;42,3
24120007200000;5;3;2;23,0
24120007201000;140;65;75;44,1
24120007202000;31;17;14;51,7
24120007313000;6;3;3;58,5
24120007329000;4;3;1;0,0
24120007330000;11;5;6;35,4
24120007332000;15;8;7;41,6
24120007333000;4;2;2;0,0
24120007338000;10;5;5;41,2
24120007341000;4;2;2;0,0
24120007343000;6;3;3;22,0
24120007344000;8;6;2;64,6
24120007345000;6;3;3;38,3
24120007348000;6;4;2;47,2
24120007362000;3;2;1;0,0
24120007368000;1;1;0;0,0
24120007369000;3;2;1;0,0
24120007377000;18;10;8;49,9
24120007378000;19;12;7;51,4
24120007388000;2;1;1;0,0
24120007389000;13;8;5;23,5
24120007390000;18;10;8;30,9
24120007391000;7;4;3;32,3
24130007171000;19;7;12;42,4
24130007172000;2;1;1;0,0
24130007197000;8;4;4;31,8
24130007198000;4;2;2;0,0
24130007199000;17;10;7;43,7
24130007200000;6;3;3;29,7
24130007201000;45;24;21;39,2
24130007202000;16;6;10;48,1
24130007203000;1;1;0;0,0
24130007308000;3;3;0;0,0
24130007313000;1;1;0;0,0
24130007314000;2;2;0;0,0
24130007330000;1;0;1;0,0
24130007332000;5;1;4;27,4
24130007333000;22;8;14;43,3
24130007338000;18;11;7;40,1
24130007341000;11;4;7;48,0
24130007345000;8;6;2;34,1
24130007349000;6;2;4;59,8
24130007362000;2;1;1;0,0
24130007369000;1;1;0;0,0
24130007376000;5;3;2;53,8
24130007392000;2;1;1;0,0
24140007201000;8;3;5;27,6
24140007202000;16;7;9;42,3
24140007203000;4;2;2;0,0
24140007204000;7;4;3;62,6
24140007279000;2;1;1;0,0
24140007299000;6;1;5;37,5
24140007314000;5;3;2;33,0
24140007315000;25;11;14;30,2
24140007330000;1;1;0;0,0
24140007331000;9;5;4;44,2
24140007333000;6;4;2;53,0
24140007338000;42;24;18;45,3
24140007339000;7;3;4;43,7
24140007342000;30;17;13;36,2
24140007345000;6;4;2;25,8
24140007346000;6;4;2;58,7
24140007347000;4;1;3;0,0
24140007349000;7;3;4;44,0
24140007350000;8;5;3;58,6
24140007356000;6;2;4;49,2
24140007363000;26;12;14;41,0
24140007376000;22;10;12;45,9
24140007381000;1;1;0;0,0
24140007394000;41;20;21;51,9
24140007395000;46;23;23;50,1
24140007530000;4;2;2;0,0
24140007531000;2;2;0;0,0
24150007178000;3;2;1;0,0
24150007206000;6;4;2;36,0
24150007279000;10;7;3;44,8
24150007284000;3;1;2;0,0
24150007286000;2;1;1;0,0
24150007311000;23;12;11;47,6
24150007312000;40;22;18;48,7
24150007313000;20;12;8;44,0
24150007314000;27;13;14;59,0
24150007315000;86;47;39;44,0
24150007316000;4;2;2;0,0
24150007339000;8;4;4;50,0
24150007342000;1;1;0;0,0
24150007347000;6;5;1;40,7
24150007348000;1;1;0;0,0
24150007349000;10;4;6;37,5
24150007350000;1;1;0;0,0
24150007351000;2;1;1;0,0
24150007357000;7;3;4;27,9
24150007363000;2;1;1;0,0
24150007364000;27;12;15;45,9
24150007365000;15;7;8;35,1
24150007366000;2;1;1;0,0
24150007371000;4;3;1;0,0
24150007374000;2;1;1;0,0
24150007375000;2;1;1;0,0
24150007376000;53;28;25;42,0
24150007377000;59;30;29;49,0
24150007378000;2;1;1;0,0
24150007394000;24;11;13;34,9
24150007395000;60;31;29;34,3
24150007530000;88;52;36;39,3
24150007531000;45;25;20;46,1
24150007540000;3;1;2;0,0
24160007180000;2;2;0;0,0
24160007297000;9;5;4;40,0
24160007298000;1;1;0;0,0
24160007299000;6;5;1;27,5
24160007306000;23;15;8;28,4
24160007307000;37;21;16;28,8
24160007310000;73;41;32;42,6
24160007311000;41;23;18;40,0
24160007315000;24;13;11;35,0
24160007316000;33;17;16;49,9
24160007317000;3;2;1;0,0
24160007348000;21;12;9;38,3
24160007358000;3;1;2;0,0
24160007359000;1;1;0;0,0
24160007364000;45;27;18;52,7
24160007365000;10;7;3;59,6
24160007376000;27;14;13;34,9
24160007531000;141;69;72;45,4
24160007532000;11;8;3;47,7
24160007539000;1;0;1;0,0
24160007542000;1;0;1;0,0
24160007543000;1;1;0;0,0
24170007209000;4;3;1;0,0
24170007210000;16;10;6;23,8
24170007211000;16;8;8;37,1
24170007298000;18;11;7;47,8
24170007299000;8;4;4;45,6
24170007300000;18;8;10;36,1
24170007301000;30;19;11;38,4
24170007302000;1031;479;552;49,6
24170007303000;1002;495;507;44,0
24170007304000;626;325;301;37,5
24170007305000;602;317;285;42,7
24170007306000;1505;763;742;35,8
24170007307000;285;145;140;28,0
24170007308000;35;19;16;37,7
24170007309000;1;1;0;0,0
24170007310000;34;21;13;34,6
24170007311000;3;1;2;0,0
24170007316000;34;16;18;39,7
24170007317000;25;13;12;47,4
24170007318000;5;3;2;31,6
24170007340000;7;4;3;48,9
24170007349000;15;8;7;45,1
24170007350000;3;1;2;0,0
24170007358000;15;10;5;25,3
24170007359000;1;1;0;0,0
24170007365000;29;17;12;51,0
24170007366000;15;9;6;52,3
24170007368000;5;3;2;36,4
24170007369000;5;3;2;27,6
24170007370000;3;1;2;0,0
24170007373000;6;4;2;68,3
24170007531000;47;26;21;48,6
24170007532000;202;107;95;43,6
24170007533000;32;16;16;52,4
24170007543000;1;1;0;0,0
24180007151000;7;3;4;39,3
24180007213000;17;9;8;35,6
24180007288000;2;1;1;0,0
24180007289000;2;2;0;0,0
24180007290000;17;9;8;39,6
24180007291000;20;13;7;35,5
24180007292000;47;23;24;38,5
24180007293000;2;1;1;0,0
24180007294000;3;1;2;0,0
24180007295000;26;10;16;47,9
24180007296000;30;16;14;41,7
24180007297000;18;12;6;37,2
24180007298000;9;5;4;44,0
24180007299000;13;6;7;39,8
24180007300000;214;120;94;40,1
24180007301000;1452;734;718;43,5
24180007302000;832;407;425;46,3
24180007303000;742;345;397;40,8
24180007304000;189;91;98;43,0
24180007305000;195;95;100;40,6
24180007306000;152;76;76;35,9
24180007307000;13;6;7;41,7
24180007315000;20;9;11;40,4
24180007316000;26;13;13;43,6
24180007317000;21;12;9;45,0
24180007318000;156;78;78;34,0
24180007349000;10;4;6;45,3
24180007350000;6;5;1;39,8
24180007351000;21;13;8;25,6
24180007364000;6;4;2;45,5
24180007366000;2;1;1;0,0
24180007372000;5;3;2;57,4
24180007373000;36;22;14;51,8
24180007533000;32;19;13;36,7
24180007539000;1;1;0;0,0
24190007213000;1;1;0;0,0
24190007214000;2;1;1;0,0
24190007285000;8;6;2;58,0
24190007286000;5;2;3;63,0
24190007288000;3;2;1;0,0
24190007293000;11;6;5;30,3
24190007294000;37;19;18;35,9
24190007295000;15;7;8;35,5
24190007296000;31;17;14;20,5
24190007298000;3;2;1;0,0
24190007299000;6;4;2;42,7
24190007301000;805;385;420;40,2
24190007302000;99;54;45;34,3
24190007305000;13;6;7;29,0
24190007306000;6;4;2;59,3
24190007307000;18;10;8;31,1
24190007308000;33;17;16;27,9
24190007317000;55;29;26;27,0
24190007318000;13;6;7;41,8
24190007319000;7;5;2;53,9
24190007320000;2;1;1;0,0
24190007351000;7;4;3;58,7
24190007384000;7;3;4;29,0
24190007536000;223;117;106;48,8
24190007537000;101;59;42;43,5
24200007154000;3;3;0;0,0
24200007216000;4;2;2;0,0
24200007217000;2;1;1;0,0
24200007218000;13;4;9;45,0
24200007279000;5;3;2;69,6
24200007280000;7;3;4;42,1
24200007284000;9;6;3;57,4
24200007285000;5;3;2;48,0
24200007287000;2;1;1;0,0
24200007288000;2;1;1;0,0
24200007293000;9;5;4;31,6
24200007296000;3;1;2;0,0
24200007297000;12;6;6;43,2
24200007298000;11;4;7;51,9
24200007299000;20;10;10;34,4
24200007300000;11;6;5;39,2
24200007301000;61;35;26;41,9
24200007302000;6;4;2;38,2
24200007303000;9;4;5;54,7
24200007304000;6;3;3;33,3
24200007305000;40;24;16;32,9
24200007308000;18;13;5;35,9
24200007309000;17;11;6;48,8
24200007311000;7;5;2;23,4
24200007312000;2;1;1;0,0
24200007318000;20;12;8;39,1
24200007319000;2;0;2;0,0
24200007320000;24;12;12;38,5
24200007341000;8;5;3;50,9
24200007351000;2;1;1;0,0
24200007371000;1;1;0;0,0
24200007372000;24;13;11;61,2
24200007375000;18;11;7;36,1
24200007376000;41;20;21;31,2
24200007377000;39;20;19;33,3
24200007378000;6;2;4;48,0
24200007393000;6;2;4;41,0
24200007536000;23;11;12;44,0
24200007537000;98;53;45;35,3
24210007153000;11;7;4;44,4
24210007178000;3;2;1;0,0
24210007181000;4;2;2;0,0
24210007218000;6;3;3;61,5
24210007219000;12;7;5;70,1
24210007221000;4;3;1;0,0
24210007278000;4;3;1;0,0
24210007279000;7;6;1;25,7
24210007288000;6;3;3;30,7
24210007289000;5;3;2;59,0
24210007290000;18;9;9;28,8
24210007293000;6;4;2;35,2
24210007294000;11;7;4;38,5
24210007296000;3;3;0;0,0
24210007300000;5;2;3;27,8
24210007301000;90;47;43;35,4
24210007302000;21;10;11;44,0
24210007303000;37;17;20;36,2
24210007304000;47;25;22;43,3
24210007305000;6;4;2;52,5
24210007309000;54;30;24;44,4
24210007311000;46;25;21;30,3
24210007312000;16;10;6;41,4
24210007319000;4;3;1;0,0
24210007321000;1;1;0;0,0
24210007322000;7;2;5;41,6
24210007370000;1;1;0;0,0
24210007372000;7;3;4;61,3
24210007375000;3;0;3;0,0
24210007389000;4;2;2;0,0
24210007392000;2;1;1;0,0
24210007396000;30;15;15;31,4
24210007410000;29;15;14;51,3
24210007537000;9;4;5;44,2
24210007538000;33;18;15;46,0
24210007549000;2;1;1;0,0
24220007153000;6;3;3;70,5
24220007224000;5;2;3;64,8
24220007225000;2;1;1;0,0
24220007248000;8;4;4;43,0
24220007276000;1;0;1;0,0
24220007277000;9;5;4;39,9
24220007278000;2;1;1;0,0
24220007300000;25;13;12;34,2
24220007301000;32;17;15;42,3
24220007302000;30;22;8;25,9
24220007303000;14;7;7;36,6
24220007304000;38;23;15;29,6
24220007309000;14;8;6;32,7
24220007310000;56;30;26;44,0
24220007311000;39;22;17;40,1
24220007312000;20;9;11;46,0
24220007319000;2;1;1;0,0
24220007320000;2;1;1;0,0
24220007321000;1;0;1;0,0
24220007322000;1;1;0;0,0
24220007323000;11;6;5;38,7
24220007387000;2;1;1;0,0
24220007390000;3;2;1;0,0
24220007395000;20;11;9;49,3
24220007410000;75;41;34;46,2
24220007549000;1;0;1;0,0
24220007550000;4;2;2;0,0
24220007551000;1;1;0;0,0
24220007552000;4;2;2;0,0
24220007553000;11;5;6;29,0
24220007554000;29;14;15;36,0
24220007555000;1;1;0;0,0
24230007151000;2;1;1;0,0
24230007152000;6;3;3;50,8
24230007153000;5;4;1;51,8
24230007186000;17;9;8;36,5
24230007226000;2;1;1;0,0
24230007227000;26;13;13;38,9
24230007228000;17;9;8;51,9
24230007229000;9;4;5;52,8
24230007234000;1;0;1;0,0
24230007275000;7;4;3;45,4
24230007276000;3;2;1;0,0
24230007297000;8;4;4;29,5
24230007298000;8;5;3;31,4
24230007299000;5;2;3;45,4
24230007300000;11;5;6;38,1
24230007309000;5;3;2;41,2
24230007310000;30;15;15;45,3
24230007312000;16;11;5;31,7
24230007319000;6;3;3;34,5
24230007320000;2;1;1;0,0
24230007322000;9;6;3;46,3
24230007323000;10;5;5;46,2
24230007324000;7;4;3;33,0
24230007325000;5;4;1;36,8
24230007341000;7;5;2;43,0
24230007374000;7;4;3;55,1
24230007375000;4;2;2;0,0
24230007389000;6;5;1;21,3
24230007391000;1;1;0;0,0
24230007392000;5;3;2;60,8
24230007399000;5;2;3;23,8
24230007400000;3;2;1;0,0
24230007401000;16;8;8;38,9
24230007402000;9;4;5;23,1
24230007404000;18;8;10;36,7
24230007543000;9;5;4;58,1
24230007544000;19;7;12;49,7
24230007545000;14;6;8;56,3
24230007546000;35;20;15;39,5
24230007548000;1;0;1;0,0
24230007550000;4;1;3;0,0
24230007552000;33;16;17;46,7
24230007553000;89;42;47;45,8
24230007554000;20;13;7;45,9
24240007152000;6;3;3;40,5
24240007193000;17;11;6;36,0
24240007224000;2;2;0;0,0
24240007252000;1;0;1;0,0
24240007255000;4;3;1;0,0
24240007269000;2;1;1;0,0
24240007273000;4;3;1;0,0
24240007299000;4;2;2;0,0
24240007300000;4;2;2;0,0
24240007301000;22;10;12;39,3
24240007310000;8;4;4;48,5
24240007312000;2;1;1;0,0
24240007324000;11;5;6;35,7
24240007325000;14;5;9;40,2
24240007342000;2;1;1;0,0
24240007375000;4;2;2;0,0
24240007376000;8;3;5;41,6
24240007377000;4;2;2;0,0
24240007389000;30;18;12;35,8
24240007390000;105;56;49;34,0
24240007392000;5;3;2;66,4
24240007398000;6;3;3;37,3
24240007399000;30;16;14;33,9
24240007400000;37;18;19;37,3
24240007401000;6;2;4;32,5
24240007404000;2;1;1;0,0
24240007544000;11;8;3;37,2
24240007545000;8;4;4;25,1
24240007546000;38;19;19;35,1
24250007146000;6;3;3;49,8
24250007149000;3;2;1;0,0
24250007152000;16;8;8;44,6
24250007183000;14;6;8;38,9
24250007193000;3;1;2;0,0
24250007198000;3;2;1;0,0
24250007219000;1;1;0;0,0
24250007229000;2;1;1;0,0
24250007255000;7;3;4;47,0
24250007256000;5;3;2;55,8
24250007257000;9;5;4;47,3
24250007258000;57;31;26;42,7
24250007259000;2;0;2;0,0
24250007260000;12;6;6;46,8
24250007261000;14;8;6;39,9
24250007265000;3;1;2;0,0
24250007266000;1;1;0;0,0
24250007267000;19;10;9;59,2
24250007268000;26;12;14;64,4
24250007269000;280;144;136;46,6
24250007270000;33;16;17;44,7
24250007271000;9;6;3;51,2
24250007274000;17;8;9;48,8
24250007275000;30;15;15;46,4
24250007276000;1;0;1;0,0
24250007300000;12;7;5;35,9
24250007301000;14;7;7;35,5
24250007302000;1;1;0;0,0
24250007303000;24;10;14;35,3
24250007309000;12;2;10;32,5
24250007310000;2;1;1;0,0
24250007311000;1;1;0;0,0
24250007312000;8;5;3;51,6
24250007319000;13;7;6;42,1
24250007325000;8;3;5;45,6
24250007326000;18;9;9;35,6
24250007343000;8;5;3;53,5
24250007371000;1;1;0;0,0
24250007377000;1;0;1;0,0
24250007391000;11;5;6;33,5
24250007398000;15;9;6;47,2
24250007399000;10;6;4;25,4
24250007402000;1;1;0;0,0
24250007404000;2;1;1;0,0
24250007405000;1;0;1;0,0
24250007544000;62;30;32;42,3
24250007545000;10;8;2;43,7
24260007148000;3;2;1;0,0
24260007149000;6;2;4;29,2
24260007152000;6;2;4;54,3
24260007229000;2;1;1;0,0
24260007236000;1;1;0;0,0
24260007237000;7;4;3;23,9
24260007258000;9;8;1;35,3
24260007260000;14;8;6;54,9
24260007268000;306;162;144;40,7
24260007269000;169;95;74;37,0
24260007271000;7;2;5;32,3
24260007272000;12;7;5;43,7
24260007273000;10;7;3;36,2
24260007274000;33;16;17;41,3
24260007275000;2;0;2;0,0
24260007303000;12;6;6;32,3
24260007308000;1;1;0;0,0
24260007309000;34;15;19;38,7
24260007312000;4;2;2;0,0
24260007320000;7;3;4;35,9
24260007327000;3;0;3;0,0
24260007328000;1;1;0;0,0
24260007343000;5;3;2;51,4
24260007344000;42;21;21;42,9
24260007345000;9;5;4;63,6
24260007357000;4;2;2;0,0
24260007358000;7;3;4;73,7
24260007391000;15;5;10;45,5
24260007398000;3;1;2;0,0
24260007399000;5;3;2;16,6
24260007404000;3;1;2;0,0
24260007549000;19;7;12;40,6
24260007550000;35;19;16;38,2
24260007551000;8;5;3;48,4
24260007553000;72;37;35;42,8
24260007554000;113;51;62;46,9
24260007555000;45;22;23;43,9
24270007147000;7;5;2;50,6
24270007152000;12;6;6;43,7
24270007172000;5;2;3;47,8
24270007179000;4;2;2;0,0
24270007239000;4;3;1;0,0
24270007268000;3;2;1;0,0
24270007277000;1;1;0;0,0
24270007278000;4;2;2;0,0
24270007303000;2;1;1;0,0
24270007309000;30;17;13;35,5
24270007311000;1;1;0;0,0
24270007312000;21;11;10;46,9
24270007313000;2;2;0;0,0
24270007314000;37;18;19;44,4
24270007315000;8;3;5;42,8
24270007320000;1;1;0;0,0
24270007328000;13;8;5;31,7
24270007343000;6;4;2;53,8
24270007344000;16;9;7;48,1
24270007345000;5;3;2;54,2
24270007358000;6;3;3;68,7
24270007391000;2;1;1;0,0
24270007392000;5;3;2;44,4
24270007399000;2;2;0;0,0
24270007404000;7;4;3;39,9
24270007408000;21;12;9;31,1
24270007412000;20;11;9;63,4
24270007548000;22;14;8;51,6
24270007549000;27;18;9;44,0
24270007554000;11;4;7;51,5
24270007555000;17;7;10;56,7
24280007147000;4;1;3;0,0
24280007150000;5;1;4;22,0
24280007158000;3;1;2;0,0
24280007170000;2;1;1;0,0
24280007171000;2;2;0;0,0
24280007172000;3;1;2;0,0
24280007258000;4;1;3;0,0
24280007259000;4;2;2;0,0
24280007260000;1;1;0;0,0
24280007268000;2;1;1;0,0
24280007279000;9;4;5;34,3
24280007307000;16;6;10;20,4
24280007308000;37;19;18;41,4
24280007309000;5;3;2;26,6
24280007310000;14;7;7;40,8
24280007311000;10;5;5;25,5
24280007314000;13;6;7;36,7
24280007315000;2;1;1;0,0
24280007316000;2;1;1;0,0
24280007317000;7;4;3;30,3
24280007321000;25;12;13;34,7
24280007328000;9;5;4;38,4
24280007344000;2;2;0;0,0
24280007345000;5;2;3;33,2
24280007358000;2;1;1;0,0
24280007391000;1;0;1;0,0
24280007397000;6;3;3;34,0
24280007398000;13;6;7;50,9
24280007401000;5;3;2;29,6
24280007402000;4;2;2;0,0
24280007407000;1;1;0;0,0
24280007408000;16;11;5;35,0
24280007413000;4;1;3;0,0
24280007544000;1;0;1;0,0
24290007150000;9;4;5;29,3
24290007156000;2;1;1;0,0
24290007196000;3;2;1;0,0
24290007268000;9;4;5;41,8
24290007305000;2;1;1;0,0
24290007306000;1;0;1;0,0
24290007307000;5;2;3;24,0
24290007308000;8;5;3;33,4
24290007309000;4;2;2;0,0
24290007318000;3;2;1;0,0
24290007319000;19;9;10;39,8
24290007320000;1;0;1;0,0
24290007321000;6;3;3;45,3
24290007322000;6;3;3;63,8
24290007323000;6;3;3;25,2
24290007327000;30;13;17;50,4
24290007328000;38;21;17;42,7
24290007354000;3;2;1;0,0
24290007357000;8;5;3;50,4
24290007359000;6;2;4;26,5
24290007393000;5;2;3;33,2
24290007397000;7;4;3;43,7
24290007398000;24;15;9;44,2
24290007399000;21;11;10;43,6
24290007402000;11;6;5;34,5
24290007412000;38;18;20;41,4
24290007413000;24;9;15;40,0
24290007553000;18;8;10;44,8
24290007555000;4;2;2;0,0
24290007558000;8;2;6;34,5
24290007559000;20;10;10;61,8
24300007150000;20;11;9;38,7
24300007156000;5;3;2;57,2
24300007169000;5;3;2;38,2
24300007304000;3;2;1;0,0
24300007305000;29;14;15;27,9
24300007307000;7;3;4;33,7
24300007322000;3;2;1;0,0
24300007323000;12;5;7;31,8
24300007324000;8;4;4;58,4
24300007328000;7;6;1;48,3
24300007329000;11;6;5;45,5
24300007330000;12;6;6;45,2
24300007341000;2;1;1;0,0
24300007342000;3;2;1;0,0
24300007354000;4;1;3;0,0
24300007357000;1;0;1;0,0
24300007359000;25;14;11;46,6
24300007397000;19;10;9;35,0
24300007398000;96;45;51;38,6
24300007399000;5;3;2;24,0
24300007401000;1;1;0;0,0
24300007407000;7;3;4;58,0
24300007408000;2;1;1;0,0
24300007409000;18;8;10;42,5
24300007411000;10;7;3;29,4
24300007412000;40;21;19;48,3
24300007413000;15;8;7;33,0
24300007414000;4;3;1;0,0
24300007547000;17;8;9;39,6
24300007552000;13;6;7;25,1
24300007553000;9;5;4;38,4
24300007555000;7;4;3;46,6
24300007557000;5;3;2;47,2
24300007559000;58;32;26;32,3
24310007121000;13;7;6;38,2
24310007134000;2;1;1;0,0
24310007149000;27;14;13;36,4
24310007194000;4;1;3;0,0
24310007196000;168;76;92;41,4
24310007197000;47;26;21;49,0
24310007201000;4;2;2;0,0
24310007205000;6;3;3;35,2
24310007245000;5;3;2;30,2
24310007267000;4;2;2;0,0
24310007303000;5;3;2;34,4
24310007305000;4;2;2;0,0
24310007323000;1;1;0;0,0
24310007324000;1;1;0;0,0
24310007330000;1;1;0;0,0
24310007331000;3;2;1;0,0
24310007341000;2;1;1;0,0
24310007354000;12;6;6;42,4
24310007356000;18;8;10;25,5
24310007359000;4;2;2;0,0
24310007390000;4;2;2;0,0
24310007396000;1;1;0;0,0
24310007397000;38;21;17;41,0
24310007401000;20;10;10;45,6
24310007402000;1;1;0;0,0
24310007407000;3;1;2;0,0
24310007408000;33;14;19;24,5
24310007409000;87;49;38;37,8
24310007412000;6;4;2;60,8
24310007423000;11;5;6;45,4
24310007424000;9;6;3;68,9
24310007547000;16;9;7;43,7
24310007556000;36;18;18;43,8
24310007557000;22;12;10;52,3
24310007562000;3;2;1;0,0
24320007121000;12;7;5;49,2
24320007134000;6;3;3;27,3
24320007148000;40;22;18;48,9
24320007149000;181;81;100;50,3
24320007155000;4;2;2;0,0
24320007176000;4;2;2;0,0
24320007196000;15;9;6;25,1
24320007243000;6;4;2;23,5
24320007246000;1;0;1;0,0
24320007267000;24;13;11;38,0
24320007303000;1;1;0;0,0
24320007323000;9;5;4;40,1
24320007324000;5;4;1;47,6
24320007325000;8;2;6;24,8
24320007332000;2;1;1;0,0
24320007354000;46;23;23;35,6
24320007356000;8;3;5;47,9
24320007396000;2;1;1;0,0
24320007397000;23;11;12;48,3
24320007399000;2;1;1;0,0
24320007400000;37;19;18;56,4
24320007401000;10;5;5;44,1
24320007405000;2;1;1;0,0
24320007407000;4;2;2;0,0
24320007408000;1;1;0;0,0
24320007413000;4;2;2;0,0
24320007422000;4;2;2;0,0
24320007423000;7;3;4;60,1
24320007424000;2;1;1;0,0
24320007557000;1;0;1;0,0
24320007558000;13;8;5;31,8
24320007561000;12;7;5;66,3
24330007120000;1;0;1;0,0
24330007139000;1;1;0;0,0
24330007146000;5;3;2;54,4
24330007147000;10;6;4;44,1
24330007169000;5;2;3;46,4
24330007192000;1;0;1;0,0
24330007202000;1;1;0;0,0
24330007207000;26;14;12;42,4
24330007266000;2;1;1;0,0
24330007267000;7;2;5;22,9
24330007325000;13;5;8;61,9
24330007347000;2;1;1;0,0
24330007349000;4;1;3;0,0
24330007353000;21;13;8;37,5
24330007354000;14;6;8;27,1
24330007356000;19;7;12;34,2
24330007400000;11;6;5;41,2
24330007403000;10;3;7;37,1
24330007408000;4;1;3;0,0
24330007409000;3;1;2;0,0
24330007412000;3;1;2;0,0
24330007413000;2;1;1;0,0
24330007558000;54;24;30;38,0
24340007120000;11;7;4;25,4
24340007126000;2;2;0;0,0
24340007129000;14;6;8;47,0
24340007130000;20;12;8;48,8
24340007146000;17;8;9;38,2
24340007147000;1;1;0;0,0
24340007155000;11;7;4;46,0
24340007170000;1;1;0;0,0
24340007186000;4;3;1;0,0
24340007189000;8;5;3;32,5
24340007190000;6;2;4;35,8
24340007197000;2;1;1;0,0
24340007250000;1;1;0;0,0
24340007266000;5;2;3;19,8
24340007267000;2;1;1;0,0
24340007299000;4;3;1;0,0
24340007326000;6;3;3;44,2
24340007327000;6;4;2;61,8
24340007328000;5;3;2;25,0
24340007329000;8;4;4;42,6
24340007330000;9;4;5;62,8
24340007331000;11;7;4;38,3
24340007332000;38;21;17;51,3
24340007350000;8;4;4;47,0
24340007353000;52;27;25;39,9
24340007354000;5;3;2;47,6
24340007355000;6;4;2;55,0
24340007402000;1;0;1;0,0
24340007403000;46;22;24;43,3
24340007407000;1;0;1;0,0
24340007408000;69;36;33;39,1
24340007409000;44;21;23;57,3
24340007410000;35;15;20;45,5
24340007412000;7;3;4;62,4
24340007413000;2;1;1;0,0
24340007558000;96;43;53;38,4
24340007560000;5;2;3;36,8
24340007561000;8;5;3;32,6
24350007128000;6;4;2;41,3
24350007129000;3;2;1;0,0
24350007141000;12;7;5;39,0
24350007143000;4;3;1;0,0
24350007147000;11;7;4;41,4
24350007173000;4;3;1;0,0
24350007185000;18;10;8;39,2
24350007186000;7;3;4;43,3
24350007248000;2;2;0;0,0
24350007251000;3;2;1;0,0
24350007260000;6;3;3;27,5
24350007266000;1;1;0;0,0
24350007324000;4;2;2;0,0
24350007326000;5;1;4;16,0
24350007327000;6;4;2;43,8
24350007334000;3;0;3;0,0
24350007344000;3;2;1;0,0
24350007350000;2;1;1;0,0
24350007351000;2;1;1;0,0
24350007352000;6;2;4;50,0
24350007353000;106;47;59;35,0
24350007354000;20;10;10;38,7
24350007355000;13;8;5;47,4
24350007379000;2;1;1;0,0
24350007395000;14;4;10;32,6
24350007403000;29;17;12;38,0
24350007406000;8;4;4;61,3
24350007407000;175;86;89;42,7
24350007408000;15;6;9;45,4
24350007409000;29;13;16;34,4
24350007410000;29;14;15;37,5
24350007425000;7;4;3;43,9
24350007558000;120;62;58;39,4
24350007559000;31;14;17;38,0
24360007127000;3;2;1;0,0
24360007128000;1;1;0;0,0
24360007147000;13;7;6;39,9
24360007154000;6;3;3;42,8
24360007155000;13;9;4;37,9
24360007169000;2;1;1;0,0
24360007170000;7;5;2;31,6
24360007172000;8;3;5;39,1
24360007251000;2;1;1;0,0
24360007255000;2;1;1;0,0
24360007260000;4;2;2;0,0
24360007261000;8;5;3;35,0
24360007267000;2;2;0;0,0
24360007322000;5;4;1;38,2
24360007324000;1;1;0;0,0
24360007326000;3;2;1;0,0
24360007334000;5;2;3;39,0
24360007335000;8;5;3;67,0
24360007349000;1;1;0;0,0
24360007350000;1;1;0;0,0
24360007352000;6;3;3;39,5
24360007353000;146;77;69;41,0
24360007354000;7;4;3;34,3
24360007392000;3;2;1;0,0
24360007393000;4;2;2;0,0
24360007401000;4;2;2;0,0
24360007402000;88;46;42;35,8
24360007403000;190;85;105;41,9
24360007404000;57;34;23;34,9
24360007406000;59;30;29;31,6
24360007407000;12;6;6;44,3
24360007410000;2;1;1;0,0
24360007413000;15;8;7;37,0
24360007424000;19;11;8;43,1
24360007553000;4;2;2;0,0
24360007554000;2;0;2;0,0
24360007555000;38;22;16;40,6
24360007556000;14;10;4;33,0
24360007557000;4;3;1;0,0
24370007117000;12;6;6;34,5
24370007124000;8;2;6;35,0
24370007126000;27;16;11;36,7
24370007147000;8;5;3;44,0
24370007148000;5;3;2;50,2
24370007154000;5;2;3;34,2
24370007155000;11;5;6;43,5
24370007156000;8;3;5;67,9
24370007167000;9;5;4;49,9
24370007168000;7;2;5;56,0
24370007169000;22;12;10;43,0
24370007184000;5;1;4;37,0
24370007196000;7;3;4;67,3
24370007197000;7;4;3;59,9
24370007254000;1;1;0;0,0
24370007255000;6;5;1;25,5
24370007256000;11;7;4;37,5
24370007261000;2;1;1;0,0
24370007262000;6;4;2;56,5
24370007274000;2;1;1;0,0
24370007322000;5;3;2;51,4
24370007325000;5;2;3;46,2
24370007345000;537;266;271;45,0
24370007353000;16;9;7;39,4
24370007393000;4;3;1;0,0
24370007401000;4;1;3;0,0
24370007402000;27;15;12;49,8
24370007403000;159;77;82;34,8
24370007404000;13;3;10;33,5
24370007406000;38;20;18;36,8
24370007410000;8;4;4;60,4
24370007421000;23;13;10;39,0
24370007424000;2;1;1;0,0
24370007425000;2;1;1;0,0
24370007555000;1;1;0;0,0
24370007556000;12;6;6;39,4
24370007557000;32;19;13;42,5
24370007558000;15;8;7;42,9
24370007563000;4;3;1;0,0
24380007117000;4;2;2;0,0
24380007118000;2;1;1;0,0
24380007125000;20;11;9;46,6
24380007126000;5;4;1;40,4
24380007147000;20;11;9;38,0
24380007155000;2;1;1;0,0
24380007169000;2;1;1;0,0
24380007196000;9;4;5;37,8
24380007255000;1;1;0;0,0
24380007257000;5;2;3;54,6
24380007258000;4;2;2;0,0
24380007260000;7;3;4;38,0
24380007261000;2;1;1;0,0
24380007269000;1;1;0;0,0
24380007343000;11;5;6;46,4
24380007345000;627;302;325;40,5
24380007346000;119;61;58;38,9
24380007352000;12;6;6;64,8
24380007353000;6;3;3;27,8
24380007400000;2;1;1;0,0
24380007403000;11;7;4;34,5
24380007406000;5;2;3;44,8
24380007410000;32;17;15;54,4
24380007421000;6;3;3;65,3
24380007422000;68;36;32;33,4
24380007550000;4;2;2;0,0
24380007551000;70;30;40;35,0
24380007552000;63;31;32;37,5
24380007553000;6;4;2;34,0
24380007556000;95;44;51;40,6
24380007557000;166;79;87;33,0
24380007558000;35;15;20;45,8
24380007559000;22;11;11;23,4
24380007560000;6;2;4;30,2
24380007562000;9;4;5;34,0
24380007567000;21;7;14;39,7
24390007117000;2;2;0;0,0
24390007124000;5;3;2;35,0
24390007125000;42;18;24;36,7
24390007154000;7;4;3;31,9
24390007174000;3;0;3;0,0
24390007176000;2;2;0;0,0
24390007181000;2;2;0;0,0
24390007195000;10;5;5;38,4
24390007261000;2;2;0;0,0
24390007266000;7;3;4;30,7
24390007267000;2;2;0;0,0
24390007268000;6;2;4;52,5
24390007343000;35;19;16;40,4
24390007344000;12;6;6;62,2
24390007345000;10;5;5;55,5
24390007346000;9;6;3;61,7
24390007353000;14;6;8;45,1
24390007400000;5;4;1;53,4
24390007403000;9;4;5;28,9
24390007404000;5;3;2;61,0
24390007406000;7;4;3;57,0
24390007410000;4;3;1;0,0
24390007419000;3;2;1;0,0
24390007421000;45;23;22;38,2
24390007422000;107;55;52;34,5
24390007423000;48;22;26;39,3
24390007424000;7;4;3;39,4
24390007551000;339;175;164;36,1
24390007552000;366;188;178;37,3
24390007553000;108;55;53;34,2
24390007554000;111;58;53;35,0
24390007555000;91;49;42;37,6
24390007556000;503;252;251;41,0
24390007557000;544;261;283;37,7
24390007558000;97;52;45;41,5
24390007559000;56;25;31;37,4
24390007560000;29;13;16;35,6
24390007561000;7;3;4;76,4
24390007563000;7;3;4;43,1
24390007565000;14;10;4;35,4
24400007124000;47;27;20;40,5
24400007154000;11;6;5;37,2
24400007176000;8;5;3;31,5
24400007195000;9;5;4;52,8
24400007264000;1;0;1;0,0
24400007267000;1;0;1;0,0
24400007269000;4;1;3;0,0
24400007341000;3;1;2;0,0
24400007345000;2;1;1;0,0
24400007346000;5;4;1;58,8
24400007347000;3;2;1;0,0
24400007353000;16;7;9;37,3
24400007400000;1;1;0;0,0
24400007404000;2;1;1;0,0
24400007405000;2;2;0;0,0
24400007406000;13;4;9;33,2
24400007416000;1;0;1;0,0
24400007419000;5;3;2;45,4
24400007420000;9;5;4;60,8
24400007421000;124;61;63;39,7
24400007422000;84;38;46;37,2
24400007423000;1;1;0;0,0
24400007552000;1;1;0;0,0
24400007553000;7;5;2;45,3
24400007554000;3;2;1;0,0
24400007555000;26;16;10;49,9
24400007556000;219;105;114;39,2
24400007558000;32;20;12;46,7
24400007559000;6;3;3;44,5
24400007562000;7;3;4;53,9
24400007563000;7;3;4;54,1
24410007123000;6;2;4;36,7
24410007195000;3;2;1;0,0
24410007340000;3;2;1;0,0
24410007347000;12;5;7;39,4
24410007353000;9;4;5;46,8
24410007378000;7;4;3;37,1
24410007400000;1;1;0;0,0
24410007404000;8;5;3;38,1
24410007405000;12;7;5;52,5
24410007406000;17;7;10;56,5
24410007414000;3;2;1;0,0
24410007415000;4;2;2;0,0
24410007418000;23;12;11;46,5
24410007419000;4;1;3;0,0
24410007421000;36;16;20;32,6
24410007422000;20;11;9;45,7
24410007558000;105;37;68;32,7
24410007559000;532;238;294;42,6
24410007560000;21;8;13;54,6
24410007561000;25;14;11;34,5
24410007563000;10;4;6;25,6
24410007564000;44;20;24;38,5
24410007565000;5;4;1;33,4
24410007570000;3;2;1;0,0
24410007573000;20;11;9;52,7
24420007122000;19;8;11;38,4
24420007123000;14;10;4;28,1
24420007145000;3;2;1;0,0
24420007154000;4;2;2;0,0
24420007272000;2;1;1;0,0
24420007306000;1;1;0;0,0
24420007340000;6;4;2;37,8
24420007341000;6;3;3;26,2
24420007349000;5;3;2;37,2
24420007351000;3;1;2;0,0
24420007353000;28;14;14;42,1
24420007399000;3;2;1;0,0
24420007401000;7;5;2;65,3
24420007404000;5;2;3;50,6
24420007405000;1;1;0;0,0
24420007410000;1;1;0;0,0
24420007415000;19;9;10;41,8
24420007416000;2;1;1;0,0
24420007417000;7;3;4;23,3
24420007418000;117;55;62;38,5
24420007421000;18;11;7;39,5
24420007422000;21;12;9;56,6
24420007425000;5;3;2;66,2
24420007426000;2;1;1;0,0
24420007558000;71;41;30;39,7
24420007559000;620;293;327;44,4
24420007560000;586;310;276;35,3
24420007561000;28;16;12;52,9
24420007562000;27;17;10;40,1
24420007563000;14;6;8;42,1
24420007564000;14;6;8;42,4
24420007565000;1;0;1;0,0
24420007571000;11;6;5;46,2
24430007116000;9;3;6;51,3
24430007117000;9;4;5;56,0
24430007118000;7;4;3;60,7
24430007121000;7;4;3;49,3
24430007122000;100;46;54;42,4
24430007128000;1;0;1;0,0
24430007148000;2;1;1;0,0
24430007154000;20;11;9;35,2
24430007196000;3;2;1;0,0
24430007308000;4;2;2;0,0
24430007309000;7;6;1;54,6
24430007341000;8;5;3;46,0
24430007347000;1;0;1;0,0
24430007349000;8;4;4;56,3
24430007351000;14;9;5;46,2
24430007352000;23;13;10;35,0
24430007353000;14;8;6;39,8
24430007399000;3;2;1;0,0
24430007404000;3;3;0;0,0
24430007410000;2;1;1;0,0
24430007414000;56;28;28;49,1
24430007415000;244;125;119;40,7
24430007416000;175;86;89;39,3
24430007417000;427;203;224;46,1
24430007418000;486;233;253;38,8
24430007421000;2;1;1;0,0
24430007422000;22;11;11;29,0
24430007425000;28;15;13;30,6
24430007426000;1;0;1;0,0
24430007552000;12;3;9;32,3
24430007553000;8;5;3;50,8
24430007554000;10;5;5;33,0
24430007555000;40;23;17;39,7
24430007556000;26;11;15;40,9
24430007557000;94;42;52;35,8
24430007558000;33;21;12;38,7
24430007559000;578;297;281;40,8
24430007560000;427;200;227;33,2
24430007561000;236;120;116;33,0
24430007562000;60;26;34;37,7
24430007563000;39;22;17;36,2
24430007564000;19;11;8;39,2
24430007566000;5;3;2;16,6
24430007570000;51;22;29;31,7
24430007571000;39;22;17;31,6
24440007116000;77;39;38;41,1
24440007195000;5;3;2;22,0
24440007283000;4;2;2;0,0
24440007306000;11;6;5;48,9
24440007316000;3;2;1;0,0
24440007317000;1;1;0;0,0
24440007326000;2;1;1;0,0
24440007339000;3;1;2;0,0
24440007341000;22;10;12;34,2
24440007349000;2;1;1;0,0
24440007351000;2;1;1;0,0
24440007353000;23;12;11;56,8
24440007404000;26;16;10;35,2
24440007414000;157;85;72;39,6
24440007415000;91;51;40;37,2
24440007416000;211;113;98;36,4
24440007417000;8;4;4;57,1
24440007418000;23;11;12;31,3
24440007421000;3;2;1;0,0
24440007422000;17;9;8;39,9
24440007425000;38;21;17;42,2
24440007426000;3;1;2;0,0
24440007428000;3;0;3;0,0
24440007554000;15;7;8;44,9
24440007555000;26;12;14;34,2
24440007556000;45;24;21;36,9
24440007558000;75;38;37;29,3
24440007559000;40;19;21;36,5
24440007560000;33;15;18;50,3
24440007561000;11;6;5;35,5
24440007564000;94;50;44;35,6
24440007565000;33;18;15;32,2
24440007566000;39;18;21;34,7
24440007567000;6;3;3;46,7
24440007570000;55;25;30;35,1
24440007571000;12;7;5;37,8
24450007111000;8;5;3;40,1
24450007112000;2;1;1;0,0
24450007115000;29;15;14;40,3
24450007116000;9;3;6;37,0
24450007195000;10;6;4;50,9
24450007274000;14;5;9;27,0
24450007283000;4;2;2;0,0
24450007284000;6;3;3;43,3
24450007307000;2;2;0;0,0
24450007308000;44;24;20;35,8
24450007309000;30;15;15;45,2
24450007310000;66;35;31;43,7
24450007311000;5;3;2;31,4
24450007312000;1;1;0;0,0
24450007313000;2;1;1;0,0
24450007314000;2;1;1;0,0
24450007325000;5;3;2;46,4
24450007326000;69;38;31;27,7
24450007327000;16;7;9;48,6
24450007328000;164;84;80;41,3
24450007329000;103;55;48;40,6
24450007330000;13;8;5;53,4
24450007331000;11;4;7;39,7
24450007332000;21;8;13;33,8
24450007333000;13;6;7;42,0
24450007334000;16;11;5;54,1
24450007335000;12;8;4;52,9
24450007336000;11;6;5;39,4
24450007337000;8;6;2;59,6
24450007338000;9;6;3;39,2
24450007340000;57;28;29;33,5
24450007341000;284;147;137;38,2
24450007342000;43;22;21;30,0
24450007344000;4;3;1;0,0
24450007350000;3;1;2;0,0
24450007352000;10;5;5;43,6
24450007353000;15;7;8;39,1
24450007402000;3;1;2;0,0
24450007404000;15;9;6;38,7
24450007405000;7;3;4;45,4
24450007408000;1;0;1;0,0
24450007413000;141;68;73;40,7
24450007414000;156;83;73;37,1
24450007415000;14;8;6;43,2
24450007416000;47;22;25;32,0
24450007417000;2;2;0;0,0
24450007422000;9;3;6;39,9
24450007425000;7;4;3;52,9
24450007426000;37;20;17;37,1
24450007465000;19;9;10;36,4
24450007555000;15;6;9;50,9
24450007556000;2;1;1;0,0
24450007560000;13;9;4;43,9
24450007561000;1;1;0;0,0
24450007564000;1;0;1;0,0
24450007565000;45;26;19;34,0
24450007566000;53;30;23;38,0
24450007567000;31;17;14;36,4
24450007568000;7;5;2;25,0
24450007570000;58;25;33;35,8
24450007571000;18;10;8;40,3
24450007577000;61;33;28;48,8
24460007111000;2;1;1;0,0
24460007150000;6;3;3;52,8
24460007273000;10;5;5;40,9
24460007309000;5;3;2;71,4
24460007310000;63;33;30;47,8
24460007311000;10;6;4;47,9
24460007324000;5;2;3;34,8
24460007325000;4;3;1;0,0
24460007326000;7;4;3;49,6
24460007327000;3;3;0;0,0
24460007328000;208;112;96;39,6
24460007329000;220;99;121;47,5
24460007330000;9;6;3;40,9
24460007331000;20;9;11;23,2
24460007333000;6;3;3;52,2
24460007334000;7;3;4;37,7
24460007335000;37;19;18;41,5
24460007336000;25;12;13;38,1
24460007340000;17;10;7;36,5
24460007343000;2;1;1;0,0
24460007344000;4;2;2;0,0
24460007346000;1;0;1;0,0
24460007351000;4;2;2;0,0
24460007352000;8;4;4;36,3
24460007353000;6;4;2;34,2
24460007401000;2;1;1;0,0
24460007402000;14;9;5;43,7
24460007404000;4;2;2;0,0
24460007412000;3;2;1;0,0
24460007413000;144;73;71;43,6
24460007414000;2;1;1;0,0
24460007417000;5;2;3;37,2
24460007449000;2;2;0;0,0
24460007450000;3;1;2;0,0
24460007553000;7;4;3;52,4
24460007554000;3;0;3;0,0
24460007555000;51;24;27;53,8
24460007556000;43;22;21;49,8
24460007566000;19;9;10;36,7
24460007567000;28;15;13;37,1
24460007569000;7;4;3;30,1
24460007570000;31;17;14;39,4
24460007571000;39;21;18;36,0
24460007577000;17;11;6;39,5
24470007109000;4;3;1;0,0
24470007111000;1;0;1;0,0
24470007152000;4;3;1;0,0
24470007196000;3;2;1;0,0
24470007273000;3;2;1;0,0
24470007285000;12;5;7;24,0
24470007308000;6;3;3;40,3
24470007309000;5;3;2;42,4
24470007310000;3;2;1;0,0
24470007311000;2;1;1;0,0
24470007316000;2;2;0;0,0
24470007320000;5;2;3;62,2
24470007321000;5;4;1;31,2
24470007322000;7;5;2;28,4
24470007323000;54;31;23;40,6
24470007324000;13;7;6;50,0
24470007325000;5;3;2;53,2
24470007327000;11;7;4;40,6
24470007328000;12;4;8;31,3
24470007329000;194;92;102;47,9
24470007330000;36;17;19;46,9
24470007331000;8;2;6;57,8
24470007333000;5;2;3;38,4
24470007335000;27;14;13;48,8
24470007336000;317;164;153;33,1
24470007337000;134;66;68;45,6
24470007338000;20;10;10;32,4
24470007344000;6;3;3;43,8
24470007351000;17;9;8;37,1
24470007353000;1;1;0;0,0
24470007401000;4;3;1;0,0
24470007402000;7;4;3;25,4
24470007411000;71;42;29;37,8
24470007417000;1;1;0;0,0
24470007427000;8;3;5;65,4
24470007428000;13;7;6;61,7
24470007450000;9;6;3;53,1
24470007451000;2;1;1;0,0
24470007554000;7;4;3;42,4
24470007555000;12;6;6;33,6
24470007556000;2;1;1;0,0
24470007558000;13;6;7;36,3
24470007559000;9;3;6;41,7
24470007560000;36;20;16;52,4
24470007566000;18;7;11;49,8
24470007567000;39;20;19;40,2
24470007568000;71;37;34;39,4
24470007569000;43;29;14;36,5
24470007573000;14;7;7;45,3
24470007574000;11;4;7;64,1
24470007575000;5;4;1;66,0
24480007108000;1;0;1;0,0
24480007152000;4;3;1;0,0
24480007283000;7;3;4;39,0
24480007286000;2;1;1;0,0
24480007302000;5;1;4;42,6
24480007306000;6;4;2;51,7
24480007307000;1;1;0;0,0
24480007308000;1;1;0;0,0
24480007311000;74;43;31;43,3
24480007312000;4;2;2;0,0
24480007322000;18;10;8;41,1
24480007323000;10;5;5;38,4
24480007329000;46;26;20;34,9
24480007330000;2;1;1;0,0
24480007336000;15;10;5;27,7
24480007337000;26;12;14;43,8
24480007338000;13;5;8;29,1
24480007345000;4;2;2;0,0
24480007401000;6;3;3;61,3
24480007427000;30;16;14;40,4
24480007558000;14;7;7;37,2
24480007559000;33;18;15;42,7
24480007560000;43;20;23;39,3
24480007561000;13;7;6;39,8
24480007569000;55;27;28;43,9
24480007570000;140;75;65;42,5
24480007571000;42;19;23;40,3
24490007107000;2;1;1;0,0
24490007110000;2;1;1;0,0
24490007113000;3;2;1;0,0
24490007275000;10;7;3;37,7
24490007276000;11;7;4;19,8
24490007277000;5;2;3;49,6
24490007278000;5;3;2;33,4
24490007286000;4;2;2;0,0
24490007301000;3;2;1;0,0
24490007313000;5;2;3;40,0
24490007321000;7;3;4;37,7
24490007329000;26;14;12;46,8
24490007337000;4;2;2;0,0
24490007346000;3;2;1;0,0
24490007368000;3;3;0;0,0
24490007371000;3;2;1;0,0
24490007372000;2;1;1;0,0
24490007402000;6;2;4;44,5
24490007417000;2;1;1;0,0
24490007556000;38;16;22;51,7
24490007557000;8;4;4;61,1
24490007558000;6;2;4;45,0
24490007559000;2;1;1;0,0
24490007560000;52;30;22;39,9
24490007561000;16;8;8;35,6
24490007569000;9;5;4;50,4
24490007570000;11;4;7;37,2
24490007571000;88;38;50;40,5
24490007572000;55;25;30;40,1
24490007574000;5;3;2;31,8
24500007109000;16;11;5;33,6
24500007277000;2;1;1;0,0
24500007278000;6;2;4;30,8
24500007294000;1;1;0;0,0
24500007306000;8;6;2;39,8
24500007307000;5;2;3;54,8
24500007321000;11;7;4;43,1
24500007328000;6;2;4;36,0
24500007329000;4;1;3;0,0
24500007337000;2;0;2;0,0
24500007346000;33;21;12;31,2
24500007350000;13;7;6;48,4
24500007367000;2;1;1;0,0
24500007370000;5;3;2;21,6
24500007402000;1;1;0;0,0
24500007560000;4;2;2;0,0
24500007561000;15;8;7;41,8
24500007569000;10;7;3;41,4
24500007572000;9;3;6;23,7
24500007573000;18;7;11;49,2
24510007108000;8;4;4;66,4
24510007196000;4;2;2;0,0
24510007255000;4;3;1;0,0
24510007275000;2;1;1;0,0
24510007276000;3;1;2;0,0
24510007278000;2;1;1;0,0
24510007288000;13;7;6;53,5
24510007289000;1;1;0;0,0
24510007305000;4;2;2;0,0
24510007321000;7;4;3;51,4
24510007328000;12;6;6;29,6
24510007337000;11;5;6;35,4
24510007346000;2;1;1;0,0
24510007353000;8;4;4;45,8
24510007369000;1;1;0;0,0
24510007402000;2;1;1;0,0
24510007556000;13;7;6;42,1
24510007557000;201;96;105;35,7
24510007558000;480;217;263;44,7
24510007559000;88;42;46;37,8
24510007560000;11;5;6;35,5
24510007562000;1;1;0;0,0
24510007565000;1;0;1;0,0
24510007570000;1;0;1;0,0
24510007571000;4;1;3;0,0
24510007572000;41;24;17;51,8
24510007573000;1;1;0;0,0
24520007104000;2;1;1;0,0
24520007108000;3;2;1;0,0
24520007114000;27;11;16;26,6
24520007253000;12;6;6;44,3
24520007254000;19;9;10;39,8
24520007255000;20;12;8;21,6
24520007256000;6;2;4;31,2
24520007275000;6;3;3;49,2
24520007297000;12;6;6;32,9
24520007306000;4;3;1;0,0
24520007327000;4;1;3;0,0
24520007328000;1;1;0;0,0
24520007337000;6;4;2;60,5
24520007338000;8;4;4;50,8
24520007346000;4;2;2;0,0
24520007347000;1;1;0;0,0
24520007354000;25;13;12;44,2
24520007402000;1;1;0;0,0
24520007432000;2;0;2;0,0
24520007476000;62;32;30;40,4
24520007477000;17;7;10;50,2
24520007556000;5;1;4;42,2
24520007557000;194;94;100;39,9
24520007558000;76;41;35;44,6
24520007559000;32;16;16;40,1
24520007560000;23;14;9;38,7
24520007564000;4;2;2;0,0
24520007569000;13;7;6;57,8
24520007570000;3;1;2;0,0
24520007571000;32;17;15;41,4
24520007572000;3;2;1;0,0
24520007574000;2;1;1;0,0
24520007576000;2;1;1;0,0
24520007577000;2;1;1;0,0
24530007108000;9;6;3;28,4
24530007114000;1;1;0;0,0
24530007115000;5;2;3;27,2
24530007151000;5;3;2;47,4
24530007251000;10;5;5;41,0
24530007252000;5;2;3;56,2
24530007253000;15;8;7;40,7
24530007254000;3;1;2;0,0
24530007256000;8;5;3;31,9
24530007257000;3;1;2;0,0
24530007267000;4;2;2;0,0
24530007273000;3;2;1;0,0
24530007274000;5;4;1;53,6
24530007275000;255;119;136;49,4
24530007276000;8;3;5;45,5
24530007306000;19;9;10;34,6
24530007327000;8;3;5;44,6
24530007328000;7;3;4;41,9
24530007338000;21;11;10;41,0
24530007347000;29;17;12;43,8
24530007348000;17;10;7;45,5
24530007349000;134;70;64;44,1
24530007350000;1;0;1;0,0
24530007354000;71;39;32;35,2
24530007356000;4;2;2;0,0
24530007357000;32;16;16;40,8
24530007367000;13;8;5;44,5
24530007410000;33;16;17;34,9
24530007411000;340;167;173;42,8
24530007425000;1;0;1;0,0
24530007476000;5;2;3;13,2
24530007477000;1;1;0;0,0
24530007564000;4;1;3;0,0
24530007565000;2;2;0;0,0
24530007566000;17;9;8;36,2
24530007569000;3;2;1;0,0
24530007575000;7;3;4;57,6
24530007576000;5;3;2;42,0
24530007577000;40;20;20;33,9
24530007578000;29;16;13;56,2
24530007579000;1;1;0;0,0
24530007580000;1;1;0;0,0
24540007114000;7;3;4;56,6
24540007251000;4;2;2;0,0
24540007252000;1;1;0;0,0
24540007259000;1;0;1;0,0
24540007260000;7;4;3;61,7
24540007261000;4;3;1;0,0
24540007263000;5;3;2;60,6
24540007264000;10;4;6;37,5
24540007265000;4;3;1;0,0
24540007266000;2;1;1;0,0
24540007268000;6;4;2;43,7
24540007272000;4;2;2;0,0
24540007273000;12;6;6;71,4
24540007274000;262;132;130;41,3
24540007275000;99;46;53;44,7
24540007276000;8;6;2;29,0
24540007277000;4;3;1;0,0
24540007298000;5;3;2;39,8
24540007306000;6;3;3;65,5
24540007307000;5;5;0;57,2
24540007327000;8;3;5;50,0
24540007347000;86;43;43;32,9
24540007348000;186;92;94;38,3
24540007349000;2;1;1;0,0
24540007350000;36;20;16;39,6
24540007354000;16;9;7;55,2
24540007355000;33;18;15;38,2
24540007357000;24;12;12;27,2
24540007363000;2;0;2;0,0
24540007410000;216;110;106;38,1
24540007411000;467;247;220;36,9
24540007427000;15;8;7;39,3
24540007432000;6;4;2;32,0
24540007446000;25;14;11;39,5
24540007447000;2;1;1;0,0
24540007478000;3;2;1;0,0
24540007565000;10;5;5;37,9
24540007566000;2;2;0;0,0
24540007570000;13;5;8;27,3
24540007574000;5;2;3;66,8
24540007575000;4;2;2;0,0
24540007577000;1;1;0;0,0
24540007578000;3;1;2;0,0
24540007580000;1;1;0;0,0
24550007112000;4;2;2;0,0
24550007249000;1;1;0;0,0
24550007250000;4;3;1;0,0
24550007251000;2;1;1;0,0
24550007258000;9;4;5;45,0
24550007262000;4;2;2;0,0
24550007263000;6;3;3;48,8
24550007267000;20;10;10;29,7
24550007274000;2;1;1;0,0
24550007275000;5;3;2;34,2
24550007276000;7;4;3;40,3
24550007277000;23;10;13;45,1
24550007278000;2;1;1;0,0
24550007279000;6;2;4;43,8
24550007306000;3;1;2;0,0
24550007326000;9;6;3;55,4
24550007337000;1;0;1;0,0
24550007347000;36;23;13;46,8
24550007348000;15;9;6;53,9
24550007350000;3;2;1;0,0
24550007354000;95;51;44;30,6
24550007355000;34;18;16;33,3
24550007359000;7;2;5;41,4
24550007363000;12;8;4;20,6
24550007365000;4;2;2;0,0
24550007410000;123;64;59;31,1
24550007411000;14;5;9;38,9
24550007427000;15;9;6;38,5
24550007428000;10;6;4;50,6
24550007429000;20;11;9;47,1
24550007432000;11;6;5;58,0
24550007446000;44;24;20;50,0
24550007447000;119;65;54;40,4
24550007448000;5;1;4;19,0
24550007449000;1;1;0;0,0
24550007564000;14;10;4;53,6
24550007569000;4;1;3;0,0
24550007571000;2;1;1;0,0
24550007572000;10;4;6;39,7
24550007573000;15;5;10;56,9
24550007574000;17;4;13;60,9
24550007576000;2;1;1;0,0
24550007578000;1;1;0;0,0
24550007579000;4;3;1;0,0
24550007581000;2;1;1;0,0
24560007114000;2;1;1;0,0
24560007249000;7;5;2;42,9
24560007259000;4;2;2;0,0
24560007267000;4;2;2;0,0
24560007274000;27;15;12;37,1
24560007275000;2;1;1;0,0
24560007277000;9;4;5;28,9
24560007280000;1;1;0;0,0
24560007325000;10;4;6;40,2
24560007326000;7;2;5;43,7
24560007338000;1;1;0;0,0
24560007346000;10;6;4;36,3
24560007347000;91;47;44;39,7
24560007350000;1;1;0;0,0
24560007351000;41;22;19;48,9
24560007354000;131;71;60;31,5
24560007355000;10;6;4;39,8
24560007362000;2;1;1;0,0
24560007363000;4;3;1;0,0
24560007428000;1;1;0;0,0
24560007429000;6;4;2;64,3
24560007448000;23;13;10;53,7
24560007449000;10;5;5;70,1
24560007462000;1;1;0;0,0
24560007463000;1;1;0;0,0
24560007478000;3;2;1;0,0
24560007480000;7;5;2;61,1
24560007564000;14;5;9;41,8
24560007565000;31;14;17;41,5
24560007572000;2;1;1;0,0
24560007573000;26;15;11;50,3
24570007249000;3;2;1;0,0
24570007267000;2;1;1;0,0
24570007274000;8;3;5;43,6
24570007276000;18;12;6;25,8
24570007277000;8;6;2;32,0
24570007279000;7;4;3;38,4
24570007280000;1;1;0;0,0
24570007281000;9;6;3;31,0
24570007291000;2;1;1;0,0
24570007292000;6;1;5;29,8
24570007325000;11;5;6;28,7
24570007335000;3;2;1;0,0
24570007346000;8;5;3;64,1
24570007347000;51;25;26;36,7
24570007351000;313;159;154;37,0
24570007352000;401;192;209;40,1
24570007355000;61;32;29;35,3
24570007359000;7;2;5;21,7
24570007368000;5;4;1;51,6
24570007434000;133;69;64;42,3
24570007435000;313;143;170;40,5
24570007436000;7;3;4;46,7
24570007442000;4;1;3;0,0
24570007443000;33;18;15;35,3
24570007449000;6;5;1;40,7
24570007564000;3;1;2;0,0
24570007565000;6;3;3;47,0
24570007573000;13;6;7;46,1
24570007574000;4;2;2;0,0
24570007581000;13;8;5;58,5
24580007249000;11;4;7;39,5
24580007258000;8;4;4;39,8
24580007276000;22;14;8;42,0
24580007279000;1;1;0;0,0
24580007281000;1;1;0;0,0
24580007307000;2;1;1;0,0
24580007325000;15;8;7;31,3
24580007339000;6;2;4;26,2
24580007347000;22;13;9;36,7
24580007352000;989;505;484;36,0
24580007355000;2;1;1;0,0
24580007356000;66;33;33;35,8
24580007359000;4;1;3;0,0
24580007362000;4;2;2;0,0
24580007430000;2;1;1;0,0
24580007433000;15;7;8;22,4
24580007435000;105;51;54;41,2
24580007436000;103;50;53;41,5
24580007438000;7;4;3;39,0
24580007439000;23;7;16;46,8
24580007440000;20;9;11;40,1
24580007442000;11;5;6;60,2
24580007443000;9;4;5;23,3
24580007444000;19;8;11;45,2
24580007445000;3;2;1;0,0
24580007446000;3;2;1;0,0
24580007564000;2;1;1;0,0
24580007565000;8;5;3;54,4
24580007571000;9;4;5;44,7
24580007572000;7;5;2;47,9
24580007573000;1;1;0;0,0
24580007574000;13;6;7;48,7
24580007575000;12;4;8;65,9
24580007576000;8;3;5;49,6
24580007579000;5;2;3;64,0
24580007580000;8;6;2;56,6
24580007581000;1;1;0;0,0
24590007249000;12;7;5;28,8
24590007258000;1;1;0;0,0
24590007267000;1;1;0;0,0
24590007269000;1;1;0;0,0
24590007274000;2;1;1;0,0
24590007279000;2;2;0;0,0
24590007281000;6;4;2;37,5
24590007282000;4;2;2;0,0
24590007300000;1;0;1;0,0
24590007306000;1;1;0;0,0
24590007308000;4;3;1;0,0
24590007351000;4;2;2;0,0
24590007352000;316;173;143;38,1
24590007356000;69;33;36;40,9
24590007357000;1012;529;483;37,2
24590007358000;230;114;116;29,3
24590007363000;2;1;1;0,0
24590007430000;13;9;4;44,6
24590007431000;2;1;1;0,0
24590007439000;6;4;2;63,8
24590007440000;3;2;1;0,0
24590007445000;19;9;10;46,7
24590007446000;44;20;24;40,3
24590007571000;5;3;2;74,0
24590007572000;4;3;1;0,0
24590007574000;2;1;1;0,0
24590007577000;14;7;7;42,3
24590007578000;13;6;7;47,1
24600007249000;8;4;4;27,1
24600007268000;5;3;2;33,2
24600007271000;10;4;6;27,7
24600007282000;16;8;8;45,8
24600007283000;5;1;4;44,0
24600007301000;3;2;1;0,0
24600007303000;2;1;1;0,0
24600007306000;6;4;2;59,3
24600007308000;7;4;3;71,0
24600007347000;1;0;1;0,0
24600007353000;471;236;235;40,5
24600007354000;390;169;221;60,0
24600007355000;43;22;21;54,9
24600007357000;825;433;392;36,6
24600007358000;1108;591;517;35,9
24600007359000;107;50;57;34,8
24600007360000;12;9;3;26,2
24600007362000;2;1;1;0,0
24600007446000;16;9;7;49,3
24600007447000;37;14;23;50,9
24600007448000;27;12;15;44,8
24600007565000;3;0;3;0,0
24600007566000;10;5;5;58,4
24600007567000;6;3;3;49,2
24600007572000;10;4;6;73,1
24600007573000;12;7;5;49,3
24610007249000;1;1;0;0,0
24610007255000;6;3;3;31,8
24610007256000;2;1;1;0,0
24610007284000;2;1;1;0,0
24610007285000;8;4;4;37,0
24610007347000;1;1;0;0,0
24610007350000;2;1;1;0,0
24610007353000;154;84;70;45,5
24610007354000;1531;719;812;48,8
24610007355000;1453;702;751;42,3
24610007356000;5;4;1;25,2
24610007357000;296;157;139;35,4
24610007358000;1299;618;681;40,5
24610007359000;81;39;42;38,5
24610007365000;2;1;1;0,0
24610007434000;2;1;1;0,0
24610007435000;4;2;2;0,0
24610007436000;11;5;6;52,3
24610007447000;26;12;14;37,7
24610007448000;6;3;3;23,2
24610007567000;11;6;5;34,9
24610007568000;2;2;0;0,0
24610007573000;17;9;8;58,1
24610007574000;9;4;5;56,6
24620007249000;7;4;3;65,7
24620007255000;2;1;1;0,0
24620007263000;4;2;2;0,0
24620007272000;5;4;1;54,4
24620007300000;12;6;6;27,0
24620007305000;1;1;0;0,0
24620007350000;11;6;5;43,2
24620007354000;83;53;30;37,6
24620007355000;1671;808;863;40,7
24620007356000;475;223;252;43,4
24620007357000;475;230;245;39,3
24620007358000;216;114;102;36,3
24620007365000;2;1;1;0,0
24620007427000;2;1;1;0,0
24620007568000;4;3;1;0,0
24620007574000;3;2;1;0,0
24620007575000;1;1;0;0,0
24620007576000;6;4;2;18,3
24620007577000;6;3;3;34,8
24620007578000;1;1;0;0,0
24620007581000;4;2;2;0,0
24630007249000;5;3;2;43,8
24630007265000;6;4;2;42,0
24630007267000;3;2;1;0,0
24630007272000;8;5;3;42,1
24630007297000;4;2;2;0,0
24630007300000;10;4;6;59,7
24630007303000;8;4;4;61,3
24630007355000;1226;576;650;38,4
24630007356000;1593;755;838;43,1
24630007357000;102;55;47;40,6
24630007361000;2;1;1;0,0
24630007428000;16;9;7;58,3
24630007445000;19;9;10;50,4
24630007569000;15;5;10;42,3
24630007570000;1;0;1;0,0
24630007577000;7;4;3;50,1
24630007579000;6;2;4;32,5
24630007580000;7;3;4;52,7
24630007581000;1;1;0;0,0
24640007249000;12;5;7;30,9
24640007267000;6;4;2;72,2
24640007283000;3;2;1;0,0
24640007297000;5;3;2;34,0
24640007304000;2;1;1;0,0
24640007354000;374;196;178;36,0
24640007355000;935;467;468;40,0
24640007356000;83;44;39;35,9
24640007431000;7;4;3;59,0
24640007580000;10;5;5;34,9
24650007248000;1;1;0;0,0
24650007249000;10;6;4;23,8
24650007283000;5;3;2;29,4
24650007354000;295;150;145;37,3
24650007355000;1468;728;740;40,8
24650007356000;55;30;25;37,1
24650007363000;13;7;6;34,5
24650007366000;3;3;0;0,0
24650007367000;1;1;0;0,0
24650007368000;1;1;0;0,0
24650007373000;3;2;1;0,0
24650007435000;2;1;1;0,0
24650007436000;9;4;5;41,4
24650007439000;2;1;1;0,0
24650007440000;20;12;8;55,9
24650007441000;4;3;1;0,0
24650007442000;1;0;1;0,0
24650007447000;9;3;6;50,6
24650007573000;2;1;1;0,0
24650007579000;5;3;2;22,4
24650007580000;30;14;16;32,7
24660007310000;2;2;0;0,0
24660007353000;7;2;5;44,1
24660007354000;160;85;75;38,5
24660007355000;77;41;36;35,0
24660007356000;17;10;7;47,3
24660007361000;10;4;6;36,3
24660007363000;2;1;1;0,0
24660007364000;17;7;10;48,6
24660007365000;1;1;0;0,0
24660007367000;6;5;1;25,7
24660007368000;10;5;5;42,4
24660007370000;4;3;1;0,0
24660007371000;7;3;4;43,7
24660007431000;7;4;3;29,3
24660007432000;2;1;1;0,0
24660007437000;9;4;5;61,9
24660007443000;3;1;2;0,0
24660007444000;1;1;0;0,0
24660007559000;97;45;52;41,5
24660007560000;228;117;111;37,6
24660007575000;4;3;1;0,0
24660007578000;23;11;12;45,6
24660007579000;26;17;9;34,6
24670007262000;5;4;1;41,6
24670007354000;184;95;89;37,1
24670007356000;37;19;18;31,8
24670007357000;11;3;8;43,2
24670007360000;13;8;5;39,7
24670007361000;4;2;2;0,0
24670007363000;10;6;4;42,5
24670007366000;1;0;1;0,0
24670007369000;4;3;1;0,0
24670007434000;5;2;3;32,4
24670007435000;4;2;2;0,0
24670007438000;1;1;0;0,0
24670007439000;21;10;11;40,7
24670007445000;1;0;1;0,0
24670007446000;1;0;1;0,0
24670007452000;11;7;4;64,3
24670007474000;19;9;10;55,7
24670007559000;23;10;13;38,5
24670007560000;87;50;37;46,1
24670007568000;6;4;2;43,3
24670007574000;4;3;1;0,0
24670007578000;19;7;12;39,5
24670007579000;4;2;2;0,0
24680007262000;4;3;1;0,0
24680007272000;4;3;1;0,0
24680007354000;26;13;13;42,1
24680007355000;2;0;2;0,0
24680007356000;41;22;19;40,0
24680007357000;25;11;14;39,2
24680007360000;12;6;6;32,5
24680007369000;6;4;2;43,0
24680007370000;8;5;3;38,0
24680007371000;2;1;1;0,0
24680007435000;3;2;1;0,0
24680007443000;24;11;13;40,0
24680007473000;1;1;0;0,0
24680007474000;21;10;11;33,0
24680007565000;2;0;2;0,0
24680007566000;7;4;3;57,7
24680007569000;4;4;0;0,0
24680007578000;25;14;11;45,1
24690007272000;1;0;1;0,0
24690007309000;1;1;0;0,0
24690007354000;26;15;11;36,7
24690007355000;34;18;16;32,3
24690007356000;8;5;3;40,8
24690007357000;21;13;8;39,9
24690007358000;45;23;22;32,7
24690007359000;94;47;47;40,2
24690007360000;30;14;16;35,1
24690007361000;7;3;4;36,7
24690007362000;9;5;4;37,4
24690007371000;8;4;4;45,4
24690007439000;17;7;10;52,8
24690007441000;12;7;5;40,8
24690007442000;32;18;14;34,0
24690007443000;25;8;17;62,0
24690007444000;17;8;9;19,6
24690007452000;1;0;1;0,0
24690007569000;15;8;7;49,5
24690007571000;8;3;5;44,3
24690007574000;5;2;3;38,8
24700007243000;1;1;0;0,0
24700007309000;4;1;3;0,0
24700007353000;12;7;5;28,6
24700007354000;45;25;20;35,5
24700007355000;34;22;12;43,8
24700007356000;26;12;14;34,3
24700007357000;2;1;1;0,0
24700007358000;5;4;1;18,8
24700007359000;125;66;59;36,9
24700007360000;135;69;66;36,0
24700007361000;1;0;1;0,0
24700007438000;1;0;1;0,0
24700007439000;24;12;12;56,2
24700007441000;6;2;4;44,3
24700007442000;15;8;7;48,9
24700007443000;13;7;6;38,5
24700007444000;48;21;27;41,2
24700007445000;47;22;25;48,1
24700007569000;9;2;7;57,7
24700007570000;8;4;4;38,4
24700007571000;5;2;3;36,4
24710007260000;1;0;1;0,0
24710007299000;8;5;3;18,4
24710007353000;2;0;2;0,0
24710007354000;7;5;2;31,0
24710007355000;38;19;19;52,4
24710007357000;15;9;6;37,9
24710007358000;35;21;14;35,1
24710007359000;34;17;17;33,1
24710007360000;34;15;19;34,7
24710007361000;18;7;11;33,8
24710007439000;3;1;2;0,0
24710007445000;4;3;1;0,0
24710007461000;16;13;3;44,9
24710007569000;3;0;3;0,0
24710007570000;12;6;6;32,8
24710007571000;7;4;3;51,3
24710007573000;37;19;18;43,4
24710007574000;11;6;5;40,9
24710007575000;23;12;11;37,4
24710007576000;47;26;21;44,0
24710007577000;2;1;1;0,0
24720007245000;3;2;1;0,0
24720007310000;2;1;1;0,0
24720007354000;5;3;2;45,8
24720007356000;7;4;3;67,7
24720007357000;1;1;0;0,0
24720007359000;43;26;17;33,7
24720007361000;12;7;5;28,3
24720007362000;5;3;2;52,6
24720007450000;2;0;2;0,0
24720007454000;23;13;10;38,6
24720007455000;7;3;4;28,6
24720007461000;39;21;18;37,0
24720007462000;2133;1047;1086;40,2
24720007463000;26;13;13;52,3
24720007563000;2;1;1;0,0
24720007564000;34;19;15;35,1
24720007565000;2;1;1;0,0
24720007569000;1;1;0;0,0
24720007571000;3;1;2;0,0
24720007573000;7;4;3;64,3
24720007574000;13;8;5;30,5
24720007575000;73;35;38;36,3
24720007576000;5;3;2;46,0
24720007579000;21;9;12;46,9
24730007298000;6;4;2;34,2
24730007356000;9;5;4;57,2
24730007359000;41;20;21;34,3
24730007360000;3;2;1;0,0
24730007361000;11;6;5;43,4
24730007362000;18;11;7;35,4
24730007440000;8;5;3;54,1
24730007441000;4;3;1;0,0
24730007452000;9;4;5;51,9
24730007453000;11;7;4;38,6
24730007454000;7;3;4;59,0
24730007455000;18;10;8;33,5
24730007461000;18;10;8;39,6
24730007462000;3292;1551;1741;40,7
24730007463000;1687;885;802;41,2
24730007464000;94;48;46;41,5
24730007465000;68;32;36;32,8
24730007475000;8;4;4;52,4
24730007564000;2;1;1;0,0
24730007565000;101;53;48;31,3
24730007566000;10;6;4;35,4
24730007574000;1;1;0;0,0
24730007575000;10;5;5;35,3
24740007308000;1;1;0;0,0
24740007309000;1;0;1;0,0
24740007356000;3;1;2;0,0
24740007357000;1;1;0;0,0
24740007358000;9;6;3;48,3
24740007359000;22;13;9;34,2
24740007364000;3;1;2;0,0
24740007453000;4;3;1;0,0
24740007461000;4;3;1;0,0
24740007462000;3038;1482;1556;41,9
24740007463000;2593;1247;1346;39,1
24740007464000;2049;981;1068;43,7
24740007465000;118;58;60;40,9
24740007564000;7;4;3;22,0
24740007565000;114;63;51;40,3
24740007566000;133;67;66;40,2
24750007258000;5;3;2;30,8
24750007358000;21;11;10;40,4
24750007359000;6;4;2;25,3
24750007365000;5;3;2;42,2
24750007452000;2;1;1;0,0
24750007453000;1;1;0;0,0
24750007454000;4;2;2;0,0
24750007461000;506;243;263;36,5
24750007462000;149;77;72;33,3
24750007463000;2044;981;1063;37,4
24750007464000;2487;1205;1282;41,7
24750007465000;1122;576;546;35,5
24750007565000;45;19;26;29,9
24750007566000;91;38;53;33,2
24750007586000;21;12;9;41,2
24750007619000;8;3;5;40,1
24760007297000;3;2;1;0,0
24760007358000;5;4;1;45,6
24760007359000;10;6;4;30,9
24760007365000;47;26;21;40,2
24760007453000;15;9;6;55,2
24760007461000;732;355;377;34,9
24760007462000;2277;1154;1123;31,2
24760007463000;708;343;365;35,9
24760007464000;541;284;257;36,5
24760007465000;15;9;6;40,9
24760007466000;1061;531;530;33,2
24760007467000;55;31;24;33,3
24760007565000;2;1;1;0,0
24760007566000;207;105;102;31,8
24760007567000;22;10;12;36,4
24760007586000;187;94;93;40,8
24760007612000;3;2;1;0,0
24760007614000;10;5;5;48,5
24760007615000;1;0;1;0,0
24760007617000;22;14;8;46,9
24760007618000;8;4;4;51,6
24760007619000;1;1;0;0,0
24770007365000;8;3;5;40,4
24770007366000;7;3;4;40,9
24770007367000;11;7;4;34,4
24770007451000;4;1;3;0,0
24770007452000;13;7;6;36,1
24770007453000;13;6;7;57,5
24770007456000;3;1;2;0,0
24770007457000;3;1;2;0,0
24770007461000;49;29;20;31,3
24770007462000;2427;1256;1171;33,3
24770007467000;26;14;12;34,0
24770007565000;71;42;29;34,1
24770007566000;391;206;185;37,2
24770007567000;106;49;57;31,6
24770007582000;12;6;6;42,4
24770007586000;50;28;22;41,0
24770007610000;3;2;1;0,0
24770007611000;120;54;66;42,1
24770007612000;235;111;124;45,5
24770007613000;18;8;10;52,4
24770007614000;56;21;35;51,8
24770007615000;49;25;24;50,7
24770007616000;19;9;10;53,4
24770007618000;18;10;8;32,8
24770007619000;36;20;16;39,3
24780007356000;6;4;2;20,0
24780007358000;5;3;2;31,2
24780007364000;183;94;89;33,6
24780007365000;379;189;190;35,0
24780007366000;8;5;3;36,1
24780007451000;3;2;1;0,0
24780007456000;16;5;11;36,6
24780007457000;16;8;8;46,5
24780007462000;1768;897;871;36,7
24780007467000;11;7;4;51,4
24780007468000;13;7;6;52,8
24780007565000;25;12;13;45,5
24780007566000;1058;510;548;43,2
24780007567000;71;36;35;41,4
24780007586000;70;36;34;47,4
24780007587000;8;5;3;41,5
24780007610000;25;12;13;42,2
24780007611000;240;123;117;43,4
24780007612000;99;54;45;41,3
24780007614000;1;1;0;0,0
24780007616000;11;6;5;57,5
24780007617000;14;6;8;43,0
24780007618000;78;22;56;80,6
24780007619000;114;56;58;44,2
24780007620000;69;36;33;35,3
24780007629000;44;22;22;51,5
24790007357000;9;4;5;34,6
24790007358000;13;9;4;26,6
24790007364000;93;45;48;46,8
24790007366000;7;3;4;16,4
24790007432000;8;4;4;47,8
24790007451000;30;15;15;46,3
24790007462000;1665;851;814;33,6
24790007463000;390;204;186;40,5
24790007464000;2;1;1;0,0
24790007465000;7;4;3;52,1
24790007466000;8;6;2;17,0
24790007467000;4;3;1;0,0
24790007469000;28;14;14;32,6
24790007567000;47;27;20;40,9
24790007579000;2;1;1;0,0
24790007580000;25;14;11;42,0
24790007586000;7;3;4;25,9
24790007587000;13;7;6;42,0
24790007610000;41;18;23;44,1
24790007611000;54;23;31;44,6
24790007617000;17;10;7;44,4
24790007618000;7;4;3;35,0
24790007619000;181;79;102;38,2
24790007620000;31;14;17;34,3
24790007629000;29;17;12;45,9
24800007293000;3;1;2;0,0
24800007346000;8;4;4;33,6
24800007357000;2;1;1;0,0
24800007358000;2;1;1;0,0
24800007359000;2;1;1;0,0
24800007361000;2;0;2;0,0
24800007362000;33;17;16;28,2
24800007364000;21;9;12;30,3
24800007365000;19;11;8;39,8
24800007404000;5;3;2;28,8
24800007432000;15;9;6;34,7
24800007433000;50;25;25;48,2
24800007434000;5;2;3;42,8
24800007435000;6;3;3;58,7
24800007436000;1;0;1;0,0
24800007451000;4;3;1;0,0
24800007454000;25;14;11;47,3
24800007457000;41;22;19;40,6
24800007462000;659;325;334;30,5
24800007463000;1395;716;679;35,8
24800007464000;132;72;60;42,8
24800007466000;10;6;4;42,8
24800007469000;5;2;3;36,2
24800007470000;55;28;27;35,8
24800007567000;1;0;1;0,0
24800007568000;113;56;57;32,0
24800007569000;389;195;194;38,5
24800007570000;7;5;2;44,0
24800007578000;2;1;1;0,0
24800007579000;2;1;1;0,0
24800007587000;9;6;3;57,4
24800007610000;7;5;2;44,7
24800007611000;3;1;2;0,0
24800007618000;6;3;3;70,7
24800007619000;10;4;6;60,3
24800007620000;2;1;1;0,0
24800007621000;11;5;6;51,0
24800007626000;10;4;6;56,8
24810007338000;1;1;0;0,0
24810007357000;2;1;1;0,0
24810007362000;5;1;4;39,4
24810007404000;6;2;4;34,3
24810007405000;11;8;3;40,4
24810007406000;4;3;1;0,0
24810007431000;4;2;2;0,0
24810007432000;58;29;29;46,1
24810007433000;5;4;1;47,2
24810007434000;1;1;0;0,0
24810007435000;9;6;3;55,2
24810007436000;6;4;2;51,7
24810007439000;2;2;0;0,0
24810007455000;16;10;6;30,1
24810007457000;54;31;23;39,4
24810007462000;200;100;100;29,7
24810007463000;1446;710;736;37,3
24810007464000;1000;515;485;34,5
24810007467000;8;5;3;54,1
24810007470000;15;7;8;32,9
24810007471000;25;10;15;42,8
24810007472000;48;26;22;33,3
24810007568000;611;281;330;47,3
24810007569000;1141;551;590;40,3
24810007570000;591;311;280;34,3
24810007588000;1;1;0;0,0
24810007589000;13;3;10;39,4
24810007611000;19;9;10;53,7
24810007612000;3;1;2;0,0
24810007618000;23;11;12;49,8
24810007622000;10;4;6;52,8
24810007623000;16;8;8;42,8
24810007632000;2;0;2;0,0
24810007633000;18;8;10;64,0
24820007355000;9;6;3;27,1
24820007357000;5;3;2;48,0
24820007361000;2;1;1;0,0
24820007362000;9;5;4;50,1
24820007364000;2;1;1;0,0
24820007365000;5;3;2;18,4
24820007407000;22;14;8;43,1
24820007431000;5;3;2;72,0
24820007432000;93;49;44;41,0
24820007452000;16;9;7;37,5
24820007454000;14;8;6;45,9
24820007457000;67;32;35;41,3
24820007462000;56;26;30;35,2
24820007463000;1176;607;569;33,2
24820007464000;1177;599;578;32,0
24820007467000;17;12;5;35,6
24820007472000;10;6;4;38,6
24820007473000;10;5;5;38,2
24820007568000;142;65;77;48,1
24820007569000;953;479;474;39,0
24820007570000;453;226;227;42,4
24820007589000;1;1;0;0,0
24820007611000;3;2;1;0,0
24820007612000;37;20;17;37,5
24820007618000;21;10;11;39,6
24820007621000;1;0;1;0,0
24820007622000;1;1;0;0,0
24820007623000;16;10;6;49,6
24820007624000;1;1;0;0,0
24820007625000;10;4;6;39,3
24820007626000;6;2;4;57,5
24820007632000;3;1;2;0,0
24820007633000;6;3;3;68,8
24830007355000;8;4;4;50,4
24830007359000;10;7;3;33,0
24830007360000;1;1;0;0,0
24830007362000;22;12;10;22,9
24830007363000;3;2;1;0,0
24830007408000;5;1;4;32,6
24830007409000;17;9;8;29,3
24830007415000;3;1;2;0,0
24830007431000;19;9;10;42,2
24830007432000;2;0;2;0,0
24830007454000;11;4;7;39,5
24830007455000;74;34;40;31,2
24830007456000;79;41;38;40,4
24830007457000;188;96;92;40,6
24830007458000;51;26;25;33,5
24830007463000;472;265;207;28,3
24830007464000;9;3;6;29,0
24830007467000;20;9;11;41,9
24830007473000;151;88;63;37,6
24830007474000;1;1;0;0,0
24830007476000;8;5;3;31,6
24830007477000;15;6;9;36,9
24830007569000;13;6;7;34,2
24830007578000;1;1;0;0,0
24830007585000;2;1;1;0,0
24830007586000;1;0;1;0,0
24830007590000;1;1;0;0,0
24830007612000;44;23;21;50,8
24830007616000;21;9;12;50,5
24830007617000;12;7;5;47,3
24830007618000;11;6;5;51,9
24830007619000;6;4;2;43,2
24830007620000;15;6;9;46,7
24830007621000;21;14;7;33,5
24830007622000;1;1;0;0,0
24830007623000;77;44;33;38,0
24830007624000;59;31;28;41,0
24830007625000;82;46;36;41,1
24830007626000;5;2;3;66,4
24840007355000;6;3;3;38,0
24840007360000;18;9;9;31,9
24840007364000;2;1;1;0,0
24840007411000;2;1;1;0,0
24840007415000;2;1;1;0,0
24840007416000;3;3;0;0,0
24840007417000;7;4;3;43,6
24840007430000;12;7;5;44,2
24840007431000;13;6;7;48,2
24840007455000;18;8;10;36,1
24840007456000;11;7;4;51,5
24840007457000;20;12;8;41,4
24840007458000;10;8;2;32,0
24840007463000;89;40;49;31,8
24840007464000;92;46;46;43,7
24840007465000;12;5;7;43,3
24840007466000;32;16;16;37,4
24840007467000;10;5;5;48,1
24840007473000;4;3;1;0,0
24840007474000;163;83;80;32,5
24840007475000;48;26;22;38,2
24840007476000;55;28;27;37,3
24840007477000;1;1;0;0,0
24840007590000;1;0;1;0,0
24840007591000;16;10;6;46,4
24840007605000;3;2;1;0,0
24840007612000;37;20;17;48,9
24840007613000;28;16;12;43,7
24840007614000;10;8;2;45,0
24840007615000;2;1;1;0,0
24840007616000;16;7;9;46,4
24840007617000;5;3;2;39,6
24840007618000;2;0;2;0,0
24840007620000;5;3;2;65,2
24840007623000;11;7;4;39,7
24840007624000;16;8;8;44,8
24840007625000;14;7;7;62,0
24850007354000;4;1;3;0,0
24850007355000;1;1;0;0,0
24850007360000;7;6;1;39,0
24850007364000;20;11;9;35,1
24850007411000;2;2;0;0,0
24850007412000;9;5;4;55,8
24850007413000;5;4;1;31,4
24850007414000;5;3;2;59,4
24850007415000;2;1;1;0,0
24850007417000;5;3;2;20,6
24850007418000;2;2;0;0,0
24850007430000;14;6;8;45,2
24850007431000;30;15;15;46,4
24850007453000;12;6;6;36,7
24850007454000;23;8;15;39,4
24850007455000;2;1;1;0,0
24850007457000;1;1;0;0,0
24850007464000;43;21;22;40,7
24850007467000;7;3;4;45,4
24850007474000;7;3;4;35,7
24850007475000;24;11;13;41,2
24850007476000;10;7;3;41,5
24850007561000;125;66;59;45,9
24850007569000;4;0;4;0,0
24850007578000;3;2;1;0,0
24850007591000;10;5;5;46,4
24850007603000;10;6;4;49,9
24850007606000;6;4;2;46,7
24850007607000;9;4;5;43,1
24850007613000;2;0;2;0,0
24850007614000;7;4;3;16,3
24850007615000;19;11;8;43,3
24850007616000;20;9;11;45,5
24850007620000;1;1;0;0,0
24850007621000;1;0;1;0,0
24850007623000;8;5;3;51,6
24850007624000;20;10;10;43,5
24850007625000;50;27;23;41,9
24850007626000;17;7;10;54,2
24850007631000;1;1;0;0,0
24860007358000;14;7;7;33,1
24860007360000;11;7;4;32,8
24860007414000;2;1;1;0,0
24860007415000;2;1;1;0,0
24860007417000;8;4;4;45,5
24860007418000;4;3;1;0,0
24860007430000;4;2;2;0,0
24860007431000;20;9;11;44,6
24860007453000;4;2;2;0,0
24860007454000;13;7;6;42,2
24860007457000;19;10;9;37,4
24860007458000;6;3;3;41,8
24860007561000;70;37;33;44,6
24860007570000;16;9;7;28,8
24860007571000;14;7;7;42,1
24860007574000;5;4;1;43,6
24860007579000;1;1;0;0,0
24860007590000;10;6;4;64,0
24860007602000;18;10;8;48,4
24860007603000;2;1;1;0,0
24860007607000;13;6;7;60,2
24860007608000;1;0;1;0,0
24860007616000;7;4;3;47,4
24860007622000;8;3;5;32,4
24860007626000;1;1;0;0,0
24860007627000;5;3;2;65,6
24860007628000;2;2;0;0,0
24870007351000;6;3;3;42,8
24870007358000;6;2;4;15,2
24870007417000;7;3;4;70,0
24870007418000;13;6;7;41,5
24870007430000;13;7;6;48,7
24870007431000;8;2;6;54,9
24870007457000;42;23;19;37,1
24870007458000;7;4;3;48,1
24870007459000;21;8;13;37,2
24870007463000;15;8;7;34,7
24870007464000;29;13;16;31,1
24870007465000;17;16;1;32,2
24870007482000;2;2;0;0,0
24870007486000;6;3;3;47,3
24870007487000;12;7;5;29,4
24870007522000;2;1;1;0,0
24870007574000;6;4;2;38,0
24870007578000;7;4;3;53,0
24870007579000;32;19;13;53,4
24870007589000;4;2;2;0,0
24870007590000;1;1;0;0,0
24870007601000;5;4;1;65,2
24870007602000;6;3;3;55,0
24870007607000;12;7;5;30,0
24870007608000;12;8;4;53,6
24870007620000;4;1;3;0,0
24870007622000;8;4;4;51,4
24870007623000;1;1;0;0,0
24870007626000;10;4;6;66,0
24870007627000;17;8;9;56,6
24870007628000;6;4;2;53,5
24870007629000;3;1;2;0,0
24880007357000;16;9;7;31,6
24880007366000;6;2;4;26,5
24880007419000;1;1;0;0,0
24880007420000;2;1;1;0,0
24880007421000;6;2;4;48,7
24880007430000;18;10;8;43,7
24880007431000;24;11;13;57,3
24880007458000;9;4;5;42,6
24880007460000;56;27;29;42,8
24880007461000;113;58;55;38,6
24880007462000;71;37;34;37,6
24880007463000;869;440;429;32,0
24880007464000;1696;847;849;35,9
24880007465000;202;106;96;31,9
24880007466000;123;66;57;35,3
24880007486000;21;9;12;51,8
24880007487000;50;25;25;40,3
24880007578000;3;1;2;0,0
24880007580000;18;11;7;47,4
24880007582000;52;29;23;42,4
24880007586000;1;1;0;0,0
24880007590000;5;2;3;29,2
24880007591000;10;7;3;36,5
24880007599000;4;2;2;0,0
24880007600000;45;27;18;38,9
24880007606000;2;1;1;0,0
24880007607000;27;14;13;47,8
24880007617000;4;1;3;0,0
24880007618000;4;2;2;0,0
24880007619000;24;13;11;50,5
24880007620000;3;2;1;0,0
24880007621000;6;3;3;58,0
24880007626000;3;0;3;0,0
24880007627000;4;2;2;0,0
24890007356000;1;1;0;0,0
24890007419000;1;1;0;0,0
24890007420000;1;0;1;0,0
24890007421000;10;5;5;38,6
24890007422000;72;35;37;46,4
24890007429000;16;6;10;41,6
24890007430000;29;14;15;52,7
24890007431000;12;8;4;36,3
24890007452000;13;8;5;45,5
24890007460000;37;19;18;36,6
24890007461000;25;13;12;30,3
24890007464000;228;108;120;38,7
24890007465000;34;19;15;42,0
24890007467000;5;2;3;20,2
24890007468000;1;1;0;0,0
24890007469000;4;1;3;0,0
24890007479000;25;10;15;38,3
24890007480000;9;4;5;39,3
24890007486000;2;1;1;0,0
24890007487000;1;0;1;0,0
24890007488000;8;5;3;33,8
24890007489000;30;14;16;37,9
24890007580000;39;20;19;48,0
24890007581000;38;22;16;44,4
24890007582000;48;27;21;43,7
24890007583000;12;5;7;29,3
24890007591000;62;33;29;43,6
24890007598000;3;2;1;0,0
24890007599000;34;20;14;39,9
24890007600000;1;1;0;0,0
24890007605000;8;4;4;69,6
24890007606000;3;2;1;0,0
24890007607000;18;9;9;50,2
24890007617000;7;3;4;64,9
24890007618000;7;4;3;62,9
24890007619000;6;3;3;58,8
24890007628000;3;1;2;0,0
24900007355000;14;8;6;29,1
24900007367000;2;1;1;0,0
24900007419000;2;0;2;0,0
24900007421000;39;22;17;38,9
24900007422000;27;17;10;47,8
24900007423000;18;11;7;46,9
24900007424000;12;6;6;49,6
24900007426000;4;2;2;0,0
24900007428000;9;5;4;40,3
24900007429000;50;22;28;50,6
24900007430000;68;34;34;39,1
24900007457000;6;3;3;45,2
24900007470000;18;13;5;39,7
24900007479000;57;31;26;41,7
24900007480000;15;8;7;34,3
24900007489000;126;58;68;50,2
24900007505000;1;0;1;0,0
24900007512000;85;46;39;43,7
24900007513000;34;12;22;55,4
24900007579000;10;5;5;42,5
24900007580000;4;3;1;0,0
24900007583000;6;4;2;38,3
24900007591000;4;2;2;0,0
24900007598000;218;111;107;37,3
24900007607000;11;6;5;33,6
24900007611000;2;1;1;0,0
24900007616000;4;2;2;0,0
24900007617000;3;2;1;0,0
24900007633000;1;1;0;0,0
24900007635000;1;0;1;0,0
24900007636000;1;0;1;0,0
24910007354000;8;5;3;50,3
24910007355000;4;3;1;0,0
24910007425000;4;2;2;0,0
24910007426000;3;2;1;0,0
24910007428000;15;7;8;45,2
24910007429000;13;6;7;51,5
24910007453000;1;1;0;0,0
24910007463000;1;1;0;0,0
24910007464000;1;1;0;0,0
24910007480000;3;2;1;0,0
24910007489000;12;7;5;62,8
24910007490000;20;12;8;58,7
24910007512000;6;4;2;50,5
24910007513000;114;52;62;41,7
24910007521000;5;4;1;44,0
24910007523000;15;10;5;27,9
24910007524000;62;32;30;50,2
24910007569000;4;3;1;0,0
24910007585000;2;1;1;0,0
24910007591000;1;1;0;0,0
24910007598000;677;335;342;39,5
24910007599000;75;39;36;43,9
24910007607000;5;2;3;62,0
24910007613000;2;1;1;0,0
24920007353000;10;6;4;50,1
24920007354000;1;1;0;0,0
24920007355000;2;1;1;0,0
24920007368000;2;1;1;0,0
24920007369000;28;16;12;49,6
24920007370000;9;6;3;49,2
24920007420000;6;2;4;72,3
24920007426000;3;2;1;0,0
24920007427000;4;2;2;0,0
24920007428000;33;18;15;41,7
24920007429000;1;0;1;0,0
24920007454000;3;1;2;0,0
24920007457000;5;3;2;41,0
24920007461000;4;2;2;0,0
24920007462000;22;15;7;37,1
24920007463000;6;3;3;52,8
24920007464000;15;8;7;48,9
24920007490000;6;3;3;55,8
24920007511000;5;2;3;74,6
24920007513000;30;13;17;37,7
24920007518000;5;2;3;34,2
24920007521000;5;2;3;72,6
24920007524000;6;3;3;49,3
24920007585000;3;2;1;0,0
24920007586000;1;0;1;0,0
24920007590000;14;9;5;42,4
24920007591000;33;17;16;36,2
24920007598000;278;141;137;48,4
24920007599000;735;379;356;39,1
24920007606000;9;4;5;55,1
24920007607000;5;2;3;29,0
24920007611000;15;6;9;32,3
24920007612000;25;17;8;42,7
24920007613000;8;4;4;55,5
24920007614000;26;11;15;35,7
24920007633000;1;1;0;0,0
24930007355000;3;1;2;0,0
24930007371000;13;7;6;47,2
24930007372000;6;4;2;52,3
24930007419000;3;1;2;0,0
24930007425000;3;3;0;0,0
24930007431000;1;0;1;0,0
24930007461000;16;8;8;37,3
24930007462000;66;34;32;31,8
24930007463000;5;2;3;61,6
24930007464000;8;4;4;48,8
24930007470000;2;1;1;0,0
24930007471000;2;1;1;0,0
24930007491000;11;5;6;57,5
24930007511000;2;0;2;0,0
24930007513000;52;23;29;33,9
24930007518000;1;1;0;0,0
24930007521000;13;10;3;41,9
24930007527000;2;1;1;0,0
24930007568000;11;7;4;34,8
24930007569000;2;0;2;0,0
24930007598000;77;36;41;40,0
24930007599000;134;64;70;37,1
24930007605000;1;0;1;0,0
24930007606000;33;16;17;43,5
24930007608000;1;0;1;0,0
24930007611000;35;18;17;41,7
24930007614000;2;2;0;0,0
24930007632000;1;1;0;0,0
24940007418000;6;3;3;39,8
24940007462000;1;0;1;0,0
24940007463000;3;1;2;0,0
24940007486000;3;0;3;0,0
24940007491000;2;1;1;0,0
24940007492000;6;2;4;43,7
24940007513000;43;21;22;42,6
24940007527000;5;2;3;30,4
24940007568000;7;5;2;34,3
24940007598000;16;8;8;53,3
24940007599000;18;10;8;36,9
24940007605000;108;51;57;29,8
24940007606000;342;169;173;36,4
24940007608000;50;26;24;35,8
24940007609000;15;10;5;27,7
24940007611000;34;14;20;40,6
24940007612000;1;1;0;0,0
24940007615000;3;2;1;0,0
24950007376000;5;1;4;42,6
24950007448000;10;4;6;71,1
24950007451000;7;3;4;31,1
24950007456000;14;9;5;49,9
24950007511000;7;2;5;28,4
24950007512000;47;26;21;45,0
24950007513000;10;4;6;33,3
24950007519000;4;3;1;0,0
24950007529000;31;18;13;37,2
24950007533000;2;1;1;0,0
24950007576000;1;0;1;0,0
24950007593000;15;7;8;44,1
24950007598000;10;5;5;47,1
24950007599000;44;19;25;59,7
24950007605000;251;109;142;35,5
24950007606000;552;282;270;40,9
24950007608000;176;94;82;39,7
24950007610000;5;3;2;34,8
24950007615000;1;1;0;0,0
24950007633000;1;0;1;0,0
24950007640000;4;3;1;0,0
24960007376000;19;10;9;45,9
24960007437000;2;1;1;0,0
24960007447000;1;0;1;0,0
24960007448000;6;4;2;44,8
24960007452000;6;3;3;75,2
24960007453000;11;5;6;38,9
24960007456000;7;3;4;39,6
24960007457000;5;4;1;38,0
24960007463000;1;1;0;0,0
24960007464000;1;0;1;0,0
24960007486000;3;2;1;0,0
24960007527000;7;4;3;35,1
24960007529000;1;0;1;0,0
24960007577000;2;1;1;0,0
24960007599000;28;15;13;49,8
24960007604000;205;100;105;41,9
24960007605000;645;307;338;43,8
24960007606000;311;149;162;42,9
24960007607000;8;4;4;43,4
24960007608000;155;75;80;42,0
24960007615000;11;4;7;46,0
24960007616000;20;12;8;39,8
24960007640000;18;9;9;62,6
24970007375000;23;11;12;41,7
24970007376000;15;6;9;34,7
24970007418000;1;1;0;0,0
24970007445000;4;2;2;0,0
24970007446000;4;1;3;0,0
24970007447000;3;2;1;0,0
24970007453000;14;8;6;46,2
24970007454000;9;6;3;41,0
24970007457000;7;3;4;25,3
24970007458000;3;1;2;0,0
24970007463000;2;1;1;0,0
24970007464000;6;3;3;42,5
24970007505000;4;3;1;0,0
24970007506000;1;0;1;0,0
24970007527000;2;0;2;0,0
24970007533000;4;3;1;0,0
24970007534000;6;2;4;39,8
24970007574000;14;8;6;64,6
24970007599000;1;0;1;0,0
24970007600000;1;1;0;0,0
24970007601000;24;12;12;47,4
24970007604000;112;60;52;35,6
24970007605000;125;61;64;30,8
24970007606000;483;260;223;43,7
24970007608000;26;15;11;43,5
24970007616000;6;4;2;32,0
24970007617000;9;5;4;45,7
24970007630000;2;1;1;0,0
24970007631000;8;2;6;69,4
24970007632000;3;1;2;0,0
24970007640000;2;1;1;0,0
24980007375000;2;2;0;0,0
24980007439000;14;8;6;48,9
24980007441000;5;3;2;18,0
24980007442000;21;11;10;43,6
24980007447000;6;3;3;55,2
24980007453000;31;13;18;40,3
24980007458000;31;19;12;40,3
24980007459000;4;2;2;0,0
24980007506000;11;4;7;56,5
24980007515000;2;1;1;0,0
24980007519000;7;6;1;43,0
24980007534000;1;1;0;0,0
24980007535000;5;2;3;27,8
24980007536000;38;16;22;40,4
24980007601000;28;15;13;54,6
24980007602000;15;7;8;46,1
24980007603000;1;1;0;0,0
24980007604000;4;2;2;0,0
24980007605000;7;4;3;45,9
24980007606000;178;83;95;38,0
24980007608000;43;28;15;39,1
24980007611000;1;1;0;0,0
24980007616000;1;1;0;0,0
24980007617000;12;5;7;47,1
24980007629000;1;1;0;0,0
24980007630000;2;1;1;0,0
24990007374000;1;1;0;0,0
24990007435000;2;2;0;0,0
24990007436000;10;4;6;51,4
24990007437000;11;4;7;43,1
24990007439000;9;6;3;66,1
24990007440000;6;2;4;34,8
24990007441000;3;1;2;0,0
24990007444000;68;32;36;44,7
24990007445000;14;7;7;33,8
24990007446000;2;2;0;0,0
24990007453000;12;9;3;36,2
24990007454000;6;4;2;46,0
24990007457000;2;1;1;0,0
24990007464000;7;3;4;45,9
24990007465000;8;5;3;50,1
24990007486000;3;1;2;0,0
24990007495000;1;1;0;0,0
24990007507000;1;1;0;0,0
24990007514000;12;6;6;52,8
24990007519000;9;5;4;45,9
24990007520000;5;2;3;22,0
24990007527000;3;2;1;0,0
24990007528000;3;2;1;0,0
24990007534000;25;14;11;44,2
24990007535000;38;18;20;35,8
24990007577000;53;24;29;45,2
24990007578000;7;3;4;26,4
24990007602000;21;11;10;49,7
24990007603000;19;8;11;54,6
24990007604000;41;25;16;40,9
24990007608000;24;15;9;48,1
24990007617000;2;1;1;0,0
24990007628000;2;1;1;0,0
24990007629000;1;0;1;0,0
24990007638000;1;1;0;0,0
25000007435000;16;10;6;48,4
25000007436000;6;5;1;40,3
25000007439000;7;4;3;39,7
25000007440000;15;8;7;50,3
25000007443000;4;2;2;0,0
25000007444000;171;78;93;50,8
25000007445000;31;16;15;46,1
25000007456000;2;1;1;0,0
25000007457000;101;52;49;38,1
25000007464000;2;1;1;0,0
25000007487000;4;2;2;0,0
25000007507000;12;6;6;47,8
25000007514000;5;2;3;66,0
25000007517000;201;98;103;48,8
25000007518000;6;5;1;43,8
25000007519000;15;8;7;40,3
25000007528000;4;3;1;0,0
25000007534000;63;36;27;36,7
25000007537000;6;2;4;21,7
25000007538000;5;1;4;35,6
25000007539000;20;8;12;30,9
25000007572000;16;7;9;41,3
25000007576000;19;10;9;39,8
25000007608000;8;5;3;41,6
25000007609000;1;1;0;0,0
25000007628000;1;1;0;0,0
25000007631000;10;5;5;39,6
25000007632000;1;1;0;0,0
25000007633000;4;2;2;0,0
25000007634000;20;10;10;36,9
25000007635000;6;4;2;24,2
25000007653000;16;10;6;31,7
25000007654000;2;1;1;0,0
25010007373000;4;2;2;0,0
25010007435000;2;1;1;0,0
25010007444000;7;4;3;45,7
25010007456000;8;3;5;44,6
25010007457000;25;13;12;44,6
25010007467000;4;3;1;0,0
25010007486000;1;1;0;0,0
25010007507000;25;14;11;39,4
25010007513000;6;4;2;58,3
25010007514000;26;13;13;47,5
25010007516000;73;37;36;41,5
25010007517000;68;32;36;38,0
25010007519000;20;11;9;37,4
25010007528000;3;2;1;0,0
25010007530000;3;1;2;0,0
25010007533000;7;6;1;34,1
25010007534000;36;19;17;36,6
25010007538000;34;17;17;48,0
25010007539000;5;3;2;63,6
25010007576000;2;1;1;0,0
25010007592000;5;3;2;46,4
25010007593000;1;0;1;0,0
25010007594000;1;0;1;0,0
25010007607000;13;7;6;46,9
25010007609000;19;7;12;35,2
25010007618000;2;1;1;0,0
25010007628000;3;2;1;0,0
25010007630000;32;16;16;36,8
25010007631000;25;8;17;34,6
25010007643000;13;6;7;39,0
25010007646000;30;14;16;35,7
25010007653000;4;2;2;0,0
25020007508000;8;3;5;58,8
25020007509000;5;3;2;48,2
25020007514000;3;2;1;0,0
25020007519000;20;12;8;46,8
25020007520000;14;7;7;30,2
25020007529000;4;1;3;0,0
25020007531000;2;1;1;0,0
25020007533000;20;10;10;38,3
25020007534000;1;0;1;0,0
25020007538000;7;3;4;39,9
25020007575000;5;3;2;46,0
25020007576000;8;4;4;51,5
25020007577000;5;1;4;69,2
25020007581000;2;1;1;0,0
25020007582000;1;1;0;0,0
25020007607000;4;3;1;0,0
25020007608000;7;3;4;26,7
25020007609000;13;7;6;40,5
25020007618000;9;4;5;33,6
25020007619000;9;4;5;48,0
25020007627000;6;2;4;25,7
25020007628000;11;8;3;41,5
25020007642000;36;18;18;36,3
25020007643000;231;129;102;38,5
25020007644000;260;128;132;39,5
25020007645000;297;148;149;38,5
25020007646000;17;8;9;46,8
25030007371000;1;0;1;0,0
25030007372000;1;1;0;0,0
25030007436000;1;0;1;0,0
25030007467000;7;2;5;23,4
25030007509000;8;4;4;54,6
25030007516000;9;4;5;34,9
25030007520000;2;0;2;0,0
25030007528000;2;1;1;0,0
25030007529000;2;1;1;0,0
25030007530000;2;1;1;0,0
25030007531000;12;6;6;42,0
25030007532000;5;3;2;32,4
25030007533000;10;6;4;56,1
25030007534000;29;12;17;36,4
25030007575000;4;2;2;0,0
25030007576000;21;13;8;44,8
25030007609000;16;8;8;46,3
25030007610000;11;4;7;33,6
25030007620000;1;0;1;0,0
25030007627000;13;8;5;36,9
25030007641000;20;11;9;45,9
25030007642000;49;29;20;33,7
25030007643000;159;79;80;36,1
25030007644000;535;235;300;45,0
25030007645000;618;312;306;39,8
25040007369000;1;1;0;0,0
25040007371000;6;4;2;58,7
25040007442000;2;0;2;0,0
25040007462000;21;8;13;45,1
25040007467000;1;1;0;0,0
25040007494000;2;2;0;0,0
25040007509000;5;1;4;38,6
25040007510000;10;6;4;55,8
25040007515000;5;2;3;31,8
25040007516000;1;0;1;0,0
25040007527000;5;2;3;42,6
25040007528000;1;1;0;0,0
25040007531000;13;7;6;42,3
25040007534000;20;13;7;41,7
25040007539000;2;2;0;0,0
25040007540000;3;2;1;0,0
25040007542000;2;1;1;0,0
25040007586000;6;2;4;41,0
25040007610000;67;32;35;44,6
25040007611000;51;28;23;37,5
25040007621000;29;16;13;45,7
25040007622000;8;4;4;37,3
25040007627000;32;17;15;46,1
25040007638000;31;14;17;37,8
25040007639000;9;6;3;37,8
25040007641000;1;0;1;0,0
25040007642000;3;1;2;0,0
25040007643000;32;18;14;43,1
25040007644000;56;31;25;39,6
25040007645000;20;10;10;45,2
25040007646000;40;22;18;39,4
25040007647000;56;32;24;45,0
25040007656000;19;10;9;53,5
25050007369000;4;2;2;0,0
25050007454000;3;3;0;0,0
25050007455000;6;3;3;47,8
25050007461000;12;7;5;25,3
25050007462000;27;14;13;39,5
25050007463000;31;16;15;38,0
25050007494000;2;2;0;0,0
25050007510000;6;4;2;48,8
25050007515000;4;2;2;0,0
25050007516000;16;9;7;32,1
25050007522000;5;3;2;37,6
25050007523000;1;1;0;0,0
25050007528000;1;0;1;0,0
25050007531000;1;0;1;0,0
25050007533000;4;3;1;0,0
25050007534000;13;8;5;36,6
25050007538000;12;6;6;37,9
25050007542000;5;3;2;19,4
25050007587000;14;8;6;57,4
25050007596000;6;2;4;57,7
25050007610000;6;3;3;53,3
25050007611000;49;21;28;40,1
25050007620000;4;2;2;0,0
25050007621000;34;19;15;46,1
25050007622000;16;8;8;32,4
25050007623000;35;21;14;39,4
25050007624000;107;47;60;36,5
25050007625000;37;18;19;36,5
25050007626000;42;18;24;35,0
25050007627000;55;37;18;42,1
25050007628000;7;3;4;35,6
25050007637000;26;11;15;43,9
25050007642000;32;17;15;37,5
25050007643000;78;39;39;37,1
25050007644000;23;13;10;49,5
25050007647000;5;3;2;47,0
25050007648000;13;7;6;37,2
25050007655000;5;3;2;54,8
25050007656000;111;56;55;38,9
25060007369000;5;2;3;64,0
25060007454000;58;31;27;44,1
25060007460000;22;14;8;43,9
25060007461000;13;8;5;50,3
25060007462000;24;15;9;42,3
25060007463000;67;34;33;37,1
25060007464000;45;25;20;40,2
25060007468000;1;0;1;0,0
25060007511000;15;7;8;45,9
25060007512000;2;1;1;0,0
25060007515000;2;1;1;0,0
25060007516000;12;6;6;40,4
25060007517000;15;7;8;32,5
25060007518000;3;2;1;0,0
25060007524000;6;4;2;48,7
25060007525000;7;3;4;29,6
25060007530000;2;2;0;0,0
25060007531000;3;1;2;0,0
25060007533000;44;25;19;37,1
25060007534000;13;7;6;55,8
25060007537000;15;6;9;23,1
25060007589000;3;1;2;0,0
25060007590000;6;4;2;28,8
25060007591000;1;0;1;0,0
25060007592000;1;1;0;0,0
25060007596000;2;1;1;0,0
25060007611000;75;37;38;45,2
25060007618000;4;2;2;0,0
25060007620000;17;10;7;42,1
25060007621000;10;4;6;55,1
25060007622000;104;56;48;33,1
25060007623000;59;36;23;32,6
25060007624000;19;10;9;38,9
25060007626000;28;12;16;35,8
25060007627000;9;5;4;58,0
25060007633000;60;31;29;42,2
25060007634000;23;11;12;37,9
25060007637000;2;1;1;0,0
25060007643000;13;5;8;44,2
25060007644000;23;12;11;30,3
25060007649000;77;34;43;43,6
25060007651000;11;3;8;45,0
25060007652000;29;16;13;41,8
25060007654000;4;2;2;0,0
25060007655000;17;8;9;39,1
25060007656000;9;6;3;54,3
25070007435000;1;0;1;0,0
25070007453000;9;4;5;39,3
25070007454000;47;26;21;48,7
25070007459000;24;10;14;43,3
25070007460000;19;8;11;42,2
25070007463000;23;11;12;34,7
25070007464000;172;93;79;38,7
25070007465000;236;117;119;37,1
25070007467000;23;14;9;34,5
25070007468000;28;14;14;36,1
25070007511000;2;1;1;0,0
25070007512000;6;3;3;66,7
25070007513000;1;1;0;0,0
25070007514000;8;4;4;67,6
25070007515000;3;3;0;0,0
25070007517000;19;10;9;32,4
25070007525000;6;4;2;38,8
25070007526000;6;4;2;48,5
25070007528000;2;1;1;0,0
25070007531000;31;14;17;34,8
25070007533000;35;18;17;47,3
25070007534000;29;13;16;33,7
25070007537000;5;4;1;16,8
25070007579000;3;1;2;0,0
25070007591000;2;1;1;0,0
25070007595000;2;1;1;0,0
25070007602000;13;10;3;54,6
25070007603000;4;2;2;0,0
25070007611000;4;2;2;0,0
25070007612000;25;15;10;39,9
25070007619000;2;1;1;0,0
25070007620000;39;18;21;44,2
25070007621000;25;14;11;45,7
25070007622000;20;10;10;33,9
25070007623000;6;4;2;35,7
25070007627000;27;18;9;24,7
25070007633000;14;6;8;33,0
25070007642000;1;1;0;0,0
25070007644000;21;11;10;38,7
25070007645000;4;3;1;0,0
25070007649000;96;44;52;33,0
25070007650000;32;16;16;48,1
25070007651000;19;9;10;50,6
25070007652000;36;20;16;38,9
25070007653000;6;3;3;72,0
25070007655000;1;1;0;0,0
25080007434000;1;1;0;0,0
25080007460000;13;7;6;52,0
25080007464000;44;23;21;60,3
25080007465000;73;37;36;34,0
25080007467000;6;3;3;32,8
25080007468000;3;2;1;0,0
25080007513000;10;6;4;51,1
25080007515000;10;6;4;39,8
25080007526000;3;1;2;0,0
25080007527000;2;2;0;0,0
25080007529000;7;3;4;47,6
25080007530000;20;8;12;57,8
25080007531000;108;53;55;41,5
25080007535000;16;8;8;30,4
25080007537000;2;1;1;0,0
25080007589000;1;1;0;0,0
25080007590000;8;7;1;51,0
25080007591000;3;2;1;0,0
25080007602000;37;21;16;56,7
25080007603000;32;18;14;39,0
25080007604000;59;30;29;47,3
25080007605000;7;4;3;64,4
25080007606000;1;1;0;0,0
25080007612000;1;1;0;0,0
25080007613000;49;27;22;42,7
25080007621000;4;2;2;0,0
25080007622000;14;7;7;43,1
25080007626000;10;4;6;52,0
25080007627000;6;2;4;61,0
25080007633000;11;8;3;32,5
25080007643000;5;2;3;59,4
25080007644000;38;17;21;36,5
25080007645000;16;9;7;39,6
25090007460000;34;17;17;41,8
25090007461000;18;10;8;33,9
25090007465000;36;19;17;33,8
25090007469000;7;4;3;42,7
25090007470000;18;8;10;34,0
25090007484000;9;4;5;31,2
25090007516000;123;60;63;39,4
25090007526000;1;0;1;0,0
25090007535000;5;3;2;35,2
25090007536000;13;5;8;33,1
25090007537000;6;3;3;48,3
25090007598000;10;4;6;39,4
25090007599000;2;2;0;0,0
25090007602000;46;17;29;52,8
25090007605000;2;1;1;0,0
25090007606000;20;8;12;60,2
25090007607000;8;4;4;34,1
25090007613000;52;24;28;40,0
25090007614000;3;2;1;0,0
25090007618000;5;2;3;33,2
25090007621000;3;2;1;0,0
25090007622000;21;12;9;38,1
25090007626000;1;1;0;0,0
25090007627000;14;8;6;17,0
25090007634000;5;4;1;53,2
25090007643000;5;3;2;37,6
25090007644000;61;30;31;37,6
25090007645000;33;15;18;35,4
25100007461000;28;17;11;39,1
25100007465000;62;33;29;44,0
25100007469000;8;5;3;52,9
25100007470000;14;9;5;31,8
25100007471000;14;9;5;47,7
25100007472000;4;1;3;0,0
25100007507000;2;2;0;0,0
25100007516000;26;14;12;59,5
25100007517000;37;20;17;55,5
25100007528000;1;1;0;0,0
25100007529000;3;2;1;0,0
25100007530000;3;2;1;0,0
25100007534000;2;1;1;0,0
25100007535000;24;12;12;42,6
25100007584000;2;0;2;0,0
25100007600000;1;0;1;0,0
25100007601000;10;4;6;54,5
25100007602000;37;22;15;50,7
25100007613000;12;9;3;46,3
25100007614000;76;39;37;36,0
25100007621000;13;3;10;44,0
25100007622000;8;5;3;25,8
25100007626000;4;2;2;0,0
25100007627000;23;12;11;25,5
25100007634000;1;0;1;0,0
25100007638000;6;3;3;29,3
25100007642000;16;9;7;49,9
25100007643000;97;49;48;36,0
25100007644000;14;7;7;41,9
25100007645000;18;6;12;39,4
25100007646000;11;7;4;48,5
25100007647000;50;23;27;39,1
25110007438000;6;4;2;38,7
25110007440000;4;2;2;0,0
25110007457000;5;3;2;64,6
25110007461000;8;5;3;45,3
25110007466000;6;3;3;40,2
25110007467000;22;12;10;35,7
25110007468000;53;29;24;33,8
25110007469000;49;24;25;36,9
25110007470000;37;18;19;34,2
25110007472000;3;1;2;0,0
25110007473000;7;5;2;61,0
25110007517000;13;4;9;46,9
25110007529000;1;0;1;0,0
25110007530000;24;9;15;38,8
25110007531000;8;3;5;47,4
25110007534000;2;1;1;0,0
25110007535000;6;3;3;60,5
25110007601000;31;18;13;46,5
25110007602000;1;1;0;0,0
25110007606000;32;15;17;43,4
25110007607000;4;3;1;0,0
25110007614000;110;58;52;34,0
25110007615000;52;32;20;36,0
25110007621000;8;4;4;29,6
25110007622000;2;1;1;0,0
25110007626000;17;10;7;42,2
25110007627000;30;10;20;40,3
25110007628000;16;10;6;45,6
25110007629000;1;1;0;0,0
25110007638000;1;1;0;0,0
25110007639000;30;15;15;45,2
25110007640000;42;20;22;42,5
25110007641000;33;17;16;43,4
25110007642000;95;46;49;44,6
25110007643000;266;121;145;39,8
25110007644000;33;17;16;37,6
25110007645000;24;13;11;42,3
25110007646000;5;3;2;29,4
25110007647000;10;7;3;48,8
25110007648000;1;1;0;0,0
25120007415000;2;1;1;0,0
25120007417000;4;2;2;0,0
25120007418000;3;2;1;0,0
25120007419000;10;5;5;72,4
25120007425000;20;9;11;38,8
25120007453000;1;1;0;0,0
25120007460000;7;4;3;31,0
25120007461000;4;1;3;0,0
25120007466000;1;0;1;0,0
25120007469000;2;1;1;0,0
25120007470000;20;10;10;26,0
25120007471000;14;8;6;40,9
25120007472000;9;7;2;34,1
25120007473000;1;1;0;0,0
25120007512000;1;0;1;0,0
25120007519000;17;9;8;48,7
25120007520000;11;4;7;37,6
25120007595000;1;1;0;0,0
25120007606000;8;3;5;49,8
25120007615000;43;20;23;41,4
25120007616000;43;27;16;32,6
25120007626000;33;14;19;38,8
25120007628000;9;5;4;31,7
25120007629000;3;2;1;0,0
25120007631000;3;2;1;0,0
25120007632000;9;7;2;36,6
25120007642000;2;1;1;0,0
25120007643000;11;7;4;28,7
25130007414000;3;2;1;0,0
25130007417000;2;1;1;0,0
25130007419000;15;6;9;46,5
25130007420000;22;11;11;45,2
25130007421000;11;8;3;37,5
25130007422000;10;5;5;47,7
25130007423000;17;8;9;40,9
25130007424000;39;20;19;44,6
25130007425000;49;28;21;43,3
25130007426000;46;24;22;42,1
25130007427000;23;11;12;44,9
25130007428000;20;11;9;40,7
25130007429000;179;98;81;42,6
25130007430000;91;49;42;46,7
25130007431000;24;16;8;39,6
25130007443000;3;0;3;0,0
25130007457000;4;3;1;0,0
25130007458000;1;1;0;0,0
25130007461000;29;16;13;52,5
25130007472000;7;6;1;41,1
25130007473000;4;3;1;0,0
25130007474000;1;1;0;0,0
25130007477000;1;1;0;0,0
25130007519000;22;13;9;44,0
25130007531000;4;1;3;0,0
25130007533000;2;2;0;0,0
25130007544000;163;79;84;42,7
25130007545000;31;16;15;52,2
25130007615000;20;11;9;44,4
25130007616000;91;46;45;38,0
25130007625000;20;11;9;33,8
25130007626000;77;37;40;41,2
25130007631000;14;7;7;39,4
25130007639000;8;6;2;43,0
25140007414000;1;1;0;0,0
25140007421000;1;1;0;0,0
25140007422000;11;5;6;48,5
25140007423000;40;17;23;38,8
25140007424000;2;1;1;0,0
25140007428000;10;4;6;43,6
25140007429000;60;36;24;47,3
25140007430000;92;46;46;43,8
25140007431000;74;35;39;41,5
25140007432000;55;28;27;36,3
25140007433000;56;32;24;39,5
25140007458000;38;18;20;40,1
25140007459000;4;3;1;0,0
25140007460000;2;1;1;0,0
25140007461000;56;29;27;38,9
25140007473000;2;1;1;0,0
25140007475000;10;4;6;37,3
25140007520000;1;1;0;0,0
25140007533000;17;8;9;55,6
25140007544000;2;1;1;0,0
25140007545000;2;1;1;0,0
25140007546000;8;5;3;41,5
25140007582000;4;2;2;0,0
25140007587000;5;2;3;74,6
25140007588000;4;2;2;0,0
25140007606000;1;1;0;0,0
25140007609000;6;3;3;40,8
25140007616000;32;17;15;33,8
25140007617000;92;43;49;40,3
25140007618000;3;1;2;0,0
25140007625000;36;17;19;41,2
25140007632000;12;7;5;35,5
25150007413000;2;1;1;0,0
25150007423000;8;4;4;34,1
25150007428000;1;1;0;0,0
25150007429000;12;7;5;39,3
25150007432000;11;6;5;41,6
25150007433000;14;8;6;38,6
25150007434000;42;19;23;33,4
25150007435000;18;10;8;42,1
25150007438000;3;1;2;0,0
25150007440000;325;164;161;39,0
25150007441000;33;17;16;39,1
25150007443000;2;2;0;0,0
25150007444000;8;5;3;62,4
25150007456000;8;3;5;37,4
25150007459000;515;252;263;43,3
25150007460000;926;445;481;41,1
25150007461000;53;28;25;44,1
25150007462000;2;1;1;0,0
25150007474000;12;7;5;37,8
25150007520000;5;3;2;63,4
25150007545000;3;1;2;0,0
25150007581000;4;2;2;0,0
25150007582000;5;3;2;54,4
25150007585000;3;2;1;0,0
25150007586000;2;1;1;0,0
25150007609000;51;28;23;49,7
25150007610000;18;9;9;48,1
25150007617000;33;19;14;30,3
25150007618000;556;280;276;34,8
25150007619000;505;241;264;33,1
25150007620000;726;370;356;35,3
25150007621000;97;58;39;33,2
25150007622000;41;21;20;44,6
25150007623000;61;31;30;40,8
25150007625000;27;12;15;36,7
25150007635000;3;2;1;0,0
25160007412000;2;1;1;0,0
25160007426000;7;3;4;53,6
25160007427000;10;4;6;50,7
25160007428000;5;2;3;41,4
25160007434000;3;2;1;0,0
25160007435000;42;23;19;37,1
25160007436000;63;35;28;50,8
25160007437000;56;29;27;39,9
25160007438000;102;52;50;43,4
25160007439000;124;63;61;38,6
25160007440000;32;15;17;35,1
25160007441000;299;165;134;39,6
25160007442000;560;253;307;42,4
25160007444000;62;32;30;40,7
25160007445000;46;22;24;46,3
25160007451000;2;2;0;0,0
25160007455000;2;1;1;0,0
25160007456000;73;38;35;35,8
25160007457000;4;2;2;0,0
25160007459000;153;84;69;40,6
25160007460000;981;473;508;41,6
25160007461000;507;237;270;42,1
25160007462000;1;1;0;0,0
25160007463000;17;8;9;34,4
25160007464000;12;6;6;46,6
25160007487000;1;1;0;0,0
25160007491000;1;1;0;0,0
25160007523000;1;1;0;0,0
25160007533000;5;3;2;54,2
25160007543000;8;3;5;52,8
25160007546000;8;3;5;45,8
25160007547000;20;7;13;47,1
25160007548000;2;0;2;0,0
25160007550000;6;1;5;50,3
25160007582000;17;7;10;49,2
25160007610000;22;13;9;44,9
25160007618000;52;21;31;30,5
25160007619000;1052;524;528;42,4
25160007620000;1204;558;646;44,0
25160007621000;821;393;428;37,1
25160007622000;77;35;42;40,7
25160007623000;44;18;26;50,7
25160007624000;21;10;11;48,0
25160007625000;4;2;2;0,0
25160007643000;1;0;1;0,0
25170007410000;1;1;0;0,0
25170007411000;11;7;4;54,5
25170007424000;4;2;2;0,0
25170007425000;1;1;0;0,0
25170007436000;1;1;0;0,0
25170007437000;10;4;6;37,5
25170007440000;5;3;2;57,2
25170007441000;77;39;38;45,5
25170007442000;796;363;433;44,2
25170007444000;27;14;13;34,1
25170007447000;19;11;8;43,7
25170007449000;2;1;1;0,0
25170007455000;3;1;2;0,0
25170007456000;74;39;35;39,6
25170007457000;146;74;72;33,0
25170007458000;6;3;3;56,3
25170007460000;973;442;531;49,5
25170007461000;320;157;163;43,4
25170007463000;19;10;9;31,2
25170007464000;36;18;18;40,6
25170007465000;32;17;15;42,9
25170007466000;2;1;1;0,0
25170007543000;13;6;7;47,4
25170007544000;5;3;2;55,4
25170007547000;15;9;6;32,0
25170007548000;25;9;16;38,8
25170007549000;8;3;5;44,4
25170007557000;3;2;1;0,0
25170007581000;2;1;1;0,0
25170007582000;20;9;11;45,5
25170007583000;2;1;1;0,0
25170007587000;2;1;1;0,0
25170007611000;9;5;4;58,6
25170007620000;30;17;13;62,4
25170007621000;17;6;11;43,5
25170007622000;25;14;11;38,9
25170007641000;2;0;2;0,0
25170007651000;11;5;6;49,4
25170007652000;6;3;3;51,5
25170007653000;3;2;1;0,0
25180007424000;2;0;2;0,0
25180007425000;1;1;0;0,0
25180007428000;9;3;6;44,3
25180007441000;5;2;3;23,6
25180007442000;435;221;214;35,9
25180007443000;14;9;5;42,4
25180007458000;28;14;14;49,6
25180007459000;276;138;138;39,7
25180007460000;558;280;278;37,3
25180007461000;723;362;361;36,7
25180007463000;21;12;9;38,7
25180007464000;48;22;26;42,3
25180007465000;2;1;1;0,0
25180007466000;21;12;9;38,8
25180007467000;1;1;0;0,0
25180007548000;2;1;1;0,0
25180007550000;6;5;1;37,5
25180007558000;16;8;8;44,8
25180007581000;5;3;2;66,4
25180007582000;10;4;6;54,0
25180007619000;83;49;34;32,1
25180007620000;517;264;253;33,3
25180007621000;32;18;14;46,2
25180007622000;1;0;1;0,0
25180007623000;29;15;14;37,1
25180007626000;1;1;0;0,0
25180007627000;32;17;15;33,8
25180007633000;6;5;1;28,8
25180007640000;3;1;2;0,0
25190007423000;6;4;2;42,7
25190007429000;16;9;7;62,9
25190007441000;2;1;1;0,0
25190007442000;2;1;1;0,0
25190007443000;5;2;3;45,4
25190007446000;33;19;14;46,6
25190007447000;14;5;9;55,1
25190007448000;5;3;2;54,4
25190007458000;21;13;8;36,6
25190007459000;71;41;30;33,9
25190007460000;45;22;23;27,7
25190007461000;4;2;2;0,0
25190007463000;6;3;3;46,0
25190007464000;5;4;1;52,4
25190007465000;17;9;8;44,9
25190007466000;2;1;1;0,0
25190007467000;8;4;4;49,1
25190007468000;10;5;5;32,2
25190007482000;5;3;2;27,4
25190007484000;79;47;32;43,7
25190007485000;55;25;30;36,8
25190007491000;1;0;1;0,0
25190007509000;1;1;0;0,0
25190007522000;1;1;0;0,0
25190007534000;3;1;2;0,0
25190007535000;7;4;3;71,1
25190007541000;2;1;1;0,0
25190007548000;1;1;0;0,0
25190007550000;17;9;8;45,4
25190007558000;4;2;2;0,0
25190007559000;4;3;1;0,0
25190007581000;4;2;2;0,0
25190007582000;1;1;0;0,0
25190007615000;10;6;4;43,3
25190007616000;94;39;55;38,9
25190007617000;49;22;27;31,3
25190007618000;24;15;9;38,9
25190007619000;8;7;1;28,6
25190007623000;8;5;3;56,1
25190007626000;120;66;54;38,7
25190007627000;2;1;1;0,0
25190007629000;25;14;11;33,3
25190007630000;19;9;10;26,3
25190007633000;3;2;1;0,0
25190007640000;8;3;5;73,1
25190007641000;3;2;1;0,0
25200007400000;10;4;6;37,9
25200007401000;2;2;0;0,0
25200007423000;2;1;1;0,0
25200007430000;2;1;1;0,0
25200007441000;6;2;4;68,3
25200007442000;13;8;5;42,2
25200007443000;30;17;13;40,7
25200007444000;5;3;2;32,4
25200007450000;3;1;2;0,0
25200007458000;6;4;2;66,0
25200007459000;42;24;18;38,5
25200007464000;15;5;10;33,9
25200007465000;5;2;3;52,0
25200007467000;7;5;2;32,4
25200007469000;21;12;9;43,3
25200007470000;17;8;9;35,6
25200007480000;17;9;8;39,8
25200007481000;32;18;14;42,1
25200007482000;14;10;4;46,1
25200007483000;4;2;2;0,0
25200007484000;60;26;34;40,2
25200007485000;4;1;3;0,0
25200007491000;2;1;1;0,0
25200007543000;5;3;2;17,8
25200007551000;26;14;12;27,0
25200007555000;10;6;4;48,1
25200007556000;2;2;0;0,0
25200007559000;1;1;0;0,0
25200007581000;45;22;23;45,1
25200007582000;11;6;5;57,5
25200007583000;11;4;7;47,2
25200007614000;160;88;72;36,5
25200007615000;361;189;172;36,3
25200007616000;66;36;30;32,8
25200007619000;5;2;3;42,2
25200007623000;9;5;4;24,9
25200007625000;74;29;45;36,3
25200007626000;50;26;24;38,6
25200007629000;2;0;2;0,0
25200007641000;17;8;9;56,3
25200007642000;2;1;1;0,0
25200007658000;21;12;9;42,2
25200007659000;43;20;23;38,6
25200007660000;3;1;2;0,0
25210007428000;4;3;1;0,0
25210007429000;5;3;2;60,8
25210007430000;17;8;9;32,7
25210007449000;59;31;28;40,9
25210007450000;26;17;9;32,8
25210007452000;2;1;1;0,0
25210007457000;35;15;20;39,7
25210007458000;45;18;27;32,7
25210007459000;16;6;10;38,4
25210007465000;11;8;3;46,3
25210007466000;8;6;2;33,5
25210007467000;6;3;3;35,2
25210007469000;17;10;7;28,9
25210007470000;35;19;16;45,7
25210007471000;1;0;1;0,0
25210007478000;3;1;2;0,0
25210007479000;39;19;20;39,2
25210007480000;12;5;7;30,2
25210007488000;4;3;1;0,0
25210007489000;17;10;7;48,1
25210007490000;3;1;2;0,0
25210007536000;5;1;4;75,0
25210007542000;10;4;6;30,8
25210007551000;13;8;5;26,3
25210007554000;25;11;14;36,7
25210007555000;2;1;1;0,0
25210007559000;2;1;1;0,0
25210007580000;1;0;1;0,0
25210007581000;5;2;3;64,0
25210007582000;2;2;0;0,0
25210007614000;139;64;75;41,8
25210007616000;14;6;8;25,6
25210007623000;39;16;23;38,3
25210007624000;100;55;45;32,9
25210007625000;35;21;14;31,5
25210007632000;2;1;1;0,0
25210007633000;2;1;1;0,0
25210007634000;5;3;2;25,4
25210007642000;6;4;2;52,7
25210007643000;5;3;2;61,4
25210007658000;2;1;1;0,0
25220007411000;9;4;5;38,1
25220007422000;1;1;0;0,0
25220007423000;7;4;3;36,7
25220007430000;1;1;0;0,0
25220007458000;31;15;16;41,8
25220007466000;7;4;3;47,0
25220007467000;31;15;16;36,3
25220007469000;3;1;2;0,0
25220007470000;12;4;8;30,8
25220007471000;10;6;4;32,0
25220007472000;13;7;6;51,3
25220007477000;5;2;3;52,8
25220007481000;2;1;1;0,0
25220007484000;5;2;3;37,2
25220007488000;16;9;7;50,3
25220007489000;30;18;12;61,4
25220007542000;9;6;3;27,1
25220007554000;4;2;2;0,0
25220007580000;10;5;5;63,0
25220007613000;12;4;8;63,1
25220007614000;44;25;19;42,5
25220007620000;3;1;2;0,0
25220007625000;36;19;17;41,4
25220007638000;19;11;8;42,2
25220007639000;17;7;10;51,1
25220007640000;4;2;2;0,0
25220007645000;10;4;6;54,8
25220007646000;1;0;1;0,0
25220007647000;3;1;2;0,0
25220007652000;1;1;0;0,0
25220007662000;5;3;2;60,8
25220007663000;26;16;10;56,2
25230007411000;4;2;2;0,0
25230007468000;15;8;7;36,1
25230007469000;9;5;4;24,4
25230007470000;13;8;5;46,6
25230007472000;6;3;3;37,3
25230007473000;23;15;8;47,0
25230007474000;7;4;3;47,0
25230007476000;2;1;1;0,0
25230007480000;7;3;4;35,9
25230007481000;22;13;9;40,5
25230007482000;12;9;3;44,6
25230007483000;13;8;5;55,3
25230007484000;11;4;7;58,2
25230007534000;6;3;3;45,8
25230007535000;3;1;2;0,0
25230007542000;9;4;5;43,4
25230007552000;7;3;4;45,0
25230007553000;7;3;4;34,0
25230007580000;7;4;3;51,3
25230007612000;1;0;1;0,0
25230007613000;7;5;2;49,7
25230007614000;1;1;0;0,0
25230007625000;69;38;31;31,2
25230007634000;5;2;3;24,0
25230007637000;17;10;7;35,8
25230007650000;2;1;1;0,0
25230007662000;1;0;1;0,0
25240007410000;3;2;1;0,0
25240007454000;5;3;2;37,2
25240007455000;3;1;2;0,0
25240007468000;18;8;10;38,7
25240007469000;14;9;5;31,4
25240007470000;7;2;5;47,6
25240007471000;4;2;2;0,0
25240007472000;12;7;5;45,6
25240007483000;47;22;25;41,9
25240007487000;1;1;0;0,0
25240007542000;1;1;0;0,0
25240007552000;24;11;13;49,8
25240007554000;4;1;3;0,0
25240007555000;8;4;4;61,3
25240007578000;7;5;2;35,9
25240007579000;7;4;3;52,9
25240007580000;6;4;2;78,7
25240007612000;12;7;5;28,3
25240007616000;4;2;2;0,0
25240007625000;14;9;5;45,9
25240007626000;21;9;12;35,0
25240007633000;4;1;3;0,0
25240007634000;3;2;1;0,0
25240007636000;9;5;4;72,8
25240007641000;5;2;3;43,8
25240007643000;6;2;4;33,2
25240007645000;11;5;6;28,9
25240007654000;3;1;2;0,0
25240007663000;2;1;1;0,0
25250007409000;16;7;9;48,0
25250007410000;11;7;4;61,5
25250007456000;11;5;6;42,3
25250007469000;302;149;153;38,3
25250007470000;506;263;243;38,4
25250007471000;6;3;3;23,7
25250007475000;7;3;4;52,1
25250007485000;2;2;0;0,0
25250007489000;1;0;1;0,0
25250007542000;5;2;3;74,6
25250007551000;41;21;20;23,7
25250007552000;221;112;109;44,3
25250007554000;1;0;1;0,0
25250007556000;2;0;2;0,0
25250007558000;5;3;2;63,0
25250007578000;12;8;4;32,9
25250007579000;22;12;10;42,4
25250007612000;21;10;11;36,0
25250007615000;3;2;1;0,0
25250007626000;23;12;11;42,6
25250007635000;2;1;1;0,0
25250007636000;13;6;7;47,1
25250007647000;2;1;1;0,0
25250007648000;7;5;2;68,3
25250007649000;19;9;10;39,3
25250007650000;6;3;3;30,2
25250007651000;184;89;95;40,6
25250007652000;32;17;15;36,3
25250007654000;35;15;20;41,8
25250007664000;2;1;1;0,0
25260007408000;2;1;1;0,0
25260007470000;14;7;7;28,6
25260007471000;18;10;8;51,2
25260007472000;4;2;2;0,0
25260007473000;5;3;2;35,6
25260007474000;1;0;1;0,0
25260007542000;5;2;3;31,0
25260007551000;18;13;5;26,7
25260007552000;216;117;99;42,0
25260007558000;4;2;2;0,0
25260007560000;4;2;2;0,0
25260007563000;2;1;1;0,0
25260007577000;14;6;8;56,2
25260007578000;9;5;4;54,6
25260007579000;2;0;2;0,0
25260007580000;2;2;0;0,0
25260007625000;17;11;6;31,2
25260007626000;4;2;2;0,0
25260007635000;23;14;9;39,4
25260007648000;8;4;4;34,6
25260007649000;33;18;15;44,5
25260007653000;2;2;0;0,0
25260007656000;2;1;1;0,0
25260007665000;8;5;3;30,0
25260007667000;3;3;0;0,0
25260007669000;69;37;32;48,5
25270007472000;3;2;1;0,0
25270007473000;15;7;8;39,3
25270007476000;2;2;0;0,0
25270007477000;14;7;7;49,3
25270007478000;3;1;2;0,0
25270007491000;1;0;1;0,0
25270007552000;18;8;10;44,8
25270007556000;10;6;4;39,5
25270007559000;4;3;1;0,0
25270007560000;32;17;15;38,3
25270007562000;7;4;3;51,1
25270007563000;47;25;22;49,4
25270007578000;2;2;0;0,0
25270007580000;20;11;9;65,6
25270007584000;1;0;1;0,0
25270007612000;3;2;1;0,0
25270007625000;13;7;6;36,7
25270007626000;3;0;3;0,0
25270007636000;13;7;6;43,8
25270007649000;6;4;2;30,2
25270007653000;7;4;3;34,1
25270007654000;8;7;1;56,3
25270007663000;1;0;1;0,0
25270007669000;38;20;18;35,1
25280007474000;5;3;2;55,6
25280007475000;4;2;2;0,0
25280007476000;39;18;21;42,1
25280007477000;9;5;4;49,1
25280007478000;2;1;1;0,0
25280007492000;2;1;1;0,0
25280007543000;6;1;5;29,8
25280007556000;2;2;0;0,0
25280007558000;1;0;1;0,0
25280007578000;6;2;4;20,8
25280007581000;1;1;0;0,0
25280007625000;4;2;2;0,0
25280007626000;1;0;1;0,0
25280007645000;1;0;1;0,0
25280007649000;1;1;0;0,0
25280007650000;5;3;2;56,8
25280007653000;2;1;1;0,0
25280007654000;4;2;2;0,0
25280007655000;6;2;4;42,3
25290007475000;19;11;8;55,7
25290007476000;26;12;14;45,3
25290007503000;2;2;0;0,0
25290007543000;1;0;1;0,0
25290007556000;3;2;1;0,0
25290007557000;8;5;3;65,1
25290007561000;11;4;7;49,5
25290007583000;8;5;3;62,5
25290007584000;2;1;1;0,0
25290007585000;9;5;4;50,6
25290007588000;1;1;0;0,0
25290007649000;1;1;0;0,0
25290007650000;7;3;4;80,9
25290007655000;1;0;1;0,0
25290007659000;3;1;2;0,0
25290007665000;9;4;5;42,1
25300007408000;20;8;12;43,7
25300007475000;9;4;5;67,1
25300007478000;1;1;0;0,0
25300007480000;7;3;4;43,4
25300007495000;1;0;1;0,0
25300007497000;7;1;6;44,4
25300007498000;5;1;4;78,4
25300007499000;2;1;1;0,0
25300007547000;2;1;1;0,0
25300007548000;1;1;0;0,0
25300007584000;11;5;6;48,7
25300007587000;3;1;2;0,0
25300007602000;6;3;3;44,7
25300007603000;3;2;1;0,0
25300007611000;15;9;6;50,3
25300007655000;49;25;24;47,1
25300007661000;1;1;0;0,0
25300007666000;2;2;0;0,0
25310007407000;2;1;1;0,0
25310007451000;1;1;0;0,0
25310007452000;1;0;1;0,0
25310007480000;12;5;7;51,3
25310007495000;5;3;2;50,2
25310007496000;6;3;3;67,5
25310007501000;3;1;2;0,0
25310007543000;2;1;1;0,0
25310007547000;1;0;1;0,0
25310007584000;7;2;5;63,0
25310007585000;7;4;3;64,4
25310007587000;6;1;5;23,7
25310007603000;4;2;2;0,0
25310007610000;7;3;4;61,9
25310007611000;2;2;0;0,0
25310007612000;5;2;3;67,6
25310007655000;26;12;14;43,8
25310007656000;86;38;48;37,5
25310007660000;2;1;1;0,0
25310007672000;1;1;0;0,0
25320007402000;5;2;3;47,0
25320007451000;1;1;0;0,0
25320007482000;4;2;2;0,0
25320007495000;2;2;0;0,0
25320007496000;1;0;1;0,0
25320007542000;2;2;0;0,0
25320007543000;6;3;3;71,2
25320007549000;1;1;0;0,0
25320007592000;1;0;1;0,0
25320007604000;2;1;1;0,0
25320007606000;8;4;4;63,0
25320007607000;13;7;6;45,5
25320007608000;7;3;4;46,3
25320007647000;1;1;0;0,0
25320007656000;132;67;65;46,8
25320007657000;10;7;3;46,0
25320007672000;3;2;1;0,0
25320007675000;1;1;0;0,0
25320007676000;2;1;1;0,0
25330007403000;2;1;1;0,0
25330007482000;1;0;1;0,0
25330007496000;1;1;0;0,0
25330007508000;3;0;3;0,0
25330007509000;3;2;1;0,0
25330007555000;1;1;0;0,0
25330007605000;3;1;2;0,0
25330007606000;15;10;5;45,8
25330007607000;4;1;3;0,0
25330007608000;7;4;3;34,6
25330007609000;10;5;5;68,4
25330007625000;4;2;2;0,0
25330007627000;2;1;1;0,0
25330007628000;7;5;2;61,3
25330007657000;6;3;3;40,7
25330007658000;4;3;1;0,0
25330007660000;2;1;1;0,0
25330007678000;19;7;12;51,3
25340007402000;1;1;0;0,0
25340007496000;8;3;5;59,8
25340007508000;20;10;10;47,9
25340007555000;2;1;1;0,0
25340007556000;3;1;2;0,0
25340007588000;1;1;0;0,0
25340007589000;5;2;3;70,4
25340007591000;3;0;3;0,0
25340007615000;7;3;4;54,6
25340007616000;3;2;1;0,0
25340007627000;2;1;1;0,0
25340007629000;3;1;2;0,0
25340007660000;18;11;7;37,5
25340007677000;5;4;1;59,8
25340007678000;8;5;3;37,8
25350007496000;22;9;13;55,7
25350007497000;9;4;5;26,7
25350007508000;41;23;18;45,6
25350007509000;7;5;2;22,4
25350007510000;23;10;13;46,0
25350007528000;2;2;0;0,0
25350007532000;4;2;2;0,0
25350007552000;3;1;2;0,0
25350007553000;6;4;2;31,2
25350007555000;44;24;20;45,3
25350007556000;17;11;6;32,7
25350007587000;4;3;1;0,0
25350007590000;1;1;0;0,0
25350007616000;12;7;5;45,8
25350007627000;5;3;2;72,2
25350007628000;7;5;2;46,0
25350007630000;2;1;1;0,0
25350007631000;3;2;1;0,0
25350007632000;7;4;3;35,1
25350007633000;3;2;1;0,0
25350007660000;15;7;8;42,8
25350007661000;2;1;1;0,0
25360007510000;23;13;10;37,6
25360007511000;1;0;1;0,0
25360007531000;3;2;1;0,0
25360007532000;6;4;2;49,7
25360007534000;5;1;4;28,2
25360007535000;3;1;2;0,0
25360007552000;4;3;1;0,0
25360007553000;1;1;0;0,0
25360007555000;24;14;10;44,9
25360007556000;133;57;76;38,9
25360007557000;2;1;1;0,0
25360007558000;9;5;4;58,4
25360007559000;1;1;0;0,0
25360007588000;1;1;0;0,0
25360007593000;8;5;3;40,4
25360007594000;3;1;2;0,0
25360007595000;3;1;2;0,0
25360007616000;5;3;2;70,0
25360007617000;46;24;22;36,9
25360007618000;2;1;1;0,0
25360007662000;3;2;1;0,0
25360007663000;29;13;16;44,3
25360007664000;14;6;8;43,1
25360007675000;3;2;1;0,0
25370007495000;20;10;10;38,1
25370007496000;4;2;2;0,0
25370007497000;23;9;14;66,4
25370007533000;3;1;2;0,0
25370007537000;22;12;10;36,0
25370007540000;3;2;1;0,0
25370007541000;8;5;3;64,5
25370007551000;1;1;0;0,0
25370007552000;11;5;6;37,7
25370007557000;9;7;2;34,1
25370007558000;13;7;6;70,0
25370007559000;5;3;2;40,4
25370007560000;6;4;2;46,3
25370007562000;3;2;1;0,0
25370007587000;5;3;2;47,8
25370007617000;14;9;5;57,9
25370007618000;10;6;4;57,6
25370007619000;3;2;1;0,0
25370007629000;12;6;6;42,0
25370007665000;8;5;3;40,5
25370007666000;29;17;12;51,7
25370007668000;3;1;2;0,0
25370007671000;2;1;1;0,0
25370007684000;226;115;111;40,9
25370007685000;126;58;68;45,7
25380007477000;2;1;1;0,0
25380007496000;13;5;8;33,5
25380007513000;2;1;1;0,0
25380007527000;1;0;1;0,0
25380007538000;32;19;13;42,7
25380007539000;44;22;22;40,8
25380007551000;1;1;0;0,0
25380007552000;3;2;1;0,0
25380007560000;3;1;2;0,0
25380007619000;8;4;4;60,6
25380007620000;21;13;8;41,4
25380007630000;10;6;4;57,2
25380007631000;2;1;1;0,0
25380007665000;3;2;1;0,0
25380007666000;141;60;81;53,2
25380007667000;29;17;12;38,7
25380007668000;26;17;9;35,7
25380007684000;39;20;19;42,3
25380007685000;69;37;32;42,8
25390007497000;4;2;2;0,0
25390007501000;10;6;4;42,7
25390007502000;5;2;3;40,0
25390007512000;2;1;1;0,0
25390007527000;3;2;1;0,0
25390007538000;15;10;5;48,3
25390007539000;63;27;36;50,1
25390007542000;1;1;0;0,0
25390007572000;1;0;1;0,0
25390007587000;221;126;95;40,4
25390007588000;155;62;93;41,8
25390007620000;3;2;1;0,0
25390007667000;9;4;5;41,8
25390007668000;12;5;7;53,3
25390007669000;7;5;2;33,9
25400007497000;12;7;5;44,7
25400007502000;2;1;1;0,0
25400007527000;1;0;1;0,0
25400007548000;14;9;5;25,0
25400007588000;673;319;354;45,7
25400007589000;603;300;303;41,5
25400007590000;18;9;9;41,7
25400007669000;16;10;6;42,2
25400007678000;4;3;1;0,0
25410007502000;2;2;0;0,0
25410007521000;1;0;1;0,0
25410007524000;1;1;0;0,0
25410007527000;1;1;0;0,0
25410007539000;3;1;2;0,0
25410007540000;3;2;1;0,0
25410007546000;13;5;8;32,5
25410007547000;2;1;1;0,0
25410007559000;2;2;0;0,0
25410007589000;70;34;36;40,0
25410007591000;3;1;2;0,0
25410007592000;4;2;2;0,0
25410007593000;2;1;1;0,0
25410007619000;13;8;5;26,0
25410007669000;5;3;2;19,0
25410007670000;55;26;29;38,2
25410007671000;17;9;8;35,8
25410007688000;196;108;88;35,6
25420007435000;1;0;1;0,0
25420007448000;6;4;2;43,3
25420007449000;171;90;81;40,2
25420007501000;2;1;1;0,0
25420007525000;2;2;0;0,0
25420007547000;25;14;11;44,5
25420007548000;1;0;1;0,0
25420007562000;2;2;0;0,0
25420007563000;8;5;3;48,8
25420007564000;35;19;16;56,1
25420007565000;10;6;4;46,6
25420007594000;25;15;10;44,2
25420007617000;4;2;2;0,0
25420007618000;10;6;4;52,1
25420007619000;10;5;5;52,8
25420007621000;2;1;1;0,0
25420007622000;6;3;3;41,2
25420007623000;9;4;5;48,6
25420007624000;9;4;5;47,0
25420007625000;9;8;1;41,7
25420007671000;11;6;5;46,5
25420007672000;17;7;10;52,5
25420007674000;3;2;1;0,0
25420007675000;2;1;1;0,0
25420007676000;5;3;2;48,4
25420007688000;430;220;210;38,5
25420007689000;328;169;159;34,4
25430007442000;9;3;6;56,3
25430007447000;37;21;16;42,3
25430007448000;44;23;21;53,8
25430007547000;22;13;9;40,4
25430007548000;26;14;12;45,2
25430007562000;16;7;9;33,6
25430007564000;5;1;4;72,4
25430007565000;7;3;4;59,6
25430007567000;3;2;1;0,0
25430007568000;9;2;7;63,4
25430007569000;9;2;7;39,1
25430007570000;2;1;1;0,0
25430007571000;54;30;24;47,2
25430007595000;7;3;4;33,7
25430007614000;2;1;1;0,0
25430007615000;1;0;1;0,0
25430007617000;24;12;12;38,6
25430007618000;44;23;21;38,5
25430007624000;9;4;5;37,7
25430007625000;13;8;5;37,7
25430007626000;10;5;5;35,2
25430007628000;2;0;2;0,0
25430007630000;2;1;1;0,0
25430007673000;8;5;3;43,0
25430007676000;7;3;4;43,1
25430007677000;13;4;9;55,8
25430007678000;17;9;8;53,9
25430007679000;6;4;2;51,0
25430007680000;11;3;8;49,2
25430007681000;13;5;8;36,3
25430007689000;364;185;179;44,6
25430007690000;145;66;79;35,4
25440007447000;115;56;59;42,6
25440007547000;33;16;17;39,9
25440007548000;48;26;22;40,6
25440007549000;7;4;3;66,4
25440007565000;22;12;10;37,4
25440007566000;10;4;6;37,6
25440007567000;5;2;3;41,8
25440007568000;5;3;2;52,6
25440007617000;1;0;1;0,0
25440007627000;21;12;9;39,8
25440007628000;8;4;4;65,0
25440007631000;5;2;3;30,2
25440007632000;9;5;4;45,1
25440007633000;53;26;27;37,5
25440007634000;159;84;75;41,0
25440007635000;21;9;12;51,6
25440007636000;1;1;0;0,0
25440007681000;23;12;11;43,9
25440007682000;30;18;12;53,5
25440007689000;401;209;192;41,0
25440007690000;795;384;411;44,7
25450007446000;49;22;27;55,9
25450007447000;39;18;21;46,6
25450007546000;5;1;4;26,4
25450007547000;132;74;58;37,4
25450007548000;163;91;72;40,3
25450007562000;1;0;1;0,0
25450007563000;5;3;2;49,4
25450007564000;1;0;1;0,0
25450007590000;9;4;5;64,9
25450007600000;6;4;2;42,7
25450007605000;1;1;0;0,0
25450007627000;29;17;12;34,4
25450007630000;76;40;36;37,2
25450007631000;28;15;13;48,4
25450007636000;2;1;1;0,0
25450007637000;2;1;1;0,0
25450007682000;5;2;3;33,0
25450007683000;15;9;6;50,1
25450007684000;5;3;2;51,8
25460007442000;5;3;2;42,6
25460007446000;118;61;57;40,7
25460007546000;100;50;50;34,4
25460007547000;24;14;10;40,5
25460007558000;4;2;2;0,0
25460007560000;2;1;1;0,0
25460007591000;2;1;1;0,0
25460007592000;3;1;2;0,0
25460007593000;24;10;14;43,3
25460007626000;2;1;1;0,0
25460007627000;27;17;10;27,6
25460007629000;26;13;13;51,0
25460007630000;202;109;93;37,9
25460007637000;20;11;9;32,2
25460007683000;2;1;1;0,0
25460007684000;8;5;3;54,3
25470007445000;20;12;8;66,9
25470007446000;25;11;14;57,1
25470007593000;9;4;5;69,6
25470007603000;2;1;1;0,0
25470007626000;20;12;8;50,2
25470007627000;17;10;7;33,0
25470007629000;1019;473;546;40,1
25470007630000;91;43;48;39,5
25470007637000;5;3;2;47,0
25470007638000;18;8;10;38,6
25470007639000;12;6;6;48,9
25480007544000;52;25;27;35,3
25480007545000;52;25;27;43,9
25480007546000;2;1;1;0,0
25480007601000;3;2;1;0,0
25480007625000;4;1;3;0,0
25480007628000;23;11;12;37,2
25480007629000;66;29;37;41,3
25480007639000;52;25;27;40,2
25490007600000;1;0;1;0,0
25490007625000;7;4;3;34,9
25490007628000;65;35;30;46,6
25500007530000;1;1;0;0,0
25500007531000;22;14;8;58,2
25500007532000;6;4;2;44,0
25500007533000;3;1;2;0,0
25500007605000;14;10;4;29,6
25500007606000;80;32;48;38,5
25500007625000;49;26;23;45,4
25500007626000;3;2;1;0,0
25500007627000;49;23;26;38,8
25500007628000;61;34;27;38,9
25500007645000;3;2;1;0,0
25500007650000;47;25;22;48,1
25500007651000;20;11;9;49,5
25510007530000;2;1;1;0,0
25510007531000;6;4;2;30,3
25510007567000;1;1;0;0,0
25510007589000;1;0;1;0,0
25510007605000;21;10;11;36,1
25510007606000;131;64;67;44,0
25510007624000;1;1;0;0,0
25510007625000;210;105;105;36,0
25510007626000;43;23;20;50,4
25510007637000;10;7;3;64,9
25510007638000;2;1;1;0,0
25510007649000;22;12;10;54,8
25510007650000;7;2;5;43,4
25520007559000;12;7;5;47,8
25520007582000;2;1;1;0,0
25520007583000;4;2;2;0,0
25520007584000;20;12;8;54,9
25520007590000;4;1;3;0,0
25520007606000;8;4;4;35,4
25520007622000;9;5;4;41,6
25520007623000;12;8;4;41,3
25520007624000;20;11;9;38,0
25520007625000;6;2;4;33,8
25520007626000;8;5;3;49,6
25520007636000;8;3;5;44,3
25520007642000;18;8;10;37,9
25530007567000;2;2;0;0,0
25530007590000;1;0;1;0,0
25530007604000;12;5;7;56,3
25530007605000;6;4;2;65,3
25530007606000;11;6;5;60,0
25530007619000;1;0;1;0,0
25530007620000;4;3;1;0,0
25530007635000;24;13;11;28,8
25530007636000;28;15;13;33,2
25530007637000;32;14;18;45,2
25530007641000;24;11;13;37,3
25530007642000;7;3;4;43,0
25540007557000;12;8;4;52,5
25540007568000;3;2;1;0,0
25540007590000;25;11;14;47,3
25540007591000;7;4;3;59,7
25540007605000;19;10;9;60,8
25540007606000;12;8;4;47,8
25540007618000;3;1;2;0,0
25540007619000;12;5;7;49,9
25540007630000;3;2;1;0,0
25540007635000;5;2;3;25,2
25540007636000;162;82;80;42,4
25540007637000;18;13;5;40,1
25540007641000;34;17;17;47,1
25540007648000;5;3;2;47,2
25550007554000;20;12;8;43,9
25550007559000;2;1;1;0,0
25550007570000;4;2;2;0,0
25550007573000;8;5;3;60,9
25550007579000;2;1;1;0,0
25550007580000;10;5;5;43,0
25550007585000;1;1;0;0,0
25550007590000;14;8;6;46,8
25550007602000;6;3;3;41,0
25550007605000;18;9;9;39,3
25550007606000;19;8;11;45,3
25550007618000;11;6;5;26,6
25550007629000;54;30;24;40,9
25550007630000;20;12;8;33,3
25550007631000;2;1;1;0,0
25550007635000;65;32;33;43,0
25550007636000;7;3;4;50,6
25560007539000;1;1;0;0,0
25560007548000;1;0;1;0,0
25560007553000;72;38;34;50,0
25560007554000;227;117;110;44,7
25560007570000;2;1;1;0,0
25560007571000;2;1;1;0,0
25560007579000;4;2;2;0,0
25560007580000;9;4;5;48,2
25560007586000;2;1;1;0,0
25560007604000;8;4;4;72,4
25560007605000;4;2;2;0,0
25560007606000;13;7;6;50,9
25560007624000;7;4;3;36,9
25560007627000;1;1;0;0,0
25560007628000;24;15;9;33,8
25560007631000;21;12;9;47,7
25560007632000;4;2;2;0,0
25560007634000;4;2;2;0,0
25560007635000;38;17;21;34,6
25560007636000;37;17;20;38,2
25570007539000;1;1;0;0,0
25570007540000;1;1;0;0,0
25570007548000;1;1;0;0,0
25570007550000;2;1;1;0,0
25570007551000;10;6;4;65,5
25570007553000;7;3;4;64,6
25570007554000;541;273;268;44,6
25570007555000;2;1;1;0,0
25570007560000;1;1;0;0,0
25570007579000;2;1;1;0,0
25570007586000;1;1;0;0,0
25570007603000;4;2;2;0,0
25570007604000;12;5;7;52,5
25570007606000;11;6;5;48,5
25570007615000;3;1;2;0,0
25570007616000;2;1;1;0,0
25570007625000;30;21;9;37,7
25570007626000;7;3;4;28,9
25570007631000;17;8;9;40,7
25570007635000;42;20;22;41,4
25570007636000;4;2;2;0,0
25570007642000;3;1;2;0,0
25580007566000;2;2;0;0,0
25580007568000;1;1;0;0,0
25580007578000;12;7;5;47,8
25580007591000;2;1;1;0,0
25580007603000;1;1;0;0,0
25580007606000;16;10;6;43,6
25580007612000;1;0;1;0,0
25580007615000;9;5;4;62,8
25580007616000;12;7;5;46,5
25580007632000;186;84;102;34,8
25580007634000;2;1;1;0,0
25580007635000;93;53;40;39,2
25580007642000;34;19;15;35,6
25580007653000;7;4;3;43,9
25580007655000;3;2;1;0,0
25580007656000;12;5;7;52,3
25590007554000;1;1;0;0,0
25590007578000;1;1;0;0,0
25590007593000;4;2;2;0,0
25590007601000;3;1;2;0,0
25590007602000;1;1;0;0,0
25590007603000;4;2;2;0,0
25590007632000;107;54;53;39,3
25590007633000;9;3;6;34,3
25590007634000;47;23;24;33,6
25590007635000;162;79;83;40,4
25590007636000;20;8;12;36,8
25590007638000;105;55;50;43,1
25590007641000;2;1;1;0,0
25590007642000;8;3;5;50,8
25590007653000;5;4;1;47,0
25590007655000;2;0;2;0,0
25590007656000;15;8;7;56,6
25590007659000;1;1;0;0,0
25590007663000;1;0;1;0,0
25600007564000;2;1;1;0,0
25600007576000;4;4;0;0,0
25600007599000;31;16;15;50,5
25600007603000;65;33;32;43,3
25600007604000;9;5;4;58,8
25600007606000;3;2;1;0,0
25600007610000;8;5;3;48,9
25600007611000;10;5;5;67,7
25600007617000;93;43;50;37,5
25600007618000;45;22;23;47,9
25600007632000;474;239;235;38,1
25600007633000;703;344;359;39,1
25600007634000;725;360;365;34,8
25600007635000;47;23;24;32,2
25600007636000;11;8;3;28,4
25600007637000;38;22;16;44,3
25600007638000;1;1;0;0,0
25600007641000;2;1;1;0,0
25600007642000;14;7;7;34,1
25600007653000;5;1;4;39,8
25600007654000;16;8;8;44,9
25600007656000;2;1;1;0,0
25600007657000;4;2;2;0,0
25600007661000;1;0;1;0,0
25610007527000;1;1;0;0,0
25610007598000;27;15;12;34,5
25610007599000;38;18;20;37,8
25610007604000;46;22;24;48,9
25610007605000;7;5;2;48,6
25610007606000;24;14;10;40,9
25610007607000;64;31;33;38,3
25610007608000;112;68;44;33,8
25610007609000;16;7;9;48,1
25610007610000;32;14;18;43,0
25610007611000;60;27;33;41,2
25610007612000;45;24;21;40,8
25610007617000;3;2;1;0,0
25610007618000;21;11;10;43,0
25610007619000;33;17;16;37,0
25610007620000;8;5;3;47,1
25610007622000;6;3;3;50,3
25610007623000;124;65;59;43,1
25610007630000;965;500;465;36,7
25610007631000;1478;731;747;38,8
25610007632000;1709;821;888;41,1
25610007633000;1256;630;626;40,5
25610007634000;336;162;174;37,2
25610007641000;16;7;9;49,1
25610007653000;1;1;0;0,0
25610007654000;140;67;73;43,1
25610007655000;9;4;5;66,9
25610007656000;2;2;0;0,0
25610007661000;1;1;0;0,0
25620007577000;3;1;2;0,0
25620007588000;1;0;1;0,0
25620007596000;1;1;0;0,0
25620007597000;33;17;16;46,6
25620007598000;197;101;96;42,0
25620007604000;8;5;3;63,6
25620007605000;251;124;127;46,0
25620007606000;3;2;1;0,0
25620007612000;18;10;8;55,6
25620007619000;117;59;58;40,1
25620007620000;134;64;70;44,7
25620007621000;26;14;12;34,4
25620007623000;193;97;96;43,1
25620007624000;271;137;134;38,8
25620007626000;707;379;328;36,0
25620007627000;229;117;112;33,9
25620007628000;893;439;454;34,7
25620007629000;981;497;484;36,2
25620007630000;910;442;468;38,6
25620007631000;926;458;468;39,9
25620007632000;595;310;285;40,3
25620007633000;1321;626;695;44,9
25620007634000;855;424;431;39,1
25620007635000;67;37;30;33,4
25620007636000;31;15;16;34,0
25620007641000;44;21;23;50,8
25620007653000;13;7;6;50,5
25620007654000;38;20;18;48,2
25620007655000;6;2;4;39,8
25630007581000;2;1;1;0,0
25630007583000;3;3;0;0,0
25630007605000;14;7;7;54,9
25630007608000;28;13;15;38,3
25630007609000;36;18;18;38,5
25630007610000;33;18;15;43,7
25630007611000;11;5;6;56,2
25630007613000;1;0;1;0,0
25630007614000;3;1;2;0,0
25630007617000;6;4;2;73,3
25630007618000;52;27;25;43,5
25630007619000;43;24;19;43,5
25630007620000;6;3;3;48,2
25630007621000;86;46;40;40,6
25630007622000;2;0;2;0,0
25630007624000;26;14;12;34,4
25630007625000;167;88;79;36,1
25630007626000;720;372;348;32,9
25630007627000;704;343;361;38,4
25630007628000;318;155;163;36,5
25630007629000;52;31;21;42,4
25630007630000;875;385;490;46,4
25630007631000;796;399;397;44,2
25630007632000;112;58;54;39,2
25630007641000;26;13;13;42,3
25630007642000;19;9;10;29,7
25640007575000;7;4;3;45,0
25640007581000;3;1;2;0,0
25640007582000;3;2;1;0,0
25640007584000;8;4;4;68,4
25640007589000;6;3;3;44,0
25640007594000;7;5;2;43,4
25640007603000;12;4;8;58,0
25640007604000;4;2;2;0,0
25640007607000;8;7;1;28,0
25640007608000;301;155;146;37,7
25640007609000;355;178;177;39,2
25640007610000;34;14;20;42,2
25640007611000;3;2;1;0,0
25640007612000;50;22;28;39,0
25640007613000;12;8;4;38,3
25640007614000;27;16;11;26,1
25640007615000;31;17;14;53,4
25640007616000;47;24;23;39,9
25640007617000;90;44;46;41,7
25640007618000;75;37;38;42,1
25640007622000;7;4;3;31,1
25640007631000;740;355;385;41,6
25640007642000;61;32;29;45,1
25640007643000;43;20;23;40,5
25640007644000;8;3;5;51,5
25640007645000;14;8;6;40,2
25640007646000;4;3;1;0,0
25650007575000;1;1;0;0,0
25650007582000;14;6;8;36,6
25650007583000;2;1;1;0,0
25650007584000;21;10;11;44,0
25650007587000;1;1;0;0,0
25650007590000;3;1;2;0,0
25650007594000;19;6;13;42,1
25650007595000;6;4;2;57,7
25650007597000;4;2;2;0,0
25650007603000;4;2;2;0,0
25650007607000;77;35;42;36,7
25650007614000;3;2;1;0,0
25650007618000;7;2;5;52,7
25650007643000;12;5;7;24,8
25650007646000;4;2;2;0,0
25650007647000;35;16;19;31,3
25650007648000;4;2;2;0,0
25660007564000;2;2;0;0,0
25660007570000;1;1;0;0,0
25660007579000;14;8;6;53,8
25660007580000;1;1;0;0,0
25660007585000;2;0;2;0,0
25660007589000;2;1;1;0,0
25660007590000;22;10;12;32,3
25660007594000;29;13;16;37,6
25660007595000;29;15;14;38,4
25660007602000;2;1;1;0,0
25660007603000;154;76;78;40,3
25660007604000;24;14;10;55,0
25660007605000;36;16;20;42,2
25660007606000;18;10;8;44,0
25660007607000;25;10;15;49,2
25660007608000;6;2;4;68,5
25660007648000;6;2;4;25,3
25660007649000;38;18;20;59,4
25660007650000;13;8;5;54,8
25670007572000;3;1;2;0,0
25670007573000;11;5;6;67,0
25670007574000;1;1;0;0,0
25670007575000;1;1;0;0,0
25670007577000;2;1;1;0,0
25670007578000;4;2;2;0,0
25670007579000;1;0;1;0,0
25670007586000;5;2;3;38,8
25670007587000;6;3;3;63,0
25670007588000;44;21;23;46,0
25670007589000;26;11;15;45,6
25670007590000;9;5;4;51,9
25670007594000;7;3;4;32,6
25670007595000;40;18;22;42,2
25670007599000;4;2;2;0,0
25670007600000;3;1;2;0,0
25670007601000;5;3;2;43,4
25670007602000;2;1;1;0,0
25670007603000;10;5;5;33,7
25670007605000;4;2;2;0,0
25670007606000;33;19;14;47,5
25670007607000;34;16;18;34,1
25670007608000;7;5;2;45,3
25670007611000;2;1;1;0,0
25670007641000;2;1;1;0,0
25670007648000;19;11;8;61,7
25670007649000;6;2;4;34,7
25680007587000;2;1;1;0,0
25680007588000;52;30;22;44,3
25680007589000;27;8;19;58,9
25680007601000;3;2;1;0,0
25680007602000;7;4;3;40,0
25680007603000;9;5;4;31,0
25680007609000;28;18;10;53,7
25680007610000;13;7;6;36,1
25680007611000;23;10;13;48,9
25680007641000;8;5;3;50,1
25680007649000;3;1;2;0,0
25690007575000;2;1;1;0,0
25690007579000;18;7;11;46,6
25690007580000;2;2;0;0,0
25690007589000;10;7;3;62,6
25690007590000;5;3;2;53,4
25690007594000;9;4;5;25,2
25690007595000;23;11;12;40,7
25690007596000;8;1;7;29,4
25690007597000;3;0;3;0,0
25690007599000;1;0;1;0,0
25690007600000;1;1;0;0,0
25690007601000;12;5;7;57,7
25690007602000;40;23;17;53,6
25690007603000;67;34;33;39,6
25690007608000;13;8;5;52,0
25690007609000;11;5;6;46,3
25690007616000;17;10;7;41,5
25690007617000;11;5;6;57,0
25690007650000;12;6;6;43,3
25700007571000;9;4;5;37,9
25700007572000;1;1;0;0,0
25700007573000;2;1;1;0,0
25700007576000;6;2;4;37,0
25700007577000;20;10;10;43,1
25700007578000;16;7;9;29,4
25700007579000;8;6;2;61,6
25700007580000;20;12;8;33,0
25700007590000;3;2;1;0,0
25700007594000;7;4;3;49,9
25700007598000;21;13;8;36,0
25700007599000;7;3;4;46,6
25700007601000;15;7;8;51,3
25700007603000;15;9;6;50,9
25700007604000;5;1;4;27,6
25700007605000;22;11;11;42,2
25700007606000;7;3;4;34,0
25700007607000;23;15;8;46,7
25700007608000;5;2;3;45,4
25700007615000;1;1;0;0,0
25700007618000;10;5;5;72,0
25710007572000;3;2;1;0,0
25710007573000;1;1;0;0,0
25710007574000;2;1;1;0,0
25710007577000;3;1;2;0,0
25710007578000;4;2;2;0,0
25710007579000;20;11;9;32,9
25710007580000;12;8;4;41,7
25710007581000;22;12;10;38,0
25710007595000;9;4;5;53,2
25710007598000;9;5;4;46,1
25710007599000;46;25;21;43,2
25710007600000;27;13;14;37,4
25710007601000;16;7;9;50,1
25710007603000;24;12;12;44,6
25710007604000;14;6;8;40,1
25710007605000;13;6;7;46,5
25710007606000;42;29;13;46,1
25710007607000;13;7;6;41,8
25710007618000;2;1;1;0,0
25710007619000;11;4;7;50,4
25710007663000;2;2;0;0,0
25710007664000;1;0;1;0,0
25720007571000;2;1;1;0,0
25720007579000;5;4;1;29,8
25720007580000;36;19;17;47,0
25720007581000;21;12;9;54,0
25720007582000;12;7;5;29,5
25720007588000;9;5;4;51,3
25720007589000;12;6;6;29,2
25720007590000;8;4;4;44,4
25720007595000;9;3;6;44,8
25720007598000;3;2;1;0,0
25720007599000;2;0;2;0,0
25720007602000;19;11;8;50,1
25720007603000;25;13;12;45,2
25720007604000;15;5;10;27,4
25720007605000;12;5;7;26,3
25720007606000;6;4;2;58,7
25720007613000;1;1;0;0,0
25720007617000;3;2;1;0,0
25720007618000;1;1;0;0,0
25720007619000;143;67;76;43,2
25720007662000;88;46;42;43,4
25720007663000;12;6;6;47,3
25730007579000;2;1;1;0,0
25730007580000;132;67;65;38,4
25730007581000;5;2;3;62,8
25730007582000;7;5;2;59,0
25730007588000;1;1;0;0,0
25730007595000;1;1;0;0,0
25730007596000;2;1;1;0,0
25730007613000;1;1;0;0,0
25730007619000;35;15;20;44,5
25730007620000;56;25;31;44,2
25730007661000;9;4;5;54,6
25740007578000;2;1;1;0,0
25740007579000;6;3;3;30,3
25740007580000;265;133;132;33,2
25740007581000;192;87;105;39,8
25740007582000;65;36;29;39,3
25740007583000;10;5;5;42,7
25740007588000;18;8;10;39,7
25740007599000;2;1;1;0,0
25740007615000;1;1;0;0,0
25740007616000;5;3;2;49,6
25740007617000;1;1;0;0,0
25740007618000;5;2;3;46,2
25740007620000;20;12;8;54,8
25740007624000;3;1;2;0,0
25740007625000;47;21;26;57,5
25740007661000;2;1;1;0,0
25750007580000;24;11;13;35,0
25750007581000;186;90;96;45,0
25750007582000;298;133;165;43,5
25750007583000;10;6;4;40,5
25750007584000;2;1;1;0,0
25750007588000;12;7;5;64,5
25750007619000;41;20;21;38,1
25750007620000;23;11;12;49,3
25750007625000;2;1;1;0,0
25750007661000;3;1;2;0,0
25750007662000;1;1;0;0,0
25760007581000;35;19;16;41,8
25760007582000;23;11;12;43,2
25760007583000;101;56;45;40,6
25760007584000;7;3;4;63,4
25760007587000;58;34;24;47,6
25760007596000;16;8;8;59,3
25760007597000;5;3;2;33,8
25760007619000;20;12;8;51,4
25760007620000;2;1;1;0,0
25760007662000;7;4;3;75,9
25760007688000;9;5;4;53,9
25770007581000;3;1;2;0,0
25770007582000;11;6;5;38,4
25770007583000;10;7;3;44,2
25770007584000;27;13;14;54,9
25770007585000;28;16;12;47,7
25770007586000;37;20;17;36,5
25770007587000;21;10;11;53,3
25770007596000;1;1;0;0,0
25770007597000;178;89;89;40,9
25770007598000;135;61;74;50,0
25770007599000;6;3;3;57,7
25770007620000;53;25;28;38,4
25770007621000;8;6;2;29,0
25770007662000;2;1;1;0,0
25770007663000;6;4;2;77,8
25770007688000;5;3;2;52,8
25770007689000;40;19;21;55,8
25780007582000;18;9;9;54,0
25780007585000;2;2;0;0,0
25780007586000;13;8;5;30,3
25780007598000;17;8;9;43,8
25780007599000;23;10;13;42,7
25780007600000;35;17;18;50,5
25780007601000;8;4;4;34,1
25780007621000;20;11;9;41,8
25780007622000;22;10;12;41,1
25780007664000;5;2;3;64,6
25780007686000;4;2;2;0,0
25780007687000;2;1;1;0,0
25780007689000;6;4;2;46,2
25790007580000;1;0;1;0,0
25790007582000;76;34;42;37,6
25790007583000;19;10;9;51,2
25790007600000;2;1;1;0,0
25790007601000;7;3;4;69,6
25790007620000;4;1;3;0,0
25790007622000;16;8;8;45,1
25790007623000;10;5;5;40,3
25790007626000;1;0;1;0,0
25790007664000;24;13;11;55,8
25790007687000;3;1;2;0,0
25790007689000;19;13;6;32,8
25790007696000;1;1;0;0,0
25800007583000;51;24;27;47,7
25800007602000;5;3;2;57,4
25800007623000;4;2;2;0,0
25800007626000;2;1;1;0,0
25800007627000;1;0;1;0,0
25800007663000;3;2;1;0,0
25800007664000;7;2;5;50,4
25800007665000;13;7;6;54,2
25800007666000;7;2;5;47,7
25800007667000;2;1;1;0,0
25800007670000;54;23;31;44,1
25800007671000;2;1;1;0,0
25800007676000;1;1;0;0,0
25800007677000;23;13;10;47,5
25800007686000;3;1;2;0,0
25800007687000;16;9;7;51,2
25800007690000;2;1;1;0,0
25800007695000;13;5;8;33,9
25800007696000;300;148;152;46,4
25810007583000;4;2;2;0,0
25810007601000;108;52;56;41,5
25810007602000;130;65;65;44,3
25810007603000;41;22;19;45,6
25810007627000;2;2;0;0,0
25810007640000;13;7;6;68,8
25810007659000;2;1;1;0,0
25810007660000;15;5;10;38,2
25810007663000;4;3;1;0,0
25810007664000;31;17;14;48,6
25810007668000;5;2;3;74,8
25810007670000;3;2;1;0,0
25810007676000;3;1;2;0,0
25810007677000;7;3;4;27,6
25810007686000;4;2;2;0,0
25810007687000;82;39;43;44,8
25810007695000;19;11;8;37,6
25810007696000;51;26;25;43,2
25820007583000;7;3;4;47,1
25820007584000;5;2;3;75,4
25820007595000;2;1;1;0,0
25820007601000;59;29;30;46,1
25820007602000;38;22;16;42,2
25820007603000;4;2;2;0,0
25820007620000;1;0;1;0,0
25820007637000;22;10;12;44,9
25820007638000;22;12;10;57,3
25820007639000;10;5;5;54,0
25820007640000;9;5;4;66,1
25820007660000;1;0;1;0,0
25820007664000;1;1;0;0,0
25820007668000;1;0;1;0,0
25820007687000;16;8;8;37,9
25820007693000;64;38;26;41,6
25820007698000;1;0;1;0,0
25830007581000;1;1;0;0,0
25830007583000;2;1;1;0,0
25830007584000;12;7;5;58,3
25830007585000;2;1;1;0,0
25830007586000;3;1;2;0,0
25830007595000;8;3;5;47,1
25830007596000;5;4;1;68,8
25830007601000;16;9;7;54,9
25830007620000;8;4;4;34,5
25830007635000;15;6;9;47,3
25830007636000;22;11;11;47,3
25830007637000;35;19;16;55,5
25830007661000;2;1;1;0,0
25830007686000;6;3;3;80,0
25830007693000;95;41;54;40,3
25840007585000;4;4;0;0,0
25840007586000;9;5;4;56,0
25840007597000;3;1;2;0,0
25840007600000;29;13;16;31,9
25840007601000;16;10;6;55,2
25840007629000;1;0;1;0,0
25840007633000;5;3;2;36,8
25840007634000;29;13;16;47,1
25840007635000;9;6;3;45,9
25840007657000;3;2;1;0,0
25840007686000;2;1;1;0,0
25840007687000;89;46;43;52,5
25840007702000;6;4;2;25,2
25850007578000;1;1;0;0,0
25850007579000;1;1;0;0,0
25850007586000;5;3;2;63,0
25850007596000;1;1;0;0,0
25850007599000;2;2;0;0,0
25850007600000;13;8;5;52,5
25850007619000;37;18;19;36,1
25850007620000;91;68;23;38,1
25850007622000;6;2;4;66,0
25850007623000;1;0;1;0,0
25850007627000;19;9;10;57,3
25850007628000;4;1;3;0,0
25850007630000;1;0;1;0,0
25850007633000;30;13;17;39,1
25850007641000;3;1;2;0,0
25850007646000;5;3;2;30,6
25850007647000;59;29;30;41,6
25850007657000;17;7;10;50,7
25850007663000;1;0;1;0,0
25850007665000;40;21;19;37,5
25850007687000;4;2;2;0,0
25850007701000;2;1;1;0,0
25850007702000;4;1;3;0,0
25860007597000;1;1;0;0,0
25860007598000;3;2;1;0,0
25860007616000;19;10;9;58,8
25860007619000;231;106;125;44,5
25860007620000;40;21;19;52,2
25860007628000;57;29;28;47,9
25860007629000;7;2;5;42,1
25860007632000;39;18;21;36,7
25860007633000;9;6;3;47,1
25860007640000;6;4;2;29,7
25860007641000;17;10;7;52,1
25860007646000;39;15;24;41,8
25860007647000;3;2;1;0,0
25860007660000;14;5;9;33,5
25860007661000;11;6;5;47,5
25860007662000;2;1;1;0,0
25860007663000;1;1;0;0,0
25860007664000;38;17;21;40,8
25860007665000;86;35;51;44,2
25870007586000;3;2;1;0,0
25870007587000;24;12;12;38,1
25870007588000;2;1;1;0,0
25870007601000;2;1;1;0,0
25870007602000;6;1;5;63,3
25870007618000;7;3;4;41,3
25870007619000;14;6;8;57,0
25870007629000;15;7;8;53,5
25870007630000;37;18;19;46,3
25870007631000;385;193;192;44,0
25870007632000;31;20;11;45,0
25870007635000;10;6;4;48,5
25870007636000;39;20;19;43,2
25870007637000;21;10;11;38,3
25870007639000;2;1;1;0,0
25870007645000;6;3;3;50,3
25870007646000;18;8;10;62,8
25870007658000;8;4;4;36,8
25870007660000;4;2;2;0,0
25870007663000;2;1;1;0,0
25870007664000;8;4;4;62,3
25870007665000;46;26;20;43,4
25870007707000;5;4;1;53,8
25870007708000;3;1;2;0,0
25880007587000;9;4;5;37,7
25880007588000;2;1;1;0,0
25880007595000;7;4;3;23,6
25880007602000;1;1;0;0,0
25880007603000;5;3;2;54,4
25880007615000;6;3;3;67,2
25880007618000;15;4;11;40,7
25880007630000;7;4;3;35,4
25880007631000;1;1;0;0,0
25880007633000;9;5;4;57,0
25880007634000;39;21;18;45,9
25880007636000;23;12;11;46,5
25880007637000;35;19;16;49,3
25880007644000;2;1;1;0,0
25880007645000;5;3;2;63,2
25880007646000;42;22;20;49,7
25880007658000;12;5;7;54,3
25880007701000;5;2;3;45,0
25880007707000;1;1;0;0,0
25890007587000;8;5;3;44,9
25890007588000;4;1;3;0,0
25890007595000;3;0;3;0,0
25890007603000;7;4;3;52,7
25890007604000;3;2;1;0,0
25890007617000;10;7;3;58,1
25890007618000;9;6;3;41,0
25890007633000;18;8;10;62,0
25890007643000;2;1;1;0,0
25890007668000;1;1;0;0,0
25890007701000;1;1;0;0,0
25890007705000;76;34;42;38,0
25890007706000;40;19;21;42,7
25900007587000;3;2;1;0,0
25900007615000;7;5;2;66,7
25900007617000;11;6;5;72,1
25900007618000;1;1;0;0,0
25900007642000;1;0;1;0,0
25900007643000;4;4;0;0,0
25900007647000;6;3;3;69,3
25900007648000;6;3;3;66,5
25900007668000;4;3;1;0,0
25900007705000;44;20;24;49,7
25910007586000;2;1;1;0,0
25910007596000;2;2;0;0,0
25910007615000;2;2;0;0,0
25910007626000;11;5;6;45,0
25910007628000;11;7;4;59,5
25910007629000;26;12;14;39,3
25910007630000;33;16;17;47,7
25910007641000;4;2;2;0,0
25910007644000;2;1;1;0,0
25910007647000;7;5;2;40,3
25910007705000;23;11;12;38,8
25910007706000;1;1;0;0,0
25910007707000;3;1;2;0,0
25920007586000;3;1;2;0,0
25920007588000;16;5;11;37,1
25920007596000;3;3;0;0,0
25920007604000;5;4;1;25,0
25920007610000;6;2;4;36,8
25920007613000;1;1;0;0,0
25920007614000;14;7;7;46,5
25920007615000;6;4;2;60,2
25920007626000;10;4;6;68,1
25920007630000;9;5;4;33,8
25920007644000;8;6;2;26,5
25920007671000;6;3;3;68,3
25920007704000;4;2;2;0,0
25920007705000;20;12;8;60,3
25920007707000;18;8;10;67,8
25930007580000;6;4;2;49,5
25930007581000;7;4;3;19,0
25930007582000;3;2;1;0,0
25930007585000;2;2;0;0,0
25930007588000;5;3;2;57,4
25930007589000;74;30;44;37,3
25930007612000;1;1;0;0,0
25930007627000;7;4;3;35,7
25930007631000;5;3;2;72,2
25930007647000;4;2;2;0,0
25930007699000;8;4;4;65,9
25940007579000;4;3;1;0,0
25940007580000;6;4;2;44,0
25940007581000;16;10;6;22,6
25940007588000;15;10;5;22,3
25940007589000;152;83;69;37,6
25940007590000;71;34;37;35,6
25940007591000;182;97;85;37,7
25940007627000;2;1;1;0,0
25940007631000;1;1;0;0,0
25940007632000;24;13;11;42,4
25940007647000;8;4;4;44,3
25940007657000;5;2;3;47,2
25940007697000;6;3;3;35,5
25940007699000;12;5;7;49,5
25940007704000;3;2;1;0,0
25940007705000;4;3;1;0,0
25940007709000;5;3;2;59,6
25940007710000;33;14;19;45,4
25950007578000;3;1;2;0,0
25950007579000;2;1;1;0,0
25950007589000;394;195;199;31,2
25950007590000;168;82;86;36,8
25950007591000;583;294;289;36,6
25950007632000;4;1;3;0,0
25950007633000;14;7;7;64,5
25950007637000;10;9;1;47,8
25950007657000;2;1;1;0,0
25950007705000;6;4;2;68,8
25950007713000;100;56;44;39,9
25950007714000;81;38;43;41,8
25960007565000;4;4;0;0,0
25960007566000;3;1;2;0,0
25960007570000;3;2;1;0,0
25960007589000;7;3;4;53,0
25960007591000;552;267;285;41,9
25960007592000;76;38;38;41,3
25960007633000;15;8;7;58,2
25960007634000;18;11;7;43,4
25960007637000;2;1;1;0,0
25960007638000;23;11;12;63,7
25960007655000;3;2;1;0,0
25960007656000;1;1;0;0,0
25960007676000;7;5;2;41,1
25960007678000;3;1;2;0,0
25960007705000;31;14;17;47,5
25960007710000;4;2;2;0,0
25960007711000;33;19;14;40,5
25970007577000;3;2;1;0,0
25970007586000;1;1;0;0,0
25970007591000;788;381;407;38,8
25970007625000;1;1;0;0,0
25970007627000;3;2;1;0,0
25970007635000;12;6;6;56,5
25970007639000;3;2;1;0,0
25970007657000;16;6;10;50,9
25970007658000;8;4;4;65,9
25970007678000;6;3;3;68,0
25970007710000;47;25;22;40,4
25970007711000;147;75;72;38,6
25970007712000;75;40;35;40,6
25980007586000;11;8;3;42,5
25980007590000;491;257;234;34,5
25980007591000;403;214;189;37,6
25980007593000;1454;689;765;41,8
25980007594000;599;316;283;39,9
25980007621000;61;33;28;37,4
25980007622000;13;4;9;58,6
25980007623000;15;9;6;49,7
25980007624000;2;2;0;0,0
25980007625000;10;5;5;38,9
25980007627000;17;7;10;52,9
25980007659000;12;5;7;40,2
25980007660000;10;5;5;43,3
25980007673000;2;1;1;0,0
25980007681000;4;3;1;0,0
25990007571000;21;8;13;35,5
25990007572000;50;24;26;50,2
25990007573000;133;71;62;44,3
25990007574000;10;5;5;62,9
25990007575000;2;1;1;0,0
25990007586000;15;7;8;39,7
25990007590000;186;94;92;35,1
25990007591000;272;145;127;36,9
25990007592000;191;104;87;40,1
25990007593000;2680;1301;1379;47,1
25990007594000;2028;993;1035;39,2
25990007603000;6;3;3;37,8
25990007620000;10;6;4;46,8
25990007626000;27;16;11;47,6
25990007627000;11;9;2;46,9
25990007637000;5;1;4;25,2
25990007641000;13;7;6;67,6
25990007654000;17;6;11;40,9
25990007655000;21;12;9;39,9
25990007660000;10;4;6;50,6
25990007665000;6;3;3;61,0
25990007676000;3;1;2;0,0
25990007679000;6;3;3;54,3
25990007680000;3;2;1;0,0
26000007572000;4;2;2;0,0
26000007585000;6;3;3;26,7
26000007590000;488;256;232;38,1
26000007592000;31;19;12;29,7
26000007593000;1700;845;855;40,7
26000007594000;1307;663;644;40,0
26000007603000;36;23;13;42,5
26000007604000;18;7;11;52,5
26000007620000;26;14;12;37,2
26000007622000;11;5;6;40,1
26000007623000;20;8;12;32,6
26000007624000;9;4;5;39,2
26000007625000;14;6;8;44,5
26000007626000;3;2;1;0,0
26000007637000;4;3;1;0,0
26000007654000;2;1;1;0,0
26000007661000;11;7;4;48,6
26000007662000;2;1;1;0,0
26000007665000;11;7;4;23,5
26000007679000;5;4;1;62,6
26010007570000;2;1;1;0,0
26010007585000;4;2;2;0,0
26010007589000;12;7;5;58,3
26010007590000;11;6;5;31,8
26010007593000;12;5;7;23,0
26010007594000;30;11;19;39,3
26010007597000;1;1;0;0,0
26010007603000;1;0;1;0,0
26010007604000;36;19;17;45,5
26010007619000;5;3;2;29,4
26010007620000;66;39;27;35,0
26010007622000;2;1;1;0,0
26010007627000;1;1;0;0,0
26010007654000;5;2;3;72,0
26010007658000;3;3;0;0,0
26010007659000;6;5;1;67,3
26010007662000;8;4;4;51,3
26010007663000;33;18;15;39,7
26010007664000;3;1;2;0,0
26010007665000;15;7;8;57,0
26010007666000;2;2;0;0,0
26010007679000;10;6;4;42,0
26010007684000;3;2;1;0,0
26020007583000;1;0;1;0,0
26020007584000;7;3;4;45,3
26020007589000;4;2;2;0,0
26020007597000;88;46;42;42,4
26020007598000;15;9;6;42,6
26020007599000;23;10;13;40,0
26020007605000;15;7;8;38,1
26020007606000;15;7;8;57,0
26020007619000;7;5;2;37,4
26020007621000;5;4;1;54,8
26020007622000;121;58;63;47,8
26020007634000;2;1;1;0,0
26020007651000;11;5;6;35,7
26020007654000;5;3;2;52,6
26020007660000;7;4;3;47,7
26020007674000;5;1;4;66,0
26020007679000;1;0;1;0,0
26020007682000;17;7;10;42,8
26020007685000;21;12;9;38,2
26020007712000;35;17;18;44,4
26020007713000;147;78;69;44,1
26030007568000;11;5;6;31,0
26030007569000;10;3;7;47,6
26030007583000;3;1;2;0,0
26030007597000;1;1;0;0,0
26030007598000;1;1;0;0,0
26030007599000;2;1;1;0,0
26030007600000;7;6;1;52,7
26030007601000;1;0;1;0,0
26030007605000;9;3;6;33,3
26030007606000;372;181;191;44,0
26030007607000;68;30;38;43,7
26030007620000;7;3;4;53,1
26030007621000;43;22;21;45,6
26030007622000;10;4;6;59,7
26030007633000;3;2;1;0,0
26030007661000;16;8;8;56,9
26030007674000;21;8;13;52,1
26030007679000;2;1;1;0,0
26030007680000;5;1;4;17,0
26030007681000;2;1;1;0,0
26030007682000;11;4;7;52,5
26030007683000;24;11;13;47,7
26030007685000;22;13;9;34,6
26030007686000;2;1;1;0,0
26030007716000;17;8;9;54,8
26030007717000;237;132;105;35,8
26040007567000;4;2;2;0,0
26040007568000;11;5;6;35,5
26040007588000;1;1;0;0,0
26040007598000;13;7;6;45,3
26040007602000;15;8;7;40,7
26040007603000;12;7;5;34,7
26040007605000;43;22;21;33,6
26040007606000;560;286;274;42,9
26040007607000;197;98;99;36,5
26040007608000;14;9;5;38,4
26040007621000;4;2;2;0,0
26040007632000;2;1;1;0,0
26040007633000;2;1;1;0,0
26040007642000;2;2;0;0,0
26040007661000;3;1;2;0,0
26040007662000;28;13;15;53,1
26040007663000;2;1;1;0,0
26040007667000;7;4;3;68,0
26040007679000;2;1;1;0,0
26040007686000;18;8;10;40,8
26040007716000;20;11;9;29,7
26050007565000;11;7;4;50,5
26050007566000;4;2;2;0,0
26050007567000;5;4;1;74,6
26050007587000;3;2;1;0,0
26050007598000;5;2;3;77,0
26050007602000;2;1;1;0,0
26050007604000;13;5;8;34,8
26050007605000;31;17;14;49,9
26050007606000;13;10;3;38,2
26050007607000;8;4;4;36,5
26050007608000;24;14;10;45,2
26050007621000;7;3;4;38,7
26050007632000;10;4;6;55,3
26050007663000;20;9;11;50,7
26050007664000;24;12;12;34,9
26050007667000;10;6;4;48,4
26050007678000;9;6;3;51,0
26050007679000;51;23;28;58,4
26050007686000;6;3;3;33,7
26050007709000;1;1;0;0,0
26060007562000;2;1;1;0,0
26060007563000;1;1;0;0,0
26060007564000;4;2;2;0,0
26060007565000;4;2;2;0,0
26060007585000;4;3;1;0,0
26060007586000;267;144;123;34,2
26060007587000;202;103;99;31,9
26060007606000;15;6;9;33,0
26060007607000;44;22;22;32,5
26060007609000;7;5;2;28,6
26060007615000;3;1;2;0,0
26060007620000;3;3;0;0,0
26060007632000;3;2;1;0,0
26060007648000;17;9;8;47,5
26060007664000;29;16;13;45,3
26060007665000;55;27;28;44,6
26060007666000;23;15;8;42,3
26060007667000;20;10;10;32,7
26060007678000;18;9;9;39,8
26060007679000;24;13;11;40,8
26060007682000;17;11;6;44,1
26060007684000;7;4;3;29,1
26060007685000;4;2;2;0,0
26060007687000;21;12;9;40,1
26070007585000;93;44;49;35,3
26070007586000;116;60;56;39,6
26070007587000;94;46;48;34,5
26070007594000;135;61;74;36,1
26070007598000;19;8;11;54,4
26070007607000;22;13;9;51,7
26070007614000;4;4;0;0,0
26070007615000;4;1;3;0,0
26070007616000;3;1;2;0,0
26070007619000;28;16;12;50,9
26070007620000;9;6;3;68,3
26070007632000;9;5;4;42,6
26070007643000;4;2;2;0,0
26070007644000;15;8;7;49,1
26070007654000;7;3;4;48,7
26070007665000;96;45;51;36,8
26070007666000;179;85;94;49,6
26070007667000;17;7;10;27,4
26070007669000;2;1;1;0,0
26070007675000;24;13;11;44,8
26070007682000;2;0;2;0,0
26070007684000;25;15;10;46,8
26070007685000;1;0;1;0,0
26070007686000;21;8;13;32,1
26070007687000;18;9;9;33,4
26070007688000;12;4;8;40,4
26070007689000;3;1;2;0,0
26080007593000;8;2;6;40,9
26080007594000;39;20;19;36,5
26080007597000;9;5;4;46,1
26080007598000;3;1;2;0,0
26080007607000;4;3;1;0,0
26080007619000;107;60;47;39,4
26080007632000;5;4;1;59,6
26080007643000;9;5;4;59,9
26080007646000;5;2;3;23,8
26080007647000;47;24;23;36,7
26080007649000;28;14;14;42,9
26080007661000;33;15;18;41,5
26080007662000;16;9;7;34,7
26080007663000;1;0;1;0,0
26080007668000;3;1;2;0,0
26080007669000;16;8;8;34,3
26080007675000;119;61;58;42,9
26080007676000;66;31;35;38,9
26080007677000;7;3;4;26,4
26080007682000;3;2;1;0,0
26080007683000;4;2;2;0,0
26080007684000;7;5;2;35,4
26080007686000;10;3;7;40,9
26080007687000;1;1;0;0,0
26080007688000;1;1;0;0,0
26080007689000;2;1;1;0,0
26080007690000;7;4;3;63,0
26090007593000;80;42;38;36,7
26090007594000;1;0;1;0,0
26090007596000;7;5;2;42,3
26090007597000;13;5;8;59,0
26090007607000;6;3;3;51,0
26090007618000;10;4;6;38,5
26090007619000;15;8;7;52,0
26090007620000;83;40;43;33,7
26090007631000;9;3;6;42,0
26090007632000;1;1;0;0,0
26090007633000;3;1;2;0,0
26090007646000;34;19;15;33,5
26090007647000;101;50;51;41,3
26090007648000;34;17;17;49,1
26090007649000;36;19;17;51,4
26090007650000;24;13;11;53,1
26090007653000;4;2;2;0,0
26090007660000;7;4;3;68,4
26090007661000;11;4;7;39,5
26090007663000;29;11;18;52,0
26090007664000;7;3;4;54,1
26090007665000;1;1;0;0,0
26090007667000;32;18;14;35,8
26090007668000;12;7;5;28,3
26090007669000;40;17;23;36,2
26090007675000;90;49;41;36,4
26090007678000;9;3;6;32,0
26090007682000;1;1;0;0,0
26090007683000;45;23;22;37,2
26090007686000;1;1;0;0,0
26090007687000;5;3;2;42,0
26090007689000;19;10;9;40,7
26090007717000;10;4;6;47,0
26100007593000;6;3;3;54,8
26100007596000;40;23;17;44,0
26100007597000;2;2;0;0,0
26100007606000;4;3;1;0,0
26100007607000;37;19;18;53,2
26100007616000;19;10;9;53,0
26100007617000;10;6;4;42,1
26100007618000;5;2;3;52,4
26100007619000;29;16;13;43,7
26100007631000;18;10;8;58,6
26100007633000;8;5;3;57,6
26100007642000;6;3;3;65,3
26100007646000;46;22;24;35,3
26100007647000;15;5;10;47,9
26100007652000;26;13;13;33,3
26100007653000;11;5;6;42,5
26100007663000;5;3;2;61,4
26100007666000;6;4;2;56,5
26100007669000;50;23;27;36,8
26100007675000;25;11;14;43,8
26100007678000;84;48;36;33,9
26100007679000;55;30;25;44,5
26100007683000;42;24;18;43,1
26100007687000;35;19;16;32,9
26100007689000;10;7;3;49,2
26100007708000;4;3;1;0,0
26110007593000;2;1;1;0,0
26110007594000;1;1;0;0,0
26110007595000;12;8;4;56,3
26110007607000;27;18;9;60,8
26110007616000;6;3;3;24,2
26110007617000;5;2;3;42,8
26110007619000;39;18;21;50,3
26110007629000;1;1;0;0,0
26110007630000;30;15;15;52,0
26110007631000;18;11;7;45,9
26110007633000;14;7;7;44,5
26110007641000;16;11;5;57,6
26110007642000;5;3;2;51,4
26110007645000;19;9;10;31,5
26110007646000;8;5;3;60,8
26110007654000;1;0;1;0,0
26110007662000;1;0;1;0,0
26110007663000;8;5;3;34,1
26110007669000;41;19;22;47,0
26110007670000;10;5;5;54,8
26110007675000;29;13;16;48,2
26110007678000;22;13;9;33,1
26110007679000;19;11;8;57,1
26110007681000;34;18;16;27,6
26110007682000;4;2;2;0,0
26110007683000;28;14;14;47,7
26110007689000;13;9;4;44,2
26110007698000;10;5;5;45,2
26110007699000;1;1;0;0,0
26110007701000;1;0;1;0,0
26110007708000;25;13;12;55,6
26110007709000;4;4;0;0,0
26110007710000;20;8;12;36,6
26110007711000;25;13;12;42,3
26110007712000;34;17;17;41,9
26120007607000;3;1;2;0,0
26120007628000;56;31;25;34,5
26120007629000;44;26;18;29,3
26120007630000;1;0;1;0,0
26120007631000;8;5;3;33,8
26120007632000;61;35;26;41,1
26120007633000;13;6;7;50,4
26120007640000;14;8;6;29,4
26120007641000;27;14;13;35,1
26120007642000;5;2;3;52,0
26120007644000;42;21;21;40,0
26120007645000;157;85;72;36,9
26120007670000;12;6;6;38,8
26120007671000;3;3;0;0,0
26120007681000;11;6;5;44,9
26120007682000;42;19;23;37,5
26120007683000;40;19;21;46,5
26120007689000;1;1;0;0,0
26120007690000;7;3;4;42,1
26120007703000;4;2;2;0,0
26120007707000;1;1;0;0,0
26120007712000;46;20;26;40,8
26120007713000;13;9;4;42,2
26130007599000;2;1;1;0,0
26130007602000;1;1;0;0,0
26130007627000;35;16;19;36,8
26130007628000;220;108;112;40,8
26130007629000;42;18;24;59,9
26130007630000;52;22;30;34,3
26130007631000;65;32;33;42,9
26130007632000;7;4;3;55,7
26130007640000;13;6;7;48,8
26130007641000;165;71;94;31,8
26130007643000;129;65;64;42,9
26130007644000;2;1;1;0,0
26130007661000;2;1;1;0,0
26130007670000;2;1;1;0,0
26130007671000;15;9;6;51,2
26130007681000;15;7;8;34,3
26130007682000;54;32;22;33,2
26130007683000;89;43;46;33,4
26130007684000;23;11;12;38,3
26130007686000;20;12;8;33,1
26130007687000;33;13;20;32,5
26130007691000;52;29;23;35,5
26130007692000;12;6;6;50,3
26130007696000;2;2;0;0,0
26130007707000;11;7;4;53,5
26130007708000;2;1;1;0,0
26130007713000;94;45;49;35,2
26130007714000;32;17;15;61,4
26130007715000;3;1;2;0,0
26130007716000;13;7;6;59,0
26130007717000;6;3;3;31,3
26130007718000;2;1;1;0,0
26130007719000;3;2;1;0,0
26140007626000;27;13;14;33,4
26140007627000;11;6;5;25,6
26140007641000;4;3;1;0,0
26140007642000;296;141;155;40,0
26140007643000;289;155;134;37,9
26140007646000;24;14;10;43,0
26140007671000;15;7;8;44,8
26140007675000;1;1;0;0,0
26140007680000;30;12;18;31,7
26140007681000;1;1;0;0,0
26140007683000;104;49;55;33,1
26140007686000;8;4;4;41,5
26140007687000;66;35;31;37,3
26140007688000;60;27;33;39,2
26140007689000;4;2;2;0,0
26140007690000;23;15;8;40,9
26140007692000;5;4;1;44,2
26140007693000;38;19;19;37,7
26140007694000;7;4;3;28,4
26150007625000;27;13;14;38,8
26150007626000;19;9;10;48,6
26150007637000;5;3;2;52,2
26150007639000;9;5;4;49,6
26150007641000;5;2;3;24,4
26150007642000;21;12;9;42,8
26150007643000;1;0;1;0,0
26150007645000;1;1;0;0,0
26150007646000;52;24;28;48,0
26150007672000;8;4;4;64,9
26150007676000;16;9;7;52,3
26150007677000;2;1;1;0,0
26150007679000;6;3;3;47,2
26150007680000;6;2;4;70,7
26150007683000;343;172;171;31,7
26150007686000;41;20;21;33,2
26150007687000;46;26;20;37,2
26150007688000;6;3;3;55,8
26150007689000;3;2;1;0,0
26150007694000;16;9;7;42,2
26150007695000;20;6;14;45,0
26150007696000;2;2;0;0,0
26150007703000;12;6;6;65,3
26150007704000;10;4;6;62,4
26150007705000;1;0;1;0,0
26150007727000;25;14;11;36,6
26150007728000;39;20;19;38,4
26160007625000;30;21;9;54,3
26160007638000;2;1;1;0,0
26160007646000;10;5;5;59,6
26160007647000;2;1;1;0,0
26160007659000;8;4;4;38,8
26160007660000;9;6;3;31,9
26160007661000;4;2;2;0,0
26160007673000;3;2;1;0,0
26160007676000;2;1;1;0,0
26160007678000;49;22;27;42,1
26160007679000;32;19;13;41,0
26160007683000;331;162;169;31,1
26160007684000;574;301;273;35,1
26160007685000;195;97;98;32,5
26160007686000;39;20;19;44,6
26160007687000;2;1;1;0,0
26160007695000;20;8;12;44,2
26160007705000;25;11;14;45,8
26160007706000;14;4;10;48,9
26160007727000;65;32;33;42,2
26160007728000;74;40;34;42,8
26170007642000;5;3;2;44,6
26170007643000;20;11;9;43,3
26170007646000;2;1;1;0,0
26170007662000;10;5;5;57,0
26170007673000;2;1;1;0,0
26170007682000;180;83;97;45,1
26170007683000;590;296;294;41,6
26170007684000;39;20;19;40,4
26170007685000;69;36;33;33,5
26170007687000;29;13;16;33,0
26170007688000;24;12;12;44,4
26170007695000;2;1;1;0,0
26170007696000;6;3;3;47,3
26170007702000;6;2;4;69,3
26170007703000;8;4;4;64,9
26170007704000;6;3;3;65,0
26170007705000;1;1;0;0,0
26170007706000;36;15;21;43,9
26170007707000;7;3;4;56,1
26170007708000;9;3;6;67,8
26170007709000;18;11;7;34,8
26170007710000;12;6;6;35,9
26170007723000;18;10;8;22,3
26170007724000;34;20;14;36,1
26170007727000;137;76;61;34,5
26170007728000;7;5;2;43,1
26180007621000;6;4;2;28,5
26180007641000;3;2;1;0,0
26180007646000;2;2;0;0,0
26180007662000;1;0;1;0,0
26180007674000;10;4;6;39,9
26180007682000;178;83;95;46,1
26180007683000;830;427;403;36,8
26180007684000;134;68;66;38,8
26180007685000;114;57;57;37,4
26180007686000;164;75;89;32,7
26180007687000;160;82;78;34,9
26180007688000;66;31;35;35,7
26180007689000;82;36;46;34,0
26180007690000;48;27;21;36,0
26180007691000;73;35;38;43,6
26180007696000;26;12;14;47,3
26180007710000;8;3;5;40,9
26180007723000;16;8;8;49,2
26180007724000;80;42;38;48,9
26180007725000;28;9;19;74,3
26190007640000;12;7;5;43,4
26190007667000;3;2;1;0,0
26190007668000;7;3;4;39,0
26190007669000;20;12;8;46,2
26190007670000;2;2;0;0,0
26190007673000;6;3;3;44,2
26190007683000;739;353;386;40,7
26190007691000;1;1;0;0,0
26190007692000;50;28;22;36,9
26190007696000;42;23;19;50,4
26190007698000;2;2;0;0,0
26190007700000;1;1;0;0,0
26190007702000;11;6;5;26,0
26190007706000;5;3;2;51,8
26190007724000;1;1;0;0,0
26190007725000;31;15;16;26,2
26200007622000;41;25;16;35,9
26200007623000;18;8;10;29,8
26200007641000;11;6;5;51,2
26200007642000;38;21;17;43,6
26200007647000;2;1;1;0,0
26200007648000;1;1;0;0,0
26200007661000;1;0;1;0,0
26200007667000;1;0;1;0,0
26200007668000;11;5;6;49,2
26200007669000;27;16;11;36,6
26200007670000;34;14;20;40,3
26200007671000;32;14;18;30,6
26200007673000;1;1;0;0,0
26200007674000;21;11;10;35,4
26200007683000;514;264;250;36,8
26200007692000;37;17;20;34,4
26200007693000;25;13;12;46,2
26200007694000;2;1;1;0,0
26200007696000;70;42;28;41,6
26200007697000;63;32;31;52,6
26200007699000;5;3;2;62,6
26200007729000;1;1;0;0,0
26200007743000;1;1;0;0,0
26210007622000;42;18;24;35,0
26210007623000;13;9;4;50,1
26210007640000;16;8;8;37,8
26210007641000;2;1;1;0,0
26210007642000;41;26;15;41,1
26210007643000;18;10;8;33,9
26210007646000;5;4;1;63,6
26210007647000;1;1;0;0,0
26210007648000;3;1;2;0,0
26210007650000;3;1;2;0,0
26210007671000;89;44;45;37,5
26210007672000;66;30;36;35,8
26210007673000;60;30;30;41,6
26210007674000;3;1;2;0,0
26210007677000;86;48;38;37,4
26210007678000;39;16;23;38,8
26210007679000;144;71;73;39,2
26210007680000;62;29;33;38,8
26210007681000;25;10;15;41,7
26210007683000;442;235;207;37,3
26210007694000;15;10;5;34,4
26210007695000;45;25;20;44,4
26210007696000;14;6;8;40,5
26210007697000;199;99;100;38,2
26210007699000;7;3;4;56,6
26210007718000;2;2;0;0,0
26210007719000;9;4;5;56,2
26210007729000;8;4;4;55,9
26220007641000;8;4;4;28,6
26220007642000;11;5;6;43,5
26220007643000;31;18;13;44,2
26220007648000;5;3;2;66,0
26220007649000;5;2;3;58,2
26220007650000;10;5;5;36,0
26220007671000;8;4;4;30,3
26220007672000;104;52;52;40,0
26220007675000;35;17;18;40,3
26220007676000;35;19;16;36,2
26220007677000;19;11;8;41,1
26220007679000;8;4;4;46,4
26220007681000;55;32;23;39,9
26220007682000;94;57;37;38,8
26220007683000;173;84;89;39,0
26220007684000;5;3;2;48,0
26220007695000;17;9;8;26,0
26220007696000;26;17;9;48,0
26220007697000;21;11;10;45,0
26220007698000;29;11;18;30,1
26220007716000;5;3;2;32,4
26220007718000;3;1;2;0,0
26220007727000;3;1;2;0,0
26230007638000;2;1;1;0,0
26230007640000;9;6;3;47,8
26230007641000;1;0;1;0,0
26230007643000;46;24;22;31,9
26230007645000;4;2;2;0,0
26230007672000;30;14;16;42,8
26230007673000;76;41;35;42,1
26230007675000;51;24;27;48,4
26230007676000;126;59;67;39,5
26230007677000;2;0;2;0,0
26230007684000;34;18;16;33,4
26230007685000;1;0;1;0,0
26230007694000;9;3;6;29,7
26230007700000;1;1;0;0,0
26230007701000;1;0;1;0,0
26230007702000;6;3;3;65,2
26230007706000;2;2;0;0,0
26230007707000;8;4;4;74,6
26230007716000;17;11;6;43,2
26230007727000;5;3;2;61,0
26240007640000;13;7;6;28,6
26240007641000;8;5;3;45,8
26240007642000;13;8;5;43,0
26240007643000;30;12;18;36,0
26240007644000;4;3;1;0,0
26240007672000;12;7;5;30,8
26240007673000;259;140;119;34,8
26240007674000;8;4;4;45,0
26240007675000;63;34;29;41,8
26240007677000;4;3;1;0,0
26240007685000;71;37;34;34,5
26240007693000;3;2;1;0,0
26240007694000;2;1;1;0,0
26240007700000;37;20;17;38,3
26240007701000;93;48;45;36,6
26240007702000;13;6;7;47,9
26240007705000;9;3;6;46,6
26240007715000;1;1;0;0,0
26240007726000;43;22;21;35,2
26240007727000;7;2;5;31,3
26250007623000;10;5;5;32,3
26250007624000;5;3;2;56,2
26250007625000;4;3;1;0,0
26250007626000;13;7;6;51,5
26250007627000;5;3;2;58,0
26250007628000;6;3;3;21,5
26250007641000;4;3;1;0,0
26250007671000;3;1;2;0,0
26250007672000;149;82;67;39,4
26250007673000;446;218;228;40,0
26250007674000;434;210;224;41,5
26250007675000;67;35;32;41,6
26250007683000;23;12;11;50,4
26250007684000;18;9;9;29,2
26250007685000;84;41;43;44,3
26250007686000;66;35;31;42,5
26250007687000;32;21;11;42,3
26250007693000;14;8;6;30,0
26250007701000;32;14;18;27,4
26250007709000;9;6;3;39,7
26250007715000;3;2;1;0,0
26250007726000;1;0;1;0,0
26250007727000;11;8;3;39,2
26250007730000;8;6;2;47,1
26260007623000;3;1;2;0,0
26260007624000;12;6;6;41,7
26260007639000;5;3;2;22,4
26260007666000;15;8;7;32,0
26260007668000;10;5;5;19,4
26260007670000;11;5;6;24,1
26260007671000;6;2;4;46,2
26260007672000;36;19;17;39,1
26260007673000;62;25;37;40,1
26260007674000;137;74;63;36,4
26260007681000;2;1;1;0,0
26260007682000;10;5;5;32,8
26260007683000;23;11;12;37,7
26260007686000;17;10;7;45,8
26260007687000;58;32;26;39,6
26260007688000;20;12;8;35,9
26260007689000;6;4;2;47,2
26260007690000;11;8;3;31,8
26260007692000;13;10;3;40,4
26260007695000;1;1;0;0,0
26260007701000;15;9;6;31,4
26260007709000;15;9;6;47,6
26260007716000;1;1;0;0,0
26260007727000;2;1;1;0,0
26270007621000;5;3;2;64,8
26270007630000;2;1;1;0,0
26270007631000;6;3;3;48,3
26270007632000;10;4;6;38,7
26270007633000;9;5;4;42,6
26270007636000;7;3;4;43,7
26270007637000;4;3;1;0,0
26270007638000;28;17;11;39,9
26270007639000;22;9;13;41,0
26270007664000;9;5;4;49,4
26270007666000;28;15;13;39,0
26270007668000;2;1;1;0,0
26270007669000;16;8;8;41,8
26270007670000;65;30;35;41,1
26270007671000;33;16;17;47,7
26270007672000;28;15;13;36,0
26270007674000;5;3;2;36,4
26270007680000;3;2;1;0,0
26270007682000;20;12;8;39,0
26270007688000;7;5;2;27,1
26270007689000;43;21;22;40,1
26270007691000;3;1;2;0,0
26270007692000;56;28;28;35,9
26270007693000;17;9;8;43,6
26270007694000;16;6;10;46,3
26270007695000;1;0;1;0,0
26270007716000;37;21;16;48,4
26270007722000;53;31;22;39,4
26270007723000;46;25;21;34,4
26270007724000;24;16;8;43,2
26270007725000;5;3;2;22,6
26270007727000;8;6;2;23,9
26280007620000;2;1;1;0,0
26280007631000;2;0;2;0,0
26280007632000;2;1;1;0,0
26280007633000;8;3;5;54,9
26280007636000;5;3;2;73,4
26280007638000;22;13;9;45,1
26280007666000;6;3;3;20,2
26280007667000;2;1;1;0,0
26280007670000;11;6;5;51,4
26280007671000;8;2;6;26,5
26280007680000;39;19;20;39,3
26280007681000;6;3;3;38,0
26280007682000;73;39;34;45,2
26280007690000;11;4;7;50,3
26280007691000;6;4;2;41,8
26280007695000;25;15;10;36,6
26280007696000;27;11;16;39,5
26280007697000;10;5;5;36,7
26280007710000;14;7;7;48,5
26280007711000;9;5;4;28,0
26280007716000;21;11;10;40,3
26280007717000;2;1;1;0,0
26280007723000;4;2;2;0,0
26280007724000;29;15;14;35,5
26280007726000;2;1;1;0,0
26280007727000;5;3;2;29,8
26280007739000;3;2;1;0,0
26290007666000;6;3;3;43,0
26290007667000;4;1;3;0,0
26290007680000;7;4;3;44,9
26290007681000;55;26;29;36,1
26290007682000;30;15;15;41,9
26290007683000;1;0;1;0,0
26290007691000;16;9;7;26,9
26290007692000;27;12;15;40,1
26290007693000;57;28;29;36,4
26290007694000;16;6;10;33,6
26290007695000;14;4;10;41,1
26290007696000;8;4;4;45,0
26290007697000;53;29;24;35,6
26290007698000;46;21;25;37,8
26290007710000;10;6;4;55,3
26290007711000;3;1;2;0,0
26290007716000;6;4;2;50,0
26290007717000;23;12;11;43,4
26290007725000;2;1;1;0,0
26290007726000;3;1;2;0,0
26290007727000;14;8;6;38,8
26300007619000;32;16;16;34,3
26300007639000;13;6;7;23,9
26300007640000;4;2;2;0,0
26300007681000;2;1;1;0,0
26300007682000;33;18;15;37,6
26300007683000;16;9;7;49,6
26300007697000;18;9;9;31,4
26300007698000;214;89;125;47,4
26300007699000;29;13;16;36,3
26300007700000;17;11;6;41,4
26300007708000;1;0;1;0,0
26300007709000;3;3;0;0,0
26300007710000;1;1;0;0,0
26300007717000;18;10;8;47,0
26300007727000;5;2;3;44,8
26300007728000;5;2;3;45,2
26300007743000;20;9;11;42,7
26300007744000;21;8;13;57,4
26300007745000;1;1;0;0,0
26310007617000;7;3;4;41,1
26310007618000;26;17;9;32,7
26310007640000;24;12;12;43,8
26310007667000;11;8;3;33,2
26310007668000;14;9;5;58,8
26310007682000;17;10;7;45,1
26310007683000;5;3;2;46,0
26310007684000;15;6;9;31,3
26310007698000;7;5;2;22,4
26310007699000;26;15;11;39,9
26310007700000;10;7;3;43,4
26310007701000;16;5;11;39,9
26310007702000;4;3;1;0,0
26310007703000;24;12;12;39,0
26310007704000;7;4;3;45,1
26310007705000;4;3;1;0,0
26310007708000;8;4;4;63,8
26310007709000;1;0;1;0,0
26310007717000;4;2;2;0,0
26310007727000;6;4;2;53,8
26310007729000;3;2;1;0,0
26310007744000;35;15;20;42,0
26310007745000;41;23;18;51,1
26320007640000;3;1;2;0,0
26320007641000;16;9;7;35,8
26320007642000;8;5;3;38,1
26320007668000;11;5;6;42,9
26320007682000;7;4;3;25,9
26320007683000;15;7;8;30,1
26320007684000;10;5;5;64,9
26320007685000;12;5;7;44,3
26320007700000;15;9;6;34,8
26320007701000;18;12;6;42,7
26320007717000;15;6;9;29,9
26320007729000;9;5;4;34,4
26320007744000;16;8;8;37,4
26330007642000;470;240;230;39,2
26330007645000;1;0;1;0,0
26330007667000;6;4;2;42,8
26330007668000;11;7;4;35,2
26330007677000;4;2;2;0,0
26330007683000;13;5;8;48,5
26330007685000;3;2;1;0,0
26330007701000;6;3;3;53,8
26330007702000;4;2;2;0,0
26330007717000;1;1;0;0,0
26330007718000;30;14;16;38,2
26340007642000;766;392;374;34,5
26340007643000;885;427;458;40,3
26340007644000;67;31;36;33,3
26340007645000;18;10;8;49,2
26340007666000;6;3;3;48,8
26340007667000;2;2;0;0,0
26340007682000;3;1;2;0,0
26340007713000;5;4;1;60,8
26340007718000;14;9;5;42,1
26340007744000;1;1;0;0,0
26340007750000;10;4;6;51,8
26350007641000;1;1;0;0,0
26350007642000;23;19;4;25,9
26350007643000;123;61;62;44,2
26350007644000;29;17;12;39,4
26350007645000;19;7;12;37,9
26350007646000;12;5;7;48,3
26350007666000;2;1;1;0,0
26350007677000;16;9;7;47,3
26350007686000;2;1;1;0,0
26350007700000;4;1;3;0,0
26350007707000;1;0;1;0,0
26350007710000;7;4;3;49,4
26350007713000;11;5;6;27,7
26350007718000;4;2;2;0,0
26350007719000;23;12;11;35,4
26350007742000;1;1;0;0,0
26350007750000;3;2;1;0,0
26350007773000;2;2;0;0,0
26360007639000;16;7;9;41,1
26360007640000;8;4;4;46,8
26360007641000;12;8;4;39,5
26360007642000;20;12;8;36,2
26360007646000;26;14;12;34,7
26360007647000;10;7;3;45,9
26360007677000;7;4;3;41,7
26360007678000;20;10;10;33,7
26360007681000;4;2;2;0,0
26360007682000;18;8;10;42,6
26360007683000;6;0;6;23,7
26360007684000;6;3;3;42,7
26360007700000;10;7;3;48,5
26360007707000;7;5;2;31,0
26360007708000;13;6;7;38,5
26360007711000;4;2;2;0,0
26360007719000;4;2;2;0,0
26360007744000;13;6;7;64,7
26360007745000;28;16;12;46,1
26360007750000;1;1;0;0,0
26360007774000;1;1;0;0,0
26370007638000;18;10;8;47,2
26370007639000;27;14;13;49,2
26370007640000;4;2;2;0,0
26370007645000;5;3;2;39,6
26370007646000;14;8;6;45,1
26370007647000;10;6;4;47,9
26370007648000;30;15;15;38,4
26370007649000;15;7;8;47,3
26370007658000;10;5;5;52,0
26370007677000;8;4;4;37,5
26370007678000;10;5;5;20,5
26370007679000;6;3;3;42,5
26370007680000;21;12;9;44,7
26370007681000;33;17;16;42,2
26370007682000;62;30;32;44,4
26370007683000;45;25;20;38,2
26370007684000;29;15;14;57,8
26370007685000;8;4;4;44,0
26370007686000;30;17;13;31,1
26370007687000;2;1;1;0,0
26370007693000;2;2;0;0,0
26370007694000;3;1;2;0,0
26370007695000;6;3;3;43,2
26370007696000;1;1;0;0,0
26370007697000;2;1;1;0,0
26370007698000;5;2;3;68,6
26370007699000;5;3;2;67,0
26370007707000;2;2;0;0,0
26370007716000;2;1;1;0,0
26370007719000;4;1;3;0,0
26370007751000;30;17;13;41,2
26370007752000;18;9;9;56,2
26370007757000;6;4;2;23,0
26380007637000;4;2;2;0,0
26380007638000;7;4;3;40,3
26380007639000;26;14;12;42,2
26380007649000;11;5;6;25,0
26380007650000;29;18;11;43,9
26380007651000;1;0;1;0,0
26380007652000;4;2;2;0,0
26380007658000;60;32;28;42,5
26380007659000;48;26;22;33,3
26380007664000;1;1;0;0,0
26380007679000;89;45;44;42,0
26380007680000;27;16;11;31,6
26380007681000;9;4;5;53,2
26380007682000;7;3;4;45,0
26380007683000;17;10;7;33,0
26380007684000;11;3;8;55,5
26380007685000;2;1;1;0,0
26380007687000;9;3;6;44,7
26380007688000;9;4;5;57,1
26380007706000;17;10;7;36,9
26380007707000;1;1;0;0,0
26380007716000;15;8;7;39,7
26380007719000;4;2;2;0,0
26380007751000;18;8;10;37,1
26390007637000;13;5;8;39,5
26390007638000;34;15;19;42,7
26390007639000;3;2;1;0,0
26390007653000;9;5;4;48,2
26390007654000;17;10;7;42,5
26390007655000;5;3;2;55,6
26390007659000;66;33;33;31,5
26390007660000;17;9;8;48,2
26390007661000;50;26;24;41,2
26390007662000;56;29;27;33,4
26390007663000;464;231;233;35,8
26390007664000;40;19;21;45,9
26390007665000;39;19;20;41,5
26390007672000;1;1;0;0,0
26390007676000;17;7;10;46,6
26390007677000;12;6;6;25,8
26390007678000;12;7;5;22,0
26390007679000;45;24;21;37,0
26390007680000;8;5;3;31,0
26390007685000;26;14;12;39,8
26390007686000;1;0;1;0,0
26390007687000;7;5;2;44,9
26390007688000;2;1;1;0,0
26390007689000;4;2;2;0,0
26390007691000;3;2;1;0,0
26390007692000;5;3;2;52,0
26390007693000;4;2;2;0,0
26390007694000;26;14;12;41,9
26390007695000;1;0;1;0,0
26390007697000;2;1;1;0,0
26390007705000;15;7;8;63,7
26390007706000;2;1;1;0,0
26390007719000;5;5;0;17,4
26390007720000;13;6;7;37,2
26390007735000;131;68;63;33,0
26390007736000;1;1;0;0,0
26390007773000;4;2;2;0,0
26400007637000;6;2;4;36,5
26400007638000;33;14;19;33,6
26400007639000;1;1;0;0,0
26400007654000;1;1;0;0,0
26400007655000;7;4;3;59,1
26400007656000;2;1;1;0,0
26400007658000;17;8;9;45,3
26400007659000;73;36;37;44,7
26400007662000;143;69;74;36,3
26400007663000;177;99;78;25,2
26400007665000;210;100;110;48,5
26400007666000;465;251;214;34,9
26400007667000;62;30;32;31,2
26400007675000;5;3;2;36,6
26400007676000;1;0;1;0,0
26400007678000;13;7;6;32,2
26400007679000;35;19;16;35,4
26400007686000;4;3;1;0,0
26400007693000;9;3;6;29,0
26400007694000;10;7;3;57,6
26400007695000;7;5;2;63,4
26400007704000;18;12;6;43,2
26400007717000;9;6;3;38,4
26400007721000;7;5;2;41,1
26400007722000;49;32;17;35,1
26400007734000;3;2;1;0,0
26400007735000;183;87;96;28,4
26400007736000;139;61;78;36,7
26400007739000;8;4;4;58,0
26400007752000;1;0;1;0,0
26400007769000;4;2;2;0,0
26400007773000;10;8;2;46,4
26410007635000;6;4;2;29,0
26410007637000;19;7;12;41,1
26410007639000;22;11;11;37,2
26410007655000;2;2;0;0,0
26410007657000;13;6;7;41,4
26410007658000;31;16;15;32,3
26410007659000;13;5;8;48,6
26410007661000;23;13;10;43,3
26410007665000;30;16;14;40,7
26410007666000;8;4;4;67,5
26410007667000;160;76;84;32,3
26410007674000;13;6;7;28,9
26410007675000;6;3;3;67,8
26410007676000;2;1;1;0,0
26410007677000;21;11;10;48,4
26410007678000;7;3;4;52,4
26410007679000;24;10;14;35,5
26410007695000;1;0;1;0,0
26410007701000;9;3;6;56,4
26410007702000;83;38;45;38,0
26410007703000;9;4;5;63,7
26410007718000;3;2;1;0,0
26410007722000;34;17;17;48,4
26410007723000;12;3;9;34,3
26410007734000;44;20;24;38,5
26410007735000;40;15;25;42,6
26410007736000;16;8;8;42,6
26410007737000;32;17;15;31,1
26410007738000;1;0;1;0,0
26410007769000;3;2;1;0,0
26410007773000;2;1;1;0,0
26420007630000;4;2;2;0,0
26420007632000;5;3;2;48,6
26420007633000;4;3;1;0,0
26420007636000;22;12;10;41,0
26420007637000;17;10;7;30,2
26420007661000;6;3;3;40,7
26420007665000;8;3;5;44,9
26420007667000;124;63;61;38,3
26420007668000;411;207;204;38,4
26420007669000;1;0;1;0,0
26420007671000;12;5;7;39,8
26420007673000;8;5;3;38,5
26420007674000;109;49;60;43,3
26420007675000;167;81;86;41,7
26420007676000;8;3;5;44,5
26420007677000;3;2;1;0,0
26420007678000;4;2;2;0,0
26420007679000;22;10;12;34,1
26420007680000;10;5;5;45,4
26420007681000;6;4;2;36,2
26420007700000;11;5;6;30,3
26420007702000;10;4;6;46,1
26420007718000;6;3;3;70,8
26420007721000;31;14;17;35,6
26420007722000;34;15;19;43,6
26420007734000;7;2;5;39,0
26420007735000;20;12;8;43,7
26420007736000;19;8;11;32,9
26420007770000;4;1;3;0,0
26420007771000;13;7;6;40,9
26430007621000;2;1;1;0,0
26430007623000;6;2;4;32,7
26430007625000;7;3;4;34,4
26430007626000;7;4;3;33,3
26430007627000;3;2;1;0,0
26430007628000;17;8;9;32,2
26430007629000;6;4;2;27,3
26430007630000;1;0;1;0,0
26430007633000;18;9;9;32,7
26430007634000;2;1;1;0,0
26430007635000;4;2;2;0,0
26430007661000;9;5;4;36,1
26430007662000;3;1;2;0,0
26430007663000;54;30;24;38,9
26430007668000;27;15;12;31,2
26430007669000;28;20;8;39,4
26430007670000;49;23;26;40,1
26430007671000;47;29;18;46,9
26430007672000;121;67;54;42,2
26430007673000;102;54;48;36,1
26430007674000;207;114;93;35,9
26430007675000;3;2;1;0,0
26430007676000;5;3;2;50,8
26430007681000;25;12;13;47,0
26430007692000;3;2;1;0,0
26430007693000;7;5;2;50,0
26430007699000;6;3;3;48,8
26430007702000;2;2;0;0,0
26430007704000;7;5;2;40,3
26430007718000;27;13;14;46,6
26430007721000;35;16;19;44,5
26430007734000;101;52;49;32,2
26430007735000;64;35;29;32,3
26430007738000;4;2;2;0,0
26430007765000;2;2;0;0,0
26430007772000;3;2;1;0,0
26440007620000;6;4;2;44,2
26440007621000;8;3;5;39,8
26440007623000;14;6;8;41,6
26440007624000;3;1;2;0,0
26440007625000;5;2;3;65,6
26440007630000;2;1;1;0,0
26440007631000;20;10;10;50,1
26440007663000;1;0;1;0,0
26440007665000;3;2;1;0,0
26440007669000;2;1;1;0,0
26440007670000;15;7;8;36,0
26440007671000;93;39;54;65,3
26440007672000;48;29;19;32,8
26440007674000;14;8;6;42,3
26440007675000;13;5;8;49,5
26440007681000;8;6;2;52,1
26440007682000;10;6;4;52,3
26440007684000;3;2;1;0,0
26440007692000;9;7;2;56,8
26440007698000;1;1;0;0,0
26440007702000;5;3;2;22,6
26440007703000;17;10;7;33,4
26440007704000;17;11;6;45,8
26440007718000;1;1;0;0,0
26440007719000;4;2;2;0,0
26440007721000;30;15;15;43,0
26440007728000;11;8;3;51,3
26440007729000;40;25;15;34,9
26440007730000;111;58;53;36,2
26440007731000;20;9;11;38,1
26440007734000;133;74;59;37,2
26440007735000;328;163;165;33,7
26440007745000;3;1;2;0,0
26440007746000;17;7;10;29,4
26440007748000;63;29;34;34,9
26440007755000;3;1;2;0,0
26450007660000;5;1;4;47,4
26450007663000;15;10;5;31,3
26450007664000;5;1;4;23,8
26450007666000;5;2;3;55,4
26450007667000;12;6;6;43,4
26450007674000;13;6;7;44,4
26450007681000;3;1;2;0,0
26450007682000;35;20;15;42,8
26450007683000;12;6;6;32,8
26450007684000;2;2;0;0,0
26450007685000;8;6;2;46,8
26450007686000;15;8;7;43,2
26450007687000;23;16;7;44,1
26450007688000;12;5;7;33,2
26450007689000;19;9;10;48,1
26450007690000;4;2;2;0,0
26450007698000;2;0;2;0,0
26450007701000;12;7;5;52,2
26450007702000;27;15;12;47,1
26450007703000;13;4;9;38,5
26450007704000;4;2;2;0,0
26450007719000;13;8;5;36,5
26450007721000;15;10;5;38,6
26450007729000;13;5;8;27,6
26450007731000;32;17;15;39,6
26450007732000;33;15;18;36,4
26450007733000;45;19;26;36,0
26450007734000;760;368;392;30,0
26450007735000;197;101;96;34,9
26450007745000;2;1;1;0,0
26450007746000;8;5;3;45,5
26450007748000;65;31;34;35,4
26450007752000;9;5;4;25,9
26450007753000;21;10;11;32,1
26450007759000;1;1;0;0,0
26450007775000;5;4;1;71,2
26460007630000;29;12;17;33,6
26460007660000;3;2;1;0,0
26460007664000;14;9;5;36,6
26460007665000;2;2;0;0,0
26460007666000;4;3;1;0,0
26460007667000;18;11;7;45,4
26460007673000;10;6;4;31,7
26460007674000;4;2;2;0,0
26460007686000;8;3;5;41,8
26460007688000;6;3;3;52,0
26460007689000;17;8;9;43,2
26460007697000;1;1;0;0,0
26460007699000;3;2;1;0,0
26460007700000;1;0;1;0,0
26460007701000;6;2;4;39,7
26460007719000;22;11;11;47,0
26460007721000;29;15;14;34,7
26460007722000;95;43;52;36,4
26460007728000;15;11;4;31,3
26460007729000;4;1;3;0,0
26460007731000;40;21;19;37,3
26460007732000;41;23;18;35,3
26460007734000;909;465;444;27,7
26460007735000;205;101;104;28,0
26460007752000;44;20;24;26,9
26460007753000;35;23;12;32,8
26460007754000;14;8;6;34,9
26460007756000;1;1;0;0,0
26460007775000;4;1;3;0,0
26460007791000;1;1;0;0,0
26470007629000;8;2;6;38,5
26470007661000;4;2;2;0,0
26470007662000;9;6;3;44,9
26470007664000;2;1;1;0,0
26470007665000;5;4;1;35,8
26470007694000;21;9;12;42,3
26470007695000;2;1;1;0,0
26470007697000;11;6;5;43,6
26470007699000;4;1;3;0,0
26470007700000;1;0;1;0,0
26470007701000;4;2;2;0,0
26470007719000;56;30;26;35,4
26470007722000;7;4;3;43,3
26470007723000;43;23;20;39,2
26470007724000;45;23;22;42,8
26470007725000;25;13;12;47,7
26470007726000;27;15;12;30,9
26470007727000;28;13;15;37,8
26470007728000;24;11;13;36,9
26470007729000;3;2;1;0,0
26470007731000;83;37;46;32,2
26470007735000;824;433;391;28,9
26470007752000;4;3;1;0,0
26470007753000;32;18;14;46,0
26470007757000;7;3;4;40,0
26470007758000;2;1;1;0,0
26470007775000;2;1;1;0,0
26480007661000;3;2;1;0,0
26480007662000;9;4;5;36,4
26480007664000;3;2;1;0,0
26480007665000;4;2;2;0,0
26480007672000;4;3;1;0,0
26480007688000;6;3;3;68,3
26480007694000;5;2;3;55,6
26480007695000;14;8;6;40,8
26480007697000;1;1;0;0,0
26480007699000;8;6;2;34,3
26480007701000;11;6;5;41,0
26480007719000;11;6;5;20,5
26480007720000;21;10;11;32,9
26480007725000;9;5;4;29,9
26480007726000;23;9;14;27,4
26480007727000;9;4;5;60,4
26480007731000;13;7;6;20,5
26480007732000;21;10;11;31,6
26480007733000;8;4;4;36,1
26480007735000;854;448;406;35,4
26480007752000;23;14;9;42,8
26480007775000;4;2;2;0,0
26490007660000;2;2;0;0,0
26490007661000;1;1;0;0,0
26490007662000;2;1;1;0,0
26490007663000;3;2;1;0,0
26490007664000;4;3;1;0,0
26490007671000;3;2;1;0,0
26490007672000;17;8;9;44,5
26490007688000;5;3;2;67,6
26490007694000;13;5;8;49,2
26490007695000;14;5;9;42,1
26490007696000;12;4;8;43,6
26490007697000;1;1;0;0,0
26490007699000;2;1;1;0,0
26490007720000;9;6;3;23,3
26490007725000;2;1;1;0,0
26490007726000;16;9;7;32,2
26490007735000;244;114;130;38,9
26490007736000;1090;547;543;37,5
26490007737000;108;54;54;35,5
26490007752000;18;13;5;29,8
26490007776000;9;7;2;56,0
26500007660000;13;7;6;46,7
26500007663000;18;10;8;41,7
26500007671000;3;2;1;0,0
26500007672000;3;2;1;0,0
26500007688000;13;6;7;27,5
26500007694000;15;11;4;28,9
26500007696000;59;26;33;45,5
26500007699000;5;2;3;27,6
26500007712000;2;0;2;0,0
26500007714000;3;2;1;0,0
26500007715000;3;2;1;0,0
26500007716000;17;7;10;37,9
26500007717000;24;13;11;38,8
26500007718000;3;1;2;0,0
26500007719000;16;9;7;49,1
26500007720000;7;3;4;57,1
26500007736000;141;76;65;39,4
26500007737000;1549;801;748;35,2
26500007738000;16;7;9;34,4
26500007751000;2;1;1;0,0
26500007755000;7;5;2;19,4
26500007756000;22;9;13;38,5
26500007777000;4;2;2;0,0
26500007778000;3;2;1;0,0
26510007661000;15;9;6;45,3
26510007662000;8;3;5;59,9
26510007663000;14;8;6;50,1
26510007688000;8;3;5;36,6
26510007693000;11;6;5;46,1
26510007694000;8;3;5;18,0
26510007696000;16;7;9;58,7
26510007697000;5;3;2;66,4
26510007699000;2;1;1;0,0
26510007713000;3;2;1;0,0
26510007729000;343;168;175;36,9
26510007730000;1393;664;729;39,6
26510007731000;1365;665;700;36,8
26510007732000;198;95;103;30,6
26510007733000;298;159;139;36,2
26510007734000;6;4;2;59,0
26510007735000;11;7;4;28,8
26510007736000;5;3;2;22,6
26510007737000;394;210;184;35,0
26510007738000;27;15;12;28,1
26510007751000;8;4;4;39,9
26510007754000;4;1;3;0,0
26510007779000;2;1;1;0,0
26520007623000;2;1;1;0,0
26520007660000;1;1;0;0,0
26520007661000;19;12;7;43,0
26520007662000;24;12;12;37,3
26520007665000;1;0;1;0,0
26520007671000;7;2;5;55,7
26520007688000;7;4;3;41,4
26520007694000;2;1;1;0,0
26520007696000;37;18;19;39,8
26520007697000;3;1;2;0,0
26520007699000;4;2;2;0,0
26520007709000;19;11;8;48,1
26520007710000;20;10;10;46,4
26520007711000;2;0;2;0,0
26520007712000;8;5;3;62,3
26520007726000;8;4;4;63,1
26520007727000;3;1;2;0,0
26520007729000;1211;629;582;34,2
26520007730000;2788;1419;1369;36,6
26520007731000;2820;1412;1408;37,7
26520007732000;1911;959;952;36,2
26520007733000;2063;1016;1047;34,9
26520007734000;1724;793;931;37,9
26520007735000;2003;938;1065;37,5
26520007736000;166;78;88;37,4
26520007737000;54;25;29;27,4
26520007738000;22;13;9;53,6
26520007739000;60;30;30;48,6
26520007740000;15;9;6;44,7
26520007753000;20;11;9;40,5
26530007659000;3;2;1;0,0
26530007660000;7;3;4;44,1
26530007661000;35;17;18;50,0
26530007662000;30;17;13;44,3
26530007671000;17;9;8;46,5
26530007672000;6;2;4;40,5
26530007694000;3;1;2;0,0
26530007695000;1;1;0;0,0
26530007696000;60;27;33;44,9
26530007697000;5;3;2;42,4
26530007708000;21;14;7;43,8
26530007709000;5;4;1;60,2
26530007721000;28;11;17;41,1
26530007722000;131;70;61;29,9
26530007723000;35;21;14;45,4
26530007724000;16;9;7;34,6
26530007725000;54;27;27;34,6
26530007726000;284;145;139;37,2
26530007727000;340;175;165;37,9
26530007728000;569;291;278;33,0
26530007729000;1405;702;703;37,8
26530007730000;265;129;136;35,1
26530007731000;1533;760;773;42,3
26530007732000;3701;1884;1817;37,5
26530007733000;2247;1171;1076;35,0
26530007734000;1429;746;683;35,0
26530007735000;587;294;293;38,9
26530007736000;754;391;363;28,1
26530007737000;1391;675;716;29,0
26530007738000;48;27;21;32,4
26530007740000;37;21;16;37,2
26530007750000;10;6;4;58,2
26530007753000;2;1;1;0,0
26530007776000;1;1;0;0,0
26530007777000;2;0;2;0,0
26530007778000;2;1;1;0,0
26540007621000;14;6;8;39,3
26540007661000;92;48;44;34,4
26540007662000;1;1;0;0,0
26540007671000;44;22;22;40,8
26540007672000;2;1;1;0,0
26540007692000;1;0;1;0,0
26540007695000;24;11;13;55,0
26540007696000;63;30;33;33,2
26540007700000;5;2;3;33,2
26540007706000;1;0;1;0,0
26540007707000;14;5;9;60,6
26540007708000;12;6;6;35,7
26540007719000;128;59;69;31,1
26540007720000;110;54;56;34,9
26540007721000;75;34;41;29,4
26540007730000;600;302;298;35,6
26540007731000;1619;809;810;38,6
26540007734000;80;34;46;36,7
26540007735000;678;351;327;38,3
26540007736000;1948;968;980;37,8
26540007737000;1158;566;592;33,1
26540007738000;1043;527;516;33,7
26540007741000;16;10;6;53,4
26540007742000;14;8;6;39,1
26540007748000;49;25;24;36,9
26540007749000;13;6;7;38,2
26540007750000;15;7;8;32,2
26540007752000;9;6;3;33,2
26540007772000;7;4;3;64,0
26540007785000;2;1;1;0,0
26550007660000;14;10;4;37,4
26550007661000;111;52;59;42,6
26550007671000;11;7;4;35,4
26550007672000;3;2;1;0,0
26550007687000;11;7;4;33,3
26550007691000;9;4;5;74,7
26550007692000;15;10;5;43,1
26550007694000;24;13;11;46,2
26550007695000;8;4;4;65,4
26550007700000;2;1;1;0,0
26550007701000;5;2;3;44,8
26550007702000;17;9;8;39,0
26550007707000;12;4;8;26,8
26550007710000;18;11;7;38,7
26550007711000;10;4;6;50,3
26550007712000;5;3;2;31,8
26550007718000;1;1;0;0,0
26550007719000;68;41;27;38,0
26550007720000;4;2;2;0,0
26550007730000;108;59;49;32,0
26550007731000;2099;1040;1059;35,2
26550007732000;1036;517;519;39,9
26550007733000;1372;687;685;35,3
26550007735000;40;25;15;32,7
26550007736000;292;166;126;34,3
26550007737000;672;343;329;31,1
26550007738000;3;2;1;0,0
26550007742000;2;1;1;0,0
26550007743000;66;30;36;28,3
26550007744000;8;4;4;40,0
26550007746000;7;5;2;26,9
26550007747000;26;12;14;38,1
26550007748000;3;2;1;0,0
26550007750000;3;2;1;0,0
26550007772000;1;1;0;0,0
26550007773000;7;4;3;71,1
26550007774000;6;5;1;37,5
26550007775000;1;1;0;0,0
26560007653000;2;1;1;0,0
26560007655000;2;1;1;0,0
26560007656000;3;1;2;0,0
26560007659000;1;0;1;0,0
26560007660000;17;8;9;49,8
26560007661000;25;16;9;42,1
26560007671000;5;3;2;21,6
26560007690000;1;0;1;0,0
26560007691000;16;10;6;37,3
26560007692000;10;3;7;34,6
26560007693000;1;1;0;0,0
26560007694000;28;11;17;28,6
26560007695000;1;0;1;0,0
26560007702000;58;34;24;37,1
26560007703000;35;17;18;33,3
26560007704000;2;2;0;0,0
26560007705000;2;1;1;0,0
26560007706000;10;6;4;37,5
26560007708000;1;1;0;0,0
26560007709000;14;7;7;43,0
26560007710000;1;1;0;0,0
26560007713000;8;4;4;58,3
26560007715000;12;3;9;54,8
26560007716000;30;14;16;39,4
26560007717000;7;4;3;27,0
26560007718000;30;17;13;32,3
26560007720000;48;23;25;40,1
26560007732000;5;2;3;28,2
26560007733000;843;420;423;40,8
26560007734000;1991;954;1037;38,4
26560007735000;35;18;17;37,1
26560007744000;17;9;8;35,8
26560007745000;41;17;24;36,7
26560007746000;14;6;8;28,1
26560007748000;15;10;5;34,6
26560007749000;1;1;0;0,0
26560007769000;1;1;0;0,0
26560007772000;1;1;0;0,0
26570007653000;2;1;1;0,0
26570007654000;8;4;4;46,1
26570007655000;4;1;3;0,0
26570007657000;5;2;3;41,4
26570007658000;1;0;1;0,0
26570007660000;23;11;12;42,0
26570007687000;6;2;4;46,5
26570007691000;6;3;3;55,7
26570007693000;3;1;2;0,0
26570007694000;6;3;3;26,5
26570007701000;8;4;4;47,0
26570007702000;6;3;3;63,5
26570007708000;6;4;2;66,3
26570007717000;5;3;2;53,6
26570007718000;2;1;1;0,0
26570007720000;24;14;10;37,9
26570007734000;27;14;13;39,9
26570007735000;1665;782;883;39,0
26570007736000;1201;571;630;34,6
26570007737000;48;25;23;35,2
26570007747000;3;2;1;0,0
26570007768000;26;11;15;38,5
26580007652000;7;4;3;68,9
26580007653000;2;1;1;0,0
26580007658000;4;2;2;0,0
26580007659000;6;2;4;42,2
26580007660000;8;4;4;43,9
26580007661000;3;2;1;0,0
26580007672000;5;3;2;48,2
26580007673000;8;3;5;36,0
26580007687000;9;5;4;43,1
26580007691000;13;6;7;51,9
26580007708000;7;3;4;26,1
26580007713000;20;11;9;42,2
26580007719000;14;7;7;39,9
26580007720000;1;1;0;0,0
26580007721000;21;9;12;35,9
26580007735000;453;225;228;41,3
26580007736000;228;113;115;34,4
26580007737000;174;95;79;33,8
26580007738000;50;21;29;45,7
26580007739000;212;109;103;38,3
26580007740000;137;72;65;33,1
26580007741000;103;50;53;37,1
26580007747000;15;9;6;39,7
26580007767000;14;7;7;64,9
26590007651000;5;3;2;40,2
26590007660000;4;2;2;0,0
26590007673000;1;1;0;0,0
26590007679000;13;8;5;38,0
26590007687000;3;2;1;0,0
26590007703000;15;8;7;37,9
26590007704000;2;2;0;0,0
26590007705000;3;1;2;0,0
26590007706000;6;3;3;47,5
26590007707000;2;2;0;0,0
26590007713000;1;1;0;0,0
26590007720000;2;1;1;0,0
26590007721000;21;8;13;24,1
26590007722000;56;28;28;34,0
26590007741000;20;11;9;45,9
26590007742000;43;31;12;46,9
26590007747000;7;4;3;44,0
26590007766000;5;3;2;47,6
26590007767000;4;0;4;0,0
26600007649000;6;3;3;46,0
26600007650000;2;1;1;0,0
26600007660000;20;15;5;29,8
26600007678000;8;3;5;32,3
26600007679000;23;12;11;24,1
26600007680000;16;10;6;50,1
26600007698000;4;2;2;0,0
26600007702000;5;3;2;66,0
26600007703000;3;2;1;0,0
26600007721000;4;3;1;0,0
26600007722000;39;19;20;39,2
26600007742000;243;134;109;35,7
26600007766000;1;1;0;0,0
26600007767000;2;1;1;0,0
26610007648000;8;3;5;48,5
26610007659000;18;10;8;42,3
26610007674000;1;0;1;0,0
26610007678000;13;8;5;40,3
26610007679000;2;0;2;0,0
26610007680000;21;12;9;38,3
26610007681000;14;7;7;56,4
26610007682000;11;6;5;43,9
26610007688000;3;2;1;0,0
26610007690000;21;12;9;35,1
26610007698000;3;2;1;0,0
26610007701000;10;7;3;51,4
26610007702000;2;1;1;0,0
26610007721000;13;8;5;49,8
26610007722000;31;18;13;36,6
26610007723000;109;58;51;31,2
26610007742000;83;46;37;28,8
26610007743000;56;27;29;33,1
26610007744000;25;12;13;42,0
26610007748000;1;0;1;0,0
26610007766000;1;1;0;0,0
26620007646000;2;1;1;0,0
26620007647000;4;2;2;0,0
26620007648000;5;3;2;20,6
26620007673000;6;3;3;50,8
26620007679000;6;2;4;38,5
26620007680000;11;4;7;38,0
26620007681000;4;3;1;0,0
26620007683000;2;2;0;0,0
26620007688000;20;9;11;37,8
26620007689000;5;2;3;38,6
26620007690000;20;10;10;37,1
26620007698000;4;2;2;0,0
26620007701000;4;3;1;0,0
26620007720000;21;11;10;55,8
26620007721000;27;15;12;37,7
26620007722000;56;32;24;40,4
26620007723000;64;32;32;41,9
26620007744000;8;4;4;28,3
26620007745000;47;23;24;35,8
26620007748000;2;1;1;0,0
26620007775000;10;5;5;42,1
26620007776000;14;9;5;32,0
26630007645000;11;8;3;34,4
26630007646000;21;12;9;48,1
26630007647000;9;5;4;45,9
26630007659000;8;5;3;43,3
26630007660000;2;1;1;0,0
26630007673000;8;5;3;30,0
26630007679000;2;2;0;0,0
26630007680000;18;11;7;47,1
26630007681000;5;3;2;47,8
26630007682000;2;1;1;0,0
26630007683000;33;16;17;48,2
26630007684000;27;13;14;40,1
26630007688000;18;7;11;34,9
26630007689000;36;20;16;38,9
26630007690000;28;13;15;36,6
26630007698000;21;11;10;46,3
26630007701000;7;3;4;48,1
26630007719000;27;12;15;34,0
26630007720000;14;9;5;52,4
26630007721000;51;26;25;40,5
26630007722000;99;51;48;36,7
26630007723000;74;35;39;33,8
26630007746000;6;4;2;56,3
26630007773000;12;6;6;41,5
26640007659000;1;0;1;0,0
26640007660000;11;4;7;28,6
26640007673000;4;1;3;0,0
26640007684000;24;9;15;29,2
26640007688000;7;3;4;33,6
26640007690000;23;12;11;43,0
26640007698000;1;0;1;0,0
26640007701000;2;1;1;0,0
26640007702000;5;3;2;29,4
26640007719000;50;23;27;48,4
26640007720000;29;14;15;44,4
26640007723000;13;5;8;32,2
26640007724000;24;14;10;28,4
26640007746000;28;14;14;36,9
26640007772000;3;2;1;0,0
26650007659000;8;3;5;35,4
26650007670000;2;1;1;0,0
26650007672000;2;1;1;0,0
26650007677000;3;2;1;0,0
26650007678000;5;2;3;42,4
26650007679000;9;5;4;50,4
26650007681000;4;1;3;0,0
26650007684000;1;1;0;0,0
26650007685000;17;9;8;39,5
26650007688000;11;6;5;48,8
26650007690000;10;6;4;40,2
26650007691000;1;0;1;0,0
26650007698000;3;2;1;0,0
26650007702000;5;2;3;70,4
26650007715000;7;4;3;45,3
26650007716000;13;6;7;32,3
26650007717000;101;51;50;34,6
26650007718000;29;14;15;30,4
26650007719000;17;10;7;41,5
26650007724000;9;4;5;41,8
26650007725000;3;2;1;0,0
26650007746000;30;15;15;36,6
26650007750000;4;3;1;0,0
26660007658000;4;3;1;0,0
26660007659000;5;2;3;58,4
26660007670000;2;1;1;0,0
26660007678000;1;0;1;0,0
26660007686000;391;190;201;43,3
26660007687000;173;87;86;43,8
26660007688000;85;40;45;37,0
26660007690000;17;11;6;38,2
26660007691000;2;1;1;0,0
26660007702000;5;5;0;67,2
26660007713000;6;4;2;22,3
26660007714000;8;4;4;26,5
26660007717000;8;6;2;29,1
26660007725000;1;0;1;0,0
26660007726000;4;2;2;0,0
26660007746000;50;30;20;46,3
26660007747000;1;1;0;0,0
26660007770000;17;9;8;55,9
26670007658000;2;0;2;0,0
26670007659000;3;1;2;0,0
26670007668000;4;2;2;0,0
26670007680000;1;0;1;0,0
26670007681000;10;6;4;39,6
26670007682000;15;10;5;36,3
26670007684000;30;17;13;43,5
26670007685000;110;48;62;41,8
26670007686000;164;80;84;43,7
26670007687000;169;84;85;43,4
26670007688000;97;49;48;34,1
26670007689000;13;6;7;24,2
26670007698000;13;6;7;57,8
26670007702000;23;16;7;38,0
26670007703000;1;1;0;0,0
26670007704000;3;2;1;0,0
26670007726000;24;14;10;44,8
26670007746000;20;10;10;46,3
26670007770000;17;9;8;53,9
26670007771000;29;12;17;53,6
26670007772000;15;9;6;23,9
26670007773000;2;1;1;0,0
26680007659000;6;3;3;32,0
26680007670000;3;2;1;0,0
26680007681000;6;4;2;46,5
26680007683000;3;1;2;0,0
26680007684000;73;38;35;43,2
26680007685000;5;2;3;59,8
26680007689000;1;0;1;0,0
26680007690000;21;10;11;42,0
26680007691000;38;19;19;36,3
26680007698000;7;3;4;32,6
26680007702000;28;16;12;51,3
26680007703000;3;1;2;0,0
26680007727000;5;3;2;56,4
26680007746000;51;28;23;35,8
26680007747000;4;0;4;0,0
26680007756000;2;1;1;0,0
26680007770000;12;5;7;36,2
26680007771000;10;5;5;41,6
26690007669000;5;3;2;53,4
26690007670000;3;2;1;0,0
26690007681000;16;11;5;41,9
26690007682000;24;12;12;41,6
26690007683000;56;34;22;31,2
26690007684000;33;16;17;44,5
26690007691000;27;15;12;34,4
26690007692000;22;14;8;51,0
26690007696000;5;2;3;67,4
26690007697000;14;8;6;29,9
26690007698000;3;1;2;0,0
26690007702000;31;18;13;44,8
26690007728000;5;2;3;48,8
26690007747000;22;10;12;52,0
26690007758000;4;1;3;0,0
26690007759000;5;2;3;47,4
26690007799000;2;1;1;0,0
26700007659000;7;5;2;34,6
26700007661000;19;13;6;44,6
26700007662000;10;6;4;46,4
26700007663000;33;16;17;43,0
26700007667000;1;1;0;0,0
26700007669000;2;2;0;0,0
26700007670000;3;3;0;0,0
26700007678000;1;0;1;0,0
26700007681000;9;5;4;54,1
26700007684000;25;12;13;44,3
26700007685000;14;8;6;52,7
26700007686000;14;6;8;46,8
26700007692000;16;7;9;46,8
26700007693000;27;13;14;55,1
26700007694000;8;4;4;63,6
26700007695000;2;1;1;0,0
26700007701000;3;2;1;0,0
26700007702000;17;9;8;47,1
26700007729000;5;4;1;59,6
26700007747000;23;11;12;35,0
26700007748000;10;5;5;45,1
26700007753000;9;4;5;54,3
26700007754000;6;4;2;36,0
26700007756000;2;0;2;0,0
26700007757000;1;1;0;0,0
26700007758000;8;6;2;50,9
26700007760000;20;10;10;43,5
26700007765000;3;3;0;0,0
26700007766000;29;20;9;40,3
26700007796000;4;3;1;0,0
26700007797000;1;1;0;0,0
26700007798000;7;4;3;52,3
26700007799000;4;2;2;0,0
26710007661000;11;5;6;36,0
26710007662000;81;51;30;28,1
26710007663000;159;90;69;27,7
26710007664000;10;5;5;46,4
26710007665000;10;5;5;45,4
26710007667000;19;6;13;40,6
26710007668000;6;2;4;26,7
26710007669000;1;1;0;0,0
26710007684000;3;1;2;0,0
26710007686000;18;7;11;29,3
26710007693000;1;0;1;0,0
26710007694000;30;14;16;40,4
26710007699000;1;0;1;0,0
26710007700000;19;8;11;44,9
26710007701000;14;9;5;43,8
26710007702000;117;66;51;38,4
26710007731000;3;2;1;0,0
26710007747000;1;0;1;0,0
26710007753000;1;0;1;0,0
26710007754000;1;1;0;0,0
26710007758000;4;3;1;0,0
26710007760000;15;8;7;35,1
26710007761000;36;20;16;49,0
26710007762000;98;49;49;33,7
26710007763000;15;7;8;62,3
26710007764000;21;12;9;35,9
26710007766000;19;11;8;52,4
26720007662000;11;4;7;63,4
26720007663000;7;3;4;72,6
26720007686000;10;5;5;36,8
26720007698000;8;4;4;41,0
26720007699000;41;24;17;42,4
26720007748000;17;9;8;39,4
26720007761000;3;2;1;0,0
26720007762000;6;3;3;79,8
26720007766000;4;2;2;0,0
26720007795000;13;6;7;42,2
26730007657000;1;1;0;0,0
26730007662000;8;3;5;47,8
26730007686000;18;8;10;51,4
26730007692000;9;3;6;32,9
26730007693000;1;1;0;0,0
26730007696000;23;10;13;36,5
26730007697000;26;13;13;43,7
26730007698000;4;3;1;0,0
26730007703000;1;0;1;0,0
26730007704000;3;2;1;0,0
26730007749000;30;16;14;39,2
26730007754000;1;1;0;0,0
26730007755000;1;1;0;0,0
26730007762000;2;1;1;0,0
26730007763000;9;6;3;36,6
26730007767000;5;3;2;51,4
26730007770000;1;1;0;0,0
26730007771000;8;3;5;34,0
26730007772000;5;3;2;38,6
26730007773000;1;1;0;0,0
26730007794000;9;5;4;46,7
26730007795000;27;17;10;38,8
26740007686000;20;11;9;52,8
26740007688000;3;0;3;0,0
26740007689000;8;4;4;58,8
26740007690000;44;23;21;44,2
26740007691000;17;10;7;47,3
26740007692000;13;7;6;39,2
26740007693000;5;1;4;30,2
26740007694000;8;4;4;39,8
26740007695000;35;20;15;42,5
26740007696000;4;1;3;0,0
26740007704000;14;8;6;59,8
26740007732000;10;6;4;32,5
26740007749000;6;3;3;55,0
26740007750000;7;4;3;32,0
26740007755000;1;1;0;0,0
26740007764000;1;1;0;0,0
26740007767000;17;7;10;57,2
26740007771000;3;2;1;0,0
26740007773000;20;11;9;44,8
26740007774000;17;11;6;40,3
26740007793000;13;8;5;55,5
26740007794000;65;35;30;41,6
26750007661000;15;7;8;44,7
26750007662000;60;26;34;43,5
26750007685000;7;6;1;57,1
26750007686000;7;4;3;44,3
26750007687000;16;8;8;35,9
26750007688000;20;8;12;41,2
26750007690000;1;1;0;0,0
26750007704000;7;4;3;45,9
26750007732000;14;7;7;38,4
26750007733000;11;5;6;37,6
26750007749000;1;1;0;0,0
26750007765000;5;2;3;55,2
26750007767000;11;4;7;53,4
26750007768000;32;16;16;49,2
26750007792000;46;24;22;43,2
26750007793000;21;12;9;46,3
26760007661000;7;3;4;61,9
26760007662000;80;36;44;47,9
26760007685000;33;22;11;43,5
26760007687000;4;2;2;0,0
26760007704000;10;5;5;39,7
26760007733000;13;9;4;45,5
26760007734000;2;1;1;0,0
26760007746000;5;2;3;65,0
26760007765000;4;2;2;0,0
26760007768000;293;154;139;36,1
26760007769000;113;53;60;49,2
26760007774000;2;1;1;0,0
26760007788000;4;2;2;0,0
26760007789000;12;5;7;49,7
26760007790000;10;6;4;44,5
26760007791000;18;10;8;43,3
26760007792000;4;2;2;0,0
26770007658000;6;3;3;45,2
26770007659000;4;2;2;0,0
26770007662000;31;16;15;43,7
26770007663000;41;19;22;34,1
26770007664000;2;2;0;0,0
26770007666000;2;1;1;0,0
26770007667000;1;1;0;0,0
26770007684000;2;1;1;0,0
26770007685000;6;4;2;55,8
26770007686000;11;5;6;54,5
26770007694000;2;1;1;0,0
26770007704000;4;2;2;0,0
26770007705000;12;5;7;40,0
26770007723000;3;2;1;0,0
26770007726000;1;1;0;0,0
26770007732000;1;0;1;0,0
26770007733000;10;7;3;52,8
26770007734000;18;10;8;35,3
26770007746000;16;9;7;26,9
26770007756000;8;4;4;61,8
26770007765000;7;4;3;60,4
26770007766000;36;20;16;34,8
26770007767000;4;1;3;0,0
26770007769000;32;17;15;30,5
26770007787000;3;1;2;0,0
26770007788000;34;16;18;33,0
26770007789000;20;11;9;34,4
26780007658000;3;2;1;0,0
26780007662000;4;2;2;0,0
26780007663000;4;2;2;0,0
26780007667000;12;6;6;39,4
26780007683000;4;2;2;0,0
26780007684000;9;7;2;41,4
26780007685000;9;4;5;53,6
26780007695000;16;7;9;46,7
26780007696000;7;4;3;36,4
26780007706000;7;3;4;40,9
26780007707000;1;1;0;0,0
26780007709000;15;9;6;62,4
26780007722000;4;3;1;0,0
26780007734000;3;2;1;0,0
26780007735000;2;1;1;0,0
26780007756000;6;1;5;50,0
26780007767000;67;35;32;43,9
26780007768000;4;3;1;0,0
26780007770000;24;15;9;48,4
26780007771000;2;1;1;0,0
26780007781000;2;1;1;0,0
26780007782000;8;3;5;49,5
26780007783000;4;2;2;0,0
26780007784000;1;1;0;0,0
26780007786000;8;3;5;62,4
26780007787000;14;6;8;51,3
26780007797000;19;10;9;62,6
26780007798000;21;12;9;45,4
26790007654000;6;3;3;38,7
26790007655000;15;8;7;44,7
26790007656000;5;3;2;34,6
26790007657000;16;7;9;35,3
26790007663000;2;1;1;0,0
26790007667000;6;3;3;51,3
26790007668000;3;2;1;0,0
26790007684000;1;1;0;0,0
26790007685000;44;26;18;42,0
26790007696000;9;3;6;53,7
26790007697000;6;4;2;28,7
26790007710000;6;4;2;56,8
26790007721000;3;2;1;0,0
26790007722000;3;2;1;0,0
26790007734000;8;4;4;53,1
26790007735000;11;8;3;56,0
26790007745000;8;3;5;41,1
26790007768000;18;7;11;45,7
26790007784000;7;5;2;45,7
26800007653000;3;2;1;0,0
26800007654000;15;9;6;40,8
26800007655000;5;2;3;40,2
26800007664000;1;1;0;0,0
26800007667000;1;0;1;0,0
26800007668000;4;3;1;0,0
26800007669000;3;1;2;0,0
26800007684000;21;8;13;38,5
26800007685000;241;124;117;41,5
26800007717000;2;0;2;0,0
26800007718000;11;3;8;48,5
26800007719000;12;5;7;20,3
26800007720000;25;12;13;47,7
26800007721000;35;19;16;46,9
26800007722000;1;0;1;0,0
26800007744000;1;1;0;0,0
26800007745000;81;47;34;41,0
26800007746000;5;4;1;32,8
26800007769000;11;6;5;54,8
26800007771000;3;1;2;0,0
26810007649000;2;1;1;0,0
26810007652000;1;1;0;0,0
26810007653000;1;1;0;0,0
26810007663000;3;1;2;0,0
26810007664000;1;0;1;0,0
26810007669000;2;1;1;0,0
26810007670000;8;5;3;33,9
26810007684000;16;8;8;41,8
26810007685000;142;61;81;36,6
26810007699000;8;6;2;43,8
26810007701000;6;1;5;28,3
26810007702000;22;14;8;36,3
26810007703000;14;8;6;42,5
26810007704000;5;3;2;45,2
26810007705000;14;9;5;43,9
26810007706000;17;8;9;36,6
26810007707000;12;4;8;55,5
26810007708000;7;3;4;38,6
26810007709000;15;9;6;43,7
26810007710000;3;2;1;0,0
26810007712000;3;2;1;0,0
26810007715000;6;2;4;59,3
26810007716000;12;8;4;56,3
26810007722000;2;1;1;0,0
26810007723000;29;16;13;47,3
26810007747000;1;1;0;0,0
26810007772000;5;2;3;21,2
26820007646000;2;1;1;0,0
26820007661000;7;5;2;40,6
26820007663000;14;8;6;49,3
26820007670000;4;3;1;0,0
26820007671000;3;2;1;0,0
26820007684000;6;4;2;71,3
26820007685000;118;64;54;31,3
26820007700000;2;1;1;0,0
26820007705000;8;4;4;57,8
26820007706000;9;6;3;55,6
26820007707000;9;4;5;46,7
26820007708000;14;7;7;59,3
26820007709000;54;23;31;45,1
26820007710000;18;12;6;49,6
26820007711000;4;1;3;0,0
26820007712000;11;6;5;53,5
26820007713000;3;1;2;0,0
26820007715000;4;3;1;0,0
26820007723000;8;4;4;42,8
26820007724000;7;4;3;65,7
26820007725000;28;13;15;48,1
26820007726000;1;0;1;0,0
26820007727000;7;4;3;51,1
26820007728000;1;1;0;0,0
26820007762000;3;1;2;0,0
26820007764000;11;5;6;42,5
26820007779000;6;4;2;55,5
26830007645000;5;1;4;31,2
26830007660000;12;8;4;28,3
26830007663000;3;2;1;0,0
26830007670000;6;3;3;44,7
26830007671000;4;1;3;0,0
26830007683000;3;1;2;0,0
26830007684000;6;2;4;28,0
26830007685000;39;22;17;51,4
26830007713000;13;8;5;61,5
26830007717000;1;0;1;0,0
26830007718000;7;4;3;39,6
26830007722000;2;1;1;0,0
26830007723000;7;3;4;52,3
26830007728000;5;3;2;61,0
26830007729000;9;5;4;41,0
26830007764000;10;5;5;43,3
26830007765000;8;3;5;31,4
26840007671000;10;5;5;48,0
26840007683000;10;5;5;39,7
26840007684000;17;11;6;34,1
26840007713000;6;4;2;29,8
26840007717000;10;6;4;40,5
26840007718000;4;2;2;0,0
26840007719000;2;1;1;0,0
26840007722000;5;1;4;32,0
26840007723000;5;3;2;60,2
26840007724000;12;7;5;56,6
26840007725000;4;3;1;0,0
26840007728000;4;2;2;0,0
26840007737000;3;1;2;0,0
26840007773000;1;0;1;0,0
26840007779000;1;1;0;0,0
26850007671000;2;1;1;0,0
26850007672000;6;2;4;45,3
26850007682000;21;14;7;46,4
26850007683000;4;2;2;0,0
26850007726000;2;1;1;0,0
26850007727000;1;0;1;0,0
26850007729000;5;2;3;67,4
26850007736000;14;8;6;40,6
26850007738000;3;2;1;0,0
26850007739000;6;3;3;64,8
26850007741000;2;1;1;0,0
26850007768000;1;1;0;0,0
26850007771000;2;1;1;0,0
26850007778000;7;3;4;31,0
26850007779000;7;4;3;29,9
26850007793000;2;1;1;0,0
26860007658000;4;3;1;0,0
26860007660000;4;3;1;0,0
26860007672000;9;5;4;52,7
26860007682000;19;9;10;40,9
26860007683000;2;1;1;0,0
26860007729000;10;6;4;68,9
26860007733000;5;4;1;50,2
26860007734000;16;9;7;48,1
26860007735000;11;4;7;33,0
26860007736000;8;4;4;45,1
26860007742000;4;2;2;0,0
26860007745000;17;8;9;34,4
26860007746000;10;6;4;29,5
26860007747000;2;1;1;0,0
26860007771000;1;1;0;0,0
26860007773000;24;16;8;47,6
26860007774000;7;5;2;54,0
26860007778000;13;6;7;50,2
26860007779000;5;1;4;39,2
26870007657000;2;1;1;0,0
26870007658000;2;2;0;0,0
26870007672000;1;0;1;0,0
26870007674000;1;1;0;0,0
26870007682000;11;6;5;51,0
26870007683000;10;7;3;48,5
26870007729000;4;2;2;0,0
26870007731000;7;4;3;55,4
26870007732000;5;3;2;39,2
26870007733000;2;1;1;0,0
26870007743000;19;11;8;41,0
26870007744000;18;8;10;33,3
26870007745000;1;1;0;0,0
26870007772000;2;1;1;0,0
26870007773000;13;6;7;43,2
26870007779000;18;10;8;48,6
26880007657000;1;1;0;0,0
26880007683000;13;6;7;54,6
26880007728000;6;4;2;57,0
26880007730000;23;12;11;44,8
26880007731000;14;7;7;50,1
26880007743000;6;3;3;67,2
26880007748000;2;1;1;0,0
26880007779000;5;3;2;32,6
26880007787000;29;16;13;40,4
26880007788000;2;1;1;0,0
26890007675000;2;1;1;0,0
26890007684000;2;1;1;0,0
26890007685000;11;7;4;50,0
26890007728000;7;6;1;49,9
26890007730000;29;16;13;39,3
26890007749000;24;11;13;49,1
26890007781000;169;93;76;41,0
26890007782000;17;7;10;42,3
26890007783000;36;18;18;41,5
26890007784000;9;7;2;29,7
26890007786000;3;0;3;0,0
26890007787000;5;3;2;28,4
26890007788000;55;30;25;41,8
26900007636000;3;1;2;0,0
26900007637000;7;5;2;30,4
26900007657000;1;0;1;0,0
26900007686000;7;4;3;37,6
26900007687000;7;3;4;62,0
26900007688000;5;3;2;47,2
26900007728000;3;2;1;0,0
26900007729000;1;1;0;0,0
26900007730000;20;10;10;41,4
26900007741000;2;1;1;0,0
26900007749000;2;1;1;0,0
26900007750000;2;1;1;0,0
26900007754000;8;6;2;45,1
26900007781000;8;4;4;55,1
26900007783000;28;13;15;47,8
26900007786000;7;3;4;55,1
26900007787000;2;1;1;0,0
26900007790000;1;1;0;0,0
26910007688000;7;3;4;59,1
26910007689000;22;11;11;45,2
26910007690000;26;17;9;29,8
26910007750000;7;4;3;35,9
26910007751000;24;10;14;42,6
26910007752000;38;20;18;47,8
26910007753000;63;32;31;40,9
26910007754000;21;9;12;48,1
26910007755000;6;4;2;30,8
26910007783000;4;3;1;0,0
26910007786000;3;2;1;0,0
26920007690000;82;35;47;38,0
26920007691000;8;6;2;50,0
26920007747000;4;2;2;0,0
26920007783000;11;7;4;39,8
26930007690000;49;23;26;42,6
26930007691000;24;8;16;49,1
26930007692000;18;10;8;47,8
26930007693000;5;3;2;57,6
26930007694000;25;13;12;36,6
26930007752000;20;13;7;43,7
26930007753000;33;16;17;37,5
26930007754000;9;6;3;52,4
26930007755000;5;2;3;69,0
26930007756000;13;8;5;55,9
26930007784000;5;4;1;52,6
26940007691000;13;5;8;46,8
26940007696000;24;16;8;34,5
26940007697000;10;6;4;48,0
26940007756000;1;1;0;0,0
26940007757000;15;7;8;39,5
26940007758000;2;1;1;0,0
26940007759000;19;11;8;44,6
26940007760000;10;5;5;56,1
26940007785000;4;3;1;0,0
26950007691000;108;61;47;34,4
26950007692000;132;62;70;35,4
26950007693000;1;1;0;0,0
26950007694000;5;2;3;38,0
26950007697000;6;4;2;66,3
26950007698000;29;17;12;45,5
26950007699000;19;12;7;38,7
26950007700000;28;12;16;41,8
26950007701000;2;1;1;0,0
26950007727000;3;1;2;0,0
26950007728000;9;4;5;67,8
26950007760000;3;1;2;0,0
26950007761000;7;3;4;62,3
26950007762000;18;10;8;39,2
26960007683000;7;3;4;32,6
26960007684000;1;0;1;0,0
26960007686000;2;2;0;0,0
26960007687000;9;6;3;25,1
26960007690000;2;1;1;0,0
26960007691000;69;34;35;33,8
26960007692000;32;16;16;30,6
26960007695000;2;1;1;0,0
26960007702000;3;2;1;0,0
26960007727000;1;1;0;0,0
26960007762000;12;6;6;57,2
26960007763000;18;11;7;56,6
26970007682000;1;1;0;0,0
26970007683000;7;3;4;50,7
26970007684000;8;4;4;38,6
26970007685000;5;3;2;54,4
26970007686000;13;7;6;43,5
26970007687000;3;2;1;0,0
26970007690000;28;14;14;43,1
26970007691000;8;5;3;28,9
26970007697000;8;3;5;45,3
26970007698000;4;2;2;0,0
26970007699000;7;4;3;50,3
26970007702000;2;2;0;0,0
26970007703000;26;16;10;36,5
26970007704000;2;1;1;0,0
26970007728000;5;3;2;35,6
26970007761000;58;32;26;35,6
26970007763000;15;9;6;56,7
26970007764000;71;36;35;49,5
26970007765000;4;2;2;0,0
26970007766000;3;1;2;0,0
26980007682000;8;5;3;33,6
26980007689000;1;0;1;0,0
26980007690000;17;10;7;49,2
26980007699000;11;6;5;55,5
26980007700000;21;10;11;38,3
26980007704000;22;7;15;55,5
26980007761000;12;4;8;53,1
26980007762000;71;33;38;34,1
26980007763000;32;21;11;42,0
26980007764000;8;4;4;55,4
26980007765000;32;17;15;50,5
26980007766000;29;10;19;41,6
26980007767000;25;12;13;34,2
26990007680000;6;5;1;20,2
26990007681000;10;5;5;64,4
26990007689000;20;10;10;37,0
26990007690000;15;7;8;46,4
26990007705000;8;4;4;48,3
26990007728000;5;2;3;73,8
26990007767000;12;5;7;42,1
26990007768000;18;9;9;54,3
27000007679000;10;4;6;46,4
27000007688000;3;2;1;0,0
27000007689000;27;17;10;33,9
27000007702000;2;1;1;0,0
27000007703000;1;0;1;0,0
27000007705000;10;5;5;60,0
27000007706000;11;8;3;50,2
27000007727000;19;11;8;49,9
27010007677000;4;3;1;0,0
27010007679000;2;1;1;0,0
27010007688000;6;3;3;44,0
27010007689000;17;8;9;34,4
27010007706000;7;4;3;43,9
27010007707000;14;7;7;56,1
27010007710000;4;4;0;0,0
27010007711000;179;92;87;42,4
27010007712000;84;45;39;44,7
27010007719000;1;1;0;0,0
27010007727000;11;8;3;33,4
27020007676000;4;3;1;0,0
27020007716000;11;7;4;44,8
27020007717000;8;5;3;33,1
27020007718000;12;6;6;31,1
27020007719000;31;16;15;41,3
27020007721000;10;4;6;39,3
27020007726000;110;58;52;38,9
27020007727000;191;95;96;44,3
27030007706000;2;1;1;0,0
27030007714000;13;6;7;44,8
27030007715000;2;1;1;0,0
27030007716000;5;3;2;75,4
27030007717000;39;23;16;30,6
27030007718000;65;34;31;42,1
27030007719000;84;43;41;40,7
27030007720000;48;21;27;41,0
27030007721000;93;48;45;38,2
27030007722000;81;48;33;40,5
27030007723000;36;18;18;39,9
27030007724000;14;7;7;40,0
27030007725000;134;68;66;40,2
27030007726000;232;113;119;39,6
27030007727000;137;66;71;45,3
27030007738000;14;6;8;57,6
27030007739000;1;1;0;0,0
27030007763000;4;3;1;0,0
27040007718000;7;4;3;57,1
27040007723000;30;16;14;38,7
27040007724000;6;2;4;21,8
27040007727000;31;17;14;46,5
27040007728000;33;16;17;43,4
27040007735000;4;3;1;0,0
27040007736000;12;6;6;46,1
27040007737000;2;1;1;0,0
27050007724000;4;3;1;0,0
27050007728000;3;3;0;0,0
27050007729000;54;27;27;41,7
27050007730000;4;2;2;0,0
27050007733000;1;0;1;0,0
27050007734000;4;3;1;0,0
27050007735000;16;10;6;47,3
27060007704000;44;26;18;49,4
27060007705000;12;6;6;38,2
27060007706000;79;41;38;41,9
27060007707000;145;77;68;42,7
27060007728000;5;2;3;13,6
27060007729000;19;9;10;47,1
27060007730000;2;1;1;0,0
27060007734000;5;3;2;39,4
27060007735000;10;7;3;45,7
27070007703000;2;1;1;0,0
27070007704000;11;6;5;62,9
27070007705000;117;63;54;38,8
27070007706000;246;127;119;36,2
27070007707000;27;15;12;44,2
27070007731000;12;5;7;33,3
27070007732000;5;3;2;63,0
27070007733000;10;5;5;46,5
27080007703000;9;3;6;49,4
27080007704000;5;3;2;60,0
27080007705000;29;14;15;46,9
27080007781000;2;2;0;0,0
27080007782000;4;3;1;0,0
27080007783000;4;3;1;0,0
27080007796000;58;30;28;53,3
27080007797000;77;40;37;37,3
27090007722000;3;1;2;0,0
27090007723000;5;2;3;36,6
27090007780000;1;0;1;0,0
27100007728000;7;2;5;39,4
27100007729000;8;4;4;27,9
27100007748000;6;4;2;44,0
27110007747000;38;18;20;41,2
27110007748000;14;9;5;36,1
27110007749000;7;4;3;53,7
27110007758000;1;1;0;0,0
27110007779000;6;4;2;57,2
27110007781000;8;5;3;58,0
27110007782000;2;1;1;0,0
27120007732000;2;1;1;0,0
27120007733000;1;1;0;0,0
27120007734000;5;2;3;39,2
27120007738000;8;4;4;41,9
27120007739000;6;3;3;69,3
27120007746000;19;11;8;50,7
27120007747000;23;14;9;47,7
27120007754000;3;1;2;0,0
27120007755000;6;3;3;74,2
27120007756000;3;2;1;0,0
27120007757000;1;1;0;0,0
27120007779000;2;1;1;0,0
27130007732000;37;16;21;49,1
27130007739000;8;4;4;68,6
27130007740000;11;7;4;45,1
27130007741000;10;7;3;59,2
27130007742000;2;1;1;0,0
27130007743000;1;0;1;0,0
27130007744000;19;8;11;45,3
27130007745000;17;9;8;67,5
27130007746000;8;3;5;37,4
27130007748000;10;5;5;50,6
27130007780000;20;8;12;29,4
27140007719000;30;16;14;43,1
27140007720000;21;11;10;34,7
27140007721000;36;21;15;44,9
27140007731000;222;118;104;42,7
27140007732000;8;3;5;24,5
27140007750000;24;13;11;56,5
27140007752000;25;16;9;53,2
27140007780000;13;5;8;39,1
27140007781000;41;22;19;36,9
27140007782000;36;21;15;42,8
27150007717000;9;4;5;30,1
27150007718000;6;3;3;73,7
27150007719000;37;22;15;34,8
27150007720000;33;18;15;32,7
27150007721000;44;21;23;31,6
27150007722000;102;51;51;37,3
27150007723000;21;9;12;54,2
27150007724000;60;27;33;43,2
27150007725000;30;19;11;53,7
27150007726000;3;1;2;0,0
27150007730000;34;16;18;53,4
27150007731000;57;34;23;41,9
27150007750000;20;10;10;49,8
27150007751000;29;14;15;47,8
27150007752000;4;1;3;0,0
27150007773000;2;1;1;0,0
27150007774000;4;2;2;0,0
27150007781000;14;7;7;38,0
27160007715000;3;1;2;0,0
27160007716000;12;6;6;50,4
27160007720000;10;6;4;29,6
27160007721000;21;12;9;45,7
27160007722000;74;36;38;42,1
27160007723000;58;33;25;40,8
27160007724000;118;57;61;40,3
27160007729000;27;14;13;38,2
27160007730000;16;10;6;36,0
27160007751000;34;18;16;41,9
27160007752000;2;1;1;0,0
27160007773000;1;0;1;0,0
27170007712000;5;3;2;24,8
27170007713000;1;1;0;0,0
27170007714000;6;4;2;41,3
27170007726000;2;1;1;0,0
27170007727000;10;4;6;69,1
27170007728000;27;11;16;44,4
27170007729000;18;9;9;40,3
27170007752000;19;7;12;53,3
27170007787000;2;1;1;0,0
27170007788000;4;1;3;0,0
27170007789000;8;4;4;41,4
27180007711000;1;1;0;0,0
27180007726000;2;1;1;0,0
27180007752000;28;17;11;45,8
27180007760000;6;4;2;68,0
27180007761000;4;2;2;0,0
27180007762000;1;0;1;0,0
27180007786000;10;7;3;54,9
27180007787000;2;1;1;0,0
27180007788000;3;3;0;0,0
27180007789000;7;3;4;35,4
27180007790000;8;4;4;50,3
27180007791000;13;7;6;55,8
27180007792000;8;5;3;62,3
27190007722000;20;12;8;57,0
27190007724000;11;7;4;58,5
27190007725000;4;3;1;0,0
27190007751000;2;1;1;0,0
27190007752000;15;6;9;41,9
27190007765000;2;1;1;0,0
27200007723000;15;8;7;42,3
27200007724000;4;2;2;0,0
27200007750000;25;14;11;27,3
27200007751000;25;14;11;35,8
27200007752000;16;11;5;40,0
27200007753000;5;2;3;75,4
27200007754000;15;4;11;42,1
27200007782000;1;1;0;0,0
27200007784000;3;1;2;0,0
27200007785000;4;2;2;0,0
27210007723000;2;2;0;0,0
27210007748000;1;1;0;0,0
27210007749000;1;1;0;0,0
27210007754000;3;1;2;0,0
27210007755000;19;7;12;33,6
27210007756000;2;1;1;0,0
27210007760000;14;8;6;35,5
27210007783000;1;1;0;0,0
27210007784000;4;2;2;0,0
27220007723000;11;5;6;36,1
27220007756000;12;7;5;59,8
27220007757000;20;14;6;42,2
27220007758000;3;1;2;0,0
27220007759000;12;7;5;50,6
27230007723000;11;4;7;39,4
27230007760000;7;2;5;32,0
27230007768000;1;0;1;0,0
27240007723000;44;23;21;41,5
27240007759000;9;6;3;52,4
27240007760000;24;11;13;35,2
27240007768000;5;2;3;64,8
27250007722000;17;12;5;51,9
27250007723000;14;7;7;39,9
27250007759000;9;7;2;63,7
27250007761000;20;11;9;52,7
27250007769000;8;4;4;52,3
27260007720000;1;0;1;0,0
27260007721000;10;4;6;45,0
27260007760000;2;1;1;0,0
27260007761000;2;1;1;0,0
27260007762000;1;0;1;0,0
27260007768000;4;2;2;0,0
27260007769000;4;2;2;0,0
27260007774000;4;1;3;0,0
27260007780000;586;301;285;37,2
27270007719000;5;3;2;69,2
27270007720000;89;46;43;44,0
27270007721000;13;8;5;33,2
27270007754000;1;0;1;0,0
27270007755000;7;3;4;57,3
27270007768000;22;10;12;40,1
27270007774000;8;4;4;33,1
27270007775000;13;7;6;47,4
27270007778000;90;45;45;22,1
27270007779000;392;195;197;37,5
27270007780000;846;429;417;42,5
27270007781000;416;204;212;41,2
27280007718000;1;0;1;0,0
27280007719000;65;22;43;34,8
27280007720000;79;43;36;33,7
27280007752000;18;7;11;29,8
27280007753000;284;149;135;38,4
27280007754000;1;0;1;0,0
27280007767000;13;7;6;30,6
27280007768000;15;9;6;59,6
27280007770000;2;1;1;0,0
27280007775000;17;8;9;43,4
27280007781000;89;42;47;28,2
27290007677000;5;3;2;42,8
27290007718000;61;32;29;42,4
27290007719000;33;18;15;49,1
27290007752000;476;237;239;39,0
27290007753000;79;42;37;42,3
27290007768000;8;5;3;51,5
27290007775000;3;2;1;0,0
27290007777000;4;2;2;0,0
27300007718000;35;20;15;48,6
27300007751000;53;30;23;38,7
27300007752000;14;8;6;42,7
27300007776000;1;1;0;0,0
27310007716000;5;3;2;51,6
27310007717000;134;69;65;40,8
27310007718000;31;14;17;48,4
27310007751000;173;90;83;42,3
27310007752000;11;6;5;49,5
27310007755000;20;10;10;41,9
27310007758000;3;1;2;0,0
27310007763000;4;2;2;0,0
27320007716000;50;24;26;46,2
27320007717000;7;4;3;73,0
27320007748000;20;10;10;22,0
27320007749000;52;26;26;38,1
27320007750000;77;38;39;46,5
27320007751000;759;344;415;43,1
27320007752000;351;177;174;39,3
27320007753000;29;17;12;44,0
27320007754000;24;12;12;34,7
27320007758000;26;12;14;34,0
27320007759000;26;15;11;35,2
27320007760000;12;7;5;60,1
27320007761000;13;5;8;44,2
27320007762000;3;2;1;0,0
27320007763000;5;4;1;71,2
27330007745000;5;4;1;49,6
27330007746000;14;8;6;45,2
27330007747000;17;10;7;36,1
27330007748000;15;8;7;36,9
27330007749000;59;29;30;33,6
27330007751000;380;185;195;28,6
27330007754000;26;13;13;39,0
27330007763000;4;1;3;0,0
27340007745000;7;3;4;36,7
27340007746000;5;4;1;66,6
27340007749000;31;16;15;41,2
27340007754000;6;4;2;52,8
27340007755000;25;13;12;34,6
27340007763000;15;7;8;30,6
27340007764000;5;3;2;43,0
27340007800000;1;1;0;0,0
27340007801000;4;3;1;0,0
27340007803000;2;1;1;0,0
27350007742000;14;6;8;38,5
27350007749000;54;31;23;38,7
27350007754000;5;2;3;37,2
27350007755000;20;12;8;36,7
27350007758000;3;2;1;0,0
27350007759000;2;1;1;0,0
27350007760000;1;1;0;0,0
27350007764000;11;5;6;25,3
27350007803000;1;1;0;0,0
27350007804000;1;1;0;0,0
27360007748000;1;1;0;0,0
27360007749000;6;4;2;46,2
27360007759000;4;2;2;0,0
27360007760000;8;4;4;45,3
27370007748000;4;3;1;0,0
27370007749000;35;18;17;45,0
27370007757000;1;1;0;0,0
27370007761000;3;2;1;0,0
27370007762000;6;4;2;51,7
27370007763000;14;8;6;46,9
27370007764000;12;5;7;38,7
27370007765000;1;1;0;0,0
27370007766000;3;2;1;0,0
27370007767000;6;4;2;24,7
27370007769000;8;2;6;58,8
27370007770000;9;5;4;54,4
27380007748000;34;20;14;39,5
27380007749000;2;1;1;0,0
27380007759000;2;2;0;0,0
27380007760000;16;9;7;47,9
27380007761000;2;1;1;0,0
27380007762000;26;11;15;43,6
27380007763000;42;18;24;32,6
27380007769000;29;16;13;46,2
27390007747000;18;12;6;43,9
27390007748000;20;9;11;29,3
27390007761000;4;3;1;0,0
27390007762000;9;3;6;43,6
27390007769000;13;9;4;52,2
27400007743000;1;1;0;0,0
27400007744000;4;2;2;0,0
27400007746000;22;9;13;41,7
27400007747000;13;8;5;35,2
27400007767000;4;3;1;0,0
27400007769000;37;19;18;40,4
27410007742000;22;12;10;31,5
27410007743000;35;15;20;43,1
27410007744000;15;6;9;52,8
27410007745000;27;15;12;39,1
27410007746000;23;12;11;35,0
27410007766000;6;2;4;37,5
27410007768000;11;5;6;32,7
27410007769000;10;7;3;44,2
27410007804000;1;1;0;0,0
27410007815000;2;2;0;0,0
27410007816000;2;2;0;0,0
27410007817000;1;1;0;0,0
27410007818000;1;1;0;0,0
27420007731000;1;1;0;0,0
27420007734000;7;3;4;33,3
27420007742000;23;15;8;37,6
27420007766000;7;3;4;22,9
27420007768000;90;46;44;38,9
27430007731000;1;1;0;0,0
27430007733000;1;0;1;0,0
27430007734000;4;3;1;0,0
27430007737000;6;3;3;28,3
27430007740000;4;1;3;0,0
27430007741000;8;4;4;67,4
27430007766000;2;1;1;0,0
27430007767000;8;6;2;69,4
27430007768000;2;1;1;0,0
27440007729000;28;15;13;39,5
27440007730000;3;2;1;0,0
27440007734000;6;4;2;42,3
27440007736000;8;4;4;49,1
27440007737000;2;1;1;0,0
27440007738000;4;2;2;0,0
27440007739000;6;4;2;57,7
27440007740000;9;6;3;42,3
27440007741000;6;4;2;36,7
27440007767000;10;6;4;54,7
27450007728000;5;3;2;34,4
27450007729000;14;5;9;25,9
27450007736000;5;3;2;37,6
27450007763000;12;8;4;49,4
27450007764000;4;3;1;0,0
27450007802000;1;1;0;0,0
27460007727000;11;7;4;45,5
27460007763000;3;2;1;0,0
27460007764000;5;3;2;59,6
27460007765000;15;8;7;55,1
27460007766000;15;8;7;48,3
27460007810000;3;2;1;0,0
27460007811000;3;2;1;0,0
27460007813000;2;1;1;0,0
27470007759000;5;3;2;34,2
27470007764000;7;4;3;37,7
27470007765000;1;1;0;0,0
27470007809000;21;10;11;48,0
27470007810000;4;2;2;0,0
27480007775000;2;1;1;0,0
27480007776000;2;1;1;0,0
27480007808000;19;12;7;53,4
27480007809000;3;2;1;0,0
27490007725000;9;4;5;30,9
27490007775000;2;1;1;0,0
27500007724000;1;1;0;0,0
27500007725000;5;3;2;50,0
27500007790000;12;7;5;56,4
27520007721000;3;1;2;0,0
27520007723000;3;3;0;0,0
27520007804000;6;5;1;68,5
27530007803000;6;5;1;53,5
27530007804000;4;2;2;0,0
27540007779000;31;17;14;41,9
27540007782000;1;0;1;0,0
27550007718000;3;2;1;0,0
27550007766000;1;1;0;0,0
27550007779000;1;1;0;0,0
27550007807000;78;42;36;47,9
27550007808000;58;36;22;27,9
27550007809000;3;2;1;0,0
27570007850000;55;28;27;35,9
27570007851000;58;36;22;48,2
27580007766000;1;1;0;0,0
27580007785000;2;1;1;0,0
27580007850000;16;11;5;34,6
27580007851000;65;35;30;39,0
27590007766000;1;0;1;0,0
27590007785000;11;6;5;62,5
27590007796000;8;6;2;68,1
27590007851000;27;19;8;32,6
27600007764000;5;3;2;29,4
27600007765000;1;0;1;0,0
27600007786000;1;1;0;0,0
27600007787000;8;4;4;56,0
27600007849000;2;1;1;0,0
27610007763000;10;6;4;52,6
27610007764000;2;1;1;0,0
27610007787000;10;4;6;50,4
27620007763000;14;5;9;53,9
27620007787000;2;1;1;0,0
27620007848000;3;1;2;0,0
27630007761000;2;2;0;0,0
27630007762000;17;10;7;46,8
27630007763000;18;8;10;39,8
27630007774000;5;2;3;21,8
27630007847000;1;1;0;0,0
27630007848000;2;1;1;0,0
27640007762000;6;3;3;46,5
27640007763000;2;1;1;0,0
27640007766000;4;2;2;0,0
27640007767000;8;4;4;14,8
27640007768000;17;7;10;43,8
27640007774000;11;7;4;32,4
27640007775000;4;2;2;0,0
27640007788000;1;1;0;0,0
27650007755000;4;4;0;0,0
27650007758000;1;0;1;0,0
27650007761000;6;3;3;38,5
27650007762000;14;8;6;36,2
27650007766000;26;13;13;44,5
27650007788000;6;4;2;41,7
27650007789000;15;9;6;37,3
27650007790000;1;1;0;0,0
27650007835000;28;16;12;48,3
27650007836000;35;19;16;44,2
27650007837000;14;9;5;43,6
27650007838000;2;1;1;0,0
27660007754000;3;2;1;0,0
27660007756000;5;3;2;48,6
27660007760000;10;6;4;28,8
27660007762000;3;2;1;0,0
27660007763000;8;4;4;49,6
27660007766000;17;8;9;41,5
27660007774000;3;1;2;0,0
27660007775000;9;5;4;56,3
27660007783000;2;1;1;0,0
27660007788000;2;1;1;0,0
27660007789000;4;2;2;0,0
27660007807000;12;6;6;65,5
27660007808000;2;2;0;0,0
27660007834000;3;2;1;0,0
27660007835000;230;102;128;40,8
27660007836000;96;48;48;35,7
27670007752000;4;2;2;0,0
27670007761000;18;9;9;51,6
27670007762000;3;1;2;0,0
27670007763000;10;4;6;36,4
27670007766000;31;14;17;46,3
27670007774000;16;9;7;37,2
27670007775000;10;5;5;57,8
27670007776000;16;10;6;49,0
27670007777000;4;2;2;0,0
27670007778000;4;3;1;0,0
27670007779000;4;2;2;0,0
27670007781000;7;4;3;63,3
27670007782000;11;7;4;58,3
27670007808000;3;2;1;0,0
27670007809000;3;2;1;0,0
27670007810000;27;14;13;40,3
27670007811000;61;31;30;39,5
27670007835000;25;13;12;42,0
27670007836000;9;5;4;60,4
27680007752000;3;1;2;0,0
27680007763000;3;1;2;0,0
27680007765000;4;1;3;0,0
27680007766000;15;8;7;43,0
27680007773000;61;32;29;38,9
27680007774000;44;23;21;33,6
27680007775000;2;1;1;0,0
27680007776000;10;6;4;40,1
27680007777000;5;3;2;59,4
27680007778000;11;7;4;46,5
27680007779000;2;1;1;0,0
27680007780000;4;1;3;0,0
27680007781000;7;4;3;37,9
27680007782000;6;4;2;40,2
27680007811000;34;17;17;46,1
27680007812000;6;4;2;55,0
27680007813000;7;5;2;71,4
27680007842000;2;1;1;0,0
27690007763000;5;3;2;21,6
27690007764000;39;20;19;44,6
27690007765000;10;4;6;39,6
27690007773000;51;31;20;29,3
27690007774000;229;118;111;42,6
27690007775000;31;14;17;49,9
27690007784000;19;12;7;40,4
27690007785000;15;8;7;55,9
27690007839000;8;4;4;39,9
27690007847000;230;126;104;42,5
27700007752000;3;1;2;0,0
27700007758000;4;2;2;0,0
27700007764000;13;7;6;32,5
27700007772000;19;9;10;43,3
27700007784000;2;1;1;0,0
27700007785000;11;7;4;38,5
27700007847000;12;7;5;58,8
27700007848000;65;34;31;44,5
27700007849000;5;4;1;59,6
27710007752000;10;4;6;44,0
27710007758000;3;1;2;0,0
27710007771000;9;6;3;34,9
27710007772000;14;8;6;35,1
27710007785000;7;3;4;39,9
27720007751000;13;9;4;57,7
27720007752000;2;1;1;0,0
27720007755000;7;5;2;41,1
27720007757000;24;12;12;45,3
27720007786000;10;5;5;51,9
27720007806000;7;4;3;38,0
27720007807000;6;6;0;59,0
27730007751000;3;2;1;0,0
27730007756000;1;0;1;0,0
27730007757000;2;1;1;0,0
27730007808000;3;1;2;0,0
27730007811000;1;1;0;0,0
27740007752000;4;2;2;0,0
27740007754000;4;2;2;0,0
27740007786000;2;1;1;0,0
27750007750000;2;1;1;0,0
27750007752000;6;2;4;40,7
27750007753000;4;3;1;0,0
27750007786000;7;3;4;29,0
27750007800000;3;2;1;0,0
27760007786000;6;4;2;49,0
27760007787000;18;8;10;37,2
27760007801000;5;3;2;61,6
27760007802000;7;6;1;54,0
27760007803000;1;1;0;0,0
27760007804000;2;1;1;0,0
27760007805000;4;3;1;0,0
27760007808000;5;3;2;58,6
27760007809000;190;92;98;50,1
27760007810000;170;88;82;41,3
27760007811000;138;73;65;36,5
27770007784000;3;2;1;0,0
27770007785000;3;2;1;0,0
27770007787000;2;1;1;0,0
27770007808000;120;67;53;42,1
27780007783000;6;2;4;65,5
27780007784000;17;9;8;27,6
27780007785000;11;5;6;57,3
27780007788000;19;10;9;30,6
27790007782000;6;4;2;24,3
27790007783000;8;6;2;47,8
27790007789000;2;1;1;0,0
27810007791000;6;2;4;71,7
27810007799000;2;1;1;0,0
27820007799000;2;1;1;0,0
27830007789000;4;3;1;0,0
27830007792000;10;7;3;67,2
27840007792000;10;7;3;32,9
27840007795000;2;1;1;0,0
27840007796000;6;5;1;37,8
27840007797000;5;3;2;59,8
27840007798000;2;1;1;0,0
27850007790000;2;1;1;0,0
27850007795000;4;3;1;0,0
27850007796000;7;4;3;44,0
27860007792000;2;1;1;0,0
27870007792000;1;1;0;0,0
27890007794000;1;1;0;0,0
27920007859000;3;2;1;0,0
27930007822000;20;10;10;28,2
27940007794000;2;1;1;0,0
27940007820000;13;7;6;37,3
27940007822000;4;2;2;0,0
27940007860000;1;1;0;0,0
27940007861000;5;4;1;25,4
27940007862000;3;2;1;0,0
27950007795000;1;0;1;0,0
27950007819000;6;4;2;42,2
27950007820000;37;17;20;39,1
27960007795000;1;1;0;0,0
27960007862000;1;1;0;0,0
27970007870000;3;2;1;0,0
27980007796000;2;1;1;0,0
27980007797000;8;4;4;60,0
27980007798000;1;1;0;0,0
27990007797000;12;7;5;24,4
27990007798000;1;1;0;0,0
27990007868000;2;2;0;0,0
28000007788000;1;1;0;0,0
28000007863000;1;1;0;0,0
28010007788000;2;0;2;0,0
28010007789000;27;13;14;41,9
28010007790000;75;39;36;35,2
28010007822000;9;5;4;34,0
28010007823000;1;0;1;0,0
28010007846000;4;1;3;0,0
28010007862000;2;1;1;0,0
28020007767000;1;0;1;0,0
28020007789000;165;81;84;33,0
28020007790000;97;53;44;47,7
28020007794000;6;3;3;66,5
28020007795000;8;3;5;23,6
28020007797000;2;1;1;0,0
28020007798000;13;7;6;33,1
28020007799000;14;8;6;37,7
28020007800000;15;6;9;40,3
28020007818000;2;1;1;0,0
28020007820000;1;1;0;0,0
28020007846000;20;10;10;58,2
28020007847000;6;4;2;59,3
28030007788000;3;3;0;0,0
28030007789000;20;11;9;36,9
28030007792000;2;2;0;0,0
28030007793000;1;1;0;0,0
28030007818000;3;2;1;0,0
28030007864000;3;2;1;0,0
28040007770000;3;2;1;0,0
28040007817000;6;3;3;48,8
28040007866000;1;1;0;0,0
28040007878000;4;3;1;0,0
28050007770000;4;2;2;0,0
28050007771000;8;4;4;30,0
28050007772000;8;3;5;30,1
28050007787000;15;10;5;47,5
28050007817000;5;2;3;37,4
28050007868000;1;1;0;0,0
28060007773000;4;2;2;0,0
28060007774000;10;5;5;49,3
28060007775000;19;11;8;36,7
28060007776000;14;6;8;35,1
28060007777000;8;4;4;20,5
28060007778000;39;14;25;50,1
28060007779000;18;9;9;46,2
28060007789000;6;4;2;26,3
28070007776000;5;2;3;38,2
28070007779000;20;10;10;34,9
28070007780000;5;4;1;51,2
28070007868000;2;1;1;0,0
28070007875000;19;11;8;43,0
28070007876000;3;1;2;0,0
28080007775000;1;1;0;0,0
28080007780000;1;1;0;0,0
28080007781000;23;10;13;42,2
28080007782000;1;1;0;0,0
28080007785000;4;2;2;0,0
28080007786000;1;0;1;0,0
28080007810000;1;0;1;0,0
28080007875000;43;22;21;43,6
28090007778000;75;44;31;41,0
28090007779000;26;14;12;31,9
28090007780000;64;32;32;33,5
28090007782000;24;12;12;32,9
28090007783000;1;0;1;0,0
28090007802000;4;2;2;0,0
28090007809000;4;2;2;0,0
28090007810000;24;16;8;52,0
28090007811000;5;2;3;51,4
28100007778000;10;6;4;39,7
28100007802000;2;1;1;0,0
28100007811000;2;1;1;0,0
28100007848000;8;4;4;57,6
28110007781000;18;9;9;39,2
28110007802000;9;6;3;38,9
28110007846000;11;7;4;34,9
28110007847000;14;8;6;67,4
28120007682000;8;4;4;45,0
28120007780000;104;58;46;38,8
28120007781000;243;120;123;31,5
28120007803000;13;9;4;47,8
28120007806000;6;2;4;22,0
28120007846000;2;1;1;0,0
28120007847000;3;2;1;0,0
28130007682000;5;3;2;53,8
28130007772000;2;1;1;0,0
28130007773000;123;76;47;34,9
28130007774000;36;19;17;30,3
28130007780000;19;9;10;23,0
28130007781000;1727;837;890;33,8
28130007782000;902;454;448;40,5
28130007798000;2;1;1;0,0
28130007812000;1;0;1;0,0
28130007814000;8;4;4;37,0
28130007816000;7;5;2;43,7
28130007817000;1;0;1;0,0
28130007849000;9;7;2;40,2
28140007774000;30;15;15;45,0
28140007775000;43;22;21;46,0
28140007776000;24;13;11;26,4
28140007777000;22;15;7;29,6
28140007778000;72;41;31;35,7
28140007779000;22;10;12;32,8
28140007780000;29;16;13;43,8
28140007781000;638;342;296;28,9
28140007782000;876;431;445;38,4
28140007783000;1108;548;560;38,9
28140007784000;331;167;164;37,7
28140007802000;1;0;1;0,0
28140007803000;1;0;1;0,0
28140007812000;2;1;1;0,0
28140007814000;5;2;3;58,4
28140007815000;4;3;1;0,0
28140007817000;6;5;1;59,0
28140007851000;3;3;0;0,0
28150007664000;1;1;0;0,0
28150007774000;11;6;5;37,5
28150007775000;12;6;6;51,3
28150007776000;82;39;43;30,3
28150007777000;7;3;4;31,7
28150007778000;68;38;30;36,7
28150007779000;95;52;43;32,4
28150007780000;7;4;3;35,9
28150007781000;106;51;55;33,6
28150007782000;79;40;39;36,2
28150007783000;639;319;320;42,5
28150007784000;912;441;471;39,2
28150007785000;115;53;62;37,2
28150007786000;297;162;135;28,8
28150007798000;5;2;3;38,0
28150007802000;1;1;0;0,0
28150007812000;24;12;12;57,5
28150007814000;6;4;2;26,7
28150007815000;16;10;6;46,8
28150007817000;8;6;2;34,4
28150007847000;17;11;6;36,4
28160007667000;45;21;24;40,0
28160007679000;44;25;19;39,5
28160007680000;1;1;0;0,0
28160007772000;6;4;2;37,3
28160007774000;5;3;2;26,2
28160007775000;2;1;1;0,0
28160007776000;30;16;14;34,6
28160007778000;90;47;43;37,2
28160007779000;11;7;4;42,5
28160007780000;27;14;13;35,0
28160007781000;14;5;9;23,3
28160007782000;40;20;20;42,2
28160007783000;26;15;11;41,9
28160007784000;499;270;229;36,7
28160007785000;82;41;41;43,2
28160007786000;110;57;53;33,8
28160007798000;9;3;6;33,6
28160007801000;6;4;2;37,8
28160007812000;7;5;2;65,7
28160007813000;8;4;4;40,5
28160007815000;9;6;3;50,9
28160007816000;12;6;6;47,6
28160007817000;9;5;4;52,4
28160007847000;3;1;2;0,0
28160007849000;2;1;1;0,0
28160007850000;5;2;3;40,8
28160007851000;1;1;0;0,0
28170007668000;30;18;12;31,8
28170007771000;8;3;5;39,6
28170007772000;5;2;3;24,0
28170007773000;19;11;8;37,1
28170007779000;2;1;1;0,0
28170007780000;17;10;7;47,9
28170007781000;24;15;9;50,1
28170007782000;15;9;6;43,3
28170007783000;598;315;283;29,9
28170007784000;794;393;401;34,7
28170007790000;3;2;1;0,0
28170007800000;55;29;26;33,7
28170007801000;54;26;28;41,8
28170007845000;2;2;0;0,0
28170007850000;8;4;4;52,5
28170007852000;4;2;2;0,0
28180007772000;12;8;4;42,9
28180007779000;2;1;1;0,0
28180007782000;40;22;18;39,5
28180007783000;73;36;37;36,0
28180007784000;423;200;223;40,8
28180007785000;14;10;4;39,4
28180007790000;4;3;1;0,0
28180007800000;12;8;4;50,0
28180007801000;8;4;4;60,9
28180007822000;3;2;1;0,0
28180007823000;3;1;2;0,0
28180007824000;3;2;1;0,0
28180007855000;14;8;6;46,2
28180007856000;5;2;3;15,2
28180007863000;294;141;153;43,9
28180007864000;45;25;20;41,5
28190007675000;5;3;2;18,4
28190007676000;20;8;12;31,1
28190007677000;6;1;5;42,3
28190007782000;428;209;219;29,5
28190007783000;1767;896;871;33,5
28190007784000;510;264;246;36,7
28190007790000;17;8;9;35,9
28190007791000;34;16;18;37,4
28190007800000;6;3;3;40,2
28190007824000;14;9;5;52,3
28190007856000;53;27;26;35,9
28190007857000;23;11;12;46,4
28190007858000;23;13;10;33,8
28190007859000;78;44;34;43,2
28190007860000;652;354;298;39,8
28190007861000;34;19;15;38,6
28190007862000;677;353;324;45,5
28190007863000;883;454;429;39,1
28190007864000;845;421;424;35,3
28190007865000;577;280;297;34,4
28200007674000;114;62;52;41,5
28200007675000;176;96;80;40,3
28200007676000;246;119;127;36,4
28200007677000;363;175;188;34,5
28200007678000;63;31;32;42,1
28200007780000;17;11;6;40,4
28200007781000;38;19;19;44,9
28200007782000;72;37;35;33,5
28200007783000;763;392;371;30,0
28200007784000;51;26;25;29,4
28200007791000;4;2;2;0,0
28200007819000;8;5;3;57,4
28200007820000;4;2;2;0,0
28200007821000;1;1;0;0,0
28200007824000;3;2;1;0,0
28200007830000;2;1;1;0,0
28200007831000;7;2;5;63,0
28200007859000;738;372;366;34,6
28200007860000;328;169;159;36,8
28200007861000;318;163;155;32,6
28200007862000;1531;775;756;38,3
28200007863000;840;420;420;39,3
28200007864000;140;75;65;30,8
28200007865000;532;270;262;31,4
28200007866000;51;19;32;32,0
28210007673000;3;2;1;0,0
28210007674000;41;26;15;35,7
28210007675000;252;110;142;33,0
28210007676000;15;6;9;44,0
28210007677000;163;88;75;38,5
28210007678000;315;159;156;38,9
28210007679000;116;57;59;33,7
28210007780000;62;31;31;34,0
28210007781000;34;19;15;33,1
28210007782000;54;28;26;28,2
28210007783000;395;199;196;26,1
28210007784000;245;130;115;32,1
28210007785000;11;5;6;55,1
28210007791000;36;21;15;38,9
28210007832000;2;1;1;0,0
28210007833000;6;3;3;46,7
28210007862000;514;250;264;37,2
28210007863000;239;118;121;36,1
28220007671000;7;2;5;20,7
28220007672000;56;35;21;37,0
28220007673000;7;3;4;29,9
28220007679000;8;6;2;42,3
28220007680000;62;32;30;40,7
28220007681000;9;6;3;45,6
28220007770000;8;4;4;48,5
28220007780000;47;23;24;41,0
28220007785000;55;27;28;35,6
28220007786000;9;5;4;44,8
28220007791000;7;3;4;22,9
28220007821000;3;1;2;0,0
28220007833000;1;0;1;0,0
28220007834000;8;4;4;39,1
28220007901000;16;11;5;38,0
28230007670000;2;2;0;0,0
28230007671000;1;1;0;0,0
28230007778000;3;2;1;0,0
28230007779000;73;34;39;35,7
28230007780000;53;30;23;32,6
28230007781000;8;5;3;44,1
28230007785000;11;7;4;36,8
28230007786000;94;49;45;30,9
28230007787000;9;3;6;50,7
28230007788000;11;6;5;42,9
28230007789000;9;5;4;35,4
28230007791000;66;39;27;35,6
28230007835000;5;2;3;50,4
28230007836000;1;1;0;0,0
28230007849000;3;2;1;0,0
28230007850000;15;9;6;33,9
28230007869000;237;134;103;33,2
28230007870000;7;3;4;56,3
28230007901000;8;4;4;55,8
28240007769000;3;1;2;0,0
28240007770000;2;1;1;0,0
28240007773000;1;1;0;0,0
28240007779000;129;67;62;34,7
28240007780000;112;59;53;39,5
28240007781000;9;5;4;23,0
28240007790000;127;65;62;33,3
28240007791000;279;137;142;31,6
28240007792000;1;1;0;0,0
28240007869000;4;2;2;0,0
28240007870000;2;2;0;0,0
28250007767000;18;11;7;24,1
28250007768000;10;6;4;31,1
28250007779000;146;70;76;25,0
28250007780000;16;10;6;41,3
28250007790000;21;9;12;52,0
28250007901000;1;1;0;0,0
28260007661000;2;1;1;0,0
28260007662000;2;0;2;0,0
28260007684000;4;3;1;0,0
28260007766000;3;1;2;0,0
28260007767000;11;5;6;42,9
28260007840000;16;9;7;33,6
28260007841000;6;3;3;40,5
28260007900000;8;3;5;46,9
28260007909000;1;1;0;0,0
28260007910000;5;4;1;55,0
28260007911000;24;17;7;47,6
28270007676000;7;2;5;31,0
28270007678000;10;3;7;30,9
28270007679000;5;3;2;50,0
28270007687000;16;7;9;44,9
28270007688000;23;14;9;38,0
28270007689000;25;12;13;47,0
28270007838000;37;19;18;38,8
28270007839000;19;11;8;45,7
28270007840000;8;3;5;22,5
28270007841000;2;1;1;0,0
28270007842000;9;4;5;28,4
28270007910000;1;1;0;0,0
28280007677000;5;4;1;38,8
28280007678000;26;15;11;36,6
28280007679000;25;16;9;37,2
28280007690000;12;6;6;42,5
28280007846000;7;4;3;51,0
28280007898000;1;1;0;0,0
28280007901000;1;1;0;0,0
28280007907000;1;1;0;0,0
28290007691000;3;1;2;0,0
28290007747000;4;2;2;0,0
28290007901000;7;4;3;50,9
28290007902000;4;3;1;0,0
28290007910000;2;1;1;0,0
28300007902000;18;10;8;49,9
28310007743000;2;0;2;0,0
28320007693000;35;23;12;34,9
28320007737000;2;1;1;0,0
28320007845000;3;1;2;0,0
28320007848000;50;25;25;47,4
28320007902000;1;1;0;0,0
28330007694000;3;3;0;0,0
28330007695000;1;0;1;0,0
28330007845000;14;6;8;45,9
28330007846000;244;126;118;43,9
28330007847000;25;14;11;52,0
28330007848000;29;15;14;39,4
28330007849000;19;12;7;38,1
28330007850000;8;4;4;52,0
28330007851000;2;1;1;0,0
28340007649000;16;9;7;57,1
28340007696000;52;34;18;36,6
28340007847000;33;17;16;62,3
28350007697000;66;28;38;34,8
28350007847000;46;22;24;44,5
28360007697000;19;10;9;32,8
28360007770000;1;1;0;0,0
28360007846000;6;4;2;41,5
28360007847000;24;9;15;47,8
28370007725000;83;46;37;37,0
28370007726000;12;7;5;53,7
28370007846000;17;12;5;44,0
28370007850000;5;3;2;71,0
28370007851000;13;7;6;68,9
28370007854000;3;2;1;0,0
28380007698000;7;5;2;46,3
28380007727000;17;11;6;58,0
28380007728000;68;37;31;36,3
28380007846000;8;4;4;54,3
28380007850000;13;7;6;54,1
28380007851000;10;6;4;43,2
28380007854000;1;1;0;0,0
28380007855000;3;2;1;0,0
28390007728000;56;32;24;41,5
28390007729000;23;12;11;34,4
28390007730000;7;4;3;33,0
28390007846000;3;2;1;0,0
28400007732000;2;1;1;0,0
28400007850000;2;1;1;0,0
28410007845000;6;4;2;57,5
28420007845000;18;14;4;57,8
28420007868000;2;2;0;0,0
28430007702000;1;1;0;0,0
28430007763000;1;0;1;0,0
28430007848000;1;0;1;0,0
28430007868000;5;4;1;58,0
28440007650000;4;1;3;0,0
28440007844000;9;4;5;25,7
28440007845000;2;1;1;0,0
28450007702000;14;7;7;48,0
28450007846000;4;2;2;0,0
28460007702000;5;3;2;66,0
28460007703000;27;17;10;39,9
28460007842000;20;11;9;36,3
28460007843000;5;3;2;25,4
28460007844000;14;9;5;54,7
28460007868000;1;1;0;0,0
28470007707000;1;1;0;0,0
28470007713000;8;7;1;39,9
28470007714000;2;1;1;0,0
28470007842000;3;1;2;0,0
28470007843000;1;0;1;0,0
28480007876000;3;2;1;0,0
28480007904000;38;22;16;55,6
28490007876000;4;2;2;0,0
28490007877000;4;2;2;0,0
28490007882000;2;1;1;0,0
28490007904000;211;103;108;42,6
28490007905000;557;285;272;41,2
28500007881000;12;6;6;67,8
28500007882000;3;2;1;0,0
28500007904000;96;44;52;41,6
28500007905000;129;67;62;44,4
28510007653000;1;1;0;0,0
28510007834000;1;1;0;0,0
28510007880000;3;2;1;0,0
28510007881000;9;5;4;70,3
28510007883000;3;1;2;0,0
28510007905000;1;0;1;0,0
28520007717000;9;3;6;28,3
28520007718000;2;2;0;0,0
28520007842000;16;9;7;43,8
28520007882000;10;7;3;50,4
28530007718000;4;3;1;0,0
28530007841000;5;4;1;24,8
28530007842000;6;3;3;42,0
28530007863000;1;1;0;0,0
28530007871000;6;3;3;68,0
28540007760000;1;1;0;0,0
28540007841000;17;10;7;38,2
28540007842000;6;3;3;30,2
28540007862000;24;11;13;38,4
28540007871000;6;3;3;75,2
28550007723000;1;1;0;0,0
28550007861000;4;2;2;0,0
28550007862000;31;16;15;52,7
28560007862000;54;27;27;45,4
28570007863000;9;4;5;55,3
28570007864000;2;2;0;0,0
28570007865000;4;2;2;0,0
28580007734000;1;1;0;0,0
28580007863000;1;0;1;0,0
28600007722000;4;3;1;0,0
28600007723000;19;11;8;57,0
28600007908000;1;1;0;0,0
28610007908000;35;18;17;52,3
28620007908000;9;6;3;39,1
28650007741000;7;4;3;31,9
28680007823000;2;1;1;0,0
28690007723000;3;3;0;0,0
28690007724000;1;0;1;0,0
28720007815000;7;5;2;43,0
28720007851000;2;1;1;0,0
28720007852000;3;2;1;0,0
28720007853000;2;0;2;0,0
28730007815000;11;6;5;53,2
28730007816000;7;2;5;61,6
28730007817000;4;0;4;0,0
28730007818000;1;1;0;0,0
28730007819000;9;6;3;55,3
28730007820000;8;5;3;57,9
28730007821000;28;11;17;35,6
28730007822000;2;2;0;0,0
28730007849000;14;8;6;47,1
28730007850000;31;16;15;53,9
28730007851000;6;5;1;64,3
28730007852000;6;4;2;48,0
28730007853000;4;3;1;0,0
28730007854000;11;5;6;50,8
28730007855000;19;10;9;56,1
28730007856000;3;1;2;0,0
28730007920000;130;75;55;43,9
28740007849000;14;8;6;68,1
28740007850000;7;3;4;58,0
28740007855000;11;7;4;44,8
28740007856000;1;0;1;0,0
28740007920000;16;7;9;47,4
28750007804000;1;1;0;0,0
28750007807000;1;0;1;0,0
28750007824000;8;4;4;31,8
28750007831000;15;8;7;36,9
28750007832000;10;5;5;54,3
28750007835000;1;1;0;0,0
28750007836000;12;8;4;42,7
28750007837000;7;4;3;65,4
28750007849000;6;3;3;54,3
28760007799000;24;11;13;22,6
28760007800000;8;6;2;32,0
28760007801000;5;3;2;39,4
28760007802000;160;89;71;41,9
28760007803000;270;129;141;35,9
28760007804000;8;6;2;34,4
28760007825000;3;2;1;0,0
28760007826000;10;5;5;40,1
28760007827000;11;7;4;50,9
28760007828000;3;1;2;0,0
28760007831000;53;32;21;48,4
28760007832000;36;16;20;53,4
28760007833000;14;8;6;36,4
28760007835000;2;1;1;0,0
28760007838000;2;1;1;0,0
28760007839000;1;1;0;0,0
28760007850000;3;1;2;0,0
28770007728000;11;5;6;33,4
28770007729000;12;8;4;50,9
28770007795000;9;5;4;35,0
28770007797000;13;9;4;48,8
28770007798000;2;0;2;0,0
28770007799000;22;12;10;34,0
28770007800000;36;17;19;34,6
28770007801000;305;151;154;37,3
28770007802000;444;203;241;43,0
28770007803000;231;118;113;31,6
28770007827000;14;6;8;33,4
28770007828000;7;3;4;27,9
28770007829000;5;3;2;60,0
28770007830000;7;3;4;51,9
28770007831000;6;4;2;50,2
28770007832000;10;3;7;53,5
28780007793000;3;2;1;0,0
28780007794000;9;6;3;42,8
28780007795000;19;13;6;53,5
28780007797000;3;1;2;0,0
28780007798000;6;3;3;29,5
28780007799000;8;3;5;23,8
28780007800000;75;37;38;35,9
28780007801000;485;244;241;41,2
28780007802000;334;158;176;38,4
28780007803000;7;3;4;29,0
28780007827000;1;1;0;0,0
28780007829000;23;12;11;40,9
28780007830000;6;4;2;41,2
28780007832000;1;1;0;0,0
28780007862000;4;2;2;0,0
28790007793000;5;2;3;42,2
28790007794000;3;2;1;0,0
28790007800000;7;4;3;31,3
28790007802000;61;32;29;40,5
28790007803000;1;0;1;0,0
28790007807000;13;8;5;33,6
28790007829000;1;1;0;0,0
28790007830000;3;1;2;0,0
28790007833000;4;2;2;0,0
28790007842000;1;1;0;0,0
28790007843000;1;1;0;0,0
28790007845000;2;1;1;0,0
28790007846000;3;1;2;0,0
28790007847000;4;3;1;0,0
28790007848000;7;3;4;34,7
28790007851000;2;1;1;0,0
28800007802000;68;34;34;35,2
28800007803000;77;40;37;38,9
28800007804000;39;15;24;37,5
28800007805000;8;4;4;28,5
28800007806000;33;17;16;46,1
28800007807000;1;1;0;0,0
28800007831000;4;2;2;0,0
28800007847000;2;1;1;0,0
28800007848000;12;6;6;52,2
28800007849000;3;2;1;0,0
28810007786000;10;6;4;32,2
28810007801000;7;3;4;52,3
28810007802000;19;13;6;43,9
28810007803000;34;21;13;46,5
28810007806000;8;4;4;38,3
28810007807000;3;2;1;0,0
28820007802000;34;17;17;36,7
28820007803000;14;8;6;41,1
28830007801000;9;5;4;54,3
28830007802000;2;1;1;0,0
28830007803000;23;12;11;35,4
28830007804000;62;35;27;38,3
28830007805000;4;3;1;0,0
28840007804000;12;6;6;19,5
28850007778000;3;1;2;0,0
28850007779000;4;2;2;0,0
28850007805000;19;9;10;44,2
28860007772000;4;2;2;0,0
28860007779000;28;14;14;51,8
28860007780000;7;2;5;65,9
28860007807000;5;2;3;57,8
28860007907000;2;1;1;0,0
28870007744000;1;0;1;0,0
28870007779000;8;4;4;32,6
28880007777000;2;1;1;0,0
28880007779000;3;2;1;0,0
28880007794000;1;1;0;0,0
28880007883000;3;2;1;0,0
28880007884000;3;1;2;0,0
28880007924000;3;2;1;0,0
28890007909000;2;1;1;0,0
28890007924000;70;41;29;44,7
28890007925000;4;3;1;0,0
28900007882000;3;1;2;0,0
28900007883000;7;4;3;60,9
28900007909000;12;8;4;43,3
28910007772000;2;1;1;0,0
28910007834000;4;2;2;0,0
28910007841000;2;1;1;0,0
28910007842000;6;5;1;59,7
28910007843000;2;1;1;0,0
28910007883000;6;2;4;35,5
28910007897000;2;2;0;0,0
28910007900000;1;1;0;0,0
28920007772000;2;1;1;0,0
28920007900000;2;1;1;0,0
28930007830000;2;1;1;0,0
28930007835000;20;5;15;67,7
28930007836000;3;2;1;0,0
28930007844000;4;3;1;0,0
28930007845000;4;2;2;0,0
28930007914000;1;1;0;0,0
28930007917000;20;10;10;47,5
28930007918000;68;39;29;39,6
28940007831000;4;2;2;0,0
28940007832000;8;5;3;51,0
28940007833000;1;1;0;0,0
28940007834000;8;6;2;52,6
28940007835000;19;13;6;53,9
28940007836000;23;14;9;48,3
28950007834000;5;2;3;34,4
28950007835000;34;16;18;51,2
28950007836000;24;11;13;41,5
28950007837000;15;7;8;43,3
28960007724000;2;2;0;0,0
28960007730000;6;5;1;58,7
28960007731000;10;5;5;45,6
28960007732000;2;1;1;0,0
28960007835000;4;2;2;0,0
28960007836000;19;12;7;44,7
28960007837000;20;13;7;47,9
28960007910000;34;19;15;38,6
28960007911000;61;33;28;43,7
28960007912000;281;150;131;40,4
28960007913000;347;182;165;42,1
28960007914000;3;2;1;0,0
28970007731000;4;2;2;0,0
28970007758000;1;1;0;0,0
28970007838000;3;2;1;0,0
28970007857000;10;8;2;56,0
28970007910000;723;368;355;41,8
28970007911000;760;376;384;42,0
28970007912000;224;120;104;34,4
28980007857000;4;2;2;0,0
28980007858000;4;3;1;0,0
28980007859000;4;3;1;0,0
28980007910000;12;6;6;31,5
28990007737000;2;1;1;0,0
28990007911000;243;133;110;36,0
28990007912000;179;94;85;36,6
29000007862000;7;6;1;61,6
29010007736000;1;1;0;0,0
29010007737000;5;2;3;28,0
29010007753000;3;1;2;0,0
29020007737000;28;15;13;38,0
29030007737000;2;1;1;0,0
29030007738000;13;8;5;36,5
29030007751000;3;2;1;0,0
29030007867000;1;1;0;0,0
29040007737000;3;2;1;0,0
29040007738000;14;8;6;33,4
29040007869000;1;1;0;0,0
29050007738000;38;23;15;34,3
29050007739000;23;13;10;41,6
29050007870000;2;1;1;0,0
29060007738000;79;38;41;38,8
29060007739000;31;18;13;38,4
29060007740000;3;2;1;0,0
29060007741000;6;4;2;34,2
29070007739000;29;17;12;38,4
29070007740000;103;57;46;41,7
29080007739000;5;3;2;28,4
29080007740000;41;25;16;41,1
29080007741000;57;29;28;34,1
29080007742000;51;21;30;27,7
29090007740000;375;180;195;30,5
29090007741000;304;150;154;40,4
29090007742000;536;285;251;39,3
29090007743000;89;53;36;36,8
29100007740000;91;49;42;38,1
29100007741000;151;70;81;42,0
29100007742000;354;186;168;43,6
29100007743000;8;6;2;38,9
29110007741000;24;11;13;30,3
29110007742000;9;5;4;24,9
29120007740000;6;3;3;38,5
29120007741000;9;4;5;33,3
29130007740000;13;5;8;40,4
29130007741000;4;3;1;0,0
29140007740000;3;1;2;0,0
29170007739000;4;2;2;0,0
29170007740000;8;3;5;33,0
29180007739000;7;3;4;31,1
29180007740000;3;2;1;0,0
29190007739000;14;6;8;27,8
29190007740000;4;1;3;0,0
29200007719000;1;1;0;0,0
29200007739000;8;4;4;33,4
29200007740000;5;3;2;56,2
29200007753000;1;0;1;0,0
29200007769000;2;2;0;0,0
29210007713000;2;1;1;0,0
29210007714000;3;1;2;0,0
29210007718000;4;2;2;0,0
29210007724000;1;1;0;0,0
29210007737000;3;2;1;0,0
29210007738000;10;4;6;37,2
29210007739000;5;2;3;63,8
29210007741000;3;2;1;0,0
29210007747000;1;1;0;0,0
29210007768000;1;0;1;0,0
29210007769000;11;6;5;55,3
29220007736000;21;18;3;48,0
29220007737000;19;11;8;42,0
29220007746000;7;2;5;31,1
29220007750000;2;1;1;0,0
29220007751000;2;1;1;0,0
29230007736000;11;6;5;38,2
29230007756000;4;2;2;0,0
29230007764000;3;1;2;0,0
29240007880000;9;7;2;62,4
29250007880000;9;4;5;54,1
29260007878000;4;2;2;0,0
29260007879000;2;2;0;0,0
29260007880000;3;1;2;0,0
29260007881000;5;3;2;28,0
29270007879000;3;2;1;0,0
29280007776000;2;1;1;0,0
29280007777000;4;3;1;0,0
29290007778000;2;1;1;0,0
29290007844000;6;4;2;57,8
29290007845000;26;12;14;47,2
29290007846000;2;1;1;0,0
29290007859000;1;1;0;0,0
29300007844000;5;3;2;29,8
29300007845000;11;4;7;46,7
29310007785000;2;1;1;0,0
29340007854000;1;1;0;0,0
29350007795000;1;0;1;0,0
29350007853000;1;1;0;0,0
29360007798000;1;1;0;0,0
29360007799000;1;1;0;0,0
29380007861000;1;1;0;0,0
29410007862000;4;2;2;0,0
29420007860000;7;4;3;57,1
29420007861000;3;1;2;0,0
29420007873000;40;18;22;47,1
29420007874000;14;7;7;48,6
29430007860000;1;1;0;0,0
29430007867000;2;2;0;0,0
29430007871000;2;1;1;0,0
29430007872000;1;0;1;0,0
29430007873000;30;18;12;41,6
29430007874000;3;1;2;0,0
29430007910000;14;11;3;52,4
29430007911000;18;10;8;49,9
29440007860000;2;2;0;0,0
29440007868000;2;1;1;0,0
29440007871000;7;3;4;23,3
29440007878000;1;0;1;0,0
29440007911000;27;12;15;28,7
29440007916000;25;11;14;26,2
29450007866000;4;3;1;0,0
29450007916000;40;19;21;28,7
29460007864000;4;2;2;0,0
29460007911000;1;1;0;0,0
29460007916000;186;100;86;37,5
29460007917000;195;107;88;42,9
29470007865000;2;1;1;0,0
29470007916000;156;85;71;41,8
29470007917000;410;216;194;42,1
29480007864000;1;0;1;0,0
29490007861000;4;2;2;0,0
29490007913000;1;1;0;0,0
29490007914000;10;4;6;36,2
29490007916000;2;1;1;0,0
29500007862000;2;1;1;0,0
29500007910000;1;0;1;0,0
29510007876000;29;16;13;32,0
29510007877000;1;1;0;0,0
29510007895000;2;1;1;0,0
29520007877000;8;5;3;35,0
29590007801000;1;1;0;0,0
29610007804000;2;2;0;0,0
29620007929000;12;7;5;54,6
29620007930000;204;107;97;40,4
29620007931000;215;111;104;43,1
29630007882000;1;1;0;0,0
29630007930000;181;89;92;42,7
29630007931000;100;42;58;40,2
29640007883000;2;1;1;0,0
29650007806000;1;1;0;0,0
29650007807000;10;5;5;65,6
29650007884000;2;1;1;0,0
29670007808000;5;3;2;54,8
29670007812000;7;5;2;39,3
29680007812000;2;1;1;0,0
29680007905000;1;1;0;0,0
29690007813000;3;2;1;0,0
29690007814000;8;5;3;68,3
29690007815000;10;5;5;51,5
29690007816000;24;10;14;29,0
29690007905000;1;1;0;0,0
29690007933000;2;1;1;0,0
29700007815000;14;9;5;53,3
29700007816000;41;16;25;40,3
29710007890000;16;11;5;50,4
29710007905000;2;1;1;0,0
29720007890000;12;5;7;30,2
29720007906000;1;1;0;0,0
29720007907000;8;3;5;53,8
29730007907000;5;2;3;49,8
29740007818000;4;2;2;0,0
29740007819000;2;1;1;0,0
29740007821000;8;4;4;37,4
29740007822000;2;2;0;0,0
29740007846000;1;1;0;0,0
29750007865000;3;0;3;0,0
29750007937000;3;2;1;0,0
29760007865000;1;0;1;0,0
29760007906000;1;1;0;0,0
29760007907000;5;4;1;36,2
29760007936000;135;80;55;50,4
29760007937000;4;2;2;0,0
29770007824000;2;2;0;0,0
29770007864000;3;2;1;0,0
29770007865000;9;7;2;50,1
29770007866000;1;0;1;0,0
29770007867000;1;1;0;0,0
29770007906000;48;27;21;34,4
29770007907000;21;8;13;37,2
29780007863000;5;4;1;62,2
29780007864000;1;1;0;0,0
29780007897000;6;3;3;73,8
29780007898000;2;1;1;0,0
29780007906000;9;5;4;47,0
29790007870000;3;2;1;0,0
29800007824000;1;1;0;0,0
29800007870000;2;1;1;0,0
29800007871000;4;2;2;0,0
29810007824000;9;3;6;44,8
29810007870000;13;5;8;48,2
29810007871000;2;1;1;0,0
29820007824000;2;1;1;0,0
29820007871000;1;1;0;0,0
29830007867000;1;1;0;0,0
29840007826000;37;20;17;50,7
29840007865000;5;3;2;58,4
29840007866000;2;1;1;0,0
29840007867000;17;8;9;56,5
29840007869000;1;1;0;0,0
29850007826000;24;14;10;42,0
29850007866000;3;2;1;0,0
29860007827000;10;6;4;44,2
29860007865000;3;2;1;0,0
29870007827000;5;2;3;55,0
29870007828000;7;3;4;43,0
29880007828000;23;11;12;38,9
29880007849000;6;2;4;34,8
29880007850000;4;2;2;0,0
29880007864000;2;1;1;0,0
29890007827000;2;1;1;0,0
29890007828000;5;3;2;64,4
29890007850000;14;7;7;38,9
29890007851000;2;1;1;0,0
29890007863000;13;4;9;54,7
29890007864000;3;0;3;0,0
29900007827000;15;9;6;36,7
29900007850000;16;8;8;37,4
29900007851000;5;4;1;51,6
29900007858000;9;7;2;31,3
29900007859000;11;7;4;41,2
29900007860000;7;4;3;55,4
29900007861000;40;20;20;33,5
29900007862000;21;11;10;49,1
29900007863000;33;16;17;42,2
29900007864000;74;40;34;40,3
29900007865000;14;10;4;49,4
29900007866000;1;1;0;0,0
29910007826000;29;12;17;40,2
29910007827000;5;3;2;69,4
29910007845000;5;2;3;31,2
29910007848000;7;4;3;44,7
29910007849000;12;5;7;34,0
29910007850000;10;6;4;67,2
29910007851000;9;6;3;52,9
29910007852000;18;9;9;23,7
29910007854000;4;2;2;0,0
29910007855000;13;7;6;45,6
29910007856000;25;13;12;37,5
29910007857000;25;8;17;42,1
29910007858000;20;10;10;36,2
29910007863000;2;1;1;0,0
29910007866000;11;6;5;49,4
29910007867000;44;21;23;35,4
29910007868000;39;22;17;39,3
29910007869000;11;5;6;55,9
29920007821000;4;2;2;0,0
29920007825000;8;4;4;24,3
29920007826000;19;8;11;58,2
29920007827000;2;1;1;0,0
29920007845000;2;0;2;0,0
29920007846000;11;7;4;38,9
29920007847000;4;2;2;0,0
29920007851000;2;1;1;0,0
29920007852000;8;5;3;45,0
29920007853000;3;2;1;0,0
29920007854000;4;2;2;0,0
29920007855000;4;1;3;0,0
29920007859000;2;1;1;0,0
29920007860000;10;6;4;54,7
29920007861000;5;3;2;37,6
29920007863000;1;1;0;0,0
29920007864000;8;6;2;34,1
29920007865000;13;6;7;37,1
29920007870000;1;0;1;0,0
29920007871000;3;1;2;0,0
29920007872000;2;1;1;0,0
29930007826000;7;5;2;53,9
29930007827000;10;3;7;44,2
29930007828000;9;7;2;66,6
29930007843000;4;3;1;0,0
29930007844000;5;3;2;22,2
29930007845000;51;25;26;44,3
29930007848000;5;3;2;24,8
29930007855000;11;6;5;27,0
29930007856000;6;4;2;50,5
29930007857000;6;3;3;28,3
29930007859000;2;2;0;0,0
29930007875000;1;1;0;0,0
29940007826000;2;1;1;0,0
29940007827000;9;6;3;48,8
29940007828000;25;15;10;37,5
29940007829000;20;9;11;37,4
29940007830000;30;16;14;45,4
29940007831000;7;4;3;42,3
29940007841000;256;122;134;42,5
29940007842000;150;78;72;35,9
29940007843000;31;13;18;37,3
29940007844000;12;5;7;58,4
29940007845000;112;60;52;38,2
29940007846000;47;23;24;37,5
29940007847000;18;9;9;49,0
29940007871000;12;5;7;34,4
29940007872000;15;8;7;41,5
29950007829000;17;9;8;55,2
29950007831000;11;7;4;39,1
29950007832000;11;6;5;35,1
29950007833000;25;14;11;37,5
29950007834000;5;1;4;61,8
29950007835000;3;1;2;0,0
29950007838000;2;0;2;0,0
29950007839000;4;1;3;0,0
29950007840000;20;10;10;34,0
29950007841000;232;116;116;36,1
29950007842000;3;2;1;0,0
29950007843000;13;7;6;36,9
29950007845000;4;1;3;0,0
29950007846000;33;17;16;31,2
29950007847000;11;5;6;26,4
29950007872000;3;1;2;0,0
29950007873000;8;7;1;49,5
29960007830000;2;1;1;0,0
29960007832000;13;7;6;27,2
29960007833000;13;7;6;33,6
29960007836000;10;5;5;44,4
29960007837000;1;1;0;0,0
29960007838000;30;16;14;37,2
29960007839000;23;12;11;47,4
29960007840000;31;15;16;41,7
29960007846000;9;5;4;31,1
29960007849000;3;2;1;0,0
29960007874000;6;4;2;47,7
29960007875000;3;1;2;0,0
29970007835000;6;3;3;46,2
29970007836000;1;1;0;0,0
29970007837000;8;4;4;43,9
29970007838000;126;66;60;44,6
29970007839000;33;17;16;39,9
29970007849000;7;3;4;39,4
29970007878000;3;3;0;0,0
29980007849000;10;2;8;31,5
29980007872000;5;2;3;61,4
29980007874000;1;1;0;0,0
29990007871000;6;2;4;45,0
29990007874000;1;1;0;0,0
30000007869000;8;4;4;42,3
30000007870000;16;8;8;45,2
30000007871000;14;7;7;42,4
30000007873000;1;1;0;0,0
30010007869000;9;7;2;53,8
30010007870000;27;16;11;32,6
30010007871000;54;29;25;36,9
30010007872000;6;4;2;65,3
30020007869000;23;12;11;42,9
30030007869000;3;2;1;0,0
30030007870000;21;11;10;30,8
30040007870000;24;14;10;37,1
30050007871000;11;8;3;39,6
30070007841000;2;1;1;0,0
30080007827000;1;1;0;0,0
30080007837000;2;1;1;0,0
30080007841000;3;3;0;0,0
30090007837000;11;5;6;58,0
30090007838000;4;2;2;0,0
30090007839000;15;8;7;47,1
30090007841000;16;10;6;36,1
30090007842000;110;53;57;34,4
30090007843000;2;1;1;0,0
30100007836000;11;6;5;43,8
30100007840000;19;12;7;56,1
30100007841000;114;54;60;37,2
30100007842000;4;2;2;0,0
30100007843000;10;6;4;42,7
30110007835000;3;1;2;0,0
30110007836000;60;33;27;41,9
30110007837000;1;0;1;0,0
30110007843000;42;17;25;55,0
30110007920000;120;64;56;41,8
30110007921000;618;321;297;44,1
30110007922000;213;108;105;43,3
30120007835000;17;10;7;50,7
30120007837000;2;1;1;0,0
30120007843000;17;11;6;39,0
30120007921000;2;2;0;0,0
30130007843000;13;7;6;39,8
30140007834000;2;2;0;0,0
30140007843000;3;1;2;0,0
30150007834000;4;2;2;0,0
30150007843000;18;9;9;33,9
30150007844000;7;3;4;20,4
30160007843000;9;5;4;71,7
30160007844000;3;1;2;0,0
30170007834000;2;1;1;0,0
30170007843000;36;19;17;43,2
30170007844000;2;1;1;0,0
30180007833000;2;1;1;0,0
30180007834000;8;4;4;69,1
30180007843000;10;7;3;47,2
30190007833000;1;0;1;0,0
30190007842000;5;3;2;71,0
30190007843000;24;11;13;39,0
30200007833000;3;2;1;0,0
30200007842000;24;12;12;45,7
30200007843000;11;4;7;57,1
30210007833000;4;2;2;0,0
30210007841000;11;5;6;46,5
30210007842000;127;64;63;42,3
30220007833000;11;7;4;47,9
30220007842000;27;16;11;42,6
30230007833000;6;3;3;44,7
30230007842000;23;15;8;49,4
30230007908000;53;28;25;47,2
30240007842000;5;3;2;34,6
30240007909000;8;4;4;53,3
30250007833000;1;1;0;0,0
30250007843000;1;1;0;0,0
30260007841000;7;3;4;37,6
30270007841000;11;5;6;65,6
30300007833000;3;2;1;0,0
30300007842000;6;3;3;46,7
30360007842000;1;1;0;0,0
30370007842000;3;2;1;0,0
30380007830000;1;1;0;0,0
30380007842000;11;5;6;72,0
30380007901000;4;2;2;0,0
30390007841000;7;3;4;36,7
30390007842000;166;75;91;41,6
30390007843000;280;141;139;37,1
30390007900000;111;57;54;43,9
30390007901000;587;313;274;38,1
30390007902000;341;176;165;43,8
30390007903000;87;42;45;31,0
30400007841000;29;15;14;41,8
30400007842000;75;35;40;37,8
30400007900000;14;7;7;23,7
30400007901000;78;39;39;45,9
30400007902000;168;87;81;39,4
30400007903000;690;350;340;38,8
30410007841000;59;34;25;41,7
30410007842000;6;4;2;36,2
30420007796000;1;1;0;0,0
30420007841000;24;11;13;31,8
30420007842000;2;1;1;0,0
30430007842000;1;1;0;0,0
30440007841000;3;1;2;0,0
30440007842000;8;5;3;24,1
30450007842000;13;8;5;31,8
30460007796000;9;5;4;51,8
30460007815000;16;9;7;61,1
30460007816000;5;2;3;68,4
30460007842000;2;1;1;0,0
30470007796000;19;11;8;43,1
30470007797000;13;6;7;41,9
30470007813000;2;2;0;0,0
30470007814000;6;3;3;66,0
30470007815000;3;1;2;0,0
30470007817000;1;1;0;0,0
30470007842000;5;2;3;49,8
30480007797000;2;1;1;0,0
30480007813000;6;3;3;58,2
30480007815000;1;1;0;0,0
30480007818000;4;3;1;0,0
30480007830000;1;1;0;0,0
30480007842000;2;1;1;0,0
30490007797000;4;2;2;0,0
30490007798000;1;1;0;0,0
30490007799000;1;1;0;0,0
30490007815000;6;4;2;53,5
30490007842000;19;11;8;33,7
30500007797000;10;5;5;58,8
30500007815000;1;1;0;0,0
30500007842000;8;5;3;35,9
30510007797000;2;1;1;0,0
30510007842000;23;14;9;47,0
30520007796000;10;7;3;42,6
30520007797000;38;22;16;50,7
30520007798000;6;3;3;56,5
30520007842000;18;13;5;43,1
30520007843000;8;4;4;29,0
30520007894000;1;1;0;0,0
30530007796000;16;9;7;41,4
30530007797000;14;6;8;37,4
30530007798000;6;4;2;62,7
30530007829000;66;37;29;39,6
30530007842000;5;3;2;34,8
30540007798000;5;3;2;62,4
30540007829000;142;82;60;45,4
30540007830000;3;1;2;0,0
30540007842000;720;344;376;38,4
30540007843000;407;221;186;33,5
30550007742000;1;1;0;0,0
30550007798000;8;4;4;27,6
30550007829000;21;8;13;44,8
30550007841000;130;70;60;40,8
30550007842000;1380;684;696;40,1
30550007843000;225;106;119;36,6
30550007896000;1;1;0;0,0
30560007741000;1;1;0;0,0
30560007742000;17;11;6;54,7
30560007743000;1;1;0;0,0
30560007744000;3;2;1;0,0
30560007792000;1;1;0;0,0
30560007793000;4;2;2;0,0
30560007798000;5;3;2;60,2
30560007799000;13;8;5;35,0
30560007841000;244;142;102;38,6
30560007842000;873;456;417;35,0
30560007843000;4;2;2;0,0
30560007895000;1;0;1;0,0
30570007798000;1;1;0;0,0
30570007799000;2;1;1;0,0
30570007841000;2;1;1;0,0
30570007842000;961;474;487;38,5
30570007843000;11;7;4;32,2
30580007794000;2;1;1;0,0
30580007806000;1;1;0;0,0
30580007842000;132;72;60;36,8
30590007755000;1;1;0;0,0
30590007806000;1;1;0;0,0
30600007756000;2;1;1;0,0
30600007807000;1;1;0;0,0
30600007841000;29;16;13;51,7
30610007801000;8;5;3;54,1
30620007801000;2;2;0;0,0
30620007803000;3;2;1;0,0
30620007812000;1;1;0;0,0
30630007842000;2;0;2;0,0
30640007805000;1;0;1;0,0
30640007843000;10;7;3;54,8
30650007806000;2;1;1;0,0
30650007843000;13;7;6;25,2
30660007760000;9;5;4;37,0
30660007806000;9;5;4;39,9
30660007844000;68;37;31;40,4
30680007758000;1;1;0;0,0
30680007760000;1;0;1;0,0
30680007773000;2;1;1;0,0
30680007845000;10;7;3;58,7
30680007846000;6;5;1;40,5
30680007847000;4;3;1;0,0
30690007760000;1;1;0;0,0
30690007844000;9;7;2;72,4
30690007845000;22;9;13;42,1
30700007761000;7;4;3;48,4
30700007762000;6;4;2;57,7
30700007805000;6;4;2;42,5
30700007806000;2;1;1;0,0
30700007849000;9;5;4;46,6
30710007762000;3;2;1;0,0
30710007763000;2;2;0;0,0
30710007803000;3;1;2;0,0
30710007804000;23;19;4;24,5
30710007849000;33;20;13;42,5
30720007763000;3;1;2;0,0
30720007764000;4;1;3;0,0
30720007765000;15;5;10;43,9
30720007766000;9;5;4;47,1
30720007767000;22;11;11;31,0
30720007800000;1;1;0;0,0
30720007804000;40;27;13;23,4
30730007765000;11;6;5;38,0
30730007767000;3;2;1;0,0
30730007768000;25;14;11;44,7
30730007769000;4;2;2;0,0
30730007799000;3;2;1;0,0
30730007802000;1;1;0;0,0
30730007803000;1;1;0;0,0
30740007799000;375;187;188;41,6
30740007800000;391;191;200;34,2
30740007859000;18;10;8;50,7
30740007860000;4;1;3;0,0
30750007769000;11;5;6;27,7
30750007770000;5;2;3;22,4
30750007798000;21;12;9;40,6
30750007799000;390;190;200;45,3
30750007800000;519;257;262;39,3
30750007801000;95;48;47;38,5
30750007802000;901;434;467;34,7
30750007803000;291;145;146;30,3
30750007807000;1;1;0;0,0
30750007859000;3;2;1;0,0
30760007769000;2;1;1;0,0
30760007770000;8;3;5;59,1
30760007771000;12;6;6;31,0
30760007772000;16;9;7;63,1
30760007790000;8;5;3;44,8
30760007791000;14;6;8;34,2
30760007794000;2;1;1;0,0
30760007795000;2;1;1;0,0
30760007796000;2;1;1;0,0
30760007798000;7;4;3;24,0
30760007799000;610;298;312;36,2
30760007800000;249;126;123;38,2
30760007801000;154;77;77;35,1
30760007802000;36;21;15;42,3
30760007803000;272;129;143;34,1
30760007806000;1003;470;533;43,0
30760007807000;469;231;238;39,4
30770007772000;12;5;7;38,0
30770007773000;3;1;2;0,0
30770007774000;7;5;2;30,4
30770007790000;10;5;5;28,5
30770007791000;16;9;7;31,3
30770007805000;2;1;1;0,0
30770007806000;1306;652;654;38,0
30770007807000;237;127;110;38,5
30780007784000;1;0;1;0,0
30780007785000;3;1;2;0,0
30780007791000;5;1;4;24,8
30780007801000;4;2;2;0,0
30780007805000;6;3;3;49,2
30780007806000;105;52;53;39,1
30780007807000;324;143;181;40,8
30780007808000;5;3;2;55,8
30790007783000;13;7;6;48,0
30790007784000;8;4;4;55,5
30790007801000;9;5;4;50,6
30790007802000;38;20;18;33,2
30790007805000;1;1;0;0,0
30790007807000;77;44;33;33,3
30790007808000;156;83;73;32,8
30790007815000;2;1;1;0,0
30790007867000;6;4;2;39,0
30800007772000;1;1;0;0,0
30800007776000;4;1;3;0,0
30800007782000;11;6;5;25,4
30800007783000;16;8;8;29,1
30800007801000;4;2;2;0,0
30800007802000;85;46;39;44,8
30800007804000;4;2;2;0,0
30800007805000;2;1;1;0,0
30800007806000;21;14;7;44,3
30800007807000;3;2;1;0,0
30800007808000;13;8;5;42,6
30800007812000;7;4;3;48,9
30800007867000;1;1;0;0,0
30810007776000;3;2;1;0,0
30810007779000;3;2;1;0,0
30810007780000;2;1;1;0,0
30810007781000;3;1;2;0,0
30810007782000;4;1;3;0,0
30810007790000;1;1;0;0,0
30810007801000;1;1;0;0,0
30810007802000;25;12;13;41,8
30810007812000;6;3;3;62,8
30820007772000;1;1;0;0,0
30820007773000;22;13;9;43,5
30820007774000;2;1;1;0,0
30820007775000;6;2;4;47,3
30820007778000;16;8;8;23,2
30820007779000;14;6;8;31,6
30820007780000;4;2;2;0,0
30820007781000;2;1;1;0,0
30820007782000;7;4;3;37,7
30820007788000;6;4;2;46,2
30820007789000;10;5;5;36,7
30820007802000;27;11;16;36,2
30830007774000;1;0;1;0,0
30830007777000;44;18;26;40,2
30830007778000;39;22;17;47,1
30830007782000;4;2;2;0,0
30830007783000;11;5;6;37,3
30830007787000;19;12;7;33,3
30830007790000;5;3;2;38,8
30830007801000;6;2;4;40,8
30830007802000;5;3;2;31,6
30840007776000;8;4;4;34,0
30840007777000;47;20;27;32,3
30840007778000;14;10;4;35,4
30840007779000;2;1;1;0,0
30840007783000;23;10;13;38,4
30840007784000;5;2;3;22,8
30840007785000;1;0;1;0,0
30840007786000;7;3;4;35,4
30840007801000;5;2;3;49,8
30850007779000;10;3;7;53,0
30850007780000;4;2;2;0,0
30850007782000;1;1;0;0,0
30850007783000;6;5;1;46,5
30860007787000;6;4;2;45,0
30860007802000;4;3;1;0,0
30870007801000;5;3;2;43,8
30870007802000;21;11;10;27,5
30870007804000;8;2;6;34,8
30880007803000;24;11;13;44,5
30880007804000;8;6;2;36,8
30890007803000;19;15;4;44,2
30890007804000;11;6;5;43,5
30900007803000;20;9;11;52,5
30900007804000;3;0;3;0,0
30900007805000;4;1;3;0,0
30910007803000;19;8;11;37,0
30910007804000;7;5;2;49,9
30910007805000;2;2;0;0,0
30910007811000;2;1;1;0,0
30910007873000;1;0;1;0,0
30920007802000;10;5;5;26,5
30920007803000;3;1;2;0,0
30920007804000;13;6;7;53,1
30920007805000;2;1;1;0,0
30920007811000;3;2;1;0,0
30920007812000;11;8;3;56,3
30930007802000;5;2;3;44,8
30930007804000;9;5;4;58,8
30930007805000;13;6;7;41,0
30930007806000;30;16;14;42,9
30930007807000;1;0;1;0,0
30930007808000;2;1;1;0,0
30930007874000;2;1;1;0,0
30940007807000;7;3;4;35,7
30940007874000;10;5;5;46,2
30940007887000;1;1;0;0,0
30940007888000;5;4;1;60,6
30950007876000;24;13;11;46,4
30960007876000;182;102;80;49,3
30960007887000;421;214;207;40,8
30970007886000;340;173;167;42,0
30970007887000;822;425;397;44,4
30980007886000;158;86;72;46,8
30980007887000;144;70;74;37,6
