x,y,p,m,f,ta
0,28,258,129,129,11016.6
0,29,202,112,90,6181.2
0,30,16,8,8,539.2
0,32,3,2,1,0
0,33,6,5,1,354
0,34,57,32,25,2280
0,35,30,19,11,1197
0,36,13,7,6,508.3
0,37,22,10,12,825
0,38,27,13,14,1034.1
0,39,9,6,3,456.3
0,40,7,3,4,245
0,41,31,17,14,1122.2
0,42,8,5,3,428
0,43,6,4,2,345
0,44,8,3,5,406.4
0,45,17,7,10,686.8
0,46,22,9,13,776.6
0,47,1,1,0,0
0,49,2,1,1,0
0,50,60,33,27,2346
0,51,328,177,151,11414.4
0,52,223,116,107,8384.8
0,53,19,11,8,670.7
0,54,25,12,13,1072.5
0,55,10,5,5,532
0,56,5,2,3,197
0,57,8,4,4,300
0,58,55,31,24,2134
0,59,3,2,1,0
0,60,21,11,10,720.3
0,61,21,12,9,651
0,62,4,3,1,0
0,63,11,4,7,500.5
0,64,9,4,5,366.3
0,65,2,1,1,0
0,67,4,3,1,0
0,68,29,17,12,1160
0,69,34,17,17,1169.6
0,70,70,30,40,2142
0,71,40,18,22,1228
0,72,33,16,17,1287
0,73,50,25,25,1830
0,74,17,10,7,535.5
0,75,58,28,30,2117
0,76,27,9,18,1007.1
0,77,16,11,5,502.4
0,78,12,8,4,504
0,79,35,21,14,1533
0,80,2,1,1,0
0,81,226,102,124,8723.6
0,82,1541,745,796,58095.7
0,83,2230,1073,1157,91207
0,84,1906,971,935,75668.2
0,85,231,121,110,9540.3
0,86,20,11,9,634
0,87,6,3,3,367.2
0,88,6,4,2,304.8
0,89,10,6,4,460
0,91,5,3,2,209
0,92,35,19,16,1148
0,96,20,11,9,752
0,97,10,7,3,328
0,98,4,1,3,0
0,99,14,7,7,677.6
0,100,79,43,36,3160
0,101,11,8,3,441.1
0,102,79,42,37,3128.4
0,103,207,101,106,7928.1
0,104,22,12,10,858
0,105,5,3,2,118
0,108,9,6,3,307.8
0,109,13,7,6,630.5
0,110,704,358,346,24217.6
0,111,251,127,124,9312.1
0,120,302,152,150,11234.4
0,121,1059,509,550,44795.7
0,122,605,307,298,23776.5
0,123,350,177,173,12600
0,125,8,4,4,296.8
0,127,15,8,7,667.5
1,28,6,3,3,307.2
1,29,14,7,7,831.6
1,30,11,7,4,447.7
1,31,8,3,5,340.8
1,32,14,7,7,743.4
1,33,30,16,14,1122
1,34,19,9,10,695.4
1,35,47,21,26,1997.5
1,36,3,2,1,0
1,38,1,1,0,0
1,39,1,1,0,0
1,40,12,5,7,327.6
1,41,17,8,9,751.4
1,42,18,10,8,705.6
1,43,12,5,7,433.2
1,44,26,15,11,941.2
1,45,14,12,2,439.6
1,46,42,18,24,1705.2
1,48,4,3,1,0
1,51,50,26,24,1855
1,52,174,82,92,5985.6
1,53,32,18,14,1200
1,54,2,1,1,0
1,55,3,2,1,0
1,56,1,1,0,0
1,58,17,9,8,521.9
1,59,25,14,11,1092.5
1,60,68,33,35,2801.6
1,63,1,1,0,0
1,64,26,11,15,1063.4
1,65,2,1,1,0
1,66,20,12,8,752
1,67,2,1,1,0
1,69,5,2,3,122
1,70,8,5,3,420
1,71,23,11,12,742.9
1,72,15,6,9,540
1,73,14,5,9,434
1,74,81,50,31,2843.1
1,75,28,16,12,1047.2
1,76,5,3,2,204
1,77,5,3,2,302
1,78,28,17,11,1265.6
1,79,11,6,5,363
1,80,9,4,5,416.7
1,81,18,8,10,943.2
1,82,25,13,12,952.5
1,83,337,172,165,13075.6
1,84,620,305,315,23684
1,85,41,21,20,1849.1
1,86,31,18,13,1122.2
1,87,53,26,27,2067
1,88,12,5,7,489.6
1,89,4,2,2,0
1,90,10,5,5,378
1,91,10,6,4,313
1,92,15,8,7,616.5
1,95,1,1,0,0
1,96,15,11,4,667.5
1,97,30,14,16,717
1,98,20,10,10,854
1,99,7,4,3,280.7
1,100,28,15,13,1064
1,101,18,10,8,552.6
1,102,49,26,23,1945.3
1,103,3,2,1,0
1,104,25,13,12,925
1,105,54,34,20,2035.8
1,106,23,14,9,961.4
1,107,52,29,23,2230.8
1,108,46,27,19,2240.2
1,109,63,31,32,2879.1
1,110,62,32,30,2188.6
1,118,8,5,3,256.8
1,119,63,36,27,2419.2
1,120,177,90,87,7434
1,121,772,399,373,36592.8
1,122,1050,522,528,39690
1,123,813,420,393,26259.9
1,124,15,7,8,672
1,126,3,2,1,0
1,127,14,8,6,644
2,28,4,3,1,0
2,29,23,14,9,1127
2,30,50,27,23,1815
2,32,4,2,2,0
2,33,38,23,15,1508.6
2,34,20,12,8,904
2,35,16,8,8,782.4
2,36,7,4,3,322.7
2,37,2,1,1,0
2,41,20,9,11,958
2,42,4,2,2,0
2,43,17,9,8,707.2
2,46,9,5,4,369
2,47,6,3,3,208.8
2,48,1,1,0,0
2,50,10,4,6,453
2,52,2,0,2,0
2,53,9,6,3,356.4
2,54,10,5,5,388
2,57,7,4,3,130.2
2,58,5,2,3,257
2,59,9,6,3,407.7
2,60,15,6,9,735
2,61,9,3,6,430.2
2,62,11,5,6,448.8
2,63,4,2,2,0
2,64,15,8,7,550.5
2,65,15,8,7,463.5
2,66,24,13,11,1092
2,67,17,10,7,768.4
2,69,14,9,5,487.2
2,70,1,0,1,0
2,71,8,2,6,256.8
2,72,40,21,19,1560
2,73,11,7,4,514.8
2,74,5,1,4,148
2,75,5,2,3,194
2,76,6,4,2,379.8
2,77,32,17,15,1155.2
2,78,16,9,7,848
2,79,10,4,6,431
2,80,1,1,0,0
2,81,21,11,10,737.1
2,82,32,20,12,1152
2,83,14,8,6,726.6
2,84,4,2,2,0
2,85,1,0,1,0
2,86,7,4,3,392
2,87,42,24,18,1743
2,88,10,5,5,426
2,89,7,3,4,338.1
2,90,18,8,10,556.2
2,91,3,1,2,0
2,92,25,14,11,1157.5
2,93,4,2,2,0
2,94,11,8,3,460.9
2,95,4,3,1,0
2,96,23,12,11,952.2
2,97,17,7,10,532.1
2,98,18,8,10,696.6
2,99,8,3,5,310.4
2,100,12,6,6,543.6
2,101,7,6,1,371
2,102,25,10,15,895
2,104,4,3,1,0
2,105,7,1,6,224.7
2,106,31,16,15,1354.7
2,107,33,21,12,1204.5
2,108,11,5,6,500.5
2,109,4,3,1,0
2,116,5,3,2,231
2,117,21,11,10,867.3
2,118,50,22,28,1895
2,119,50,31,19,2215
2,120,641,323,318,23781.1
2,121,387,201,186,15247.8
2,122,45,23,22,1624.5
2,123,7,4,3,277.2
2,124,15,9,6,661.5
2,125,1,1,0,0
3,29,9,4,5,567
3,30,2,1,1,0
3,31,44,26,18,1834.8
3,32,18,7,11,545.4
3,33,17,11,6,612
3,34,11,5,6,546.7
3,35,7,4,3,399.7
3,36,8,4,4,544.8
3,37,17,8,9,528.7
3,41,6,5,1,331.2
3,42,12,4,8,402
3,47,4,3,1,0
3,48,7,5,2,189
3,49,6,4,2,312
3,50,13,7,6,492.7
3,54,14,7,7,462
3,55,6,3,3,241.2
3,56,20,10,10,672
3,60,4,2,2,0
3,61,11,4,7,445.5
3,64,1,1,0,0
3,65,8,5,3,404.8
3,66,3,2,1,0
3,67,33,13,20,1095.6
3,68,20,12,8,608
3,69,13,9,4,405.6
3,70,50,26,24,2065
3,71,17,10,7,744.6
3,72,55,31,24,2282.5
3,73,6,2,4,229.2
3,74,16,7,9,425.6
3,75,7,4,3,296.1
3,76,15,9,6,643.5
3,77,27,15,12,1360.8
3,78,8,4,4,355.2
3,79,5,2,3,306
3,80,7,5,2,345.1
3,81,8,5,3,272.8
3,82,35,17,18,1246
3,83,5,3,2,311
3,85,27,13,14,945
3,86,9,4,5,321.3
3,87,7,4,3,308
3,88,44,19,25,1883.2
3,89,56,31,25,2889.6
3,90,51,31,20,1698.3
3,91,2,1,1,0
3,92,8,3,5,316.8
3,93,2,1,1,0
3,98,4,2,2,0
3,102,8,2,6,291.2
3,103,5,2,3,147
3,114,1,1,0,0
3,115,7,3,4,457.8
3,116,51,21,30,2152.2
3,117,57,30,27,2627.7
3,118,2,1,1,0
3,120,68,33,35,3168.8
3,121,731,355,376,23172.7
3,122,330,179,151,13629
3,123,35,19,16,1879.5
3,124,18,8,10,790.2
3,125,17,10,7,671.5
3,127,3,2,1,0
4,30,473,255,218,18399.7
4,31,248,130,118,9771.2
4,32,1,1,0,0
4,33,11,6,5,297
4,34,20,11,9,736
4,37,7,2,5,329.7
4,38,4,2,2,0
4,39,4,1,3,0
4,40,5,3,2,283
4,41,31,19,12,911.4
4,42,8,5,3,272.8
4,49,14,8,6,589.4
4,51,5,2,3,214
4,56,13,8,5,557.7
4,57,8,5,3,436
4,58,19,9,10,809.4
4,59,19,9,10,518.7
4,60,3,2,1,0
4,61,1,1,0,0
4,62,7,5,2,188.3
4,64,1,1,0,0
4,65,12,6,6,453.6
4,66,18,9,9,399.6
4,67,22,11,11,891
4,68,6,3,3,225
4,69,5,2,3,290
4,70,30,16,14,1179
4,71,23,13,10,855.6
4,72,24,12,12,931.2
4,73,22,13,9,750.2
4,74,26,15,11,1099.8
4,75,36,18,18,1522.8
4,76,9,4,5,347.4
4,77,8,4,4,432.8
4,78,21,12,9,873.6
4,79,22,11,11,1095.6
4,80,5,3,2,127
4,81,25,16,9,785
4,82,214,111,103,8260.4
4,83,145,78,67,5684
4,84,30,16,14,1029
4,85,4,2,2,0
4,86,6,5,1,291
4,87,3,2,1,0
4,88,4,2,2,0
4,89,10,4,6,472
4,92,2,1,1,0
4,94,4,1,3,0
4,111,22,15,7,816.2
4,112,43,18,25,1978
4,113,39,16,23,2020.2
4,114,48,24,24,1771.2
4,115,119,72,47,4474.4
4,116,172,91,81,6622
4,120,6,5,1,223.2
4,121,64,38,26,2931.2
4,122,101,53,48,3777.4
4,123,70,40,30,2723
4,124,20,11,9,850
4,125,171,92,79,6156
4,126,9,5,4,476.1
4,127,3,1,2,0
5,30,47,24,23,1626.2
5,31,61,29,32,2153.3
5,32,15,11,4,604.5
5,33,6,3,3,346.2
5,34,6,3,3,193.8
5,35,18,7,11,763.2
5,36,6,3,3,346.8
5,38,15,9,6,421.5
5,39,30,16,14,1350
5,40,10,5,5,355
5,41,8,3,5,299.2
5,45,6,3,3,130.8
5,47,9,5,4,464.4
5,48,6,4,2,262.2
5,54,7,2,5,347.2
5,57,4,3,1,0
5,58,18,8,10,631.8
5,59,7,4,3,312.2
5,60,18,12,6,811.8
5,65,13,6,7,438.1
5,66,17,11,6,656.2
5,67,21,11,10,642.6
5,68,14,5,9,505.4
5,69,14,9,5,582.4
5,70,23,11,12,837.2
5,71,8,5,3,388.8
5,72,11,6,5,454.3
5,73,20,10,10,706
5,74,16,8,8,905.6
5,75,13,6,7,391.3
5,76,26,13,13,826.8
5,77,16,10,6,774.4
5,78,17,12,5,598.4
5,81,12,4,8,402
5,82,151,69,82,6432.6
5,83,306,158,148,12056.4
5,84,22,13,9,926.2
5,85,18,9,9,718.2
5,86,5,3,2,195
5,87,2,1,1,0
5,90,22,14,8,677.6
5,91,1,1,0,0
5,92,6,2,4,342
5,93,14,8,6,390.6
5,94,19,6,13,693.5
5,95,25,18,7,955
5,96,17,11,6,630.7
5,97,11,4,7,486.2
5,98,7,3,4,249.2
5,99,5,3,2,116
5,101,5,3,2,127
5,102,9,3,6,365.4
5,103,11,7,4,391.6
5,104,12,9,3,496.8
5,105,14,8,6,638.4
5,106,18,10,8,761.4
5,107,13,9,4,466.7
5,109,2,1,1,0
5,110,14,8,6,473.2
5,111,16,9,7,652.8
5,112,62,37,25,2783.8
5,113,122,66,56,5002
5,114,20,11,9,876
5,115,248,122,126,9002.4
5,116,315,168,147,9544.5
5,122,8,5,3,284
5,123,15,8,7,711
5,125,19,9,10,951.9
5,126,87,43,44,3645.3
5,127,806,399,407,27887.6
6,31,23,15,8,943
6,32,48,28,20,1915.2
6,33,48,29,19,1843.2
6,34,8,4,4,364
6,35,3,2,1,0
6,36,16,9,7,644.8
6,37,29,14,15,1160
6,38,27,16,11,1139.4
6,39,37,16,21,1494.8
6,40,11,5,6,458.7
6,41,3,1,2,0
6,42,3,2,1,0
6,44,1,1,0,0
6,47,5,3,2,167
6,53,8,4,4,290.4
6,56,1,0,1,0
6,57,10,7,3,374
6,58,12,7,5,399.6
6,59,24,12,12,902.4
6,60,40,22,18,1424
6,61,13,7,6,673.4
6,62,4,3,1,0
6,64,6,4,2,223.2
6,65,58,31,27,2140.2
6,66,18,10,8,828
6,67,19,11,8,841.7
6,68,8,5,3,412
6,69,6,5,1,253.8
6,70,18,10,8,779.4
6,71,6,2,4,273
6,72,10,6,4,501
6,73,4,3,1,0
6,74,69,28,41,2697.9
6,75,103,50,53,3677.1
6,76,16,9,7,774.4
6,77,44,24,20,1416.8
6,78,59,35,24,2301
6,79,2,1,1,0
6,80,16,8,8,518.4
6,81,108,31,77,8370
6,82,1,0,1,0
6,83,12,7,5,436.8
6,84,7,4,3,268.8
6,85,7,3,4,335.3
6,86,8,5,3,292
6,87,26,16,10,917.8
6,88,10,5,5,408
6,89,23,14,9,915.4
6,90,17,8,9,652.8
6,91,26,13,13,923
6,92,16,8,8,572.8
6,93,7,4,3,212.8
6,94,26,14,12,863.2
6,95,13,8,5,562.9
6,96,18,10,8,500.4
6,97,18,10,8,511.2
6,98,12,6,6,507.6
6,99,7,3,4,350.7
6,100,27,14,13,1063.8
6,101,12,8,4,393.6
6,102,6,4,2,340.2
6,103,26,16,10,1157
6,104,35,12,23,1389.5
6,105,45,27,18,1908
6,106,71,40,31,2982
6,107,24,12,12,960
6,109,2,1,1,0
6,110,2,1,1,0
6,111,20,10,10,694
6,112,10,4,6,546
6,113,13,7,6,660.4
6,114,28,17,11,1024.8
6,115,81,44,37,3013.2
6,116,11,7,4,412.5
6,125,366,176,190,11163
6,126,1398,683,715,52844.4
6,127,1430,678,752,62348
7,30,123,65,58,5953.2
7,31,396,200,196,15879.6
7,32,1181,582,599,47830.5
7,33,213,105,108,9350.7
7,34,2,1,1,0
7,35,16,8,8,489.6
7,36,8,4,4,394.4
7,37,9,6,3,291.6
7,38,16,9,7,614.4
7,39,11,7,4,485.1
7,40,4,2,2,0
7,42,9,5,4,362.7
7,43,9,4,5,389.7
7,44,5,3,2,165
7,45,5,3,2,174
7,46,2,1,1,0
7,47,4,3,1,0
7,48,12,5,7,506.4
7,55,4,2,2,0
7,56,1,1,0,0
7,57,7,4,3,340.2
7,59,6,1,5,102
7,61,9,5,4,369
7,62,21,10,11,871.5
7,63,12,3,9,307.2
7,64,28,14,14,949.2
7,65,220,115,105,7370
7,66,824,400,424,32465.6
7,67,327,156,171,13439.7
7,68,25,13,12,985
7,69,25,15,10,940
7,70,17,11,6,741.2
7,71,6,3,3,190.8
7,72,4,3,1,0
7,73,27,14,13,1279.8
7,74,98,50,48,2753.8
7,75,14,2,12,343
7,76,1,0,1,0
7,77,39,17,22,1653.6
7,78,433,212,221,17406.6
7,79,156,83,73,5616
7,80,134,72,62,6003.2
7,81,93,52,41,3366.6
7,83,2,2,0,0
7,84,19,12,7,809.4
7,85,16,8,8,713.6
7,86,22,14,8,1053.8
7,87,27,13,14,826.2
7,88,15,9,6,691.5
7,89,64,35,29,2630.4
7,90,20,11,9,958
7,91,20,11,9,782
7,92,44,22,22,1790.8
7,93,43,24,19,1526.5
7,94,7,4,3,310.8
7,95,320,160,160,13984
7,96,380,191,189,16112
7,97,51,29,22,2091
7,98,40,18,22,1660
7,99,23,15,8,1124.7
7,100,59,35,24,2495.7
7,101,9,4,5,307.8
7,102,63,30,33,2551.5
7,103,3,2,1,0
7,104,10,4,6,421
7,105,6,3,3,204
7,108,2,1,1,0
7,109,2,1,1,0
7,114,28,12,16,1268.4
7,115,13,6,7,523.9
7,126,91,48,43,3658.2
7,127,267,138,129,11934.9
8,29,50,31,19,2105
8,30,117,49,68,7616.7
8,31,2073,1014,1059,87273.3
8,32,2487,1165,1322,110422.8
8,33,689,336,353,26871
8,34,900,454,446,27270
8,35,21,12,9,1215.9
8,36,20,9,11,826
8,37,18,7,11,644.4
8,38,8,5,3,248.8
8,45,4,2,2,0
8,46,5,2,3,165
8,50,3,2,1,0
8,51,1,1,0,0
8,56,5,3,2,221
8,57,17,8,9,532.1
8,58,9,4,5,255.6
8,61,1,1,0,0
8,62,21,10,11,672
8,63,133,69,64,5665.8
8,64,391,191,200,17243.1
8,65,1124,507,617,56874.4
8,66,254,119,135,10134.6
8,67,22,12,10,710.6
8,68,12,7,5,562.8
8,69,13,7,6,656.5
8,70,57,29,28,2086.2
8,71,9,6,3,453.6
8,72,9,6,3,309.6
8,73,5,3,2,177
8,74,15,8,7,745.5
8,75,7,5,2,342.3
8,76,1,1,0,0
8,77,12,8,4,531.6
8,78,176,92,84,6916.8
8,79,1615,770,845,72675
8,80,1267,619,648,45738.7
8,81,449,216,233,18274.3
8,82,16,8,8,731.2
8,83,9,4,5,254.7
8,84,12,7,5,318
8,85,24,13,11,1084.8
8,86,50,23,27,1975
8,87,49,28,21,1695.4
8,88,507,243,264,22409.4
8,89,723,331,392,36077.7
8,90,17,10,7,625.6
8,91,26,14,12,1073.8
8,92,21,9,12,648.9
8,93,25,17,8,722.5
8,94,15,7,8,639
8,95,27,14,13,828.9
8,96,102,53,49,3845.4
8,97,19,10,9,799.9
8,102,4,3,1,0
8,114,25,15,10,1035
8,115,7,4,3,294
8,121,6,4,2,358.8
8,126,36,20,16,1425.6
8,127,64,38,26,2310.4
9,25,2,1,1,0
9,26,33,17,16,1346.4
9,27,80,36,44,3232
9,28,208,109,99,7155.2
9,29,368,196,172,14462.4
9,30,1391,701,690,57726.5
9,31,2518,1241,1277,113310
9,32,1970,990,980,76042
9,33,1832,913,919,73829.6
9,34,390,196,194,13455
9,36,12,6,6,645.6
9,37,30,16,14,1209
9,38,25,14,11,1017.5
9,43,6,4,2,355.8
9,45,4,2,2,0
9,53,3,2,1,0
9,54,1,0,1,0
9,55,7,4,3,245
9,56,5,2,3,69
9,57,7,4,3,371
9,58,8,3,5,224
9,60,3,2,1,0
9,61,10,6,4,413
9,62,8,3,5,396
9,63,212,97,115,9094.8
9,64,822,419,403,34277.4
9,65,102,69,33,3366
9,66,5,2,3,112
9,67,30,15,15,1089
9,68,12,7,5,522
9,69,6,3,3,238.2
9,70,9,4,5,318.6
9,71,6,1,5,244.2
9,72,12,6,6,562.8
9,73,15,7,8,603
9,74,138,68,70,5147.4
9,75,231,119,112,7091.7
9,76,37,20,17,1369
9,77,22,12,10,1075.8
9,78,392,192,200,17953.6
9,79,1221,595,626,52869.3
9,80,225,107,118,9855
9,81,214,112,102,7918
9,82,21,16,5,814.8
9,83,17,11,6,698.7
9,84,5,1,4,157
9,86,17,8,9,695.3
9,87,2,1,1,0
9,88,181,83,98,6389.3
9,89,545,283,262,20601
9,90,7,5,2,282.8
9,91,24,13,11,770.4
9,92,6,3,3,358.2
9,93,23,12,11,685.4
9,94,1,1,0,0
9,95,8,4,4,344.8
9,96,19,9,10,864.5
9,97,27,14,13,1007.1
9,98,16,7,9,691.2
9,99,4,2,2,0
9,102,4,2,2,0
9,113,9,5,4,423
9,122,3,1,2,0
9,123,9,5,4,529.2
9,126,9,6,3,279.9
9,127,47,21,26,2044.5
10,22,5,4,1,289
10,24,20,7,13,836
10,25,169,90,79,6371.3
10,26,16,10,6,651.2
10,27,20,7,13,1058
10,28,14,6,8,596.4
10,29,348,170,178,14964
10,30,426,213,213,16060.2
10,31,206,105,101,9208.2
10,32,1255,648,607,49196
10,33,876,417,459,36441.6
10,34,6,3,3,171
10,35,2,2,0,0
10,38,3,2,1,0
10,45,2,1,1,0
10,49,2,1,1,0
10,51,13,8,5,508.3
10,52,13,9,4,477.1
10,53,13,4,9,426.4
10,54,13,5,8,620.1
10,55,21,9,12,777
10,56,9,5,4,306
10,57,56,31,25,2083.2
10,58,38,23,15,1337.6
10,59,11,5,6,346.5
10,60,19,13,6,868.3
10,61,15,8,7,442.5
10,62,8,6,2,300.8
10,63,37,19,18,1461.5
10,64,278,140,138,8979.4
10,65,4,1,3,0
10,66,25,11,14,1042.5
10,67,23,14,9,848.7
10,68,28,17,11,1022
10,69,21,11,10,1050
10,70,32,17,15,908.8
10,71,39,22,17,1618.5
10,72,32,14,18,1305.6
10,73,69,29,40,2249.4
10,74,189,99,90,6029.1
10,75,11,5,6,466.4
10,76,2,2,0,0
10,77,5,2,3,139
10,78,71,35,36,2761.9
10,79,116,73,43,4141.2
10,80,34,17,17,1550.4
10,81,9,4,5,173.7
10,82,17,10,7,564.4
10,83,4,3,1,0
10,85,2,1,1,0
10,86,10,5,5,600
10,88,15,8,7,490.5
10,89,14,9,5,376.6
10,90,8,3,5,199.2
10,91,9,4,5,224.1
10,92,15,10,5,559.5
10,93,1,1,0,0
10,97,4,3,1,0
10,99,6,3,3,312
10,104,2,1,1,0
10,113,4,1,3,0
10,123,11,5,6,478.5
10,124,27,13,14,780.3
10,125,40,20,20,1848
10,126,61,28,33,2653.5
10,127,19,6,13,763.8
11,18,4,2,2,0
11,19,32,20,12,1152
11,20,34,19,15,1669.4
11,21,79,37,42,3373.3
11,22,42,20,22,1587.6
11,23,23,11,12,931.5
11,24,82,42,40,3370.2
11,25,16,7,9,688
11,26,14,9,5,757.4
11,27,34,17,17,1404.2
11,28,46,22,24,2355.2
11,29,387,199,188,16292.7
11,30,845,420,425,32701.5
11,31,240,125,115,8952
11,32,337,153,184,15805.3
11,33,240,121,119,9360
11,34,12,6,6,421.2
11,35,9,5,4,398.7
11,38,4,2,2,0
11,39,9,4,5,188.1
11,48,2,1,1,0
11,49,15,8,7,592.5
11,50,12,5,7,717.6
11,51,70,37,33,2464
11,52,11,6,5,601.7
11,53,18,11,7,730.8
11,54,12,4,8,474
11,55,5,3,2,140
11,56,2,2,0,0
11,57,26,13,13,1146.6
11,58,9,6,3,588.6
11,59,16,11,5,902.4
11,60,16,9,7,636.8
11,62,5,3,2,125
11,63,16,8,8,721.6
11,64,4,2,2,0
11,65,13,7,6,432.9
11,66,25,14,11,842.5
11,67,2,1,1,0
11,70,24,14,10,852
11,71,29,17,12,893.2
11,72,39,19,20,1563.9
11,73,14,6,8,936.6
11,74,19,11,8,1005.1
11,75,51,30,21,1856.4
11,76,33,15,18,1102.2
11,77,10,5,5,481
11,78,22,11,11,719.4
11,79,21,13,8,728.7
11,80,17,8,9,678.3
11,81,29,17,12,1064.3
11,82,5,2,3,119
11,83,3,2,1,0
11,84,9,4,5,500.4
11,85,19,9,10,733.4
11,86,19,10,9,938.6
11,87,6,4,2,156
11,88,20,10,10,908
11,89,30,14,16,1032
11,90,1,0,1,0
11,91,1,1,0,0
11,92,14,6,8,792.4
11,93,13,8,5,656.5
11,101,4,3,1,0
11,102,11,7,4,361.9
11,103,8,5,3,376
11,107,13,7,6,626.6
11,108,25,13,12,1052.5
11,109,1,0,1,0
11,110,1,0,1,0
11,111,5,3,2,186
11,112,3,1,2,0
11,120,3,1,2,0
11,121,3,1,2,0
11,122,10,4,6,504
11,123,34,17,17,1530
11,124,15,6,9,583.5
11,125,16,8,8,580.8
11,126,3,0,3,0
11,127,35,17,18,1463
12,17,1,0,1,0
12,18,10,4,6,497
12,19,51,27,24,2014.5
12,20,12,7,5,511.2
12,22,11,7,4,497.2
12,23,2,1,1,0
12,24,40,20,20,1260
12,25,15,9,6,552
12,26,62,29,33,2498.6
12,27,13,8,5,481
12,28,47,24,23,1569.8
12,29,194,84,110,8497.2
12,30,324,160,164,12895.2
12,31,1521,756,765,58254.3
12,32,921,478,443,38497.8
12,33,71,34,37,2442.4
12,34,119,58,61,3819.9
12,40,19,9,10,649.8
12,41,4,2,2,0
12,42,3,2,1,0
12,43,1,0,1,0
12,44,3,1,2,0
12,45,3,2,1,0
12,47,6,6,0,199.8
12,48,11,5,6,379.5
12,49,12,6,6,567.6
12,50,9,4,5,545.4
12,51,11,5,6,490.6
12,52,5,1,4,191
12,53,18,6,12,743.4
12,54,63,30,33,2236.5
12,55,12,5,7,631.2
12,56,92,49,43,3164.8
12,57,253,119,134,11891
12,58,36,20,16,1231.2
12,59,12,6,6,489.6
12,61,8,5,3,364
12,62,15,7,8,699
12,63,40,22,18,1812
12,64,26,11,15,746.2
12,65,13,5,8,470.6
12,67,7,2,5,195.3
12,68,2,1,1,0
12,70,10,5,5,429
12,71,22,10,12,888.8
12,72,21,11,10,819
12,74,35,23,12,1900.5
12,75,80,40,40,3128
12,76,6,3,3,226.2
12,77,25,18,7,860
12,78,17,9,8,700.4
12,79,44,18,26,1874.4
12,80,27,13,14,1134
12,81,15,9,6,625.5
12,82,12,10,2,501.6
12,83,39,19,20,1259.7
12,84,2,1,1,0
12,85,13,6,7,474.5
12,86,11,6,5,555.5
12,87,3,1,2,0
12,88,1,1,0,0
12,89,7,2,5,259
12,92,25,15,10,1202.5
12,99,4,3,1,0
12,100,5,3,2,272
12,101,16,8,8,700.8
12,102,1,1,0,0
12,106,4,2,2,0
12,107,48,21,27,2025.6
12,108,34,22,12,1081.2
12,109,10,4,6,337
12,110,22,11,11,726
12,111,10,6,4,195
12,119,5,2,3,150
12,120,8,4,4,274.4
12,121,16,7,9,657.6
12,122,11,4,7,415.8
12,123,38,20,18,1725.2
12,124,6,4,2,163.2
12,125,103,55,48,3914
12,126,478,249,229,16252
12,127,33,15,18,947.1
13,11,3,2,1,0
13,13,3,1,2,0
13,18,5,3,2,155
13,21,6,2,4,249
13,22,4,2,2,0
13,23,1,0,1,0
13,25,47,24,23,1635.6
13,26,57,29,28,2211.6
13,27,3,2,1,0
13,28,9,6,3,303.3
13,29,3,2,1,0
13,30,93,55,38,3692.1
13,31,95,55,40,4056.5
13,32,22,11,11,1291.4
13,33,40,20,20,1844
13,34,14,7,7,553
13,40,4,3,1,0
13,44,6,3,3,190.8
13,45,3,2,1,0
13,46,13,7,6,552.5
13,47,11,5,6,350.9
13,49,2,2,0,0
13,51,16,10,6,662.4
13,52,15,8,7,583.5
13,53,11,8,3,445.5
13,54,4,3,1,0
13,55,12,8,4,717.6
13,56,17,8,9,533.8
13,57,11,6,5,607.2
13,58,1,1,0,0
13,60,2,1,1,0
13,61,12,6,6,489.6
13,63,30,12,18,1056
13,64,9,3,6,254.7
13,65,9,5,4,239.4
13,66,1,1,0,0
13,77,12,6,6,336
13,78,40,26,14,1344
13,79,54,24,30,2235.6
13,80,3,1,2,0
13,82,21,10,11,623.7
13,83,6,2,4,208.8
13,84,12,7,5,507.6
13,85,125,68,57,4475
13,86,108,56,52,4406.4
13,87,24,15,9,902.4
13,88,16,9,7,489.6
13,89,9,5,4,407.7
13,90,19,9,10,505.4
13,91,9,6,3,473.4
13,92,2,1,1,0
13,94,7,5,2,226.8
13,95,27,15,12,1198.8
13,96,30,18,12,1176
13,97,29,16,13,1458.7
13,98,20,11,9,948
13,99,32,17,15,1184
13,100,3,2,1,0
13,101,10,7,3,440
13,105,3,2,1,0
13,106,5,3,2,173
13,107,235,117,118,9588
13,108,11,7,4,349.8
13,118,2,1,1,0
13,119,28,21,7,1190
13,120,19,9,10,640.3
13,121,46,25,21,2028.6
13,122,21,14,7,697.2
13,123,51,22,29,2295
13,124,67,31,36,2365.1
13,125,73,37,36,2956.5
13,126,229,108,121,7854.7
13,127,80,45,35,2936
14,5,2,1,1,0
14,7,7,4,3,233.8
14,8,4,2,2,0
14,9,2,1,1,0
14,13,10,5,5,429
14,14,10,5,5,448
14,16,4,2,2,0
14,17,19,12,7,720.1
14,18,3,2,1,0
14,19,3,1,2,0
14,22,8,5,3,228
14,23,50,21,29,2040
14,24,45,24,21,1674
14,30,12,8,4,435.6
14,31,2,1,1,0
14,34,11,4,7,542.3
14,35,7,5,2,303.8
14,41,5,3,2,247
14,42,15,9,6,565.5
14,43,12,8,4,408
14,45,1,1,0,0
14,46,10,6,4,413
14,47,22,14,8,697.4
14,48,7,4,3,371.7
14,49,2,1,1,0
14,50,5,3,2,240
14,51,9,4,5,297.9
14,52,2,1,1,0
14,53,7,3,4,240.1
14,55,6,3,3,232.2
14,57,7,3,4,287
14,58,5,3,2,261
14,59,10,7,3,301
14,60,11,6,5,300.3
14,61,32,17,15,867.2
14,62,24,13,11,1005.6
14,63,14,7,7,453.6
14,64,12,6,6,531.6
14,65,30,18,12,1023
14,66,6,1,5,225
14,76,18,9,9,797.4
14,77,24,11,13,775.2
14,78,34,20,14,897.6
14,79,15,8,7,571.5
14,80,4,2,2,0
14,83,4,2,2,0
14,84,21,13,8,905.1
14,85,38,22,16,1413.6
14,86,8,5,3,295.2
14,88,16,10,6,515.2
14,89,8,3,5,299.2
14,90,18,11,7,743.4
14,93,3,2,1,0
14,94,18,10,8,882
14,95,19,7,12,710.6
14,96,2,0,2,0
14,97,15,8,7,643.5
14,98,44,20,24,1694
14,99,24,11,13,950.4
14,101,2,1,1,0
14,102,25,12,13,1042.5
14,103,13,7,6,483.6
14,104,29,14,15,899
14,105,12,7,5,526.8
14,106,47,21,26,1814.2
14,107,298,158,140,11800.8
14,108,3,2,1,0
14,109,2,1,1,0
14,119,12,6,6,316.8
14,120,13,7,6,720.2
14,121,65,38,27,2132
14,122,36,17,19,1389.6
14,123,75,32,43,2625
14,124,11,6,5,390.5
14,126,23,11,12,892.4
14,127,11,5,6,500.5
15,3,5,4,1,153
15,4,4,2,2,0
15,5,6,4,2,292.2
15,6,16,10,6,580.8
15,7,33,14,19,1643.4
15,8,19,11,8,566.2
15,9,31,14,17,1320.6
15,10,9,4,5,342
15,11,12,5,7,618
15,12,13,8,5,487.5
15,13,6,3,3,295.2
15,14,11,5,6,468.6
15,15,20,8,12,742
15,18,16,8,8,484.8
15,19,25,14,11,1115
15,20,2,1,1,0
15,21,4,2,2,0
15,23,10,4,6,502
15,24,4,2,2,0
15,35,1,0,1,0
15,36,2,1,1,0
15,40,8,5,3,176.8
15,42,2,1,1,0
15,43,9,5,4,462.6
15,44,6,3,3,316.2
15,45,1,1,0,0
15,46,1,1,0,0
15,48,8,6,2,200
15,54,6,3,3,328.2
15,55,23,14,9,558.9
15,56,11,5,6,474.1
15,57,22,13,9,1029.6
15,58,16,9,7,630.4
15,59,64,35,29,2508.8
15,60,33,21,12,986.7
15,61,19,10,9,606.1
15,62,5,4,1,171
15,64,5,2,3,107
15,75,7,5,2,221.9
15,76,11,7,4,297
15,77,50,25,25,1605
15,78,36,19,17,1296
15,79,54,31,23,2478.6
15,80,20,13,7,814
15,81,3,2,1,0
15,82,4,2,2,0
15,83,6,2,4,175.2
15,84,12,7,5,458.4
15,85,14,7,7,551.6
15,88,31,15,16,1289.6
15,89,10,5,5,608
15,90,14,10,4,464.8
15,93,1,1,0,0
15,95,9,5,4,198.9
15,96,9,5,4,288.9
15,97,44,25,19,1790.8
15,98,20,10,10,1000
15,99,13,6,7,582.4
15,100,29,14,15,1374.6
15,101,21,8,13,779.1
15,102,12,7,5,469.2
15,103,16,10,6,348.8
15,104,11,5,6,323.4
15,107,34,20,14,1288.6
15,108,3,2,1,0
15,118,12,7,5,632.4
15,119,18,8,10,804.6
15,120,9,4,5,523.8
15,121,14,7,7,589.4
15,122,46,25,21,1725
15,123,12,6,6,507.6
16,3,2,1,1,0
16,4,3,1,2,0
16,5,2,1,1,0
16,6,6,4,2,361.8
16,7,12,7,5,397.2
16,8,1,1,0,0
16,9,3,2,1,0
16,10,1,0,1,0
16,11,14,6,8,441
16,12,9,5,4,441
16,13,5,3,2,244
16,14,6,4,2,289.8
16,16,34,18,16,1499.4
16,17,16,8,8,572.8
16,18,9,5,4,396
16,19,34,18,16,1162.8
16,20,1,1,0,0
16,23,6,2,4,195
16,36,5,3,2,281
16,37,15,8,7,664.5
16,38,11,7,4,457.6
16,54,14,8,6,572.6
16,55,3,2,1,0
16,56,19,9,10,526.3
16,57,24,10,14,991.2
16,58,11,5,6,548.9
16,60,21,8,13,667.8
16,77,25,15,10,1195
16,78,37,19,18,1550.3
16,79,18,11,7,597.6
16,80,8,5,3,492.8
16,81,13,6,7,551.2
16,84,3,1,2,0
16,88,13,6,7,357.5
16,89,2,1,1,0
16,90,3,1,2,0
16,91,10,7,3,258
16,93,7,4,3,322.7
16,94,36,18,18,1677.6
16,95,7,3,4,291.2
16,96,68,33,35,3005.6
16,97,513,241,272,22161.6
16,98,12,8,4,411.6
16,99,3,1,2,0
16,100,31,17,14,1243.1
16,101,67,34,33,3236.1
16,102,44,19,25,1350.8
16,103,3,1,2,0
16,104,24,15,9,864
16,105,4,1,3,0
16,106,226,123,103,9876.2
16,107,50,30,20,1910
16,108,12,7,5,540
16,109,6,4,2,312
16,110,2,1,1,0
16,118,2,1,1,0
16,119,34,17,17,1339.6
16,120,318,157,161,12783.6
16,121,178,92,86,5927.4
16,122,71,40,31,2761.9
16,123,26,13,13,1128.4
16,124,6,4,2,235.8
17,13,5,1,4,339
17,14,5,3,2,281
17,15,45,28,17,1831.5
17,16,48,24,24,2006.4
17,24,1,1,0,0
17,33,5,3,2,178
17,36,4,3,1,0
17,37,11,6,5,543.4
17,38,9,6,3,412.2
17,54,5,3,2,144
17,56,7,3,4,247.1
17,57,9,4,5,410.4
17,58,1,1,0,0
17,59,6,3,3,367.2
17,60,55,32,23,2024
17,61,12,6,6,402
17,63,5,3,2,241
17,77,31,12,19,1174.9
17,78,27,12,15,1074.6
17,79,9,5,4,366.3
17,80,9,4,5,326.7
17,88,22,13,9,809.6
17,89,3,1,2,0
17,92,24,13,11,876
17,93,11,6,5,563.2
17,94,7,5,2,282.8
17,95,7,4,3,263.9
17,96,3,2,1,0
17,97,130,63,67,6058
17,98,23,11,12,1122.4
17,99,12,5,7,584.4
17,100,30,16,14,1278
17,101,29,19,10,1119.4
17,102,47,23,24,1419.4
17,103,126,72,54,5040
17,104,19,9,10,765.7
17,105,267,123,144,12442.2
17,106,179,88,91,7679.1
17,107,7,4,3,189.7
17,108,28,15,13,1358
17,118,8,4,4,272
17,119,185,89,96,7400
17,120,1335,656,679,55269
17,121,105,48,57,4263
17,122,59,33,26,2076.8
17,123,51,24,27,2361.3
17,124,22,11,11,1091.2
18,13,2,1,1,0
18,23,2,2,0,0
18,25,8,3,5,287.2
18,33,13,8,5,569.4
18,35,12,6,6,345.6
18,36,7,3,4,427
18,56,9,4,5,371.7
18,57,9,9,0,343.8
18,61,1,1,0,0
18,65,3,2,1,0
18,77,22,12,10,1236.4
18,78,70,36,34,2863
18,79,56,28,28,2021.6
18,87,10,6,4,390
18,88,5,3,2,353
18,89,13,7,6,405.6
18,90,9,4,5,343.8
18,91,20,12,8,978
18,92,41,22,19,1385.8
18,93,4,2,2,0
18,95,3,1,2,0
18,96,5,3,2,153
18,97,29,17,12,1096.2
18,98,21,11,10,745.5
18,99,11,8,3,390.5
18,100,16,9,7,641.6
18,101,18,7,11,678.6
18,102,33,19,14,1448.7
18,103,31,13,18,1078.8
18,104,15,7,8,595.5
18,105,356,184,172,14987.6
18,106,127,61,66,5829.3
18,107,182,99,83,6988.8
18,108,335,170,165,12830.5
18,109,20,14,6,690
18,110,18,10,8,567
18,118,13,5,8,577.2
18,119,46,21,25,2111.4
18,120,883,444,439,32052.9
18,121,124,68,56,4674.8
18,123,26,11,15,873.6
18,124,8,5,3,199.2
18,125,10,6,4,345
19,8,2,1,1,0
19,12,11,7,4,308
19,20,1,1,0,0
19,21,4,2,2,0
19,22,4,3,1,0
19,23,4,2,2,0
19,24,17,8,9,656.2
19,26,4,2,2,0
19,33,4,2,2,0
19,36,4,2,2,0
19,37,11,7,4,425.7
19,53,4,2,2,0
19,54,20,11,9,950
19,55,6,2,4,228
19,56,3,2,1,0
19,57,6,4,2,202.8
19,58,4,2,2,0
19,59,1,1,0,0
19,60,6,3,3,235.8
19,61,11,5,6,372.9
19,76,9,3,6,171.9
19,77,4,1,3,0
19,78,57,32,25,2513.7
19,79,5,2,3,205
19,82,2,1,1,0
19,83,4,3,1,0
19,84,8,4,4,190.4
19,85,9,5,4,343.8
19,86,20,6,14,862
19,87,32,18,14,1536
19,88,36,16,20,1472.4
19,91,4,2,2,0
19,92,2,1,1,0
19,94,2,1,1,0
19,95,10,5,5,366
19,96,11,4,7,424.6
19,97,43,21,22,1780.2
19,102,11,6,5,454.3
19,103,29,13,16,1186.1
19,104,66,31,35,3095.4
19,105,8,6,2,184
19,106,5,2,3,158
19,107,3,1,2,0
19,108,118,71,47,4330.6
19,109,32,13,19,1196.8
19,110,20,11,9,1048
19,111,28,15,13,1103.2
19,119,57,31,26,2006.4
19,120,255,120,135,9996
19,121,12,4,8,402
19,122,5,4,1,235
19,123,14,8,6,701.4
19,124,2,0,2,0
19,125,9,5,4,387.9
20,10,3,2,1,0
20,11,10,5,5,518
20,22,10,4,6,326
20,23,7,4,3,279.3
20,25,3,2,1,0
20,36,2,0,2,0
20,52,3,2,1,0
20,53,9,5,4,370.8
20,61,3,2,1,0
20,62,6,2,4,244.2
20,77,3,2,1,0
20,84,5,3,2,172
20,85,10,6,4,454
20,86,7,4,3,427.7
20,91,6,4,2,211.2
20,92,6,1,5,175.8
20,94,21,11,10,823.2
20,95,4,2,2,0
20,102,4,2,2,0
20,103,41,22,19,1271
20,104,24,13,11,1024.8
20,105,4,2,2,0
20,106,18,10,8,923.4
20,107,19,10,9,826.5
20,109,43,20,23,1831.8
20,110,8,3,5,428.8
20,111,22,9,13,838.2
20,112,10,6,4,490
20,113,17,8,9,822.8
20,118,7,5,2,279.3
20,119,72,35,37,2181.6
20,120,55,29,26,2167
20,121,7,5,2,277.2
20,122,16,6,10,649.6
20,123,15,7,8,714
20,124,27,13,14,1247.4
20,125,23,14,9,1260.4
20,126,3,2,1,0
21,10,12,7,5,566.4
21,11,4,2,2,0
21,15,4,2,2,0
21,32,7,3,4,205.1
21,36,10,6,4,457
21,37,10,7,3,392
21,54,3,1,2,0
21,60,2,1,1,0
21,77,5,3,2,187
21,78,6,4,2,190.8
21,81,12,9,3,333.6
21,82,22,12,10,1302.4
21,83,4,2,2,0
21,84,7,4,3,476.7
21,85,11,6,5,651.2
21,86,2,1,1,0
21,90,4,3,1,0
21,91,4,2,2,0
21,92,50,24,26,2260
21,93,7,5,2,349.3
21,94,6,2,4,238.8
21,95,43,19,24,1840.4
21,96,3,2,1,0
21,97,1,1,0,0
21,104,17,10,7,593.3
21,105,16,11,5,724.8
21,107,14,8,6,652.4
21,109,2,1,1,0
21,110,48,23,25,2155.2
21,112,55,27,28,2337.5
21,113,56,32,24,2480.8
21,119,57,37,20,2422.5
21,120,18,11,7,694.8
21,122,29,10,19,884.5
21,123,3,2,1,0
21,125,9,5,4,412.2
21,126,27,14,13,791.1
21,127,10,6,4,432
22,9,2,1,1,0
22,10,5,2,3,193
22,32,1,0,1,0
22,33,5,3,2,122
22,37,2,1,1,0
22,75,2,0,2,0
22,76,2,1,1,0
22,77,37,22,15,1653.9
22,78,11,7,4,495
22,79,4,1,3,0
22,80,22,12,10,734.8
22,81,1,1,0,0
22,82,12,6,6,511.2
22,83,10,4,6,384
22,84,30,16,14,1074
22,85,21,10,11,1079.4
22,86,4,2,2,0
22,87,3,1,2,0
22,90,27,14,13,1109.7
22,96,21,13,8,942.9
22,97,5,3,2,317
22,105,21,10,11,1026.9
22,109,20,12,8,926
22,110,16,8,8,668.8
22,111,8,6,2,256.8
22,112,3,3,0,0
22,113,44,23,21,1944.8
22,114,76,39,37,2918.4
22,115,383,196,187,13788
22,116,69,37,32,2097.6
22,118,8,4,4,438.4
22,119,83,42,41,3444.5
22,120,126,68,58,4599
22,121,12,6,6,495.6
22,122,11,5,6,529.1
22,123,13,7,6,499.2
22,126,2,1,1,0
22,127,5,3,2,303
23,10,30,17,13,1332
23,14,7,3,4,247.8
23,15,3,2,1,0
23,16,3,2,1,0
23,32,2,1,1,0
23,51,4,2,2,0
23,75,5,3,2,225
23,76,14,7,7,512.4
23,77,30,13,17,1053
23,78,17,11,6,593.3
23,79,22,12,10,809.6
23,80,4,2,2,0
23,82,9,4,5,377.1
23,83,3,1,2,0
23,85,11,7,4,424.6
23,86,1,1,0,0
23,88,4,1,3,0
23,96,7,4,3,387.8
23,97,1,1,0,0
23,110,31,15,16,1286.5
23,111,35,17,18,1435
23,112,11,6,5,383.9
23,113,14,7,7,547.4
23,114,390,187,203,16029
23,115,1103,540,563,49635
23,116,154,76,78,5990.6
23,117,44,20,24,1755.6
23,119,74,43,31,3056.2
23,120,37,19,18,1224.7
23,121,14,9,5,834.4
24,9,61,32,29,3226.9
24,10,10,6,4,262
24,11,2,1,1,0
24,12,2,1,1,0
24,13,6,5,1,298.2
24,32,7,2,5,303.8
24,33,3,0,3,0
24,34,28,14,14,982.8
24,35,4,2,2,0
24,36,5,3,2,251
24,37,18,10,8,698.4
24,43,2,2,0,0
24,44,1,1,0,0
24,45,12,6,6,584.4
24,46,7,4,3,263.2
24,47,13,7,6,382.2
24,48,12,5,7,486
24,50,2,1,1,0
24,58,6,2,4,226.8
24,59,2,1,1,0
24,60,2,1,1,0
24,74,5,3,2,312
24,75,4,1,3,0
24,76,4,2,2,0
24,78,1,0,1,0
24,80,16,6,10,556.8
24,81,7,4,3,261.8
24,82,2,1,1,0
24,83,4,2,2,0
24,84,22,13,9,893.2
24,85,14,6,8,609
24,87,27,16,11,1277.1
24,88,1,1,0,0
24,98,1,0,1,0
24,111,14,5,9,410.2
24,114,428,223,205,13867.2
24,115,369,182,187,14833.8
24,118,15,7,8,547.5
24,119,41,23,18,1824.5
24,120,19,9,10,710.6
24,121,8,5,3,440.8
25,12,6,4,2,189
25,13,5,2,3,162
25,14,12,5,7,493.2
25,15,11,5,6,313.5
25,16,5,1,4,196
25,32,2,2,0,0
25,33,2,1,1,0
25,34,7,4,3,345.1
25,35,13,6,7,656.5
25,36,25,16,9,1427.5
25,37,48,26,22,1819.2
25,38,10,6,4,483
25,42,1,0,1,0
25,44,7,4,3,228.2
25,46,5,2,3,273
25,47,4,3,1,0
25,49,15,8,7,670.5
25,50,38,18,20,1721.4
25,51,3,2,1,0
25,55,8,4,4,394.4
25,56,5,4,1,206
25,58,5,3,2,173
25,59,15,8,7,570
25,61,5,2,3,199
25,62,9,5,4,275.4
25,63,2,1,1,0
25,64,9,5,4,287.1
25,65,4,2,2,0
25,67,1,0,1,0
25,68,7,4,3,272.3
25,69,2,1,1,0
25,71,19,13,6,989.9
25,72,15,6,9,718.5
25,73,11,5,6,498.3
25,75,15,7,8,726
25,76,7,4,3,361.2
25,77,36,18,18,1702.8
25,78,22,12,10,800.8
25,79,15,8,7,475.5
25,82,8,5,3,311.2
25,83,20,10,10,992
25,84,19,11,8,976.6
25,85,6,4,2,322.2
25,86,7,2,5,368.9
25,87,14,8,6,663.6
25,97,1,1,0,0
25,114,225,108,117,9382.5
25,115,181,93,88,8307.9
25,116,26,16,10,863.2
25,117,27,16,11,1077.3
25,118,18,8,10,703.8
25,119,40,22,18,1816
25,120,17,6,11,555.9
25,122,21,9,12,812.7
25,123,3,2,1,0
26,34,7,3,4,387.8
26,36,5,3,2,345
26,37,12,4,8,542.4
26,38,13,7,6,484.9
26,39,12,5,7,501.6
26,40,12,6,6,528
26,42,5,3,2,212
26,43,12,7,5,360
26,44,26,11,15,826.8
26,45,3,0,3,0
26,46,9,5,4,403.2
26,47,9,4,5,379.8
26,48,19,10,9,503.5
26,49,19,10,9,963.3
26,50,20,13,7,1116
26,51,12,5,7,362.4
26,53,2,1,1,0
26,59,14,9,5,519.4
26,60,5,2,3,207
26,61,18,8,10,900
26,62,7,5,2,308
26,63,5,3,2,97
26,64,3,1,2,0
26,65,3,1,2,0
26,66,7,5,2,245.7
26,67,34,17,17,1380.4
26,68,204,109,95,8078.4
26,69,473,231,242,21143.1
26,70,453,219,234,19705.5
26,71,85,41,44,3145
26,72,5,2,3,176
26,73,21,12,9,821.1
26,74,5,2,3,275
26,75,20,11,9,1036
26,76,28,13,15,1170.4
26,77,10,5,5,542
26,78,2,1,1,0
26,79,2,1,1,0
26,96,1,1,0,0
26,97,2,1,1,0
26,98,2,1,1,0
26,99,1,1,0,0
26,118,37,19,18,1335.7
26,120,5,1,4,125
26,121,9,4,5,280.8
26,122,2,1,1,0
26,123,1,0,1,0
27,37,1,1,0,0
27,38,2,1,1,0
27,39,6,3,3,238.8
27,40,90,45,45,3537
27,41,160,72,88,8000
27,42,69,38,31,2766.9
27,43,62,35,27,2746.6
27,44,25,13,12,1232.5
27,45,19,10,9,592.8
27,47,7,4,3,298.9
27,48,6,3,3,286.2
27,49,3,2,1,0
27,52,4,2,2,0
27,53,12,7,5,427.2
27,55,3,2,1,0
27,57,12,6,6,717.6
27,58,4,2,2,0
27,59,19,8,11,750.5
27,60,2,1,1,0
27,61,20,11,9,1316
27,63,11,5,6,326.7
27,64,5,2,3,104
27,65,56,33,23,2251.2
27,66,14,8,6,540.4
27,67,6,4,2,322.2
27,68,14,7,7,526.4
27,69,343,172,171,15640.8
27,70,416,194,222,21340.8
27,71,19,9,10,756.2
27,72,11,5,6,561
27,73,41,21,20,1734.3
27,74,11,5,6,476.3
27,75,1,1,0,0
27,76,8,5,3,432.8
27,77,9,3,6,421.2
27,98,1,0,1,0
27,99,14,9,5,754.6
27,100,5,3,2,220
27,102,2,1,1,0
27,103,5,2,3,213
28,34,2,1,1,0
28,35,7,4,3,434
28,36,4,2,2,0
28,39,3,1,2,0
28,40,26,16,10,1248
28,41,103,54,49,4212.7
28,43,12,4,8,525.6
28,44,8,4,4,571.2
28,48,1,0,1,0
28,55,9,4,5,429.3
28,56,5,2,3,137
28,57,5,3,2,223
28,58,11,8,3,492.8
28,59,12,6,6,368.4
28,60,5,3,2,88
28,61,37,20,17,1339.4
28,62,4,2,2,0
28,64,13,6,7,483.6
28,65,6,4,2,169.2
28,66,21,12,9,924
28,67,24,13,11,1020
28,68,11,7,4,430.1
28,69,7,4,3,230.3
28,70,20,10,10,576
28,71,22,12,10,968
28,72,14,3,11,359.8
28,107,7,3,4,455.7
28,108,3,2,1,0
29,32,35,19,16,1480.5
29,33,8,5,3,398.4
29,34,2,1,1,0
29,36,8,5,3,262.4
29,37,14,7,7,562.8
29,39,11,3,8,478.5
29,40,1,1,0,0
29,41,11,6,5,393.8
29,42,14,5,9,582.4
29,45,5,1,4,121
29,51,3,2,1,0
29,55,14,6,8,492.8
29,58,3,2,1,0
29,60,8,5,3,404.8
29,61,10,7,3,401
29,62,16,10,6,624
29,63,4,2,2,0
29,64,8,5,3,363.2
29,65,12,6,6,285.6
29,69,3,1,2,0
29,70,1,1,0,0
29,82,2,1,1,0
29,103,6,2,4,256.2
29,104,2,1,1,0
29,107,3,1,2,0
29,110,1,0,1,0
29,111,12,5,7,645.6
29,112,24,12,12,1068
29,113,4,3,1,0
30,32,61,31,30,2525.4
30,33,14,6,8,371
30,42,8,5,3,247.2
30,43,3,1,2,0
30,44,4,2,2,0
30,45,17,11,6,642.6
30,54,1,1,0,0
30,55,4,3,1,0
30,58,13,5,8,395.2
30,59,12,7,5,433.2
30,60,11,6,5,437.8
30,61,15,8,7,448.5
30,62,5,3,2,104
30,64,21,11,10,720.3
30,65,3,2,1,0
30,66,2,2,0,0
30,104,10,5,5,473
30,105,1,1,0,0
30,107,5,2,3,307
30,110,2,1,1,0
30,111,32,16,16,1190.4
30,113,19,10,9,794.2
30,125,12,7,5,394.8
31,31,4,2,2,0
31,32,7,5,2,317.1
31,44,11,7,4,332.2
31,45,1,1,0,0
31,57,3,1,2,0
31,61,2,1,1,0
31,63,5,3,2,273
31,70,3,2,1,0
31,105,24,11,13,996
31,106,22,12,10,671
31,107,23,10,13,713
31,108,4,2,2,0
31,109,7,3,4,319.9
31,110,33,15,18,1118.7
31,111,10,4,6,481
31,120,3,2,1,0
32,45,4,3,1,0
32,48,3,2,1,0
32,105,25,14,11,1010
32,106,99,51,48,3861
32,107,60,33,27,2736
32,108,181,89,92,8072.6
32,109,19,10,9,1195.1
32,110,32,13,19,1100.8
32,111,15,10,5,778.5
32,126,8,4,4,475.2
33,45,6,2,4,292.2
33,46,2,1,1,0
33,120,1,1,0,0
33,121,7,4,3,368.9
33,126,14,8,6,809.2
33,127,2,1,1,0
34,44,4,2,2,0
34,45,2,1,1,0
34,97,5,3,2,143
34,98,23,14,9,989
34,102,2,1,1,0
34,112,2,2,0,0
34,121,8,3,5,276.8
34,122,6,2,4,244.2
34,124,2,1,1,0
34,127,2,1,1,0
35,92,2,1,1,0
35,95,9,6,3,214.2
35,96,65,35,30,2860
35,97,20,12,8,814
35,103,3,2,1,0
35,108,5,2,3,187
35,112,4,1,3,0
35,123,3,1,2,0
35,127,5,1,4,159
36,92,3,2,1,0
36,94,1,1,0,0
36,95,12,6,6,578.4
36,96,25,15,10,1080
36,97,19,10,9,742.9
36,98,31,13,18,1143.9
36,99,154,68,86,7007
36,100,5,2,3,385
36,101,3,2,1,0
36,103,1,1,0,0
36,113,10,5,5,332
36,115,1,1,0,0
36,126,10,5,5,503
37,90,2,1,1,0
37,96,1,0,1,0
37,97,3,2,1,0
37,98,18,11,7,712.8
37,99,99,56,43,4019.4
37,100,90,47,43,4455
37,101,26,12,14,1284.4
37,102,20,13,7,852
37,103,5,3,2,237
37,111,7,4,3,384.3
37,113,2,1,1,0
37,120,2,1,1,0
37,121,4,3,1,0
38,88,3,2,1,0
38,96,3,2,1,0
38,115,7,5,2,321.3
38,116,2,1,1,0
39,88,2,1,1,0
39,89,13,8,5,678.6
39,94,5,3,2,208
40,115,4,2,2,0
40,116,3,2,1,0
40,117,2,2,0,0
40,118,1,1,0,0
42,120,13,7,6,647.4
42,121,6,5,1,246
43,113,2,1,1,0
43,115,4,3,1,0
43,119,1,0,1,0
43,120,5,3,2,369
43,127,6,4,2,280.2
44,115,3,2,1,0
44,124,3,2,1,0
45,121,1,1,0,0
45,122,1,1,0,0
45,123,4,3,1,0
45,124,4,2,2,0
46,118,2,1,1,0
46,119,7,6,1,396.2
46,122,2,2,0,0
46,123,8,4,4,315.2
46,124,2,1,1,0
46,125,10,7,3,556
47,116,16,9,7,569.6
47,117,34,22,12,1326
47,118,28,13,15,873.6
47,119,123,65,58,5178.3
47,120,20,8,12,896
47,121,19,13,6,731.5
47,122,11,7,4,357.5
47,123,4,2,2,0
47,125,2,1,1,0
48,118,5,2,3,205
48,119,36,19,17,1558.8
48,120,53,22,31,2422.1
48,121,13,5,8,408.2
48,122,15,7,8,598.5
48,123,2,1,1,0
48,124,11,5,6,441.1
48,125,3,1,2,0
49,117,6,3,3,121.2
49,118,7,2,5,357.7
49,119,18,10,8,822.6
49,120,3,1,2,0
49,121,19,10,9,818.9
49,124,2,1,1,0
50,117,10,6,4,625
50,122,34,18,16,1383.8
50,124,15,9,6,529.5
50,125,10,4,6,335
51,119,5,1,4,158
51,120,2,2,0,0
51,121,15,5,10,657
51,122,37,16,21,1598.4
51,123,44,20,24,1839.2
51,124,46,24,22,2175.8
51,125,8,4,4,388.8
51,126,20,14,6,954
51,127,16,8,8,689.6
52,118,2,1,1,0
52,119,5,2,3,165
52,120,10,4,6,345
52,121,12,5,7,556.8
52,122,14,6,8,648.2
52,123,41,24,17,1791.7
52,124,110,56,54,4114
52,125,153,82,71,5814
52,126,15,9,6,693
52,127,12,6,6,528
53,115,1,1,0,0
53,117,1,1,0,0
53,118,6,4,2,259.2
53,119,12,4,8,481.2
53,120,2,1,1,0
53,124,70,33,37,2618
53,125,48,23,25,1972.8
53,126,34,17,17,1387.2
53,127,59,34,25,2601.9
54,115,4,2,2,0
54,122,1,1,0,0
54,123,15,5,10,367.5
54,124,97,52,45,4297.1
54,125,28,13,15,1178.8
54,126,31,17,14,1134.6
54,127,26,14,12,975
55,121,6,2,4,256.2
55,122,46,26,20,2060.8
55,123,46,24,22,1660.6
55,124,178,90,88,7921
55,125,573,227,346,32661
55,126,60,29,31,2088
55,127,55,25,30,2304.5
56,119,7,3,4,265.3
56,120,24,13,11,976.8
56,121,10,3,7,312
56,122,48,30,18,1939.2
56,123,27,14,13,942.3
56,124,459,217,242,20930.4
56,125,68,34,34,3223.2
56,126,10,5,5,375
56,127,16,6,10,601.6
57,115,4,3,1,0
57,117,8,5,3,528.8
57,118,4,3,1,0
57,119,31,18,13,1429.1
57,120,35,17,18,1634.5
57,121,5,2,3,302
57,122,22,9,13,968
57,123,26,12,14,1479.4
57,124,28,13,15,1285.2
57,125,21,13,8,1171.8
58,118,5,3,2,202
58,119,21,11,10,871.5
58,120,78,35,43,3549
58,121,88,46,42,3300
58,122,13,6,7,526.5
58,123,15,9,6,571.5
58,124,20,10,10,1072
58,125,22,12,10,1093.4
58,126,11,4,7,459.8
59,118,5,2,3,356
59,119,49,23,26,2361.8
59,120,335,153,182,16080
59,121,368,166,202,16302.4
59,122,36,20,16,1609.2
59,123,8,4,4,300
59,125,14,7,7,610.4
59,126,4,3,1,0
59,127,2,1,1,0
60,118,35,17,18,1326.5
60,119,28,18,10,1195.6
60,120,2,1,1,0
60,121,96,49,47,4387.2
60,122,25,12,13,1157.5
60,123,39,19,20,1318.2
60,124,4,2,2,0
60,125,1,0,1,0
60,126,15,6,9,655.5
60,127,8,4,4,475.2
61,119,3,2,1,0
61,120,10,4,6,457
61,121,9,4,5,579.6
61,122,15,9,6,751.5
61,123,22,12,10,946
61,124,21,13,8,879.9
61,125,13,6,7,496.6
61,126,26,13,13,1274
61,127,3,0,3,0
62,119,6,4,2,301.8
62,121,1,1,0,0
62,123,4,2,2,0
62,124,1,0,1,0
62,125,7,4,3,298.9
63,127,4,2,2,0
65,125,1,1,0,0
65,126,6,3,3,241.2
65,127,15,10,5,714
66,125,3,1,2,0
66,126,28,14,14,1764
67,122,2,2,0,0
67,123,18,12,6,685.8
67,124,16,5,11,788.8
67,125,19,10,9,818.9
68,124,3,2,1,0
68,125,4,2,2,0
68,126,1,1,0,0
69,125,6,3,3,331.2
69,126,18,11,7,990
69,127,14,8,6,600.6